#!ascii label  , from subject 4101 vox2ras=TkReg
498
69630  19.610  -10.314  -21.143 0.0000000000
77384  26.456  -3.677  -23.535 0.0000000000
89916  24.811  7.349  -24.617 0.0000000000
84038  18.418  2.651  -24.812 0.0000000000
64720  21.543  -14.945  -19.655 0.0000000000
68476  24.453  -12.560  -22.011 0.0000000000
72920  22.500  -7.568  -23.646 0.0000000000
78460  20.512  -2.346  -24.917 0.0000000000
84035  24.609  2.307  -24.592 0.0000000000
87520  27.971  5.079  -28.439 0.0000000000
95321  24.591  12.384  -25.623 0.0000000000
67269  21.483  -13.409  -20.985 0.0000000000
65975  22.862  -14.200  -20.913 0.0000000000
68501  21.841  -11.950  -21.652 0.0000000000
76293  18.761  -4.526  -22.580 0.0000000000
79584  17.194  -1.687  -21.927 0.0000000000
86216  21.021  4.498  -25.813 0.0000000000
83043  21.390  1.950  -26.454 0.0000000000
86203  23.921  4.378  -24.776 0.0000000000
85015  27.853  3.498  -25.148 0.0000000000
88730  27.678  6.209  -25.029 0.0000000000
96209  20.599  13.177  -25.340 0.0000000000
94373  21.027  11.484  -25.561 0.0000000000
97062  23.164  14.483  -26.778 0.0000000000
75179  24.338  -6.010  -23.497 0.0000000000
71822  25.261  -8.242  -22.930 0.0000000000
74060  27.452  -6.598  -23.931 0.0000000000
89937  21.734  7.361  -26.100 0.0000000000
79591  28.403  -1.800  -24.685 0.0000000000
72878  18.855  -7.850  -20.807 0.0000000000
70780  21.324  -9.271  -22.252 0.0000000000
74043  20.176  -6.896  -22.791 0.0000000000
75203  21.785  -5.417  -24.518 0.0000000000
78457  23.220  -2.656  -25.291 0.0000000000
80801  18.792  -0.306  -24.444 0.0000000000
80818  22.495  -0.420  -25.405 0.0000000000
80796  25.881  -0.399  -24.205 0.0000000000
83000  27.815  1.038  -24.837 0.0000000000
92211  21.444  9.359  -25.911 0.0000000000
93300  25.139  9.817  -24.903 0.0000000000
96255  25.597  13.517  -28.582 0.0000000000
94396  27.274  11.301  -27.616 0.0000000000
93333  28.068  9.292  -26.219 0.0000000000
89969  27.620  7.317  -29.158 0.0000000000
69647  24.183  -10.739  -23.039 0.0000000000
70735  18.577  -9.526  -20.086 0.0000000000
69605  19.491  -11.155  -20.415 0.0000000000
69604  20.205  -11.508  -20.858 0.0000000000
68479  21.706  -12.706  -21.325 0.0000000000
69629  20.645  -11.112  -21.308 0.0000000000
88731  22.476  6.185  -25.777 0.0000000000
86205  22.180  4.320  -25.401 0.0000000000
88714  24.210  6.347  -24.968 0.0000000000
87475  25.697  5.685  -24.428 0.0000000000
89915  25.932  7.355  -24.233 0.0000000000
130560  21.462  15.297  -26.834 0.0000000000
96224  22.209  13.824  -26.545 0.0000000000
97080  22.685  15.610  -27.113 0.0000000000
76309  24.678  -4.798  -23.783 0.0000000000
75178  25.408  -5.932  -23.262 0.0000000000
75177  26.557  -5.632  -23.540 0.0000000000
87508  19.924  6.402  -25.878 0.0000000000
89954  19.591  7.129  -25.758 0.0000000000
64721  20.936  -14.773  -19.602 0.0000000000
64697  21.308  -15.338  -19.212 0.0000000000
64673  22.531  -15.404  -18.296 0.0000000000
64672  23.021  -15.023  -18.367 0.0000000000
67267  23.433  -13.445  -20.988 0.0000000000
65962  23.850  -13.479  -19.687 0.0000000000
74018  19.003  -7.101  -21.503 0.0000000000
74044  19.307  -6.384  -22.303 0.0000000000
77403  19.739  -3.080  -23.961 0.0000000000
76311  20.250  -4.409  -23.695 0.0000000000
76328  20.736  -4.145  -24.234 0.0000000000
76326  22.359  -4.476  -24.896 0.0000000000
77411  21.876  -2.802  -25.395 0.0000000000
81908  17.811  0.626  -23.915 0.0000000000
81930  18.452  1.148  -24.347 0.0000000000
84049  23.097  2.142  -25.711 0.0000000000
81944  22.053  0.689  -26.156 0.0000000000
81942  23.494  0.585  -25.133 0.0000000000
80798  23.439  -0.497  -24.874 0.0000000000
81926  25.367  0.398  -24.371 0.0000000000
81924  27.239  0.482  -24.225 0.0000000000
83002  25.985  1.314  -24.000 0.0000000000
86225  28.433  4.253  -26.742 0.0000000000
85042  28.207  3.066  -26.482 0.0000000000
95322  23.558  12.214  -25.847 0.0000000000
93319  21.265  10.455  -25.660 0.0000000000
93318  22.210  10.312  -25.700 0.0000000000
92210  22.496  9.065  -25.800 0.0000000000
94369  25.090  11.406  -25.301 0.0000000000
94386  27.396  10.766  -26.734 0.0000000000
92255  27.690  9.242  -28.260 0.0000000000
91111  27.657  8.296  -28.004 0.0000000000
71826  21.516  -8.345  -22.842 0.0000000000
70779  22.290  -9.435  -22.485 0.0000000000
71825  22.532  -8.479  -23.045 0.0000000000
71843  25.898  -8.751  -23.367 0.0000000000
69660  25.204  -9.992  -23.680 0.0000000000
67271  20.161  -13.592  -19.934 0.0000000000
65977  21.404  -14.112  -20.619 0.0000000000
64718  22.716  -14.468  -20.255 0.0000000000
65976  22.095  -14.242  -21.105 0.0000000000
68478  22.631  -12.881  -21.779 0.0000000000
68477  23.622  -12.920  -22.020 0.0000000000
77372  17.988  -3.281  -21.684 0.0000000000
78434  18.192  -2.465  -22.387 0.0000000000
78445  19.143  -2.426  -23.772 0.0000000000
85045  19.853  3.569  -26.308 0.0000000000
83045  20.146  2.382  -26.214 0.0000000000
85034  21.302  3.561  -26.305 0.0000000000
85021  22.594  3.467  -25.407 0.0000000000
85019  24.251  3.303  -24.620 0.0000000000
85017  26.602  2.996  -24.474 0.0000000000
86201  26.133  3.996  -24.280 0.0000000000
87495  27.769  5.280  -24.964 0.0000000000
88746  28.284  6.020  -26.501 0.0000000000
95326  20.302  12.474  -24.833 0.0000000000
95325  20.763  12.434  -25.509 0.0000000000
95343  22.709  12.808  -26.286 0.0000000000
96205  23.973  13.010  -26.049 0.0000000000
74063  23.752  -6.688  -23.639 0.0000000000
72897  23.789  -7.874  -22.812 0.0000000000
74042  24.378  -6.818  -23.233 0.0000000000
72917  25.890  -7.601  -23.305 0.0000000000
85022  18.007  3.616  -24.627 0.0000000000
86218  19.668  4.369  -25.955 0.0000000000
87498  21.000  5.555  -25.847 0.0000000000
89936  22.763  7.262  -26.154 0.0000000000
65944  23.559  -14.028  -19.201 0.0000000000
78441  27.657  -2.563  -24.067 0.0000000000
76305  28.043  -4.196  -24.289 0.0000000000
71782  19.173  -9.092  -20.929 0.0000000000
70757  20.081  -9.706  -21.627 0.0000000000
71828  19.958  -8.452  -22.026 0.0000000000
72900  20.787  -7.700  -22.875 0.0000000000
72922  20.774  -6.982  -23.360 0.0000000000
75183  19.778  -5.674  -22.983 0.0000000000
74066  21.266  -6.257  -23.920 0.0000000000
74085  21.850  -6.183  -24.370 0.0000000000
75202  22.618  -5.415  -24.664 0.0000000000
76324  23.905  -4.409  -24.322 0.0000000000
78444  24.911  -2.828  -24.197 0.0000000000
79598  17.512  -0.951  -22.994 0.0000000000
79610  19.746  -1.640  -24.716 0.0000000000
83027  20.344  1.103  -26.013 0.0000000000
80820  20.490  -0.378  -25.791 0.0000000000
79623  20.738  -1.530  -25.365 0.0000000000
79621  22.629  -1.519  -25.244 0.0000000000
79606  24.586  -1.945  -24.277 0.0000000000
79594  26.212  -1.954  -24.396 0.0000000000
80768  27.585  -0.766  -24.201 0.0000000000
81922  28.339  -0.293  -25.251 0.0000000000
84047  27.721  2.080  -24.906 0.0000000000
91077  21.587  8.282  -26.110 0.0000000000
91075  23.101  8.290  -25.985 0.0000000000
91054  24.614  8.283  -24.988 0.0000000000
96237  25.224  14.005  -27.495 0.0000000000
96220  25.736  13.283  -26.834 0.0000000000
95366  26.384  12.443  -28.668 0.0000000000
95341  26.100  12.367  -26.349 0.0000000000
94368  26.173  11.307  -25.727 0.0000000000
93314  26.746  10.076  -25.205 0.0000000000
91052  26.481  8.277  -24.464 0.0000000000
91072  28.088  8.283  -25.657 0.0000000000
89952  28.458  7.143  -26.916 0.0000000000
88763  27.691  5.651  -29.347 0.0000000000
69649  21.929  -10.140  -22.193 0.0000000000
69648  22.958  -10.877  -22.520 0.0000000000
68520  24.016  -11.621  -22.884 0.0000000000
70777  24.539  -9.688  -23.227 0.0000000000
68519  24.780  -11.579  -23.502 0.0000000000
70734  19.071  -9.820  -20.615 0.0000000000
69606  18.782  -10.178  -20.063 0.0000000000
88715  23.283  6.211  -25.511 0.0000000000
88713  25.287  6.416  -24.453 0.0000000000
130572  21.835  14.920  -26.942 0.0000000000
77385  25.331  -3.735  -23.858 0.0000000000
76308  25.845  -4.697  -23.438 0.0000000000
76307  26.833  -4.566  -23.480 0.0000000000
64734  21.174  -14.644  -19.895 0.0000000000
63475  21.633  -15.628  -18.742 0.0000000000
64696  22.156  -15.178  -18.914 0.0000000000
64719  22.207  -14.806  -19.845 0.0000000000
67266  24.263  -12.754  -21.124 0.0000000000
67265  24.778  -12.412  -21.338 0.0000000000
74045  18.466  -6.326  -21.601 0.0000000000
77402  20.333  -3.195  -24.398 0.0000000000
77401  21.146  -3.177  -24.982 0.0000000000
78459  20.999  -2.549  -25.156 0.0000000000
83007  18.071  1.730  -24.252 0.0000000000
83006  18.881  1.679  -25.004 0.0000000000
83024  23.334  1.449  -25.468 0.0000000000
83004  23.967  1.427  -24.755 0.0000000000
81927  24.335  0.414  -24.696 0.0000000000
83003  24.972  1.351  -24.459 0.0000000000
84034  25.674  2.237  -24.219 0.0000000000
86233  28.415  4.116  -28.062 0.0000000000
94371  22.933  11.316  -25.712 0.0000000000
94370  24.000  11.322  -25.547 0.0000000000
93357  27.435  10.356  -28.639 0.0000000000
92264  27.549  9.261  -29.377 0.0000000000
71845  22.085  -7.977  -23.466 0.0000000000
70791  26.607  -9.339  -23.636 0.0000000000
68480  20.653  -12.230  -20.816 0.0000000000
68481  19.823  -12.631  -20.175 0.0000000000
67270  20.676  -13.379  -20.457 0.0000000000
68500  22.875  -11.879  -22.179 0.0000000000
78435  17.557  -2.544  -21.543 0.0000000000
78446  18.624  -2.347  -23.103 0.0000000000
79583  17.914  -1.912  -22.471 0.0000000000
86226  20.032  4.035  -26.439 0.0000000000
85044  20.370  3.582  -26.502 0.0000000000
85035  20.778  3.848  -26.315 0.0000000000
86204  22.996  4.397  -25.189 0.0000000000
85020  23.346  3.444  -25.009 0.0000000000
85018  25.336  3.146  -24.443 0.0000000000
86202  24.931  4.292  -24.292 0.0000000000
88711  27.158  6.349  -24.251 0.0000000000
87474  27.161  5.322  -24.417 0.0000000000
87494  28.132  5.187  -25.714 0.0000000000
88729  28.103  6.135  -25.718 0.0000000000
97044  20.771  14.103  -25.434 0.0000000000
96192  20.462  13.380  -24.690 0.0000000000
96208  21.176  13.418  -25.860 0.0000000000
95344  22.277  12.990  -26.244 0.0000000000
96222  23.320  13.504  -26.490 0.0000000000
96206  23.175  12.808  -26.274 0.0000000000
75180  23.633  -6.083  -24.087 0.0000000000
74061  26.342  -6.673  -23.433 0.0000000000
74062  25.677  -6.771  -23.262 0.0000000000
72916  26.943  -7.470  -23.703 0.0000000000
71842  26.659  -8.334  -23.773 0.0000000000
86206  17.787  4.457  -24.212 0.0000000000
86219  18.707  4.709  -25.030 0.0000000000
88734  20.299  6.725  -25.909 0.0000000000
87499  20.263  5.739  -25.966 0.0000000000
88733  20.988  6.561  -25.980 0.0000000000
88732  21.773  6.435  -25.910 0.0000000000
65963  23.406  -13.900  -19.922 0.0000000000
65943  24.119  -13.626  -18.875 0.0000000000
79592  28.010  -1.700  -24.250 0.0000000000
71803  19.100  -8.604  -20.898 0.0000000000
71802  19.509  -8.634  -21.485 0.0000000000
72877  19.298  -7.818  -21.492 0.0000000000
72901  19.796  -7.703  -22.141 0.0000000000
75160  18.964  -5.245  -22.501 0.0000000000
76312  19.533  -4.506  -23.170 0.0000000000
75204  21.132  -4.939  -24.349 0.0000000000
75182  20.586  -5.205  -23.682 0.0000000000
75181  21.187  -5.478  -24.157 0.0000000000
74083  22.804  -6.012  -24.620 0.0000000000
77399  22.887  -3.679  -25.243 0.0000000000
76325  23.178  -4.650  -24.638 0.0000000000
77398  23.577  -3.638  -24.734 0.0000000000
77386  24.394  -3.691  -24.254 0.0000000000
78456  24.028  -2.754  -24.547 0.0000000000
81907  18.187  0.234  -24.177 0.0000000000
80777  18.159  -0.358  -23.877 0.0000000000
80776  18.972  -0.960  -24.149 0.0000000000
80800  19.408  -0.349  -25.040 0.0000000000
83044  20.677  1.828  -26.305 0.0000000000
83028  19.738  1.535  -25.722 0.0000000000
81960  21.132  1.434  -26.378 0.0000000000
81943  22.949  0.619  -25.727 0.0000000000
80819  21.420  -0.442  -25.870 0.0000000000
79622  21.839  -1.465  -25.467 0.0000000000
80799  22.824  -0.931  -24.970 0.0000000000
80797  24.659  -0.770  -24.167 0.0000000000
79607  23.644  -1.698  -24.604 0.0000000000
80771  25.031  -1.522  -24.151 0.0000000000
79595  25.362  -2.061  -24.336 0.0000000000
80770  25.598  -1.294  -24.144 0.0000000000
80769  26.527  -1.061  -24.087 0.0000000000
81923  27.968  0.112  -24.474 0.0000000000
82999  28.262  0.417  -25.068 0.0000000000
83022  28.801  0.694  -25.828 0.0000000000
85016  27.498  3.310  -24.766 0.0000000000
85031  27.367  2.736  -24.699 0.0000000000
85030  27.894  2.955  -25.384 0.0000000000
93320  20.423  10.560  -25.286 0.0000000000
92212  20.619  9.568  -25.535 0.0000000000
91078  20.663  8.370  -25.691 0.0000000000
92209  23.600  9.217  -25.545 0.0000000000
91074  23.844  8.359  -25.603 0.0000000000
92208  24.477  9.194  -25.164 0.0000000000
97097  24.723  14.581  -28.408 0.0000000000
96236  25.915  13.301  -27.658 0.0000000000
94406  27.003  11.468  -28.641 0.0000000000
95365  26.968  12.008  -28.002 0.0000000000
95357  26.566  12.506  -27.435 0.0000000000
94397  26.989  11.874  -27.314 0.0000000000
94387  26.883  11.619  -26.694 0.0000000000
93334  27.694  9.905  -26.038 0.0000000000
93313  27.330  9.637  -25.428 0.0000000000
92191  26.115  9.097  -24.327 0.0000000000
92206  27.577  8.960  -25.415 0.0000000000
91051  27.185  8.416  -24.879 0.0000000000
92226  28.121  8.817  -25.921 0.0000000000
89963  27.649  7.807  -28.510 0.0000000000
89962  27.935  7.237  -28.127 0.0000000000
89968  27.801  6.843  -28.797 0.0000000000
88756  28.022  6.144  -28.848 0.0000000000
88757  27.742  6.627  -29.136 0.0000000000
70781  20.610  -9.272  -21.985 0.0000000000
70756  21.105  -10.058  -21.821 0.0000000000
70778  23.414  -9.667  -22.647 0.0000000000
68521  23.463  -11.694  -22.539 0.0000000000
71823  24.507  -8.577  -22.862 0.0000000000
71824  23.639  -8.734  -22.831 0.0000000000
71844  25.153  -9.105  -23.287 0.0000000000
69645  25.643  -10.735  -23.250 0.0000000000
69646  25.045  -10.680  -23.687 0.0000000000
68518  25.299  -11.253  -23.507 0.0000000000
68502  21.208  -11.996  -21.257 0.0000000000
87497  21.787  5.399  -25.705 0.0000000000
87479  21.986  4.872  -25.591 0.0000000000
87478  22.540  5.324  -25.523 0.0000000000
87477  23.575  5.359  -25.110 0.0000000000
87476  24.627  5.405  -24.741 0.0000000000
88712  26.511  6.392  -24.100 0.0000000000
89914  27.071  7.268  -24.583 0.0000000000
97927  20.873  14.833  -25.809 0.0000000000
97043  21.231  14.496  -26.276 0.0000000000
96225  21.558  13.776  -26.258 0.0000000000
88747  19.818  6.856  -25.852 0.0000000000
89938  20.887  7.434  -25.939 0.0000000000
65965  20.128  -13.948  -19.437 0.0000000000
65945  20.179  -14.418  -19.240 0.0000000000
64698  20.427  -15.103  -19.146 0.0000000000
63436  22.799  -15.935  -17.213 0.0000000000
63454  22.932  -15.445  -17.813 0.0000000000
67248  23.741  -13.479  -20.132 0.0000000000
77388  19.318  -3.397  -23.401 0.0000000000
77387  19.981  -3.803  -23.829 0.0000000000
76327  21.548  -4.269  -24.744 0.0000000000
77400  22.061  -3.380  -25.298 0.0000000000
78458  22.655  -3.060  -25.481 0.0000000000
81929  18.722  0.486  -24.565 0.0000000000
83026  22.053  1.775  -26.397 0.0000000000
81959  21.520  1.300  -26.378 0.0000000000
83025  22.798  1.526  -26.138 0.0000000000
80817  23.136  0.048  -25.366 0.0000000000
81925  26.349  0.475  -24.154 0.0000000000
83001  26.937  1.199  -24.299 0.0000000000
84032  27.329  1.622  -24.580 0.0000000000
86214  28.159  3.897  -25.561 0.0000000000
85051  28.401  3.111  -27.672 0.0000000000
94372  21.938  11.404  -25.759 0.0000000000
93317  23.263  10.253  -25.494 0.0000000000
93316  24.472  10.263  -25.303 0.0000000000
93347  27.849  10.078  -27.347 0.0000000000
92243  27.964  9.021  -27.361 0.0000000000
92242  28.184  8.823  -26.623 0.0000000000
91119  27.618  8.368  -28.856 0.0000000000
70792  25.622  -9.559  -23.534 0.0000000000
69659  25.713  -10.134  -23.592 0.0000000000
65979  20.368  -14.009  -19.746 0.0000000000
65978  20.800  -14.194  -20.027 0.0000000000
64733  21.501  -14.622  -20.173 0.0000000000
64732  22.070  -14.578  -20.559 0.0000000000
64731  22.451  -14.420  -20.759 0.0000000000
67268  22.378  -13.654  -21.460 0.0000000000
77371  18.647  -3.677  -22.607 0.0000000000
78433  18.844  -2.848  -23.016 0.0000000000
78461  19.867  -2.562  -24.396 0.0000000000
85036  19.406  3.353  -25.893 0.0000000000
84053  19.035  2.653  -25.534 0.0000000000
84061  20.085  2.998  -26.418 0.0000000000
84060  20.548  2.810  -26.553 0.0000000000
84051  21.756  2.676  -26.394 0.0000000000
85033  21.896  3.438  -25.786 0.0000000000
84050  22.490  2.548  -25.977 0.0000000000
84037  22.969  2.754  -25.387 0.0000000000
84036  23.625  2.398  -25.073 0.0000000000
86200  27.164  3.976  -24.520 0.0000000000
87473  27.788  4.559  -24.899 0.0000000000
87507  28.315  5.174  -26.553 0.0000000000
87515  28.295  5.150  -27.323 0.0000000000
96207  21.752  13.307  -26.197 0.0000000000
95324  21.626  12.481  -25.925 0.0000000000
95323  22.606  12.296  -26.025 0.0000000000
96204  24.616  13.035  -26.060 0.0000000000
72919  23.334  -7.351  -23.481 0.0000000000
72898  23.115  -7.994  -23.125 0.0000000000
72918  23.948  -7.254  -23.179 0.0000000000
72895  25.237  -7.578  -22.922 0.0000000000
75158  24.828  -6.280  -23.139 0.0000000000
85037  18.825  3.560  -25.403 0.0000000000
86227  19.813  3.978  -26.311 0.0000000000
86217  20.430  4.500  -26.124 0.0000000000
89918  23.101  6.733  -25.863 0.0000000000
89917  23.758  7.306  -25.495 0.0000000000
64695  23.058  -14.474  -19.174 0.0000000000
78442  26.764  -2.682  -23.997 0.0000000000
77369  27.117  -3.909  -23.473 0.0000000000
77383  27.295  -3.390  -23.756 0.0000000000
70758  19.451  -9.522  -21.191 0.0000000000
71801  20.097  -8.924  -21.952 0.0000000000
71827  20.541  -8.536  -22.355 0.0000000000
72899  21.272  -7.856  -23.065 0.0000000000
72921  21.531  -7.557  -23.491 0.0000000000
75161  18.489  -5.657  -21.918 0.0000000000
74068  19.910  -6.325  -22.855 0.0000000000
74067  20.408  -6.248  -23.285 0.0000000000
74065  22.042  -6.814  -24.219 0.0000000000
74064  22.985  -6.625  -24.255 0.0000000000
75201  23.203  -5.715  -24.516 0.0000000000
76310  23.828  -5.293  -24.199 0.0000000000
79585  16.781  -0.894  -21.874 0.0000000000
79597  18.312  -1.635  -23.180 0.0000000000
79596  18.988  -1.694  -24.020 0.0000000000
83005  19.311  1.111  -25.023 0.0000000000
81928  19.463  0.627  -25.222 0.0000000000
81945  20.920  0.691  -26.269 0.0000000000
81946  19.992  0.385  -25.767 0.0000000000
80821  19.961  -0.318  -25.538 0.0000000000
79624  20.090  -0.827  -25.271 0.0000000000
78472  20.924  -2.214  -25.222 0.0000000000
78471  21.436  -2.403  -25.352 0.0000000000
78470  22.339  -2.435  -25.476 0.0000000000
78469  22.824  -2.121  -25.334 0.0000000000
79608  23.089  -1.311  -24.915 0.0000000000
78443  25.840  -2.829  -24.118 0.0000000000
79593  27.126  -1.781  -24.169 0.0000000000
80795  26.818  -0.201  -24.079 0.0000000000
80767  28.229  -1.089  -24.877 0.0000000000
84033  26.810  2.078  -24.414 0.0000000000
83023  28.271  1.500  -25.350 0.0000000000
91076  22.352  8.063  -26.236 0.0000000000
89935  23.401  7.818  -25.930 0.0000000000
97079  24.166  14.890  -27.288 0.0000000000
96221  24.494  13.713  -26.566 0.0000000000
95342  25.236  12.896  -26.113 0.0000000000
96254  26.199  13.007  -28.076 0.0000000000
95320  25.498  12.138  -25.730 0.0000000000
93315  25.615  10.535  -25.012 0.0000000000
93335  27.000  10.755  -26.064 0.0000000000
92192  25.255  9.125  -24.602 0.0000000000
91053  25.531  8.263  -24.492 0.0000000000
89934  27.748  7.124  -25.087 0.0000000000
91110  28.068  8.108  -27.203 0.0000000000
89933  28.401  7.114  -25.644 0.0000000000
88752  28.268  6.144  -27.698 0.0000000000
87528  27.688  5.324  -29.063 0.0000000000
88769  27.180  6.223  -31.056 0.0000000000
88764  27.566  6.156  -29.799 0.0000000000
87529  27.344  5.017  -29.691 0.0000000000
86240  27.522  4.242  -29.714 0.0000000000
69628  21.915  -11.091  -22.143 0.0000000000
69627  22.571  -11.303  -22.317 0.0000000000
68499  23.853  -12.273  -22.548 0.0000000000
70793  25.130  -9.634  -23.513 0.0000000000
68498  24.721  -12.215  -22.810 0.0000000000
75176  27.435  -5.314  -23.901 0.0000000000
65964  20.476  -14.380  -19.520 0.0000000000
71846  21.882  -8.128  -23.290 0.0000000000
72896  24.594  -7.587  -22.843 0.0000000000
74041  25.080  -6.874  -23.074 0.0000000000
74084  22.345  -6.113  -24.536 0.0000000000
75159  24.627  -6.495  -23.196 0.0000000000
76291  27.272  -4.088  -23.571 0.0000000000
76292  27.087  -4.200  -23.470 0.0000000000
76306  27.496  -4.226  -23.796 0.0000000000
77370  26.868  -4.080  -23.385 0.0000000000
77412  21.637  -2.949  -25.292 0.0000000000
79609  20.330  -1.846  -25.014 0.0000000000
79620  23.065  -1.871  -25.104 0.0000000000
80794  27.433  -0.057  -24.126 0.0000000000
81900  28.230  -0.615  -24.921 0.0000000000
81901  28.141  -0.502  -24.665 0.0000000000
83029  19.256  2.104  -25.663 0.0000000000
84048  27.216  2.379  -24.614 0.0000000000
84052  19.641  2.657  -26.003 0.0000000000
84059  21.118  2.691  -26.663 0.0000000000
85032  26.991  2.574  -24.532 0.0000000000
85043  20.853  3.329  -26.694 0.0000000000
86199  27.752  3.837  -24.915 0.0000000000
86215  21.562  4.333  -25.591 0.0000000000
87496  22.237  5.670  -25.689 0.0000000000
87509  19.731  6.575  -25.757 0.0000000000
87521  27.595  4.711  -29.159 0.0000000000
89939  19.979  7.303  -25.730 0.0000000000
89953  19.755  7.064  -25.881 0.0000000000
91073  27.709  7.878  -25.192 0.0000000000
91096  28.364  8.083  -26.307 0.0000000000
92189  27.252  8.862  -24.991 0.0000000000
92190  26.934  9.143  -24.778 0.0000000000
92205  27.923  8.699  -25.673 0.0000000000
92207  27.176  9.487  -25.167 0.0000000000
92227  27.892  9.267  -25.881 0.0000000000
93298  26.444  9.563  -24.683 0.0000000000
93299  25.901  9.803  -24.605 0.0000000000
93346  28.088  9.475  -26.717 0.0000000000
95356  26.978  11.938  -27.584 0.0000000000
96223  22.744  13.174  -26.427 0.0000000000
130561  21.295  15.241  -26.660 0.0000000000
