#!ascii label  , from subject 3528 vox2ras=TkReg
1108
103950  -53.109  7.912  25.561 0.0000000000
118193  -44.506  26.358  14.636 0.0000000000
111860  -43.398  17.405  19.623 0.0000000000
111915  -52.352  16.897  14.820 0.0000000000
118825  -49.082  27.806  11.798 0.0000000000
116780  -49.463  24.976  19.213 0.0000000000
114659  -48.987  21.758  15.581 0.0000000000
110572  -47.582  15.121  11.929 0.0000000000
99465  -47.088  2.566  24.280 0.0000000000
103909  -49.041  7.509  26.208 0.0000000000
119390  -38.218  28.049  10.863 0.0000000000
118842  -42.952  27.716  9.287 0.0000000000
114784  -48.568  21.425  7.529 0.0000000000
108088  -49.103  12.756  21.739 0.0000000000
116774  -43.712  24.836  19.733 0.0000000000
112539  -50.230  18.555  20.258 0.0000000000
108108  -53.429  12.188  19.439 0.0000000000
108936  -48.343  13.262  15.395 0.0000000000
108183  -42.759  12.983  13.086 0.0000000000
104841  -49.818  7.565  23.125 0.0000000000
116873  -50.342  24.481  11.424 0.0000000000
116838  -49.933  25.049  14.193 0.0000000000
116170  -48.080  22.967  14.224 0.0000000000
113907  -47.085  20.778  15.912 0.0000000000
102072  -48.350  5.292  25.720 0.0000000000
103919  -46.220  7.661  25.055 0.0000000000
120027  -36.937  29.155  12.656 0.0000000000
116912  -45.483  24.372  9.250 0.0000000000
108085  -45.860  12.601  21.577 0.0000000000
109712  -46.460  14.530  19.375 0.0000000000
117506  -41.236  26.095  15.028 0.0000000000
117485  -44.320  25.348  17.378 0.0000000000
114645  -51.637  21.529  17.289 0.0000000000
114615  -49.910  21.223  20.218 0.0000000000
111871  -52.303  17.863  18.668 0.0000000000
110492  -52.673  15.424  19.400 0.0000000000
109727  -53.228  14.611  17.183 0.0000000000
108124  -51.221  12.414  17.490 0.0000000000
108988  -52.312  12.926  13.464 0.0000000000
109043  -46.650  12.853  9.150 0.0000000000
118790  -47.616  27.879  13.218 0.0000000000
118154  -47.681  27.211  17.575 0.0000000000
118786  -49.093  27.293  15.900 0.0000000000
116826  -50.545  24.223  16.457 0.0000000000
113212  -51.177  19.402  14.685 0.0000000000
110559  -50.911  14.867  12.921 0.0000000000
111894  -48.458  17.566  16.025 0.0000000000
111228  -46.041  17.023  15.225 0.0000000000
99444  -50.229  2.354  25.000 0.0000000000
101166  -50.875  4.320  27.523 0.0000000000
104782  -52.202  7.990  27.022 0.0000000000
119362  -35.828  28.444  14.356 0.0000000000
118202  -38.178  26.238  13.257 0.0000000000
118227  -41.460  26.704  11.660 0.0000000000
118822  -44.323  28.677  11.120 0.0000000000
118834  -46.259  27.922  10.522 0.0000000000
116915  -49.361  24.693  9.790 0.0000000000
114772  -51.479  21.260  8.826 0.0000000000
113280  -49.908  19.172  6.406 0.0000000000
106493  -45.409  10.175  24.539 0.0000000000
106522  -49.131  10.650  24.073 0.0000000000
106525  -52.060  10.943  24.236 0.0000000000
113847  -44.187  20.288  19.711 0.0000000000
116777  -46.883  25.186  19.571 0.0000000000
113863  -47.046  20.998  19.721 0.0000000000
111863  -46.360  17.503  19.431 0.0000000000
109715  -49.872  14.941  19.559 0.0000000000
108887  -52.626  13.036  21.344 0.0000000000
105706  -52.988  10.215  22.414 0.0000000000
106551  -50.530  10.438  20.366 0.0000000000
106567  -48.088  10.729  18.929 0.0000000000
106573  -45.055  10.774  17.882 0.0000000000
109018  -49.675  12.868  10.562 0.0000000000
108964  -45.791  13.178  13.982 0.0000000000
107365  -42.664  11.198  16.667 0.0000000000
102977  -52.663  6.124  26.384 0.0000000000
102986  -51.409  6.110  25.391 0.0000000000
103968  -51.776  7.827  24.375 0.0000000000
115490  -49.872  22.758  11.170 0.0000000000
116858  -49.357  24.006  12.717 0.0000000000
115476  -48.634  22.771  12.247 0.0000000000
115460  -47.769  22.558  13.580 0.0000000000
110484  -44.270  15.640  19.303 0.0000000000
118192  -43.253  26.183  14.814 0.0000000000
113190  -51.990  19.575  16.412 0.0000000000
113173  -51.544  19.658  17.922 0.0000000000
111896  -52.166  17.398  16.509 0.0000000000
111203  -52.647  16.671  17.864 0.0000000000
110530  -52.703  15.214  15.301 0.0000000000
109746  -53.019  14.055  15.121 0.0000000000
110544  -52.649  14.847  14.243 0.0000000000
119371  -48.279  28.436  12.445 0.0000000000
118784  -48.149  27.706  14.982 0.0000000000
118802  -48.903  27.502  13.688 0.0000000000
116153  -49.592  23.540  15.037 0.0000000000
116828  -50.252  24.748  15.170 0.0000000000
115435  -50.939  22.323  15.653 0.0000000000
115436  -51.645  21.820  15.834 0.0000000000
113910  -50.434  20.322  15.361 0.0000000000
113211  -50.195  19.321  15.192 0.0000000000
113887  -49.348  19.879  15.811 0.0000000000
112563  -45.964  18.586  16.261 0.0000000000
102985  -48.626  6.493  25.893 0.0000000000
101164  -49.194  4.667  26.471 0.0000000000
102975  -50.508  6.347  27.062 0.0000000000
102976  -51.405  6.262  27.589 0.0000000000
103910  -50.145  7.324  26.706 0.0000000000
119377  -37.014  28.503  12.033 0.0000000000
119369  -36.974  28.018  12.900 0.0000000000
118806  -38.346  26.842  12.002 0.0000000000
118215  -39.910  26.172  12.228 0.0000000000
118817  -39.722  27.257  11.130 0.0000000000
119426  -41.539  28.679  9.269 0.0000000000
119410  -42.650  28.746  10.304 0.0000000000
119411  -43.657  28.775  10.205 0.0000000000
119394  -45.505  28.942  10.892 0.0000000000
118833  -45.170  27.797  10.252 0.0000000000
116234  -46.723  23.175  8.591 0.0000000000
116914  -48.182  24.494  9.880 0.0000000000
115505  -48.474  22.926  8.879 0.0000000000
116236  -50.460  23.251  9.044 0.0000000000
114770  -50.561  21.554  8.063 0.0000000000
114012  -51.062  20.305  7.803 0.0000000000
114804  -49.181  20.575  6.865 0.0000000000
107317  -40.275  11.696  21.654 0.0000000000
106537  -40.411  10.747  23.132 0.0000000000
106539  -42.215  10.992  23.196 0.0000000000
106492  -44.424  10.338  24.602 0.0000000000
107272  -44.343  11.170  23.237 0.0000000000
108062  -47.414  12.260  22.189 0.0000000000
107275  -47.422  11.126  23.331 0.0000000000
107304  -49.063  11.690  22.859 0.0000000000
106523  -50.331  10.739  24.218 0.0000000000
107305  -50.200  11.729  22.976 0.0000000000
116114  -42.476  23.946  19.667 0.0000000000
114619  -41.822  22.390  19.783 0.0000000000
114621  -43.405  21.994  19.295 0.0000000000
118139  -48.420  26.643  19.230 0.0000000000
118137  -46.929  26.355  19.454 0.0000000000
116779  -48.830  25.088  19.594 0.0000000000
113155  -49.856  19.923  20.576 0.0000000000
114613  -48.559  21.472  20.021 0.0000000000
113153  -47.936  19.819  20.296 0.0000000000
113152  -46.940  19.694  20.054 0.0000000000
112537  -47.988  18.363  19.865 0.0000000000
111186  -47.850  16.602  19.156 0.0000000000
111188  -50.195  16.747  19.506 0.0000000000
109721  -53.576  13.914  18.929 0.0000000000
109704  -52.853  13.846  20.409 0.0000000000
108910  -53.482  13.050  20.581 0.0000000000
107309  -53.479  11.539  22.225 0.0000000000
107323  -53.327  11.352  20.991 0.0000000000
105711  -51.901  10.169  21.547 0.0000000000
107326  -52.561  11.257  20.166 0.0000000000
108141  -49.790  12.771  16.682 0.0000000000
107355  -49.357  11.748  18.272 0.0000000000
108121  -47.858  12.380  17.090 0.0000000000
107337  -46.583  11.349  17.861 0.0000000000
108138  -46.723  12.665  16.349 0.0000000000
110558  -49.844  14.855  13.073 0.0000000000
109766  -50.568  14.313  11.952 0.0000000000
109780  -49.203  14.256  10.924 0.0000000000
109013  -44.474  12.893  11.093 0.0000000000
108998  -45.645  13.118  11.859 0.0000000000
108980  -44.647  13.230  13.171 0.0000000000
108155  -43.609  12.275  15.515 0.0000000000
108154  -42.621  12.309  15.188 0.0000000000
107363  -41.251  11.382  15.818 0.0000000000
100299  -53.372  3.524  26.724 0.0000000000
104846  -48.744  7.566  22.285 0.0000000000
117524  -50.165  25.562  11.456 0.0000000000
118221  -49.273  26.808  13.124 0.0000000000
116847  -49.870  24.958  13.333 0.0000000000
116837  -49.267  24.270  13.913 0.0000000000
115433  -48.709  22.743  15.181 0.0000000000
113908  -48.152  20.854  15.872 0.0000000000
114679  -47.220  21.775  15.125 0.0000000000
100310  -47.199  3.719  25.346 0.0000000000
102070  -46.893  5.088  24.832 0.0000000000
103921  -47.984  7.494  25.735 0.0000000000
120035  -35.997  29.778  11.144 0.0000000000
117546  -44.753  25.368  9.443 0.0000000000
115540  -46.945  22.567  6.951 0.0000000000
115558  -47.646  21.806  6.275 0.0000000000
107321  -44.192  11.964  21.999 0.0000000000
108902  -46.032  13.429  20.475 0.0000000000
108882  -47.595  13.266  21.116 0.0000000000
117457  -43.430  25.451  19.326 0.0000000000
115412  -50.765  22.732  18.728 0.0000000000
115408  -50.064  22.876  19.519 0.0000000000
113865  -50.944  21.082  19.242 0.0000000000
113165  -51.365  19.817  20.027 0.0000000000
111868  -51.926  17.754  19.498 0.0000000000
111189  -51.314  16.750  19.554 0.0000000000
111195  -52.783  16.528  18.883 0.0000000000
110507  -53.345  14.744  18.246 0.0000000000
108927  -53.508  13.147  17.580 0.0000000000
108113  -52.673  12.004  18.659 0.0000000000
108940  -53.138  12.784  16.081 0.0000000000
108955  -52.039  12.734  14.957 0.0000000000
108969  -50.985  12.893  13.780 0.0000000000
109796  -47.796  14.227  10.168 0.0000000000
112515  -42.177  18.601  20.052 0.0000000000
118207  -46.043  27.246  12.934 0.0000000000
118179  -45.616  26.173  15.978 0.0000000000
118181  -47.702  27.529  15.332 0.0000000000
118771  -48.126  27.542  17.082 0.0000000000
118156  -49.249  26.521  17.250 0.0000000000
118197  -49.423  26.735  14.779 0.0000000000
117488  -49.605  25.734  16.698 0.0000000000
116812  -50.388  24.030  17.426 0.0000000000
115430  -51.651  22.118  16.603 0.0000000000
113912  -52.069  20.396  15.183 0.0000000000
113223  -52.106  18.671  14.420 0.0000000000
111248  -51.705  16.611  13.862 0.0000000000
111913  -50.589  17.784  14.303 0.0000000000
111231  -49.602  16.789  15.048 0.0000000000
110527  -48.227  15.931  14.877 0.0000000000
113187  -47.708  19.243  16.421 0.0000000000
111214  -47.398  17.075  15.857 0.0000000000
100312  -49.157  3.692  26.382 0.0000000000
99414  -50.851  3.078  26.923 0.0000000000
99415  -52.066  2.815  27.054 0.0000000000
101157  -52.739  4.763  28.155 0.0000000000
103914  -53.258  6.615  27.649 0.0000000000
104783  -53.060  8.183  26.548 0.0000000000
118171  -36.399  26.884  15.278 0.0000000000
118796  -36.773  27.214  13.717 0.0000000000
118173  -38.154  26.319  15.016 0.0000000000
117504  -39.795  25.676  14.084 0.0000000000
117520  -41.146  25.768  13.177 0.0000000000
118217  -42.162  26.067  12.804 0.0000000000
119407  -39.571  28.470  10.229 0.0000000000
118831  -41.095  28.208  10.608 0.0000000000
118228  -42.624  27.017  11.623 0.0000000000
118219  -44.741  27.412  12.085 0.0000000000
118220  -45.627  27.900  12.006 0.0000000000
119380  -47.119  28.750  11.492 0.0000000000
119416  -48.231  28.220  11.024 0.0000000000
117532  -46.188  26.202  10.338 0.0000000000
117534  -48.240  26.067  10.395 0.0000000000
117535  -49.322  25.677  10.309 0.0000000000
116894  -50.149  24.904  10.096 0.0000000000
115497  -51.084  22.427  10.172 0.0000000000
113982  -51.008  20.042  8.923 0.0000000000
113249  -49.971  19.226  8.308 0.0000000000
114816  -48.349  21.090  5.704 0.0000000000
105673  -45.584  9.157  25.374 0.0000000000
105675  -47.656  9.027  25.557 0.0000000000
107273  -45.338  11.200  23.273 0.0000000000
106495  -47.483  10.081  24.552 0.0000000000
105676  -48.691  9.078  25.667 0.0000000000
105689  -50.341  9.676  25.409 0.0000000000
105679  -52.410  9.329  25.841 0.0000000000
105680  -53.173  9.305  25.290 0.0000000000
113149  -43.732  19.603  19.941 0.0000000000
117487  -46.216  26.150  17.622 0.0000000000
117459  -45.380  26.135  19.274 0.0000000000
116775  -44.641  25.016  19.812 0.0000000000
115406  -48.278  22.982  19.441 0.0000000000
115405  -47.205  22.943  19.122 0.0000000000
115403  -44.857  22.953  18.973 0.0000000000
113861  -44.943  20.735  19.386 0.0000000000
112518  -45.375  18.929  19.873 0.0000000000
111862  -45.392  17.448  19.443 0.0000000000
111194  -46.440  15.916  18.899 0.0000000000
109713  -47.667  14.477  19.555 0.0000000000
108905  -49.367  13.773  20.574 0.0000000000
109716  -50.909  14.932  19.715 0.0000000000
108907  -51.463  13.681  20.825 0.0000000000
108090  -51.266  12.775  21.944 0.0000000000
107307  -52.406  11.807  23.093 0.0000000000
106526  -53.359  10.648  23.281 0.0000000000
104844  -52.879  9.200  23.765 0.0000000000
104849  -51.710  9.098  22.725 0.0000000000
104854  -50.493  9.164  21.814 0.0000000000
105708  -49.013  8.888  21.184 0.0000000000
107342  -50.802  11.668  18.795 0.0000000000
106558  -49.190  10.638  19.506 0.0000000000
105714  -47.627  9.177  20.288 0.0000000000
105722  -46.799  9.611  19.414 0.0000000000
105728  -44.917  9.678  18.817 0.0000000000
110560  -51.845  14.735  12.875 0.0000000000
109004  -51.468  12.828  12.019 0.0000000000
108967  -48.913  13.263  13.633 0.0000000000
109031  -47.915  13.042  9.996 0.0000000000
108983  -47.854  13.279  12.531 0.0000000000
108950  -46.842  13.161  14.600 0.0000000000
108137  -45.719  12.271  16.443 0.0000000000
107349  -43.901  11.193  17.165 0.0000000000
103922  -52.847  7.357  25.795 0.0000000000
102987  -52.206  6.584  25.776 0.0000000000
103005  -51.693  7.036  25.159 0.0000000000
103948  -51.387  7.285  24.647 0.0000000000
103949  -52.328  7.619  25.105 0.0000000000
115489  -49.062  22.365  11.599 0.0000000000
114709  -48.715  22.191  11.744 0.0000000000
111182  -43.890  16.504  19.431 0.0000000000
118205  -43.451  26.242  13.646 0.0000000000
112584  -52.260  18.280  14.860 0.0000000000
112568  -52.032  18.316  16.147 0.0000000000
111914  -52.282  17.384  15.490 0.0000000000
111233  -52.296  16.878  16.296 0.0000000000
111234  -52.422  16.333  15.635 0.0000000000
111249  -52.348  16.257  14.441 0.0000000000
119382  -48.564  28.410  12.207 0.0000000000
118801  -48.413  27.987  13.048 0.0000000000
118812  -48.945  27.866  12.584 0.0000000000
115434  -49.906  22.641  15.382 0.0000000000
114660  -50.187  21.575  15.541 0.0000000000
113888  -49.845  19.703  15.491 0.0000000000
113909  -49.266  20.763  15.788 0.0000000000
99442  -47.769  2.866  25.073 0.0000000000
102974  -49.531  6.470  26.495 0.0000000000
104780  -49.715  8.110  26.399 0.0000000000
119389  -37.583  28.164  11.361 0.0000000000
119378  -37.390  27.789  12.146 0.0000000000
118816  -38.513  27.355  11.411 0.0000000000
118828  -38.634  27.873  10.807 0.0000000000
118841  -42.145  28.051  9.090 0.0000000000
119427  -42.789  28.549  9.642 0.0000000000
119428  -43.671  28.399  9.772 0.0000000000
119412  -44.579  28.525  10.293 0.0000000000
118843  -43.817  27.751  9.619 0.0000000000
115520  -48.171  22.128  8.181 0.0000000000
116235  -47.567  22.812  8.635 0.0000000000
115521  -49.212  22.387  8.453 0.0000000000
114768  -49.030  21.695  7.965 0.0000000000
114785  -49.595  20.855  7.367 0.0000000000
108080  -40.791  12.332  21.087 0.0000000000
107318  -41.270  11.705  21.699 0.0000000000
107297  -41.760  11.319  22.492 0.0000000000
107298  -42.779  11.336  22.711 0.0000000000
107271  -43.424  11.107  23.232 0.0000000000
108087  -48.005  12.789  21.668 0.0000000000
108063  -48.503  12.272  22.290 0.0000000000
108064  -49.616  12.279  22.386 0.0000000000
117442  -42.778  24.850  19.556 0.0000000000
116773  -42.946  24.661  19.585 0.0000000000
115401  -42.886  22.993  19.393 0.0000000000
116115  -43.324  23.984  19.500 0.0000000000
118140  -48.963  26.468  18.902 0.0000000000
113154  -48.934  19.905  20.493 0.0000000000
112522  -49.521  19.199  20.473 0.0000000000
112521  -48.493  19.123  20.311 0.0000000000
112538  -49.096  18.443  19.999 0.0000000000
111865  -48.524  17.568  19.537 0.0000000000
111866  -49.686  17.651  19.712 0.0000000000
108919  -53.671  13.082  19.677 0.0000000000
108105  -53.551  12.287  20.516 0.0000000000
107328  -53.414  11.706  20.496 0.0000000000
107327  -53.021  11.287  20.559 0.0000000000
107334  -52.859  11.622  19.633 0.0000000000
108938  -49.808  13.062  15.824 0.0000000000
108122  -48.825  12.359  17.352 0.0000000000
108140  -48.812  12.863  16.504 0.0000000000
108139  -47.777  13.038  16.187 0.0000000000
110557  -48.777  14.915  13.083 0.0000000000
109765  -49.533  14.453  11.984 0.0000000000
109779  -48.227  14.564  10.951 0.0000000000
108996  -43.810  13.127  11.920 0.0000000000
108997  -44.643  13.162  11.953 0.0000000000
108979  -43.784  13.201  12.746 0.0000000000
108184  -43.555  12.995  13.678 0.0000000000
108171  -42.651  12.659  14.279 0.0000000000
108153  -41.765  12.288  14.898 0.0000000000
108170  -41.770  12.564  14.032 0.0000000000
101168  -53.411  4.460  27.211 0.0000000000
103965  -49.303  6.857  23.254 0.0000000000
104847  -49.480  7.848  22.570 0.0000000000
117525  -50.384  24.872  11.068 0.0000000000
116859  -49.966  24.536  12.416 0.0000000000
116180  -48.814  23.629  12.846 0.0000000000
116846  -49.247  24.207  13.146 0.0000000000
116171  -48.515  23.503  13.642 0.0000000000
116163  -48.608  23.312  14.594 0.0000000000
116162  -48.117  22.879  14.500 0.0000000000
115432  -48.068  22.441  15.081 0.0000000000
115445  -47.715  22.384  14.675 0.0000000000
115444  -46.712  22.002  14.325 0.0000000000
102086  -46.276  5.187  24.548 0.0000000000
103920  -47.035  7.622  25.422 0.0000000000
120676  -35.988  30.053  11.717 0.0000000000
116254  -46.348  23.183  7.687 0.0000000000
115557  -47.211  22.829  6.026 0.0000000000
116962  -46.722  24.662  6.003 0.0000000000
109711  -45.492  14.596  19.333 0.0000000000
108901  -45.089  13.399  20.335 0.0000000000
108916  -45.760  13.890  19.804 0.0000000000
108903  -46.983  13.458  20.681 0.0000000000
108917  -46.707  13.880  19.959 0.0000000000
117495  -39.965  26.010  15.437 0.0000000000
117467  -43.779  25.376  18.483 0.0000000000
115413  -51.067  22.151  18.417 0.0000000000
114637  -51.216  21.694  18.240 0.0000000000
112550  -51.843  18.590  17.624 0.0000000000
113171  -51.463  19.718  19.293 0.0000000000
112544  -51.880  18.780  19.034 0.0000000000
112540  -51.391  19.012  20.218 0.0000000000
111872  -52.562  17.168  18.421 0.0000000000
110506  -52.952  15.576  17.543 0.0000000000
109728  -53.551  13.866  17.909 0.0000000000
109738  -53.417  13.715  16.861 0.0000000000
108127  -53.259  12.771  17.358 0.0000000000
109747  -53.271  13.451  15.951 0.0000000000
109755  -52.841  13.684  14.158 0.0000000000
108956  -52.892  12.910  15.386 0.0000000000
108970  -51.869  12.818  13.990 0.0000000000
108954  -50.968  12.885  15.159 0.0000000000
118208  -47.013  27.686  12.956 0.0000000000
118195  -47.199  27.451  14.128 0.0000000000
118785  -48.580  27.530  15.488 0.0000000000
118777  -48.169  27.637  16.041 0.0000000000
118778  -48.718  27.456  16.665 0.0000000000
118155  -48.908  27.107  17.544 0.0000000000
118165  -49.141  27.145  16.900 0.0000000000
117515  -49.750  25.924  13.677 0.0000000000
118209  -49.359  26.763  14.139 0.0000000000
117508  -49.819  25.999  14.708 0.0000000000
116829  -50.486  24.388  15.825 0.0000000000
116825  -50.223  24.983  16.127 0.0000000000
116811  -49.911  24.811  17.094 0.0000000000
116143  -50.961  23.380  16.797 0.0000000000
116135  -51.097  22.922  17.429 0.0000000000
113911  -51.668  20.385  15.025 0.0000000000
114662  -51.972  21.000  15.412 0.0000000000
113213  -52.184  19.479  14.930 0.0000000000
113222  -51.717  18.912  14.344 0.0000000000
112583  -51.138  18.521  14.145 0.0000000000
112567  -49.710  18.545  15.413 0.0000000000
111912  -49.849  17.742  15.033 0.0000000000
111911  -49.208  17.293  15.602 0.0000000000
110528  -49.249  16.044  14.831 0.0000000000
113886  -48.425  20.009  16.138 0.0000000000
113885  -47.414  20.051  16.282 0.0000000000
111892  -46.289  17.884  16.124 0.0000000000
112564  -46.976  18.453  16.405 0.0000000000
101180  -47.721  4.417  25.520 0.0000000000
100311  -48.105  3.733  25.720 0.0000000000
101181  -48.486  4.301  25.994 0.0000000000
101165  -50.069  4.529  27.014 0.0000000000
100296  -50.203  3.620  26.930 0.0000000000
100297  -51.757  3.663  27.672 0.0000000000
100289  -52.881  3.989  28.080 0.0000000000
101156  -51.808  4.748  27.922 0.0000000000
103912  -52.300  7.251  27.522 0.0000000000
103901  -52.622  6.740  27.771 0.0000000000
103913  -53.145  7.217  27.334 0.0000000000
119360  -35.343  28.562  14.839 0.0000000000
119359  -34.794  28.537  15.361 0.0000000000
118782  -35.375  27.757  15.152 0.0000000000
118170  -35.731  27.092  15.471 0.0000000000
118789  -36.092  27.569  14.566 0.0000000000
120020  -37.240  29.614  13.304 0.0000000000
120019  -36.774  28.904  13.385 0.0000000000
118797  -37.307  27.109  12.953 0.0000000000
118201  -37.523  26.545  13.609 0.0000000000
118186  -37.518  26.465  14.428 0.0000000000
118187  -38.434  26.042  14.106 0.0000000000
118188  -39.323  25.842  14.404 0.0000000000
117510  -38.865  25.906  13.202 0.0000000000
118216  -40.897  26.094  12.343 0.0000000000
117519  -40.254  25.761  12.890 0.0000000000
118830  -40.138  27.946  10.586 0.0000000000
119391  -43.209  28.601  10.779 0.0000000000
118820  -42.792  28.189  11.033 0.0000000000
118229  -43.640  27.602  11.555 0.0000000000
118230  -44.276  28.106  11.420 0.0000000000
118807  -44.970  28.298  11.488 0.0000000000
119413  -45.808  28.588  10.655 0.0000000000
119395  -46.524  28.984  10.985 0.0000000000
119414  -46.844  28.569  10.810 0.0000000000
119396  -47.424  28.756  11.269 0.0000000000
118835  -47.244  27.883  10.647 0.0000000000
117531  -45.279  26.282  10.096 0.0000000000
117547  -45.793  25.344  9.946 0.0000000000
116892  -47.693  25.288  10.247 0.0000000000
116893  -48.626  25.252  10.160 0.0000000000
118238  -48.607  26.912  10.685 0.0000000000
117550  -49.970  25.137  10.091 0.0000000000
117549  -49.772  25.033  9.967 0.0000000000
115523  -51.101  22.089  8.645 0.0000000000
116218  -50.639  23.532  9.626 0.0000000000
115509  -51.447  21.856  9.420 0.0000000000
114742  -51.206  21.289  9.469 0.0000000000
114756  -51.411  20.859  8.815 0.0000000000
114011  -50.326  19.880  7.099 0.0000000000
113265  -50.960  19.601  7.682 0.0000000000
113264  -50.374  18.879  7.230 0.0000000000
112610  -49.628  18.525  6.665 0.0000000000
112623  -49.713  18.555  6.223 0.0000000000
106476  -43.141  10.217  25.176 0.0000000000
105684  -44.958  9.777  25.097 0.0000000000
105685  -45.979  9.611  25.056 0.0000000000
105674  -46.621  9.054  25.442 0.0000000000
105686  -47.016  9.562  25.079 0.0000000000
108059  -44.922  12.048  22.049 0.0000000000
107300  -44.807  11.686  22.467 0.0000000000
107301  -45.849  11.673  22.657 0.0000000000
106521  -47.995  10.589  23.962 0.0000000000
105687  -48.076  9.581  25.146 0.0000000000
105688  -49.183  9.626  25.242 0.0000000000
105677  -49.770  9.146  25.804 0.0000000000
106497  -49.774  10.184  24.770 0.0000000000
106524  -51.468  10.865  24.269 0.0000000000
106498  -51.182  10.224  24.991 0.0000000000
106478  -52.427  9.923  25.232 0.0000000000
106479  -53.084  10.074  24.760 0.0000000000
114620  -42.477  21.907  19.641 0.0000000000
113148  -42.674  19.606  20.198 0.0000000000
118163  -46.860  26.568  17.079 0.0000000000
118162  -46.119  26.037  16.979 0.0000000000
117447  -47.302  25.990  19.819 0.0000000000
117460  -46.327  26.397  19.115 0.0000000000
117446  -46.187  25.984  19.684 0.0000000000
117445  -45.015  25.721  19.725 0.0000000000
116776  -45.717  25.166  19.642 0.0000000000
114627  -49.650  22.048  19.910 0.0000000000
115407  -49.205  23.016  19.627 0.0000000000
113864  -47.696  20.945  19.927 0.0000000000
114625  -47.843  21.739  19.732 0.0000000000
114624  -46.617  21.859  19.269 0.0000000000
115404  -45.987  22.973  18.990 0.0000000000
114623  -45.335  21.865  18.963 0.0000000000
113862  -46.055  20.949  19.442 0.0000000000
112536  -46.915  18.295  19.805 0.0000000000
113151  -45.862  19.683  19.883 0.0000000000
112535  -45.894  18.245  19.725 0.0000000000
112534  -44.906  18.169  19.690 0.0000000000
111184  -45.830  16.764  19.152 0.0000000000
111185  -46.714  16.598  19.073 0.0000000000
110488  -48.334  15.619  19.149 0.0000000000
109714  -48.833  14.854  19.461 0.0000000000
109699  -48.436  14.343  19.805 0.0000000000
109700  -49.131  14.314  19.941 0.0000000000
110491  -51.652  15.712  19.526 0.0000000000
109717  -51.895  14.778  19.804 0.0000000000
108908  -52.347  13.550  20.878 0.0000000000
109703  -52.104  14.094  20.348 0.0000000000
108886  -51.806  13.193  21.403 0.0000000000
108885  -50.821  13.258  21.350 0.0000000000
108091  -52.221  12.703  21.928 0.0000000000
108066  -51.798  12.318  22.543 0.0000000000
108067  -52.712  12.241  22.433 0.0000000000
106542  -53.369  10.679  22.363 0.0000000000
107281  -53.490  11.250  22.946 0.0000000000
105691  -53.237  9.763  24.188 0.0000000000
105701  -53.105  9.917  23.057 0.0000000000
105700  -52.429  9.293  23.091 0.0000000000
106552  -51.297  10.495  20.667 0.0000000000
105710  -51.060  9.899  21.373 0.0000000000
105717  -50.738  10.200  20.780 0.0000000000
105709  -49.867  9.364  21.203 0.0000000000
105716  -50.134  9.968  20.699 0.0000000000
108125  -52.224  12.385  17.527 0.0000000000
108112  -51.555  12.053  18.295 0.0000000000
107340  -48.892  11.244  18.748 0.0000000000
107330  -49.486  11.214  19.009 0.0000000000
106568  -48.598  10.754  19.143 0.0000000000
105724  -48.583  10.135  19.739 0.0000000000
106556  -47.653  10.240  19.241 0.0000000000
106566  -47.198  10.570  18.728 0.0000000000
106574  -45.653  10.868  17.992 0.0000000000
106565  -46.276  10.778  18.277 0.0000000000
106564  -45.383  10.380  18.365 0.0000000000
106563  -44.592  10.173  18.327 0.0000000000
110542  -51.283  15.701  13.560 0.0000000000
109799  -50.361  13.154  10.702 0.0000000000
109782  -50.880  13.545  11.419 0.0000000000
109019  -50.285  12.796  10.817 0.0000000000
108985  -49.957  12.908  12.432 0.0000000000
108984  -48.900  13.134  12.445 0.0000000000
109811  -47.245  13.779  9.572 0.0000000000
109030  -47.227  12.993  9.655 0.0000000000
108981  -45.801  13.244  12.846 0.0000000000
108999  -46.701  13.096  11.657 0.0000000000
108982  -46.803  13.249  12.696 0.0000000000
108965  -46.899  13.272  13.661 0.0000000000
108949  -46.297  13.141  14.388 0.0000000000
108158  -46.630  12.893  15.586 0.0000000000
108157  -45.719  12.789  15.161 0.0000000000
107378  -43.134  11.767  16.162 0.0000000000
108135  -44.194  12.182  15.822 0.0000000000
107348  -43.307  11.191  16.945 0.0000000000
106571  -42.989  10.595  17.433 0.0000000000
102063  -52.997  5.758  26.655 0.0000000000
102074  -52.320  5.548  26.173 0.0000000000
102089  -50.983  5.578  25.101 0.0000000000
116192  -50.420  23.695  11.043 0.0000000000
116191  -49.976  23.717  11.744 0.0000000000
115477  -49.471  23.225  11.873 0.0000000000
115461  -48.347  23.162  13.092 0.0000000000
109710  -44.550  14.752  19.356 0.0000000000
110485  -45.313  15.545  19.086 0.0000000000
118203  -41.747  26.050  14.683 0.0000000000
118177  -43.080  25.795  15.617 0.0000000000
117500  -44.683  25.632  16.490 0.0000000000
113879  -51.842  20.607  16.901 0.0000000000
111879  -52.258  17.452  17.567 0.0000000000
111880  -52.520  17.113  17.987 0.0000000000
111216  -52.334  16.954  17.104 0.0000000000
111217  -52.510  16.294  16.818 0.0000000000
110518  -52.775  15.391  16.427 0.0000000000
109737  -53.151  14.406  16.100 0.0000000000
110561  -52.509  14.313  13.321 0.0000000000
118800  -47.928  28.320  12.729 0.0000000000
118791  -47.999  27.901  13.897 0.0000000000
118792  -48.472  27.652  14.325 0.0000000000
118793  -49.059  27.288  14.838 0.0000000000
116164  -49.641  24.200  14.532 0.0000000000
116154  -50.699  23.572  15.696 0.0000000000
115429  -51.350  22.719  16.151 0.0000000000
114661  -51.276  21.274  15.423 0.0000000000
112582  -50.427  18.599  14.696 0.0000000000
113189  -49.459  19.194  15.717 0.0000000000
112566  -48.966  18.459  16.009 0.0000000000
113186  -46.748  19.289  16.435 0.0000000000
99443  -48.893  2.631  25.221 0.0000000000
102060  -49.103  5.660  26.281 0.0000000000
102061  -49.875  5.471  26.775 0.0000000000
102062  -50.846  5.312  27.460 0.0000000000
102051  -51.714  5.615  27.849 0.0000000000
103911  -51.324  7.223  27.298 0.0000000000
104781  -50.887  8.196  26.694 0.0000000000
120008  -35.658  29.274  14.594 0.0000000000
119370  -37.351  27.490  12.558 0.0000000000
118213  -38.456  26.429  12.543 0.0000000000
117517  -38.969  26.095  12.678 0.0000000000
118224  -38.738  26.664  11.947 0.0000000000
118225  -39.380  26.659  11.705 0.0000000000
118226  -40.357  26.639  11.622 0.0000000000
119409  -41.386  28.818  10.131 0.0000000000
119393  -44.457  28.781  10.730 0.0000000000
118823  -44.995  28.857  11.144 0.0000000000
116214  -46.293  23.758  9.205 0.0000000000
116913  -46.795  24.646  9.879 0.0000000000
116215  -47.536  23.562  9.323 0.0000000000
116216  -48.887  23.800  9.325 0.0000000000
116217  -49.968  23.804  9.296 0.0000000000
115506  -49.544  23.163  8.901 0.0000000000
115522  -50.299  22.612  8.596 0.0000000000
114771  -51.276  21.022  8.309 0.0000000000
114786  -50.762  20.696  7.734 0.0000000000
114010  -49.829  20.256  6.939 0.0000000000
114026  -49.434  20.070  6.459 0.0000000000
108097  -40.337  13.084  20.641 0.0000000000
108079  -39.802  12.384  21.129 0.0000000000
107296  -40.792  11.241  22.398 0.0000000000
106491  -43.479  10.471  24.607 0.0000000000
106516  -42.883  10.780  23.730 0.0000000000
106517  -43.894  10.753  23.893 0.0000000000
106518  -44.868  10.680  23.898 0.0000000000
108061  -46.369  12.208  22.130 0.0000000000
107302  -46.881  11.656  22.697 0.0000000000
107303  -47.952  11.669  22.766 0.0000000000
107277  -49.664  11.212  23.535 0.0000000000
107278  -50.834  11.280  23.666 0.0000000000
115400  -42.064  23.035  19.671 0.0000000000
113860  -43.838  21.105  19.460 0.0000000000
118146  -47.866  27.164  18.577 0.0000000000
118153  -47.288  26.834  18.135 0.0000000000
118138  -47.645  26.600  19.459 0.0000000000
117448  -48.236  26.006  19.775 0.0000000000
116778  -47.951  25.161  19.703 0.0000000000
113853  -50.179  20.552  20.407 0.0000000000
114614  -49.133  21.368  20.182 0.0000000000
113852  -49.406  20.618  20.417 0.0000000000
113851  -48.374  20.775  20.208 0.0000000000
113850  -47.429  20.401  20.033 0.0000000000
113849  -46.521  20.306  19.819 0.0000000000
112520  -47.442  19.041  20.166 0.0000000000
111864  -47.398  17.510  19.461 0.0000000000
111187  -49.034  16.676  19.311 0.0000000000
110489  -49.499  15.758  19.304 0.0000000000
110493  -53.046  14.645  19.597 0.0000000000
109718  -52.695  14.442  19.892 0.0000000000
109719  -53.355  13.939  19.869 0.0000000000
109705  -53.226  13.536  20.422 0.0000000000
108888  -53.167  12.838  21.189 0.0000000000
108068  -53.267  12.086  22.172 0.0000000000
108093  -53.455  12.264  21.429 0.0000000000
107324  -53.452  11.511  21.404 0.0000000000
106547  -53.225  10.918  21.441 0.0000000000
106541  -52.935  10.413  21.969 0.0000000000
106554  -52.799  10.882  21.017 0.0000000000
106553  -52.232  10.846  20.629 0.0000000000
106561  -51.653  10.859  20.301 0.0000000000
108142  -51.000  12.718  16.399 0.0000000000
108123  -49.937  12.262  17.735 0.0000000000
107354  -48.797  11.765  18.042 0.0000000000
107339  -47.988  11.213  18.378 0.0000000000
107352  -47.038  11.799  17.572 0.0000000000
108119  -46.286  12.264  16.861 0.0000000000
109781  -50.173  13.939  10.981 0.0000000000
109798  -49.559  13.501  10.401 0.0000000000
109028  -45.128  12.629  10.181 0.0000000000
109015  -46.517  12.871  10.663 0.0000000000
109014  -45.455  12.856  10.902 0.0000000000
108963  -45.192  13.196  13.635 0.0000000000
108174  -45.174  12.853  14.740 0.0000000000
108185  -44.060  12.960  13.983 0.0000000000
108172  -43.499  12.703  14.549 0.0000000000
107377  -42.571  11.785  15.927 0.0000000000
107364  -41.747  11.277  16.226 0.0000000000
107376  -41.768  11.793  15.586 0.0000000000
99417  -53.503  2.906  26.161 0.0000000000
118231  -49.484  26.854  12.089 0.0000000000
117522  -49.821  25.815  12.664 0.0000000000
116152  -48.916  23.260  14.983 0.0000000000
114658  -47.811  21.762  15.383 0.0000000000
99426  -47.143  3.400  25.226 0.0000000000
100323  -46.542  3.826  25.095 0.0000000000
101179  -46.878  4.488  25.070 0.0000000000
102071  -47.382  5.293  25.130 0.0000000000
102087  -46.905  5.579  24.765 0.0000000000
103002  -47.177  5.958  24.885 0.0000000000
102984  -47.531  6.480  25.305 0.0000000000
120028  -37.157  29.889  12.843 0.0000000000
120036  -36.511  29.341  11.726 0.0000000000
119388  -36.947  28.793  11.331 0.0000000000
119404  -37.219  28.762  10.839 0.0000000000
118243  -43.350  26.942  9.313 0.0000000000
116233  -45.830  23.663  8.547 0.0000000000
115519  -47.135  22.517  7.922 0.0000000000
115541  -47.686  21.750  7.296 0.0000000000
108102  -45.419  12.943  20.988 0.0000000000
108086  -46.907  12.808  21.488 0.0000000000
108883  -48.637  13.312  21.150 0.0000000000
116794  -42.819  25.218  19.004 0.0000000000
117443  -43.257  25.137  19.679 0.0000000000
116132  -50.302  23.709  18.610 0.0000000000
116131  -49.913  24.193  19.042 0.0000000000
116122  -50.177  23.535  19.151 0.0000000000
114628  -50.529  21.699  19.688 0.0000000000
113875  -51.307  20.764  18.397 0.0000000000
113866  -51.197  20.332  19.591 0.0000000000
113854  -50.836  20.589  20.090 0.0000000000
113157  -51.092  19.832  20.271 0.0000000000
112523  -50.452  19.355  20.486 0.0000000000
111867  -50.888  17.784  19.846 0.0000000000
111190  -52.247  16.603  19.329 0.0000000000
110498  -53.054  15.663  18.573 0.0000000000
110499  -53.270  14.746  19.137 0.0000000000
108921  -53.655  13.130  18.626 0.0000000000
108107  -53.051  11.906  19.228 0.0000000000
108114  -53.311  12.604  18.191 0.0000000000
108126  -52.931  12.506  17.531 0.0000000000
108143  -51.995  12.561  16.616 0.0000000000
108162  -52.506  12.566  16.028 0.0000000000
108161  -52.045  12.630  15.783 0.0000000000
108939  -50.395  12.912  16.033 0.0000000000
108953  -49.948  13.170  14.790 0.0000000000
110581  -47.256  14.860  10.991 0.0000000000
109810  -46.417  14.150  9.242 0.0000000000
109824  -46.669  13.326  9.048 0.0000000000
108224  -45.319  12.591  8.954 0.0000000000
108213  -44.727  12.530  9.615 0.0000000000
109026  -43.689  12.633  10.529 0.0000000000
109011  -42.925  12.854  11.564 0.0000000000
118206  -44.759  26.617  13.292 0.0000000000
118194  -45.881  26.733  14.404 0.0000000000
118180  -46.893  26.937  15.565 0.0000000000
118164  -47.625  27.316  16.474 0.0000000000
118196  -47.840  27.690  14.618 0.0000000000
118772  -48.422  27.340  17.634 0.0000000000
118148  -49.084  26.470  18.143 0.0000000000
117461  -49.342  25.742  18.725 0.0000000000
118182  -49.453  26.703  15.394 0.0000000000
117501  -49.848  25.843  15.730 0.0000000000
118166  -49.380  26.717  16.353 0.0000000000
117471  -49.415  25.628  17.716 0.0000000000
116796  -49.796  24.580  18.270 0.0000000000
116134  -50.689  23.335  17.873 0.0000000000
115421  -51.259  22.337  17.692 0.0000000000
114648  -52.030  21.337  16.179 0.0000000000
113889  -52.185  20.483  15.678 0.0000000000
112588  -52.144  18.184  14.368 0.0000000000
111924  -52.126  17.412  14.381 0.0000000000
112587  -51.824  18.275  14.065 0.0000000000
111923  -51.355  17.621  13.873 0.0000000000
111247  -50.779  16.780  14.070 0.0000000000
111232  -50.196  17.150  14.580 0.0000000000
110541  -50.158  15.746  14.033 0.0000000000
110540  -49.040  15.400  14.072 0.0000000000
110539  -48.014  15.381  14.001 0.0000000000
113188  -48.663  19.201  16.175 0.0000000000
112565  -48.018  18.378  16.359 0.0000000000
111215  -47.767  17.049  15.912 0.0000000000
99427  -47.563  3.348  25.343 0.0000000000
99428  -48.521  3.199  25.722 0.0000000000
99429  -49.833  3.032  26.288 0.0000000000
100295  -49.611  4.066  26.751 0.0000000000
100313  -49.723  3.452  26.540 0.0000000000
99416  -53.065  2.834  26.690 0.0000000000
100298  -52.912  3.340  27.496 0.0000000000
100290  -53.346  3.941  27.617 0.0000000000
101158  -53.285  4.684  27.871 0.0000000000
102052  -52.432  5.532  28.098 0.0000000000
102053  -53.183  5.632  28.053 0.0000000000
102064  -53.374  5.557  27.348 0.0000000000
102978  -53.190  6.553  26.694 0.0000000000
103923  -53.158  7.573  26.308 0.0000000000
119363  -36.378  28.176  13.777 0.0000000000
118185  -36.800  26.846  14.534 0.0000000000
118172  -37.266  26.555  15.146 0.0000000000
118174  -39.066  26.099  14.923 0.0000000000
118175  -39.705  25.972  14.787 0.0000000000
117505  -40.337  25.865  14.530 0.0000000000
117511  -39.661  25.698  13.399 0.0000000000
117512  -40.438  25.690  13.696 0.0000000000
117513  -41.355  25.851  14.046 0.0000000000
118204  -42.299  26.007  14.108 0.0000000000
119406  -38.682  28.386  10.399 0.0000000000
118829  -39.194  27.820  10.677 0.0000000000
118818  -40.768  27.403  11.101 0.0000000000
118832  -41.957  28.413  10.626 0.0000000000
118819  -41.795  27.674  11.087 0.0000000000
118218  -43.622  26.642  12.392 0.0000000000
118798  -46.452  28.047  12.256 0.0000000000
118808  -45.821  28.560  11.495 0.0000000000
118809  -46.773  28.573  11.814 0.0000000000
118810  -47.469  28.626  12.090 0.0000000000
119381  -47.944  28.772  11.994 0.0000000000
119397  -48.298  28.461  11.486 0.0000000000
118824  -48.784  28.091  11.538 0.0000000000
118244  -44.409  26.875  9.792 0.0000000000
118235  -45.760  27.070  10.377 0.0000000000
118236  -46.720  27.059  10.499 0.0000000000
116891  -47.049  25.363  10.208 0.0000000000
117533  -47.172  26.075  10.380 0.0000000000
118237  -47.707  27.013  10.551 0.0000000000
118239  -49.368  26.797  11.088 0.0000000000
117536  -50.022  25.399  10.486 0.0000000000
116874  -50.431  24.364  10.775 0.0000000000
116917  -50.384  24.168  9.860 0.0000000000
116200  -50.700  23.628  10.406 0.0000000000
115491  -50.632  23.145  10.685 0.0000000000
115496  -50.320  22.171  10.650 0.0000000000
113998  -51.209  20.128  8.267 0.0000000000
113238  -50.480  19.500  8.625 0.0000000000
114803  -48.599  20.880  6.695 0.0000000000
114025  -48.918  20.475  6.423 0.0000000000
104799  -45.228  8.522  25.240 0.0000000000
105683  -43.962  10.021  25.185 0.0000000000
104800  -46.326  8.442  25.408 0.0000000000
104801  -47.320  8.363  25.616 0.0000000000
104802  -48.406  8.343  25.887 0.0000000000
107299  -43.793  11.510  22.588 0.0000000000
106519  -45.872  10.604  23.883 0.0000000000
107274  -46.364  11.175  23.321 0.0000000000
106520  -46.912  10.560  23.890 0.0000000000
106494  -46.429  10.080  24.510 0.0000000000
104779  -49.072  8.164  26.164 0.0000000000
104803  -49.267  8.597  26.044 0.0000000000
104804  -50.132  8.666  26.240 0.0000000000
105655  -51.669  8.554  26.599 0.0000000000
105690  -51.080  9.693  25.521 0.0000000000
105656  -52.351  8.720  26.411 0.0000000000
105657  -53.054  8.857  26.057 0.0000000000
104805  -53.227  8.411  25.782 0.0000000000
113147  -41.607  19.588  20.388 0.0000000000
112516  -43.297  18.576  19.894 0.0000000000
112532  -43.478  18.015  19.738 0.0000000000
117486  -45.436  25.760  17.316 0.0000000000
117470  -46.638  26.467  18.263 0.0000000000
117469  -45.824  26.106  18.399 0.0000000000
117468  -44.856  25.754  18.422 0.0000000000
117458  -44.359  25.829  19.325 0.0000000000
117444  -44.023  25.446  19.767 0.0000000000
116121  -49.520  24.001  19.434 0.0000000000
116120  -48.628  24.100  19.558 0.0000000000
116119  -47.620  24.124  19.365 0.0000000000
114626  -48.803  22.095  19.865 0.0000000000
116118  -46.469  24.142  19.232 0.0000000000
116117  -45.302  24.128  19.268 0.0000000000
116116  -44.253  24.057  19.366 0.0000000000
115410  -44.488  22.390  18.968 0.0000000000
114622  -44.387  21.823  19.059 0.0000000000
113848  -44.790  20.147  19.679 0.0000000000
113164  -45.731  20.303  19.671 0.0000000000
113163  -45.231  20.065  19.712 0.0000000000
113150  -44.795  19.632  19.792 0.0000000000
112517  -44.353  18.838  19.843 0.0000000000
112533  -43.979  18.073  19.719 0.0000000000
111861  -44.418  17.362  19.515 0.0000000000
111183  -44.940  16.505  19.233 0.0000000000
110495  -45.718  15.908  18.962 0.0000000000
110486  -46.109  15.198  19.015 0.0000000000
110487  -47.015  15.524  18.987 0.0000000000
108904  -48.134  13.838  20.372 0.0000000000
110490  -50.600  15.797  19.464 0.0000000000
109702  -51.174  14.264  20.257 0.0000000000
109701  -50.150  14.326  20.123 0.0000000000
108906  -50.452  13.745  20.717 0.0000000000
108884  -49.750  13.289  21.252 0.0000000000
108089  -50.204  12.774  21.857 0.0000000000
108065  -50.731  12.302  22.488 0.0000000000
107306  -51.340  11.785  23.102 0.0000000000
107279  -52.045  11.269  23.822 0.0000000000
107308  -53.166  11.707  22.780 0.0000000000
107280  -53.058  11.243  23.553 0.0000000000
106500  -53.149  10.580  24.144 0.0000000000
104829  -52.986  8.582  24.742 0.0000000000
104828  -52.314  8.107  24.464 0.0000000000
104843  -51.860  8.438  23.642 0.0000000000
104842  -50.456  7.886  23.248 0.0000000000
105705  -52.243  9.857  22.197 0.0000000000
105704  -51.235  9.329  22.140 0.0000000000
104848  -50.702  8.613  22.549 0.0000000000
104853  -49.656  8.642  21.823 0.0000000000
107344  -52.344  11.633  19.289 0.0000000000
107343  -51.736  11.644  19.052 0.0000000000
107332  -50.979  11.260  19.470 0.0000000000
107341  -49.893  11.682  18.519 0.0000000000
107331  -50.081  11.222  19.194 0.0000000000
106550  -49.780  10.308  20.155 0.0000000000
105715  -48.920  9.672  20.368 0.0000000000
104859  -48.249  8.776  20.877 0.0000000000
105713  -46.765  8.726  20.144 0.0000000000
105730  -46.531  10.227  18.806 0.0000000000
105729  -45.900  9.960  18.822 0.0000000000
110543  -52.138  15.478  13.590 0.0000000000
109768  -52.165  13.736  12.535 0.0000000000
109767  -51.511  14.136  12.039 0.0000000000
109783  -51.579  13.248  11.904 0.0000000000
108987  -51.959  12.856  12.771 0.0000000000
108986  -50.968  12.803  12.569 0.0000000000
108968  -49.973  13.093  13.633 0.0000000000
108952  -48.973  13.289  14.685 0.0000000000
109016  -47.521  12.977  10.547 0.0000000000
109000  -47.743  13.168  11.489 0.0000000000
109001  -48.817  12.976  11.336 0.0000000000
108966  -47.859  13.304  13.652 0.0000000000
108951  -47.787  13.260  14.972 0.0000000000
108159  -47.191  13.032  15.813 0.0000000000
107368  -45.267  11.712  17.022 0.0000000000
108156  -44.662  12.538  15.302 0.0000000000
107367  -44.695  11.706  16.734 0.0000000000
107350  -44.798  11.242  17.361 0.0000000000
99413  -50.299  3.247  26.708 0.0000000000
100288  -52.358  4.244  28.035 0.0000000000
102054  -53.304  6.048  27.967 0.0000000000
102065  -53.370  5.984  27.744 0.0000000000
102965  -52.158  6.218  27.932 0.0000000000
102966  -52.815  6.205  28.064 0.0000000000
102967  -53.185  6.255  28.011 0.0000000000
102968  -53.315  6.284  27.799 0.0000000000
102979  -53.333  6.385  27.481 0.0000000000
102988  -52.950  7.039  26.168 0.0000000000
103900  -51.961  6.786  27.716 0.0000000000
103902  -53.063  6.637  27.794 0.0000000000
103903  -53.217  6.491  27.859 0.0000000000
103972  -49.452  7.308  23.057 0.0000000000
105678  -51.146  9.164  26.109 0.0000000000
105723  -47.971  9.860  19.726 0.0000000000
106477  -51.669  9.682  25.556 0.0000000000
106496  -48.587  10.117  24.629 0.0000000000
106499  -52.344  10.601  24.543 0.0000000000
106527  -53.565  11.047  22.611 0.0000000000
106540  -42.681  11.045  23.210 0.0000000000
106543  -53.557  11.134  22.105 0.0000000000
106545  -51.800  10.384  21.134 0.0000000000
106546  -52.484  10.494  21.425 0.0000000000
106548  -53.510  11.042  21.848 0.0000000000
106557  -48.323  10.395  19.382 0.0000000000
106559  -50.261  10.774  19.785 0.0000000000
106560  -51.103  10.850  20.073 0.0000000000
107261  -52.313  10.957  24.204 0.0000000000
107262  -52.673  10.981  24.126 0.0000000000
107270  -42.928  11.068  23.219 0.0000000000
107276  -48.522  11.149  23.410 0.0000000000
107322  -44.674  12.018  22.030 0.0000000000
107333  -51.951  11.256  19.831 0.0000000000
107335  -53.264  11.683  20.027 0.0000000000
107338  -47.146  11.258  18.114 0.0000000000
107351  -45.939  11.553  17.447 0.0000000000
107353  -47.931  11.749  17.728 0.0000000000
107366  -43.771  11.712  16.392 0.0000000000
108060  -45.424  12.111  22.090 0.0000000000
108084  -44.833  12.379  21.632 0.0000000000
108092  -52.971  12.540  21.773 0.0000000000
108103  -46.314  13.076  21.070 0.0000000000
108104  -46.794  13.141  21.103 0.0000000000
108110  -50.126  12.013  18.162 0.0000000000
108111  -50.585  12.053  18.189 0.0000000000
108120  -46.899  12.371  16.999 0.0000000000
108136  -44.779  12.204  15.999 0.0000000000
108144  -52.839  12.588  16.541 0.0000000000
108145  -53.103  12.694  16.974 0.0000000000
108160  -51.546  12.718  15.555 0.0000000000
108173  -44.566  12.892  14.400 0.0000000000
108204  -43.378  12.616  10.632 0.0000000000
108214  -45.556  12.548  9.400 0.0000000000
108215  -45.965  12.596  9.168 0.0000000000
108225  -45.782  12.578  9.003 0.0000000000
108881  -47.050  13.179  21.114 0.0000000000
108909  -53.023  13.346  20.839 0.0000000000
108918  -47.365  13.874  20.127 0.0000000000
108937  -48.930  13.181  15.597 0.0000000000
108941  -53.340  12.932  16.609 0.0000000000
108957  -53.256  12.950  15.947 0.0000000000
108971  -52.467  13.029  14.146 0.0000000000
108978  -43.353  13.141  12.480 0.0000000000
108995  -43.108  13.061  12.056 0.0000000000
109002  -49.826  12.798  11.348 0.0000000000
109003  -50.845  12.844  11.419 0.0000000000
109012  -43.532  12.825  11.147 0.0000000000
109027  -44.207  12.659  10.413 0.0000000000
109029  -46.154  12.651  9.675 0.0000000000
109042  -46.047  12.791  8.827 0.0000000000
109764  -48.523  14.727  11.974 0.0000000000
109769  -52.561  13.323  13.280 0.0000000000
109795  -46.870  14.549  10.099 0.0000000000
109797  -48.639  13.854  10.319 0.0000000000
110496  -45.999  15.709  18.925 0.0000000000
110497  -46.395  15.570  18.934 0.0000000000
110529  -49.790  16.261  14.655 0.0000000000
110556  -47.800  15.202  12.972 0.0000000000
111192  -45.557  16.189  19.043 0.0000000000
111193  -46.040  16.193  18.949 0.0000000000
111202  -52.423  17.039  17.523 0.0000000000
111229  -47.212  16.708  15.523 0.0000000000
111246  -50.130  16.543  14.514 0.0000000000
111852  -43.224  17.966  19.754 0.0000000000
111869  -52.509  17.225  19.077 0.0000000000
111893  -47.269  17.472  16.078 0.0000000000
111895  -49.291  17.906  15.716 0.0000000000
111910  -46.978  17.154  15.819 0.0000000000
111925  -52.280  16.895  14.472 0.0000000000
112519  -46.402  18.980  20.016 0.0000000000
112524  -50.919  19.538  20.395 0.0000000000
112611  -49.967  18.713  6.615 0.0000000000
113156  -50.592  19.962  20.471 0.0000000000
113237  -50.187  19.447  8.674 0.0000000000
113250  -50.890  19.350  8.196 0.0000000000
113279  -49.602  19.460  6.184 0.0000000000
113295  -49.620  18.705  5.855 0.0000000000
113855  -51.180  20.138  20.084 0.0000000000
113859  -43.177  21.401  19.581 0.0000000000
113874  -51.085  21.381  18.705 0.0000000000
114027  -49.925  19.657  6.670 0.0000000000
114042  -48.765  20.482  6.129 0.0000000000
114616  -50.377  21.001  20.138 0.0000000000
114634  -44.594  22.076  18.932 0.0000000000
114635  -44.806  21.938  18.910 0.0000000000
114636  -51.003  21.824  18.888 0.0000000000
114678  -46.653  21.719  15.004 0.0000000000
114725  -49.864  22.045  10.832 0.0000000000
114743  -51.461  21.644  9.410 0.0000000000
114757  -51.501  21.450  9.129 0.0000000000
114769  -49.755  21.826  8.091 0.0000000000
114787  -51.134  20.657  7.927 0.0000000000
115402  -43.897  22.909  19.094 0.0000000000
115411  -44.817  22.233  18.904 0.0000000000
115420  -50.960  22.811  17.941 0.0000000000
115446  -48.232  22.744  14.906 0.0000000000
115498  -51.406  21.797  9.597 0.0000000000
115507  -50.146  23.262  8.932 0.0000000000
115508  -51.260  22.441  9.227 0.0000000000
115524  -51.455  21.686  8.937 0.0000000000
116144  -51.336  22.713  16.886 0.0000000000
116181  -49.378  23.647  12.336 0.0000000000
116213  -45.807  23.856  9.039 0.0000000000
116237  -50.891  22.863  8.956 0.0000000000
116797  -50.268  23.877  18.069 0.0000000000
116895  -50.363  24.458  10.177 0.0000000000
116911  -44.953  24.764  9.208 0.0000000000
116916  -50.139  24.508  9.838 0.0000000000
116931  -45.183  24.233  8.297 0.0000000000
117449  -48.968  25.918  19.416 0.0000000000
117455  -42.554  24.822  19.446 0.0000000000
117456  -42.840  25.072  19.428 0.0000000000
117503  -39.196  25.744  13.849 0.0000000000
117514  -41.890  25.888  13.591 0.0000000000
117518  -39.455  25.919  12.751 0.0000000000
117521  -41.654  25.837  13.400 0.0000000000
117537  -50.319  24.963  10.744 0.0000000000
117548  -46.580  25.504  10.189 0.0000000000
118145  -47.105  26.741  18.928 0.0000000000
118147  -48.565  27.001  18.371 0.0000000000
118189  -39.796  25.807  14.483 0.0000000000
118190  -41.706  26.128  14.970 0.0000000000
118200  -37.070  26.684  14.048 0.0000000000
118212  -37.798  26.614  12.889 0.0000000000
118214  -39.145  26.296  12.288 0.0000000000
118234  -45.118  27.021  10.167 0.0000000000
118765  -48.071  27.393  17.845 0.0000000000
118766  -48.220  27.281  18.142 0.0000000000
118779  -49.114  27.264  16.484 0.0000000000
118783  -35.901  27.326  15.131 0.0000000000
118788  -35.600  28.060  14.681 0.0000000000
118799  -47.271  28.230  12.493 0.0000000000
118805  -37.813  27.094  12.242 0.0000000000
118811  -48.606  28.179  12.560 0.0000000000
118815  -37.784  27.569  11.768 0.0000000000
118821  -43.645  28.424  11.126 0.0000000000
118836  -48.073  27.798  10.772 0.0000000000
118837  -48.643  27.780  11.126 0.0000000000
118838  -48.951  27.662  11.413 0.0000000000
118844  -44.430  27.941  9.891 0.0000000000
119372  -48.393  28.284  12.541 0.0000000000
119379  -46.365  28.861  11.252 0.0000000000
119383  -48.882  28.225  12.119 0.0000000000
119392  -43.676  28.701  10.688 0.0000000000
119398  -48.758  28.300  11.848 0.0000000000
119415  -47.732  28.419  10.926 0.0000000000
119429  -44.129  28.264  9.849 0.0000000000
120656  -36.085  29.660  14.515 0.0000000000
