#!ascii label  , from subject 3528 vox2ras=TkReg
661
46480  26.678  -46.120  53.656 0.0000000000
63826  43.035  -31.308  40.861 0.0000000000
61668  50.767  -31.786  37.659 0.0000000000
57475  42.049  -35.785  50.839 0.0000000000
43313  33.444  -49.567  49.317 0.0000000000
42103  30.223  -49.992  51.976 0.0000000000
63839  48.156  -30.324  39.616 0.0000000000
63737  48.303  -30.802  45.133 0.0000000000
52790  38.595  -40.351  51.618 0.0000000000
43285  37.845  -49.333  49.281 0.0000000000
71325  55.695  -23.675  32.398 0.0000000000
66059  51.447  -28.483  35.811 0.0000000000
58571  39.794  -35.664  46.520 0.0000000000
63723  43.415  -30.500  47.267 0.0000000000
45430  29.636  -47.919  51.971 0.0000000000
44349  28.266  -47.902  52.982 0.0000000000
62727  45.412  -31.362  40.445 0.0000000000
63791  49.056  -30.240  42.514 0.0000000000
63794  45.751  -30.916  43.130 0.0000000000
49602  41.680  -43.932  48.223 0.0000000000
42140  34.590  -50.357  51.228 0.0000000000
43311  35.380  -49.762  48.941 0.0000000000
42155  36.689  -50.820  49.803 0.0000000000
70259  55.002  -24.512  33.276 0.0000000000
68227  54.462  -26.229  32.081 0.0000000000
67141  54.363  -26.808  34.151 0.0000000000
63896  49.918  -30.438  36.708 0.0000000000
66062  48.919  -28.667  35.475 0.0000000000
63894  51.422  -30.754  36.116 0.0000000000
63928  50.393  -30.571  34.485 0.0000000000
61686  49.356  -31.985  36.128 0.0000000000
56281  39.742  -37.761  51.956 0.0000000000
57494  38.155  -37.320  49.956 0.0000000000
58546  40.331  -35.021  50.314 0.0000000000
60581  41.625  -33.282  46.930 0.0000000000
61526  42.347  -32.465  50.229 0.0000000000
62638  44.667  -31.494  48.849 0.0000000000
59582  43.785  -34.074  49.498 0.0000000000
44385  31.966  -49.368  51.737 0.0000000000
63898  47.193  -30.576  36.642 0.0000000000
63837  50.265  -30.510  39.141 0.0000000000
63789  50.506  -30.745  41.631 0.0000000000
61590  49.607  -32.199  43.127 0.0000000000
47498  38.360  -45.236  49.647 0.0000000000
49580  39.935  -43.478  50.870 0.0000000000
51703  40.818  -41.206  50.889 0.0000000000
55135  41.715  -38.470  50.169 0.0000000000
56331  42.661  -36.870  48.874 0.0000000000
46549  37.567  -46.435  47.956 0.0000000000
45458  39.768  -47.496  49.152 0.0000000000
72359  54.943  -22.600  30.536 0.0000000000
68160  52.253  -26.869  35.537 0.0000000000
65001  52.402  -28.908  34.472 0.0000000000
65013  49.321  -29.644  32.384 0.0000000000
64875  43.246  -30.031  44.042 0.0000000000
64810  45.552  -29.656  46.741 0.0000000000
61556  46.832  -32.263  46.832 0.0000000000
45420  26.569  -47.199  53.285 0.0000000000
44351  27.569  -47.396  53.338 0.0000000000
44375  27.593  -48.544  52.407 0.0000000000
62717  44.756  -31.472  40.953 0.0000000000
62705  45.828  -31.270  42.017 0.0000000000
63810  44.182  -31.264  41.914 0.0000000000
41054  35.521  -51.180  50.397 0.0000000000
70266  53.919  -24.458  33.494 0.0000000000
69225  54.605  -25.816  33.741 0.0000000000
69226  54.238  -25.792  34.197 0.0000000000
63877  50.611  -31.183  37.278 0.0000000000
63895  50.810  -30.693  36.490 0.0000000000
62783  50.897  -31.404  36.447 0.0000000000
62805  50.532  -31.359  35.605 0.0000000000
57466  40.801  -36.828  51.650 0.0000000000
58533  40.435  -35.873  51.434 0.0000000000
59564  41.075  -34.460  51.390 0.0000000000
60542  41.182  -33.406  50.166 0.0000000000
60508  42.057  -33.568  51.382 0.0000000000
61513  43.276  -32.998  50.362 0.0000000000
58537  42.970  -34.723  50.085 0.0000000000
44374  31.135  -48.684  52.195 0.0000000000
44360  31.346  -49.381  52.293 0.0000000000
42122  31.886  -50.319  51.674 0.0000000000
63859  47.073  -30.512  38.852 0.0000000000
63880  47.121  -30.654  37.722 0.0000000000
63858  48.246  -30.389  38.518 0.0000000000
63857  49.409  -30.484  38.318 0.0000000000
63838  49.310  -30.193  39.326 0.0000000000
63805  50.749  -30.661  40.671 0.0000000000
63806  50.102  -30.237  41.111 0.0000000000
63774  48.865  -30.438  43.483 0.0000000000
63773  49.707  -30.626  42.953 0.0000000000
62676  49.052  -31.349  44.306 0.0000000000
61574  49.276  -32.776  43.908 0.0000000000
61575  49.017  -32.225  44.395 0.0000000000
47496  39.983  -45.852  49.899 0.0000000000
48548  38.944  -44.279  50.381 0.0000000000
48546  40.281  -44.278  50.428 0.0000000000
50625  41.278  -42.187  50.241 0.0000000000
53927  41.396  -39.360  50.565 0.0000000000
43286  36.943  -49.576  49.532 0.0000000000
44421  37.119  -48.532  47.816 0.0000000000
44419  38.269  -48.019  48.591 0.0000000000
45479  38.602  -47.342  48.819 0.0000000000
44400  38.631  -48.431  48.909 0.0000000000
72340  55.224  -22.708  32.848 0.0000000000
71326  55.410  -23.688  31.636 0.0000000000
67179  52.703  -27.400  31.660 0.0000000000
66060  50.587  -28.475  35.929 0.0000000000
66082  49.162  -28.047  35.028 0.0000000000
67123  50.418  -27.595  35.442 0.0000000000
68175  51.502  -26.687  34.767 0.0000000000
67102  51.847  -27.613  35.789 0.0000000000
66057  53.196  -27.752  35.200 0.0000000000
64986  52.283  -29.030  35.148 0.0000000000
63929  49.548  -30.639  34.194 0.0000000000
63944  49.865  -30.171  33.698 0.0000000000
51704  38.360  -41.428  50.763 0.0000000000
52803  37.906  -39.912  50.352 0.0000000000
57502  39.284  -36.367  48.202 0.0000000000
57512  37.902  -37.208  48.112 0.0000000000
61565  42.596  -31.945  46.755 0.0000000000
61566  42.153  -32.585  45.950 0.0000000000
62666  42.821  -31.511  45.911 0.0000000000
63761  42.329  -30.922  44.070 0.0000000000
64836  43.246  -29.968  45.206 0.0000000000
64857  44.344  -29.655  45.155 0.0000000000
64812  44.103  -29.760  47.109 0.0000000000
61536  45.503  -32.665  48.454 0.0000000000
62651  45.940  -31.595  47.962 0.0000000000
60579  46.432  -33.291  47.073 0.0000000000
59604  47.099  -34.001  46.295 0.0000000000
45419  28.779  -47.674  52.606 0.0000000000
43230  29.214  -49.033  52.564 0.0000000000
43246  29.358  -49.647  52.048 0.0000000000
43247  28.216  -49.276  51.983 0.0000000000
63840  47.003  -30.571  39.925 0.0000000000
63807  49.135  -30.104  41.485 0.0000000000
63809  47.099  -30.839  42.115 0.0000000000
63793  46.794  -30.823  42.952 0.0000000000
63756  47.317  -30.183  44.962 0.0000000000
43289  34.109  -49.768  50.185 0.0000000000
43312  34.422  -49.729  49.147 0.0000000000
43288  35.099  -49.892  49.984 0.0000000000
43262  36.620  -49.953  50.167 0.0000000000
43261  37.174  -49.898  49.854 0.0000000000
42153  38.174  -49.885  49.275 0.0000000000
41100  37.689  -50.784  48.869 0.0000000000
71310  55.469  -24.179  33.103 0.0000000000
69272  54.743  -25.401  31.815 0.0000000000
69249  55.239  -25.290  32.984 0.0000000000
67177  54.423  -26.795  32.799 0.0000000000
67158  53.880  -27.384  33.153 0.0000000000
63897  48.452  -30.225  36.468 0.0000000000
64956  49.213  -29.846  36.286 0.0000000000
64954  50.987  -30.022  36.195 0.0000000000
64953  51.470  -30.036  35.877 0.0000000000
63926  51.723  -29.999  35.188 0.0000000000
63911  51.403  -30.648  35.583 0.0000000000
62828  49.943  -31.050  34.834 0.0000000000
55099  38.934  -38.641  51.966 0.0000000000
55119  38.123  -38.565  51.334 0.0000000000
57486  38.933  -37.034  51.250 0.0000000000
58547  39.899  -35.809  49.898 0.0000000000
58562  40.389  -35.313  48.045 0.0000000000
59599  40.730  -34.693  47.321 0.0000000000
60558  41.035  -33.596  48.856 0.0000000000
60557  41.569  -32.824  49.193 0.0000000000
61549  42.664  -31.738  48.740 0.0000000000
63683  43.896  -30.772  48.557 0.0000000000
62628  43.458  -31.934  49.528 0.0000000000
61523  44.273  -32.933  49.487 0.0000000000
59588  44.818  -33.645  48.401 0.0000000000
45460  30.105  -48.105  50.022 0.0000000000
44404  30.977  -48.527  50.217 0.0000000000
44402  32.530  -49.303  50.387 0.0000000000
43243  33.447  -50.012  51.524 0.0000000000
41040  33.515  -51.185  51.219 0.0000000000
63879  48.367  -30.546  37.444 0.0000000000
63856  50.305  -30.923  38.226 0.0000000000
63854  50.833  -31.676  38.720 0.0000000000
62714  51.039  -31.453  39.905 0.0000000000
61613  50.936  -31.689  40.267 0.0000000000
61601  50.118  -31.756  41.960 0.0000000000
63790  49.953  -30.342  42.113 0.0000000000
61589  50.060  -31.436  42.527 0.0000000000
48569  37.759  -44.711  48.866 0.0000000000
49592  38.150  -43.489  49.427 0.0000000000
49575  38.625  -42.612  50.779 0.0000000000
50593  39.203  -41.976  51.382 0.0000000000
49579  40.723  -43.302  50.594 0.0000000000
50608  40.504  -42.069  51.150 0.0000000000
52789  39.531  -40.701  51.751 0.0000000000
53915  40.217  -39.460  51.629 0.0000000000
56294  40.853  -37.953  51.463 0.0000000000
56292  41.680  -36.839  50.879 0.0000000000
56308  42.691  -35.866  49.839 0.0000000000
55148  42.127  -37.534  49.553 0.0000000000
47511  38.181  -45.552  49.175 0.0000000000
46526  39.519  -46.527  49.499 0.0000000000
46525  40.201  -46.737  49.368 0.0000000000
43306  39.355  -49.346  48.341 0.0000000000
44417  39.934  -48.499  48.473 0.0000000000
73394  55.543  -22.053  30.669 0.0000000000
69228  53.041  -25.805  34.175 0.0000000000
68173  53.743  -26.387  34.604 0.0000000000
66097  53.549  -27.803  34.117 0.0000000000
66117  52.058  -28.352  32.800 0.0000000000
64988  51.233  -29.755  34.252 0.0000000000
65003  50.565  -29.443  33.287 0.0000000000
66118  51.107  -28.655  32.453 0.0000000000
56332  37.759  -37.830  48.932 0.0000000000
64893  41.800  -30.226  42.452 0.0000000000
63796  43.070  -30.398  42.791 0.0000000000
63778  43.978  -30.223  43.851 0.0000000000
63757  46.049  -30.127  44.923 0.0000000000
64831  47.199  -30.049  45.752 0.0000000000
63702  44.846  -30.283  48.025 0.0000000000
63720  46.610  -30.691  46.908 0.0000000000
62665  47.970  -31.278  45.709 0.0000000000
60592  47.790  -33.400  45.607 0.0000000000
58552  43.294  -34.907  49.144 0.0000000000
59597  43.481  -34.651  48.253 0.0000000000
45409  26.357  -46.611  53.517 0.0000000000
45408  27.133  -46.967  53.470 0.0000000000
62718  43.774  -31.530  40.759 0.0000000000
62707  44.167  -31.406  41.421 0.0000000000
63811  43.345  -31.098  41.645 0.0000000000
69239  53.878  -25.137  33.744 0.0000000000
69240  53.239  -25.542  33.803 0.0000000000
63876  50.740  -31.626  37.639 0.0000000000
62761  50.830  -31.686  37.349 0.0000000000
61685  50.360  -31.853  36.416 0.0000000000
61669  50.471  -31.965  37.202 0.0000000000
57476  41.277  -36.224  51.393 0.0000000000
58532  41.000  -35.329  51.512 0.0000000000
58531  41.647  -35.143  51.317 0.0000000000
60509  41.683  -33.802  51.483 0.0000000000
59562  42.135  -34.280  51.329 0.0000000000
59575  42.637  -34.192  50.903 0.0000000000
58538  42.565  -34.895  50.612 0.0000000000
43229  30.187  -49.478  52.388 0.0000000000
44361  30.880  -49.020  52.567 0.0000000000
43228  30.998  -49.609  52.354 0.0000000000
42102  30.742  -50.018  52.096 0.0000000000
63822  49.214  -30.102  40.398 0.0000000000
63755  48.505  -30.634  44.595 0.0000000000
63754  49.404  -30.953  43.742 0.0000000000
62664  48.464  -31.391  45.086 0.0000000000
47495  40.682  -46.029  49.511 0.0000000000
47483  39.792  -44.971  50.304 0.0000000000
47482  40.510  -45.194  50.019 0.0000000000
43309  37.176  -49.054  48.510 0.0000000000
43308  37.699  -48.781  48.792 0.0000000000
44420  37.671  -48.232  48.219 0.0000000000
44401  38.055  -48.571  48.849 0.0000000000
72339  55.776  -22.535  32.537 0.0000000000
72347  55.988  -22.400  31.732 0.0000000000
67104  50.219  -27.936  35.669 0.0000000000
67103  50.925  -27.731  35.842 0.0000000000
66058  52.322  -28.398  35.487 0.0000000000
64968  52.093  -28.983  35.391 0.0000000000
62829  48.714  -31.016  34.280 0.0000000000
63945  48.923  -30.468  33.546 0.0000000000
52802  38.177  -40.591  51.025 0.0000000000
52814  38.165  -40.672  50.146 0.0000000000
52791  38.009  -39.745  51.230 0.0000000000
58563  39.752  -35.847  47.582 0.0000000000
58564  39.280  -36.077  47.048 0.0000000000
62658  42.998  -31.190  46.956 0.0000000000
63740  43.248  -30.475  45.989 0.0000000000
64835  43.923  -29.690  46.015 0.0000000000
63739  43.699  -30.021  46.809 0.0000000000
60567  45.682  -33.236  47.915 0.0000000000
60566  46.173  -32.927  47.667 0.0000000000
60580  45.883  -33.735  47.181 0.0000000000
59605  46.349  -34.170  46.491 0.0000000000
45406  28.217  -47.660  53.018 0.0000000000
44363  28.850  -48.249  52.703 0.0000000000
43231  28.636  -48.672  52.579 0.0000000000
62740  45.324  -31.309  39.631 0.0000000000
63841  46.097  -31.055  40.143 0.0000000000
63824  46.796  -30.865  41.034 0.0000000000
62694  46.103  -31.084  42.579 0.0000000000
62693  46.437  -30.992  42.600 0.0000000000
63775  47.762  -30.360  43.850 0.0000000000
63776  46.526  -30.506  44.001 0.0000000000
43242  34.173  -50.177  51.263 0.0000000000
43264  34.711  -50.055  50.880 0.0000000000
41053  36.279  -51.066  49.952 0.0000000000
42138  36.324  -50.530  50.238 0.0000000000
42137  36.968  -50.175  50.122 0.0000000000
42154  37.423  -50.417  49.506 0.0000000000
71319  54.098  -23.706  33.320 0.0000000000
71312  54.950  -23.860  33.410 0.0000000000
72331  55.280  -23.449  33.200 0.0000000000
71311  55.394  -23.936  33.208 0.0000000000
70265  55.405  -24.609  33.026 0.0000000000
70258  55.285  -24.442  33.140 0.0000000000
68171  54.702  -25.984  33.585 0.0000000000
68193  54.633  -26.341  33.673 0.0000000000
67157  54.507  -26.878  33.518 0.0000000000
64955  50.122  -29.912  36.304 0.0000000000
63893  51.566  -30.234  35.753 0.0000000000
62784  50.256  -31.764  35.942 0.0000000000
62806  49.449  -31.512  35.309 0.0000000000
61704  48.774  -31.743  35.401 0.0000000000
55098  39.430  -38.664  51.953 0.0000000000
56296  38.857  -37.774  51.689 0.0000000000
56295  39.395  -37.510  51.860 0.0000000000
58540  40.020  -35.780  50.960 0.0000000000
58554  40.336  -35.147  49.182 0.0000000000
59591  40.724  -34.494  48.445 0.0000000000
59584  40.661  -34.281  49.632 0.0000000000
60541  41.748  -32.674  50.092 0.0000000000
61539  42.176  -32.263  49.441 0.0000000000
61538  42.793  -31.996  49.556 0.0000000000
62640  43.355  -31.380  48.921 0.0000000000
61525  42.944  -32.310  50.109 0.0000000000
60540  43.593  -33.706  50.009 0.0000000000
61524  43.546  -32.838  50.007 0.0000000000
60539  43.995  -33.455  49.644 0.0000000000
60556  44.503  -33.518  49.137 0.0000000000
59589  43.979  -34.246  48.885 0.0000000000
45443  29.446  -47.871  50.978 0.0000000000
44386  31.845  -48.978  51.584 0.0000000000
44387  31.165  -48.556  51.386 0.0000000000
44403  31.933  -49.047  50.576 0.0000000000
43267  32.284  -49.161  51.125 0.0000000000
43266  32.683  -49.487  51.292 0.0000000000
63836  50.809  -30.965  39.027 0.0000000000
62726  50.999  -31.593  39.373 0.0000000000
63819  51.020  -31.187  39.593 0.0000000000
62702  50.944  -31.384  40.320 0.0000000000
62703  50.774  -31.320  41.004 0.0000000000
61614  50.590  -31.940  40.867 0.0000000000
62692  50.363  -31.190  42.049 0.0000000000
62684  49.894  -31.253  43.018 0.0000000000
48558  38.062  -45.017  49.454 0.0000000000
48568  37.909  -44.117  49.182 0.0000000000
48557  38.238  -44.486  49.767 0.0000000000
49581  39.234  -43.446  50.750 0.0000000000
49574  38.945  -42.710  50.994 0.0000000000
50594  38.697  -42.073  51.044 0.0000000000
49573  39.563  -42.740  51.180 0.0000000000
48545  40.990  -44.477  49.948 0.0000000000
49591  41.383  -43.589  49.549 0.0000000000
51689  40.244  -41.160  51.406 0.0000000000
51690  39.780  -41.158  51.620 0.0000000000
52788  39.807  -40.353  51.734 0.0000000000
52775  39.491  -40.055  51.856 0.0000000000
52787  40.518  -40.319  51.287 0.0000000000
55116  41.286  -38.275  51.029 0.0000000000
55115  41.484  -37.513  50.979 0.0000000000
55134  41.742  -37.537  50.441 0.0000000000
43331  34.674  -49.640  48.074 0.0000000000
45499  37.380  -47.307  47.696 0.0000000000
46550  36.887  -46.475  47.373 0.0000000000
47525  37.093  -45.630  47.640 0.0000000000
47524  37.660  -45.575  48.363 0.0000000000
46538  38.185  -46.409  48.635 0.0000000000
45459  39.174  -47.445  49.111 0.0000000000
46537  38.784  -46.322  49.316 0.0000000000
43307  38.916  -49.591  48.620 0.0000000000
45478  40.618  -47.577  48.165 0.0000000000
72358  55.699  -22.316  31.022 0.0000000000
72371  54.211  -22.523  29.492 0.0000000000
64989  48.537  -28.940  35.398 0.0000000000
68195  51.725  -26.250  33.684 0.0000000000
68174  52.732  -26.220  34.658 0.0000000000
68159  53.201  -26.830  35.270 0.0000000000
66081  52.892  -28.430  34.899 0.0000000000
66080  53.452  -27.784  34.530 0.0000000000
66098  53.132  -28.297  34.122 0.0000000000
66099  52.346  -28.661  33.653 0.0000000000
63927  51.317  -30.324  34.874 0.0000000000
64987  51.847  -29.618  34.804 0.0000000000
65004  49.727  -29.816  33.135 0.0000000000
66100  51.548  -28.873  33.251 0.0000000000
65012  50.176  -28.977  32.031 0.0000000000
56322  37.931  -37.735  50.096 0.0000000000
55150  37.674  -38.487  49.748 0.0000000000
57504  38.129  -37.312  49.338 0.0000000000
60582  41.096  -34.041  46.604 0.0000000000
61576  41.878  -32.593  44.588 0.0000000000
64860  42.680  -30.418  44.017 0.0000000000
64877  42.255  -30.407  43.309 0.0000000000
64892  42.386  -30.131  42.879 0.0000000000
63797  42.427  -30.155  42.401 0.0000000000
64891  42.866  -30.156  43.389 0.0000000000
64834  44.966  -29.503  46.076 0.0000000000
64856  45.364  -29.781  45.477 0.0000000000
64833  45.864  -29.702  46.139 0.0000000000
64854  46.736  -29.996  45.537 0.0000000000
64832  46.633  -29.895  46.041 0.0000000000
63682  44.405  -30.738  48.533 0.0000000000
63681  45.107  -30.940  48.371 0.0000000000
62650  46.349  -31.573  47.439 0.0000000000
63700  46.256  -30.975  47.388 0.0000000000
62657  46.804  -31.436  46.873 0.0000000000
63719  47.259  -30.625  46.289 0.0000000000
62656  47.396  -31.348  46.301 0.0000000000
61564  47.979  -32.049  45.691 0.0000000000
61555  47.408  -32.428  46.168 0.0000000000
59616  47.676  -34.699  45.660 0.0000000000
56319  42.753  -36.269  49.453 0.0000000000
57491  42.901  -35.413  49.489 0.0000000000
57501  42.881  -36.040  48.829 0.0000000000
45407  27.763  -47.263  53.302 0.0000000000
44350  27.905  -47.680  53.197 0.0000000000
44364  28.137  -48.266  52.793 0.0000000000
44365  27.302  -47.753  53.016 0.0000000000
62728  44.578  -31.539  40.128 0.0000000000
62716  45.732  -31.321  41.227 0.0000000000
62706  44.915  -31.373  41.824 0.0000000000
62695  45.394  -31.186  42.463 0.0000000000
42119  34.691  -50.900  51.179 0.0000000000
42139  35.104  -50.607  50.924 0.0000000000
70260  54.464  -24.467  33.503 0.0000000000
69237  54.935  -25.246  33.167 0.0000000000
69238  54.540  -25.224  33.508 0.0000000000
68172  54.415  -26.394  34.234 0.0000000000
62782  51.295  -31.134  36.172 0.0000000000
57467  40.368  -37.008  51.819 0.0000000000
57478  39.770  -36.759  51.718 0.0000000000
57477  40.588  -36.342  51.598 0.0000000000
58539  40.643  -35.119  51.123 0.0000000000
59576  40.817  -34.301  50.718 0.0000000000
60526  41.324  -33.816  51.161 0.0000000000
60525  41.860  -33.047  51.002 0.0000000000
61515  42.518  -32.751  50.652 0.0000000000
61514  43.011  -32.900  50.499 0.0000000000
60524  42.552  -33.475  50.921 0.0000000000
59574  43.116  -34.150  50.355 0.0000000000
59583  43.509  -34.158  49.869 0.0000000000
45429  30.472  -48.304  52.071 0.0000000000
45417  30.458  -48.608  52.445 0.0000000000
44372  31.709  -49.478  51.977 0.0000000000
43244  32.361  -49.848  51.651 0.0000000000
43226  31.718  -49.866  51.935 0.0000000000
63881  46.066  -30.863  38.195 0.0000000000
63820  50.862  -30.697  39.805 0.0000000000
63821  50.208  -30.287  40.087 0.0000000000
62675  49.479  -31.759  43.755 0.0000000000
60603  48.891  -33.525  44.462 0.0000000000
47497  39.006  -45.384  49.991 0.0000000000
47484  39.326  -44.717  50.347 0.0000000000
48547  39.577  -44.196  50.540 0.0000000000
51717  41.214  -41.053  50.333 0.0000000000
52801  41.052  -40.270  50.742 0.0000000000
52813  41.409  -40.263  50.110 0.0000000000
53938  41.633  -39.413  49.804 0.0000000000
43310  36.317  -49.577  48.751 0.0000000000
43330  35.604  -49.532  47.889 0.0000000000
44440  36.515  -48.349  47.252 0.0000000000
44439  37.138  -47.988  47.553 0.0000000000
45480  38.016  -47.302  48.268 0.0000000000
44399  39.366  -48.443  48.852 0.0000000000
72348  55.384  -22.933  31.182 0.0000000000
67178  53.740  -26.965  32.150 0.0000000000
66061  49.528  -28.381  35.591 0.0000000000
68162  50.786  -27.428  35.499 0.0000000000
68161  51.283  -27.187  35.553 0.0000000000
67101  52.734  -27.411  35.527 0.0000000000
63943  50.677  -30.067  34.137 0.0000000000
51718  38.317  -41.530  49.908 0.0000000000
57503  38.618  -36.835  48.749 0.0000000000
57511  38.603  -36.567  47.328 0.0000000000
61558  42.132  -32.522  47.298 0.0000000000
62667  42.416  -31.722  44.921 0.0000000000
63741  42.735  -30.952  45.110 0.0000000000
63760  42.866  -30.407  44.783 0.0000000000
64859  42.995  -30.085  44.438 0.0000000000
64858  43.523  -29.759  44.887 0.0000000000
64811  44.706  -29.590  46.858 0.0000000000
62637  45.461  -31.672  48.396 0.0000000000
61548  46.001  -32.359  47.980 0.0000000000
61547  46.387  -32.539  47.464 0.0000000000
60578  47.112  -33.128  46.434 0.0000000000
45431  28.860  -47.392  51.872 0.0000000000
45418  29.690  -48.297  52.418 0.0000000000
44362  29.922  -48.749  52.575 0.0000000000
43245  29.883  -49.827  52.045 0.0000000000
63860  46.090  -30.847  39.234 0.0000000000
63823  48.057  -30.324  40.714 0.0000000000
63808  48.041  -30.402  41.798 0.0000000000
63792  48.000  -30.440  42.821 0.0000000000
62715  46.380  -31.117  41.729 0.0000000000
47481  41.058  -45.369  49.566 0.0000000000
43263  35.731  -50.052  50.515 0.0000000000
43287  36.066  -49.773  49.772 0.0000000000
41099  38.018  -50.556  48.787 0.0000000000
41121  38.068  -50.579  48.541 0.0000000000
71318  55.529  -23.345  33.009 0.0000000000
71317  55.660  -23.869  32.999 0.0000000000
70275  55.361  -24.633  32.137 0.0000000000
70274  55.537  -24.700  32.781 0.0000000000
69261  55.088  -25.362  32.688 0.0000000000
69250  55.053  -25.581  33.016 0.0000000000
68192  54.889  -25.772  33.253 0.0000000000
68212  54.774  -26.077  33.057 0.0000000000
67159  53.216  -27.530  32.512 0.0000000000
66132  52.557  -27.853  32.396 0.0000000000
64973  48.330  -29.502  35.801 0.0000000000
64972  49.231  -29.135  35.964 0.0000000000
64971  50.278  -29.200  36.052 0.0000000000
64970  51.132  -29.322  35.916 0.0000000000
64969  51.768  -29.515  35.538 0.0000000000
64952  51.603  -29.984  35.673 0.0000000000
63910  51.581  -30.186  35.436 0.0000000000
62827  50.887  -30.932  35.199 0.0000000000
62804  51.247  -31.143  35.871 0.0000000000
53900  38.732  -39.354  51.892 0.0000000000
53901  38.238  -39.225  51.571 0.0000000000
55100  38.512  -38.840  51.737 0.0000000000
56297  38.339  -38.034  51.331 0.0000000000
56310  38.336  -37.524  50.854 0.0000000000
57485  39.376  -36.428  50.625 0.0000000000
57493  38.568  -36.998  50.088 0.0000000000
57492  39.339  -36.476  49.385 0.0000000000
58555  39.906  -35.900  48.709 0.0000000000
58570  40.292  -35.338  47.103 0.0000000000
60569  41.131  -33.872  47.689 0.0000000000
60568  41.615  -33.093  48.061 0.0000000000
61550  42.126  -32.357  48.428 0.0000000000
61557  42.602  -31.784  47.718 0.0000000000
62652  43.032  -31.072  48.014 0.0000000000
63704  43.629  -30.593  48.097 0.0000000000
62639  43.969  -31.291  49.051 0.0000000000
62627  44.129  -32.140  49.359 0.0000000000
61537  44.899  -32.554  48.988 0.0000000000
60555  45.143  -33.198  48.632 0.0000000000
44422  32.537  -49.361  49.669 0.0000000000
45442  30.298  -48.265  51.154 0.0000000000
43290  33.108  -49.492  50.426 0.0000000000
43265  33.760  -49.807  51.049 0.0000000000
42120  34.170  -50.608  51.346 0.0000000000
63878  49.587  -30.700  37.357 0.0000000000
63855  50.624  -31.509  38.220 0.0000000000
62739  50.785  -31.786  38.480 0.0000000000
61653  50.750  -31.872  38.284 0.0000000000
62738  50.927  -31.719  38.935 0.0000000000
61626  50.987  -31.790  39.608 0.0000000000
63804  51.058  -31.071  40.228 0.0000000000
63772  50.197  -30.886  42.430 0.0000000000
49603  37.966  -43.712  48.344 0.0000000000
50626  38.321  -42.506  49.704 0.0000000000
49582  38.523  -43.277  50.415 0.0000000000
50610  38.414  -42.285  50.534 0.0000000000
51692  38.767  -41.177  51.427 0.0000000000
50609  40.152  -42.755  51.189 0.0000000000
50592  39.816  -41.942  51.477 0.0000000000
51691  39.342  -41.037  51.718 0.0000000000
51677  39.170  -40.501  51.897 0.0000000000
53899  39.169  -39.443  52.006 0.0000000000
53898  39.581  -39.548  51.861 0.0000000000
55097  39.960  -38.598  51.856 0.0000000000
53914  40.875  -39.373  51.146 0.0000000000
55117  40.605  -38.552  51.525 0.0000000000
56280  40.390  -37.690  51.761 0.0000000000
56293  41.094  -37.325  51.433 0.0000000000
57484  42.560  -35.715  50.274 0.0000000000
56309  42.373  -36.597  50.128 0.0000000000
56320  42.670  -36.906  49.526 0.0000000000
55161  41.853  -37.822  48.496 0.0000000000
43332  33.821  -49.552  48.374 0.0000000000
48582  37.350  -44.825  47.871 0.0000000000
47510  38.574  -45.621  49.595 0.0000000000
46524  40.791  -46.780  48.799 0.0000000000
43284  38.671  -49.341  48.956 0.0000000000
43283  39.202  -49.175  48.701 0.0000000000
44398  39.877  -48.050  48.913 0.0000000000
45457  40.233  -47.566  48.869 0.0000000000
46481  25.646  -46.078  53.507 0.0000000000
73407  55.228  -21.829  30.099 0.0000000000
69227  53.531  -25.790  34.305 0.0000000000
67121  54.232  -26.741  34.364 0.0000000000
67100  53.310  -27.261  35.280 0.0000000000
67122  53.817  -27.050  34.679 0.0000000000
67142  53.969  -27.385  34.015 0.0000000000
66115  53.549  -27.786  33.760 0.0000000000
66116  52.993  -27.984  33.224 0.0000000000
65002  51.695  -29.257  33.968 0.0000000000
63827  42.181  -30.920  40.606 0.0000000000
53928  37.728  -39.155  50.473 0.0000000000
53939  37.762  -39.257  49.575 0.0000000000
63780  41.795  -30.867  42.855 0.0000000000
64919  41.938  -30.209  41.421 0.0000000000
63812  42.435  -30.408  41.833 0.0000000000
63795  44.442  -30.961  42.726 0.0000000000
63777  45.254  -30.526  43.921 0.0000000000
63759  44.214  -29.882  44.550 0.0000000000
63758  44.844  -30.016  44.669 0.0000000000
63738  47.817  -30.614  45.634 0.0000000000
64789  44.137  -29.901  47.600 0.0000000000
64788  44.494  -29.854  47.550 0.0000000000
64787  45.252  -29.881  47.429 0.0000000000
63701  45.751  -30.813  47.780 0.0000000000
63721  45.968  -30.052  47.158 0.0000000000
64809  46.326  -29.944  46.566 0.0000000000
64808  47.067  -30.190  46.247 0.0000000000
61563  48.495  -32.686  45.044 0.0000000000
60591  48.487  -33.569  45.060 0.0000000000
59615  48.514  -34.515  45.082 0.0000000000
57483  42.827  -35.219  49.928 0.0000000000
58551  43.586  -34.395  49.333 0.0000000000
58553  43.104  -35.448  48.915 0.0000000000
59590  43.546  -34.686  48.860 0.0000000000
41038  34.924  -51.110  50.945 0.0000000000
41076  36.776  -51.106  49.406 0.0000000000
42100  31.516  -50.138  51.845 0.0000000000
42170  38.405  -50.177  48.780 0.0000000000
42171  37.916  -50.541  48.991 0.0000000000
43227  31.356  -49.784  52.153 0.0000000000
43291  32.529  -49.261  50.807 0.0000000000
44359  31.528  -49.610  52.111 0.0000000000
44373  31.451  -48.976  52.146 0.0000000000
44418  39.495  -48.913  48.593 0.0000000000
50591  40.089  -41.614  51.474 0.0000000000
51678  38.980  -40.644  51.850 0.0000000000
52776  39.349  -40.233  51.886 0.0000000000
52777  38.945  -40.084  51.976 0.0000000000
52778  38.509  -39.771  51.732 0.0000000000
53916  37.868  -39.036  51.114 0.0000000000
55118  38.559  -38.370  51.651 0.0000000000
55136  37.816  -38.486  50.636 0.0000000000
56279  40.651  -37.204  51.702 0.0000000000
56282  39.296  -38.060  51.960 0.0000000000
56311  38.037  -38.036  50.890 0.0000000000
56321  38.200  -37.367  50.252 0.0000000000
56330  42.905  -36.288  49.101 0.0000000000
57468  40.061  -37.277  51.965 0.0000000000
57479  39.237  -37.250  51.729 0.0000000000
57500  42.947  -35.733  49.175 0.0000000000
58530  42.128  -35.022  51.113 0.0000000000
58544  43.557  -34.302  49.550 0.0000000000
58545  43.317  -34.599  49.660 0.0000000000
58560  43.262  -35.009  48.783 0.0000000000
58561  42.962  -35.405  48.425 0.0000000000
59563  41.452  -34.448  51.462 0.0000000000
60510  41.364  -34.084  51.504 0.0000000000
60523  43.216  -33.311  50.428 0.0000000000
60602  49.138  -33.529  44.057 0.0000000000
61639  50.979  -31.879  39.094 0.0000000000
61652  50.853  -31.816  38.738 0.0000000000
62629  43.129  -31.889  49.574 0.0000000000
62683  50.174  -31.157  42.524 0.0000000000
62704  46.436  -31.044  42.320 0.0000000000
62760  50.721  -31.815  37.895 0.0000000000
63680  45.446  -31.098  48.215 0.0000000000
63703  44.145  -30.179  48.057 0.0000000000
63722  43.860  -30.076  47.525 0.0000000000
63779  43.235  -30.192  43.524 0.0000000000
63825  46.013  -31.217  40.694 0.0000000000
63835  50.927  -31.432  39.004 0.0000000000
64855  46.156  -29.882  45.678 0.0000000000
64874  43.824  -29.843  44.499 0.0000000000
64876  42.698  -30.208  43.676 0.0000000000
64906  42.096  -29.988  42.112 0.0000000000
67124  49.706  -27.735  35.039 0.0000000000
68211  54.986  -25.699  33.184 0.0000000000
69260  55.357  -25.098  32.880 0.0000000000
71349  54.228  -23.261  30.119 0.0000000000
