#!ascii label  , from subject 3528 vox2ras=TkReg
487
71967  17.364  -23.456  -24.036 0.0000000000
80114  22.759  -15.228  -26.438 0.0000000000
89312  20.205  -6.632  -30.613 0.0000000000
85151  15.877  -10.231  -26.668 0.0000000000
67859  18.900  -27.777  -22.209 0.0000000000
70914  21.272  -24.155  -23.088 0.0000000000
76117  19.432  -19.498  -26.512 0.0000000000
80117  16.935  -15.424  -26.799 0.0000000000
84127  21.600  -10.945  -28.379 0.0000000000
91356  24.628  -4.736  -27.513 0.0000000000
92283  17.993  -3.248  -32.408 0.0000000000
69897  17.728  -25.528  -23.274 0.0000000000
68913  20.248  -26.376  -22.517 0.0000000000
70932  19.581  -24.425  -24.289 0.0000000000
79121  16.153  -16.638  -25.418 0.0000000000
82047  14.006  -13.327  -24.367 0.0000000000
86206  17.334  -9.276  -28.566 0.0000000000
84146  18.431  -11.615  -29.165 0.0000000000
87174  20.849  -8.606  -29.419 0.0000000000
88215  23.102  -7.753  -27.387 0.0000000000
91366  22.184  -5.142  -29.056 0.0000000000
93995  17.474  -1.438  -28.739 0.0000000000
93138  17.452  -2.522  -29.164 0.0000000000
94018  17.441  -1.354  -32.233 0.0000000000
77155  21.324  -18.331  -26.631 0.0000000000
76087  22.077  -20.064  -25.106 0.0000000000
77136  23.127  -17.874  -25.170 0.0000000000
89296  17.226  -6.660  -29.225 0.0000000000
82994  25.343  -12.734  -24.861 0.0000000000
75082  16.318  -20.499  -24.200 0.0000000000
74096  18.198  -21.293  -25.530 0.0000000000
76102  17.460  -19.546  -25.673 0.0000000000
78166  18.600  -17.835  -27.046 0.0000000000
80136  20.213  -15.612  -28.116 0.0000000000
82068  16.356  -13.168  -26.985 0.0000000000
82081  19.103  -13.361  -28.840 0.0000000000
83012  22.610  -13.045  -27.109 0.0000000000
86175  24.295  -10.150  -25.913 0.0000000000
91377  17.223  -4.641  -29.245 0.0000000000
90391  19.407  -5.324  -31.833 0.0000000000
94042  17.935  -1.115  -35.322 0.0000000000
93158  20.357  -2.765  -33.173 0.0000000000
92273  21.748  -3.693  -30.890 0.0000000000
94000  24.100  -1.800  -29.754 0.0000000000
74083  20.556  -22.084  -25.278 0.0000000000
73047  16.233  -22.325  -23.024 0.0000000000
71952  16.536  -23.586  -23.083 0.0000000000
71951  17.117  -24.127  -23.567 0.0000000000
70917  18.342  -24.774  -24.021 0.0000000000
71966  18.327  -23.465  -24.697 0.0000000000
88239  18.704  -7.851  -30.352 0.0000000000
86218  18.875  -9.674  -29.773 0.0000000000
88238  20.124  -7.815  -30.355 0.0000000000
89295  21.840  -6.840  -28.991 0.0000000000
90374  21.276  -5.802  -29.878 0.0000000000
94919  17.155  -0.083  -30.726 0.0000000000
94001  17.333  -1.364  -29.915 0.0000000000
94929  16.822  0.416  -31.465 0.0000000000
79135  21.950  -16.416  -26.845 0.0000000000
77154  21.914  -17.838  -26.393 0.0000000000
79119  23.232  -16.610  -25.532 0.0000000000
88216  15.926  -7.785  -27.519 0.0000000000
89287  15.609  -6.722  -27.175 0.0000000000
67878  17.574  -27.099  -22.274 0.0000000000
67860  17.958  -27.830  -22.069 0.0000000000
66785  19.561  -28.433  -21.744 0.0000000000
69881  20.529  -25.388  -23.004 0.0000000000
68899  21.243  -26.480  -21.840 0.0000000000
75096  16.664  -20.193  -24.816 0.0000000000
77124  16.110  -18.945  -24.843 0.0000000000
80103  16.545  -16.191  -26.062 0.0000000000
79120  16.761  -16.934  -25.995 0.0000000000
79136  17.728  -16.591  -26.911 0.0000000000
79155  19.053  -16.412  -27.648 0.0000000000
80137  19.207  -15.288  -28.106 0.0000000000
83017  15.181  -12.263  -25.944 0.0000000000
84098  15.831  -11.198  -26.696 0.0000000000
84144  20.271  -11.598  -29.467 0.0000000000
83062  19.007  -12.336  -29.343 0.0000000000
83045  20.320  -12.544  -28.999 0.0000000000
82066  21.233  -13.457  -28.357 0.0000000000
84113  21.689  -12.048  -28.108 0.0000000000
84094  23.395  -11.521  -26.535 0.0000000000
85164  22.393  -10.458  -27.396 0.0000000000
90346  23.903  -6.116  -26.976 0.0000000000
88204  24.510  -7.482  -26.296 0.0000000000
92267  17.523  -3.605  -29.772 0.0000000000
91386  17.784  -4.564  -30.332 0.0000000000
90385  18.120  -5.228  -30.709 0.0000000000
92282  18.740  -4.059  -32.327 0.0000000000
93152  21.377  -2.754  -32.039 0.0000000000
93151  22.112  -2.241  -31.607 0.0000000000
93137  22.530  -3.055  -30.023 0.0000000000
74108  19.310  -20.892  -26.042 0.0000000000
73069  19.390  -22.350  -25.601 0.0000000000
75093  20.439  -20.866  -25.956 0.0000000000
75078  22.867  -20.042  -24.272 0.0000000000
74081  21.949  -21.107  -24.620 0.0000000000
69884  16.892  -25.570  -22.441 0.0000000000
68915  18.438  -26.506  -23.015 0.0000000000
67875  19.623  -26.747  -22.576 0.0000000000
68925  18.978  -25.685  -23.572 0.0000000000
69895  19.529  -25.228  -23.657 0.0000000000
70931  20.231  -24.200  -24.106 0.0000000000
80066  14.365  -15.687  -23.823 0.0000000000
80091  14.578  -15.156  -24.456 0.0000000000
80118  16.136  -14.749  -26.305 0.0000000000
86207  16.846  -9.326  -27.918 0.0000000000
84132  16.906  -11.067  -27.961 0.0000000000
85175  17.364  -10.131  -28.539 0.0000000000
85187  19.539  -10.635  -29.710 0.0000000000
86215  21.136  -9.531  -29.053 0.0000000000
86204  22.163  -9.502  -27.719 0.0000000000
87173  21.436  -8.603  -28.778 0.0000000000
89294  22.500  -6.801  -28.343 0.0000000000
91358  23.265  -5.332  -28.040 0.0000000000
93124  17.198  -2.403  -26.961 0.0000000000
93147  17.541  -2.489  -30.457 0.0000000000
93161  17.739  -2.417  -32.776 0.0000000000
77156  20.340  -18.684  -26.845 0.0000000000
75092  20.923  -20.466  -25.887 0.0000000000
77138  21.859  -18.843  -25.912 0.0000000000
77123  22.942  -18.962  -24.793 0.0000000000
86197  15.529  -8.945  -26.614 0.0000000000
87151  16.324  -8.588  -27.460 0.0000000000
88226  17.389  -7.861  -29.057 0.0000000000
89303  18.521  -7.117  -30.480 0.0000000000
68900  20.581  -26.944  -21.991 0.0000000000
81073  23.586  -14.400  -25.898 0.0000000000
80101  24.402  -15.313  -24.887 0.0000000000
73060  17.023  -22.239  -24.144 0.0000000000
73059  17.758  -22.645  -24.652 0.0000000000
74097  17.438  -21.353  -25.073 0.0000000000
75094  18.157  -20.380  -25.711 0.0000000000
76118  18.639  -19.493  -26.342 0.0000000000
78150  16.782  -17.702  -25.750 0.0000000000
77159  17.972  -18.641  -26.418 0.0000000000
77158  18.743  -18.610  -26.771 0.0000000000
77169  19.707  -18.084  -27.244 0.0000000000
78180  20.476  -17.232  -27.556 0.0000000000
80134  21.720  -15.377  -27.493 0.0000000000
82057  15.142  -13.221  -25.711 0.0000000000
81100  16.890  -14.181  -27.365 0.0000000000
83047  17.501  -12.343  -28.235 0.0000000000
82083  17.744  -13.290  -28.211 0.0000000000
81099  17.739  -14.227  -28.014 0.0000000000
80156  19.855  -14.801  -28.492 0.0000000000
81097  21.529  -14.333  -28.013 0.0000000000
81086  22.613  -14.369  -26.894 0.0000000000
82053  23.340  -12.978  -26.454 0.0000000000
84093  24.119  -11.610  -25.946 0.0000000000
87150  23.454  -8.601  -26.974 0.0000000000
90367  16.791  -5.598  -28.845 0.0000000000
89315  18.194  -5.878  -30.715 0.0000000000
90383  19.421  -5.926  -31.455 0.0000000000
94026  17.468  -1.475  -33.270 0.0000000000
93167  18.475  -2.608  -33.922 0.0000000000
94040  19.642  -2.029  -35.066 0.0000000000
92297  19.201  -3.235  -33.604 0.0000000000
92288  20.207  -3.570  -32.727 0.0000000000
91391  20.875  -4.306  -31.652 0.0000000000
90381  20.923  -5.491  -30.474 0.0000000000
91375  21.919  -4.610  -29.705 0.0000000000
92265  23.009  -3.544  -29.005 0.0000000000
92256  24.572  -3.443  -28.445 0.0000000000
71979  18.887  -22.997  -25.323 0.0000000000
71964  20.119  -23.490  -24.657 0.0000000000
71963  20.804  -23.224  -24.206 0.0000000000
74082  21.258  -21.614  -24.994 0.0000000000
74070  21.766  -22.058  -24.168 0.0000000000
71968  16.686  -22.743  -23.591 0.0000000000
73034  16.229  -22.860  -22.399 0.0000000000
70934  18.005  -24.059  -24.325 0.0000000000
87188  19.265  -7.875  -30.582 0.0000000000
87187  19.691  -8.082  -30.432 0.0000000000
88250  20.291  -7.245  -30.361 0.0000000000
89302  20.718  -6.699  -30.120 0.0000000000
79134  22.633  -16.339  -26.195 0.0000000000
79133  23.225  -15.766  -25.737 0.0000000000
67877  18.244  -27.114  -22.523 0.0000000000
66786  18.611  -28.582  -21.766 0.0000000000
70902  21.139  -24.764  -22.868 0.0000000000
69880  21.463  -25.390  -22.220 0.0000000000
70901  21.717  -24.394  -22.496 0.0000000000
77125  15.590  -18.566  -24.223 0.0000000000
80116  17.790  -15.987  -27.111 0.0000000000
80138  18.123  -15.428  -27.542 0.0000000000
84099  15.310  -11.249  -25.984 0.0000000000
84143  20.716  -11.045  -29.368 0.0000000000
84128  21.188  -11.536  -28.755 0.0000000000
83044  20.914  -12.606  -28.676 0.0000000000
84112  21.988  -11.424  -27.866 0.0000000000
85173  21.807  -10.377  -28.060 0.0000000000
90357  24.237  -5.461  -27.215 0.0000000000
90345  24.634  -6.008  -26.730 0.0000000000
92275  17.933  -3.696  -31.238 0.0000000000
92274  18.401  -4.318  -31.655 0.0000000000
94024  21.579  -1.658  -32.654 0.0000000000
94023  22.205  -1.323  -32.169 0.0000000000
94016  22.524  -1.540  -31.463 0.0000000000
75108  19.349  -20.229  -26.234 0.0000000000
74107  19.727  -20.762  -26.136 0.0000000000
75107  20.080  -20.362  -26.235 0.0000000000
75065  23.388  -20.589  -23.448 0.0000000000
70919  17.092  -24.756  -23.051 0.0000000000
69883  17.358  -25.700  -22.827 0.0000000000
68916  17.559  -26.314  -22.710 0.0000000000
68927  18.023  -26.111  -23.171 0.0000000000
68926  18.496  -25.905  -23.379 0.0000000000
70933  18.658  -24.527  -24.345 0.0000000000
69907  18.984  -25.002  -24.065 0.0000000000
70916  20.048  -24.659  -23.824 0.0000000000
81064  13.966  -14.192  -24.122 0.0000000000
80105  15.010  -14.669  -25.040 0.0000000000
81078  15.135  -14.111  -25.367 0.0000000000
86219  17.945  -9.730  -29.232 0.0000000000
87175  20.148  -8.597  -30.049 0.0000000000
86217  19.767  -9.609  -29.833 0.0000000000
86216  20.529  -9.559  -29.568 0.0000000000
85186  20.320  -10.503  -29.620 0.0000000000
90366  21.709  -6.165  -29.330 0.0000000000
90365  22.267  -5.852  -28.828 0.0000000000
90364  22.909  -5.830  -28.213 0.0000000000
91365  22.912  -4.687  -28.579 0.0000000000
94913  17.527  -0.331  -29.520 0.0000000000
93989  17.619  -1.544  -27.619 0.0000000000
93130  17.451  -2.510  -27.966 0.0000000000
94009  17.363  -1.323  -31.103 0.0000000000
93154  17.693  -2.426  -31.682 0.0000000000
76115  20.818  -19.423  -26.355 0.0000000000
77137  22.434  -18.354  -25.588 0.0000000000
87119  14.720  -8.654  -25.668 0.0000000000
87138  14.892  -8.455  -26.274 0.0000000000
87152  15.493  -8.309  -26.908 0.0000000000
88227  16.492  -7.293  -28.293 0.0000000000
88240  18.041  -7.431  -29.833 0.0000000000
67858  19.933  -27.426  -22.102 0.0000000000
82038  24.687  -13.508  -25.279 0.0000000000
75067  16.096  -20.835  -23.589 0.0000000000
74085  16.491  -21.410  -23.884 0.0000000000
74084  16.945  -21.379  -24.485 0.0000000000
75081  16.938  -20.789  -24.795 0.0000000000
76103  16.668  -19.584  -25.139 0.0000000000
75095  17.341  -20.471  -25.299 0.0000000000
76101  18.223  -19.788  -25.972 0.0000000000
76119  17.924  -19.243  -26.120 0.0000000000
79109  15.619  -16.804  -24.750 0.0000000000
78151  16.024  -17.603  -25.093 0.0000000000
78167  17.868  -17.652  -26.694 0.0000000000
78149  17.427  -18.019  -26.228 0.0000000000
77170  19.118  -18.178  -27.126 0.0000000000
79154  19.907  -16.416  -27.842 0.0000000000
78181  19.764  -17.291  -27.565 0.0000000000
79153  20.682  -16.474  -27.741 0.0000000000
79152  21.360  -16.452  -27.418 0.0000000000
80135  20.980  -15.654  -27.928 0.0000000000
83016  15.745  -12.217  -26.597 0.0000000000
83001  14.653  -12.303  -25.271 0.0000000000
82056  15.681  -13.211  -26.389 0.0000000000
84131  17.490  -11.253  -28.476 0.0000000000
84114  17.037  -11.569  -27.982 0.0000000000
83046  18.062  -12.039  -28.730 0.0000000000
82096  19.369  -12.807  -29.041 0.0000000000
82082  18.343  -13.019  -28.614 0.0000000000
81117  18.109  -13.703  -28.385 0.0000000000
81116  18.691  -14.171  -28.496 0.0000000000
80157  19.318  -14.599  -28.489 0.0000000000
81115  19.507  -14.070  -28.726 0.0000000000
82065  21.808  -13.504  -27.822 0.0000000000
81113  20.932  -14.218  -28.465 0.0000000000
81096  22.095  -14.382  -27.475 0.0000000000
82055  22.393  -13.582  -27.280 0.0000000000
82054  23.027  -13.544  -26.672 0.0000000000
85146  23.875  -10.684  -26.185 0.0000000000
85145  24.541  -10.752  -25.669 0.0000000000
85124  25.271  -10.803  -25.254 0.0000000000
86174  25.013  -9.658  -25.551 0.0000000000
87160  22.677  -8.617  -27.547 0.0000000000
86195  22.934  -9.536  -27.116 0.0000000000
92250  16.900  -3.227  -27.171 0.0000000000
92258  17.150  -3.741  -28.283 0.0000000000
92259  16.651  -4.367  -27.756 0.0000000000
91367  16.720  -4.805  -28.211 0.0000000000
90384  18.685  -5.464  -31.409 0.0000000000
89314  18.715  -6.453  -31.007 0.0000000000
94953  17.235  -0.530  -34.848 0.0000000000
94034  17.837  -1.682  -34.327 0.0000000000
93168  17.849  -2.263  -33.540 0.0000000000
94033  18.433  -2.246  -34.487 0.0000000000
94031  20.543  -1.764  -33.820 0.0000000000
94039  20.264  -1.698  -34.637 0.0000000000
93165  20.101  -2.372  -33.856 0.0000000000
93166  19.435  -2.691  -34.088 0.0000000000
93159  19.621  -3.129  -33.531 0.0000000000
92289  19.516  -3.614  -33.141 0.0000000000
93146  21.723  -3.228  -31.332 0.0000000000
92280  20.674  -3.836  -32.157 0.0000000000
92279  21.306  -3.782  -31.533 0.0000000000
91384  20.416  -5.186  -31.345 0.0000000000
91383  21.131  -4.724  -30.950 0.0000000000
91376  21.299  -5.146  -30.236 0.0000000000
91382  21.723  -4.145  -30.431 0.0000000000
93136  23.220  -2.562  -29.599 0.0000000000
92266  22.541  -3.546  -29.588 0.0000000000
93129  23.439  -3.086  -28.925 0.0000000000
92257  23.643  -3.598  -28.572 0.0000000000
93128  23.993  -2.869  -28.816 0.0000000000
73071  17.938  -22.062  -25.195 0.0000000000
71980  18.332  -22.692  -25.113 0.0000000000
73070  18.630  -22.201  -25.523 0.0000000000
73058  20.090  -22.548  -25.300 0.0000000000
73057  20.707  -22.604  -24.752 0.0000000000
76100  21.681  -19.566  -25.766 0.0000000000
75080  21.738  -20.581  -25.174 0.0000000000
74069  22.308  -21.633  -23.799 0.0000000000
73045  21.940  -22.264  -23.761 0.0000000000
73033  21.597  -23.109  -23.385 0.0000000000
70918  17.820  -24.583  -23.858 0.0000000000
69896  18.558  -25.179  -23.806 0.0000000000
71965  19.196  -23.751  -24.898 0.0000000000
87177  18.216  -8.591  -29.709 0.0000000000
87176  19.226  -8.648  -30.209 0.0000000000
88236  21.297  -7.692  -29.186 0.0000000000
88237  20.678  -7.647  -29.901 0.0000000000
89301  21.256  -6.808  -29.575 0.0000000000
90373  21.864  -5.510  -29.348 0.0000000000
94928  17.056  -0.219  -31.838 0.0000000000
78165  21.671  -17.310  -26.891 0.0000000000
78164  22.267  -17.291  -26.318 0.0000000000
78148  22.873  -17.313  -25.667 0.0000000000
78147  23.513  -17.312  -25.011 0.0000000000
89297  16.373  -6.364  -28.313 0.0000000000
68901  17.108  -26.695  -22.150 0.0000000000
67862  16.475  -27.267  -21.248 0.0000000000
67861  17.109  -27.413  -21.714 0.0000000000
65712  19.365  -29.222  -21.432 0.0000000000
65711  19.998  -29.022  -21.438 0.0000000000
66784  20.527  -28.499  -21.461 0.0000000000
68912  20.875  -25.916  -22.394 0.0000000000
76088  16.156  -19.557  -24.511 0.0000000000
77140  16.552  -18.637  -25.374 0.0000000000
79137  17.166  -16.705  -26.457 0.0000000000
78183  18.288  -17.221  -27.100 0.0000000000
78182  18.964  -17.406  -27.374 0.0000000000
79156  18.322  -16.522  -27.300 0.0000000000
83032  16.333  -12.144  -27.256 0.0000000000
84145  19.267  -11.600  -29.576 0.0000000000
83061  19.683  -12.429  -29.260 0.0000000000
82080  19.816  -13.186  -28.896 0.0000000000
82079  20.581  -13.365  -28.694 0.0000000000
83030  21.482  -12.626  -28.209 0.0000000000
83029  22.174  -12.588  -27.607 0.0000000000
83011  22.918  -12.442  -26.908 0.0000000000
83028  22.482  -11.975  -27.436 0.0000000000
84111  22.678  -11.399  -27.120 0.0000000000
85163  23.139  -10.522  -26.736 0.0000000000
89285  23.436  -6.804  -27.265 0.0000000000
88214  23.741  -7.634  -26.754 0.0000000000
89273  24.128  -6.752  -26.616 0.0000000000
89272  24.998  -6.694  -26.402 0.0000000000
91385  18.280  -4.675  -31.189 0.0000000000
91394  18.731  -4.765  -31.804 0.0000000000
91393  19.286  -4.780  -32.143 0.0000000000
94025  20.953  -1.985  -33.143 0.0000000000
93157  21.071  -2.293  -32.747 0.0000000000
93145  22.317  -2.636  -30.810 0.0000000000
94008  22.847  -1.756  -30.753 0.0000000000
74095  19.064  -21.561  -25.842 0.0000000000
74094  20.088  -21.464  -25.823 0.0000000000
75079  22.417  -20.549  -24.382 0.0000000000
75066  22.727  -20.974  -23.733 0.0000000000
68917  16.973  -26.245  -22.267 0.0000000000
67876  19.075  -26.991  -22.626 0.0000000000
68914  19.306  -26.228  -23.152 0.0000000000
69882  19.911  -25.826  -23.104 0.0000000000
69894  20.208  -24.947  -23.514 0.0000000000
70915  20.664  -24.450  -23.516 0.0000000000
80090  15.415  -16.029  -24.870 0.0000000000
80104  15.697  -15.252  -25.633 0.0000000000
85165  16.262  -10.080  -27.125 0.0000000000
84115  16.420  -11.090  -27.471 0.0000000000
85176  16.757  -10.323  -27.830 0.0000000000
85189  17.973  -10.804  -28.993 0.0000000000
85188  18.660  -10.695  -29.479 0.0000000000
85185  20.923  -10.447  -29.254 0.0000000000
85174  21.389  -10.402  -28.692 0.0000000000
86205  21.626  -9.506  -28.406 0.0000000000
87161  22.016  -8.604  -28.143 0.0000000000
88224  22.507  -7.760  -27.967 0.0000000000
88225  21.924  -7.710  -28.571 0.0000000000
89286  22.874  -7.108  -27.746 0.0000000000
89293  23.022  -6.471  -27.836 0.0000000000
90358  23.478  -5.841  -27.597 0.0000000000
91357  23.738  -4.999  -27.768 0.0000000000
76116  20.122  -19.451  -26.518 0.0000000000
75106  20.476  -19.929  -26.256 0.0000000000
76099  22.104  -19.083  -25.594 0.0000000000
76086  22.458  -19.519  -24.980 0.0000000000
86180  15.838  -9.544  -26.718 0.0000000000
86196  16.229  -9.271  -27.126 0.0000000000
87162  17.537  -8.782  -28.987 0.0000000000
87163  16.876  -8.400  -28.213 0.0000000000
88252  19.032  -7.287  -30.872 0.0000000000
80113  23.264  -14.992  -25.972 0.0000000000
80102  23.747  -15.178  -25.440 0.0000000000
81072  24.280  -14.396  -25.336 0.0000000000
73061  16.510  -22.034  -23.573 0.0000000000
73072  17.420  -21.950  -24.743 0.0000000000
74109  18.736  -20.892  -25.838 0.0000000000
75109  18.764  -20.292  -26.046 0.0000000000
77141  15.872  -18.265  -24.804 0.0000000000
77139  17.357  -18.638  -25.936 0.0000000000
77157  19.585  -18.768  -26.862 0.0000000000
77168  20.434  -17.937  -27.267 0.0000000000
78179  21.096  -17.308  -27.345 0.0000000000
80115  22.231  -15.672  -26.781 0.0000000000
82046  14.617  -13.247  -25.016 0.0000000000
81088  15.671  -14.126  -26.038 0.0000000000
81087  16.274  -14.154  -26.668 0.0000000000
80139  17.412  -14.815  -27.440 0.0000000000
83031  16.848  -12.055  -27.760 0.0000000000
83063  18.563  -12.373  -28.985 0.0000000000
82067  17.070  -13.068  -27.689 0.0000000000
81098  18.433  -14.787  -28.059 0.0000000000
80155  20.585  -14.912  -28.352 0.0000000000
81114  20.238  -14.126  -28.703 0.0000000000
80154  21.189  -14.932  -28.129 0.0000000000
80133  22.303  -15.020  -27.052 0.0000000000
81085  23.135  -14.428  -26.398 0.0000000000
82040  23.413  -13.975  -26.281 0.0000000000
82039  23.785  -13.476  -25.971 0.0000000000
82995  24.402  -12.574  -25.614 0.0000000000
83010  23.670  -12.439  -26.263 0.0000000000
84075  24.867  -11.674  -25.335 0.0000000000
87149  24.237  -8.451  -26.354 0.0000000000
86193  24.484  -9.096  -26.076 0.0000000000
90376  17.600  -5.584  -29.919 0.0000000000
89304  18.018  -6.537  -30.241 0.0000000000
89313  19.565  -6.614  -31.041 0.0000000000
95914  16.764  0.189  -32.408 0.0000000000
94937  16.939  -0.319  -32.896 0.0000000000
94945  17.056  -0.638  -33.922 0.0000000000
93160  18.076  -2.789  -33.312 0.0000000000
92291  18.024  -3.014  -32.961 0.0000000000
94041  18.642  -2.026  -35.120 0.0000000000
93174  18.813  -2.489  -34.521 0.0000000000
92298  18.899  -3.062  -33.783 0.0000000000
92290  18.572  -3.307  -33.243 0.0000000000
92281  19.814  -4.242  -32.551 0.0000000000
93153  20.632  -3.220  -32.495 0.0000000000
91392  20.235  -4.785  -31.848 0.0000000000
90390  19.969  -5.431  -31.543 0.0000000000
90382  20.280  -5.757  -30.975 0.0000000000
90375  20.650  -6.060  -30.383 0.0000000000
92272  22.138  -3.607  -30.233 0.0000000000
91374  22.557  -4.066  -29.171 0.0000000000
91364  24.069  -4.184  -28.032 0.0000000000
91363  25.109  -4.071  -27.980 0.0000000000
93135  24.424  -2.337  -29.305 0.0000000000
93127  24.832  -2.840  -28.870 0.0000000000
92255  25.626  -3.389  -28.766 0.0000000000
71978  19.538  -23.054  -25.205 0.0000000000
71950  20.622  -23.814  -24.048 0.0000000000
71949  21.163  -23.576  -23.608 0.0000000000
74093  20.677  -21.115  -25.707 0.0000000000
73046  21.423  -22.637  -23.984 0.0000000000
71937  21.671  -23.581  -22.986 0.0000000000
79118  23.971  -16.272  -24.999 0.0000000000
69898  17.269  -25.384  -22.887 0.0000000000
69906  19.189  -24.829  -24.133 0.0000000000
77167  20.851  -17.733  -27.260 0.0000000000
78168  17.196  -17.408  -26.234 0.0000000000
81079  14.556  -14.129  -24.737 0.0000000000
82095  19.638  -12.787  -29.024 0.0000000000
82097  18.888  -12.792  -28.985 0.0000000000
84129  20.681  -12.079  -29.003 0.0000000000
84130  18.007  -11.566  -28.820 0.0000000000
84147  17.987  -11.319  -28.877 0.0000000000
88251  19.727  -7.382  -30.660 0.0000000000
90392  18.954  -5.164  -31.944 0.0000000000
93144  22.927  -2.062  -30.326 0.0000000000
93173  19.154  -2.437  -34.781 0.0000000000
93999  24.967  -1.809  -29.767 0.0000000000
94017  22.022  -1.935  -32.020 0.0000000000
94032  20.032  -2.175  -34.328 0.0000000000
94927  22.525  -0.932  -31.957 0.0000000000
95922  16.520  0.404  -32.792 0.0000000000
