#!ascii label  , from subject 4118 vox2ras=TkReg
1513
99645  -39.028  14.407  29.046 0.0000000000
101606  -50.023  16.792  16.720 0.0000000000
109039  -41.183  23.993  20.709 0.0000000000
97626  -46.592  13.151  21.744 0.0000000000
95341  -46.016  10.650  29.687 0.0000000000
104366  -45.608  19.388  25.307 0.0000000000
106485  -38.662  21.535  12.489 0.0000000000
112758  -39.247  28.136  13.382 0.0000000000
91164  -39.344  6.932  33.728 0.0000000000
99690  -41.821  14.426  25.500 0.0000000000
101531  -46.138  17.195  25.829 0.0000000000
102361  -43.267  17.456  29.949 0.0000000000
112711  -43.370  28.167  16.248 0.0000000000
107329  -40.157  22.631  17.522 0.0000000000
109091  -43.321  25.680  13.746 0.0000000000
109944  -40.121  25.926  13.309 0.0000000000
112790  -43.329  28.158  10.774 0.0000000000
102520  -48.098  17.694  14.003 0.0000000000
103291  -35.145  18.681  28.912 0.0000000000
106349  -40.102  21.428  26.465 0.0000000000
98673  -51.696  13.495  24.730 0.0000000000
96492  -46.825  11.396  25.634 0.0000000000
94341  -41.432  9.694  25.596 0.0000000000
92264  -41.118  7.081  28.672 0.0000000000
106393  -49.562  21.670  22.428 0.0000000000
103473  -46.486  18.771  15.410 0.0000000000
103335  -40.675  19.213  24.597 0.0000000000
103439  -40.720  18.321  17.022 0.0000000000
104567  -41.903  20.045  9.638 0.0000000000
106503  -37.842  21.288  9.620 0.0000000000
107361  -36.241  22.652  13.632 0.0000000000
98647  -41.155  14.095  28.121 0.0000000000
100591  -42.783  15.325  27.808 0.0000000000
101503  -41.147  15.962  29.280 0.0000000000
112732  -45.898  28.638  15.602 0.0000000000
110832  -44.476  26.481  14.994 0.0000000000
110867  -45.754  27.377  13.232 0.0000000000
110878  -43.799  26.857  11.438 0.0000000000
102511  -49.648  18.343  15.632 0.0000000000
105357  -33.521  20.041  26.948 0.0000000000
105399  -35.667  20.720  25.119 0.0000000000
95363  -46.015  10.964  27.480 0.0000000000
95391  -44.179  10.405  25.634 0.0000000000
94333  -43.810  9.642  26.943 0.0000000000
91189  -40.435  6.908  31.915 0.0000000000
94300  -35.765  9.616  29.009 0.0000000000
98617  -34.877  13.400  29.919 0.0000000000
97495  -33.425  11.991  30.697 0.0000000000
100637  -47.807  15.184  20.736 0.0000000000
104295  -47.168  19.061  29.108 0.0000000000
104369  -48.647  19.075  26.004 0.0000000000
105405  -47.985  20.629  24.738 0.0000000000
104439  -48.083  19.449  19.315 0.0000000000
103409  -45.725  18.337  19.903 0.0000000000
107264  -40.990  22.445  23.293 0.0000000000
106351  -41.509  21.541  25.239 0.0000000000
106391  -41.168  21.672  22.421 0.0000000000
107354  -39.009  22.201  15.350 0.0000000000
104462  -38.739  19.579  17.165 0.0000000000
104484  -39.446  19.460  14.746 0.0000000000
103500  -42.191  18.806  13.383 0.0000000000
104538  -39.462  19.837  11.264 0.0000000000
106518  -39.713  20.720  8.232 0.0000000000
106491  -38.673  21.552  11.039 0.0000000000
111801  -39.158  27.050  12.920 0.0000000000
109096  -38.353  24.282  12.773 0.0000000000
110837  -37.592  26.103  13.801 0.0000000000
108234  -36.249  23.763  15.476 0.0000000000
111776  -36.925  27.465  14.283 0.0000000000
98698  -43.743  13.672  23.045 0.0000000000
100623  -45.836  15.879  22.797 0.0000000000
100602  -43.533  16.089  26.067 0.0000000000
101518  -44.624  16.757  28.797 0.0000000000
104292  -45.173  19.570  29.180 0.0000000000
109903  -41.814  25.824  17.600 0.0000000000
107319  -41.765  23.403  19.104 0.0000000000
109067  -42.999  24.463  17.174 0.0000000000
109074  -42.211  24.199  15.501 0.0000000000
108255  -40.239  23.620  13.805 0.0000000000
108262  -39.503  23.523  12.602 0.0000000000
109946  -41.792  26.255  12.728 0.0000000000
110875  -41.510  27.213  11.340 0.0000000000
112769  -41.333  28.164  12.227 0.0000000000
101653  -46.230  16.789  12.890 0.0000000000
101511  -37.057  16.704  28.552 0.0000000000
103295  -38.763  18.701  28.788 0.0000000000
104331  -37.600  19.739  28.119 0.0000000000
106374  -38.799  21.678  23.931 0.0000000000
108188  -39.423  23.804  21.704 0.0000000000
111712  -38.130  26.502  20.788 0.0000000000
111731  -40.252  26.855  18.768 0.0000000000
97610  -49.233  12.540  22.912 0.0000000000
97553  -48.822  12.401  25.695 0.0000000000
96541  -46.862  11.602  23.282 0.0000000000
96523  -44.269  11.623  23.406 0.0000000000
96499  -41.554  11.978  25.012 0.0000000000
94282  -45.056  10.005  31.802 0.0000000000
93243  -41.513  8.473  33.439 0.0000000000
93264  -42.579  8.114  31.766 0.0000000000
93276  -43.548  8.233  29.873 0.0000000000
93312  -41.192  8.442  26.698 0.0000000000
97511  -38.412  12.894  29.398 0.0000000000
103428  -50.899  18.654  18.587 0.0000000000
102419  -47.434  17.345  22.675 0.0000000000
104415  -49.753  19.398  21.697 0.0000000000
106441  -51.084  21.787  19.165 0.0000000000
105515  -49.727  20.355  16.174 0.0000000000
104499  -47.615  19.661  14.117 0.0000000000
104545  -46.542  19.007  11.651 0.0000000000
104288  -40.918  20.027  29.717 0.0000000000
105343  -42.884  20.419  28.715 0.0000000000
103350  -42.981  18.089  24.522 0.0000000000
105474  -39.255  20.801  20.392 0.0000000000
103376  -39.919  18.424  20.695 0.0000000000
102440  -42.570  17.774  20.550 0.0000000000
102509  -43.589  18.082  16.040 0.0000000000
104527  -44.058  19.593  12.078 0.0000000000
103549  -43.666  18.617  9.309 0.0000000000
108269  -38.028  23.077  11.434 0.0000000000
107376  -36.668  22.385  11.858 0.0000000000
106476  -35.602  21.604  13.588 0.0000000000
107353  -35.067  22.324  14.946 0.0000000000
108222  -34.882  22.822  16.569 0.0000000000
98629  -40.260  14.359  29.147 0.0000000000
99660  -41.189  14.487  28.947 0.0000000000
100571  -40.040  15.388  29.003 0.0000000000
111779  -45.619  27.715  14.340 0.0000000000
111816  -46.380  27.693  12.360 0.0000000000
102499  -50.277  17.829  16.382 0.0000000000
95352  -45.768  10.532  28.752 0.0000000000
95362  -45.134  10.268  27.816 0.0000000000
95351  -45.232  10.074  28.642 0.0000000000
93273  -34.875  9.078  29.602 0.0000000000
95329  -34.441  10.806  30.361 0.0000000000
98722  -48.058  13.289  21.366 0.0000000000
98740  -47.493  14.177  20.874 0.0000000000
104354  -46.916  19.798  26.618 0.0000000000
104338  -47.864  20.265  27.098 0.0000000000
104375  -46.388  19.702  24.479 0.0000000000
104400  -46.216  19.619  22.242 0.0000000000
104383  -45.675  19.212  22.943 0.0000000000
108190  -41.185  23.311  21.642 0.0000000000
107265  -41.392  22.217  22.914 0.0000000000
107291  -41.555  22.881  21.336 0.0000000000
106471  -38.822  21.631  14.167 0.0000000000
105535  -38.513  20.720  14.626 0.0000000000
105542  -38.538  20.743  13.649 0.0000000000
104510  -39.331  19.449  12.911 0.0000000000
105554  -38.640  20.281  12.000 0.0000000000
105560  -39.225  20.617  10.463 0.0000000000
106486  -38.722  21.815  11.984 0.0000000000
111791  -39.331  27.803  13.020 0.0000000000
110847  -38.736  26.523  13.020 0.0000000000
110846  -37.878  26.585  13.453 0.0000000000
110836  -37.205  26.559  14.022 0.0000000000
111789  -37.628  27.516  13.709 0.0000000000
98677  -42.956  14.179  23.759 0.0000000000
99696  -43.746  15.226  24.164 0.0000000000
100606  -42.789  15.280  25.002 0.0000000000
100585  -43.108  15.868  29.212 0.0000000000
101524  -43.874  16.449  28.146 0.0000000000
101507  -44.476  16.831  29.592 0.0000000000
102345  -45.430  18.133  30.142 0.0000000000
103259  -44.370  18.716  30.187 0.0000000000
111753  -42.387  27.185  16.881 0.0000000000
109904  -42.664  25.521  17.215 0.0000000000
110826  -43.381  26.327  16.251 0.0000000000
109926  -44.102  25.586  14.430 0.0000000000
109075  -43.223  24.549  15.676 0.0000000000
109082  -42.510  24.588  14.726 0.0000000000
109081  -41.676  24.346  14.924 0.0000000000
109089  -41.641  24.660  14.179 0.0000000000
109099  -41.281  25.274  13.523 0.0000000000
109100  -42.167  25.930  13.245 0.0000000000
111825  -43.521  27.838  10.590 0.0000000000
110876  -41.936  27.070  10.882 0.0000000000
111823  -42.155  27.701  10.724 0.0000000000
111804  -41.340  27.945  11.644 0.0000000000
112779  -42.357  28.252  11.345 0.0000000000
102527  -47.429  17.339  13.338 0.0000000000
103276  -36.060  18.166  28.894 0.0000000000
103293  -36.852  18.577  28.770 0.0000000000
104330  -36.368  19.469  28.025 0.0000000000
107251  -36.283  22.070  23.997 0.0000000000
106358  -37.235  21.065  24.502 0.0000000000
107275  -37.518  22.902  23.091 0.0000000000
107276  -38.457  22.910  22.929 0.0000000000
109017  -38.040  24.167  22.023 0.0000000000
112621  -38.068  27.727  21.535 0.0000000000
111723  -39.171  26.674  19.785 0.0000000000
112653  -40.087  27.726  19.296 0.0000000000
112672  -40.922  27.766  18.562 0.0000000000
112655  -41.608  28.787  19.775 0.0000000000
98703  -50.354  12.855  22.851 0.0000000000
98680  -50.774  13.122  23.794 0.0000000000
97543  -48.974  12.564  26.607 0.0000000000
97562  -47.885  11.921  25.282 0.0000000000
96527  -47.944  11.610  24.234 0.0000000000
96504  -46.634  11.296  24.720 0.0000000000
96524  -45.323  11.570  23.353 0.0000000000
96503  -45.523  11.045  24.601 0.0000000000
95390  -43.224  10.002  25.390 0.0000000000
95408  -42.826  10.829  24.645 0.0000000000
95388  -40.947  10.842  25.345 0.0000000000
92206  -40.376  7.977  33.693 0.0000000000
92230  -41.158  7.584  31.964 0.0000000000
92252  -42.302  7.241  29.918 0.0000000000
92242  -43.113  7.914  30.672 0.0000000000
93275  -42.896  7.781  29.430 0.0000000000
93300  -42.632  8.480  27.912 0.0000000000
93285  -41.530  7.702  28.022 0.0000000000
98625  -36.693  13.508  29.454 0.0000000000
98619  -36.411  12.947  29.649 0.0000000000
102474  -51.665  16.938  18.424 0.0000000000
101543  -45.611  16.624  24.539 0.0000000000
101547  -46.414  16.729  23.428 0.0000000000
102397  -46.783  17.405  24.563 0.0000000000
106353  -49.412  20.753  24.720 0.0000000000
103343  -48.928  19.260  24.079 0.0000000000
105421  -49.898  20.129  23.014 0.0000000000
104431  -50.340  19.901  20.378 0.0000000000
105477  -50.329  20.770  19.906 0.0000000000
105503  -50.533  20.957  17.877 0.0000000000
105475  -49.161  20.388  18.789 0.0000000000
103442  -46.830  18.644  17.559 0.0000000000
104474  -48.100  19.401  16.765 0.0000000000
104498  -46.895  19.316  14.655 0.0000000000
104514  -47.421  19.659  12.955 0.0000000000
104513  -46.373  19.452  13.447 0.0000000000
105341  -39.641  20.165  28.561 0.0000000000
104313  -40.164  19.759  29.076 0.0000000000
105362  -40.679  21.194  28.297 0.0000000000
105392  -41.312  20.508  24.899 0.0000000000
105380  -41.986  20.720  27.076 0.0000000000
103316  -41.612  19.673  26.382 0.0000000000
103308  -42.851  19.305  27.383 0.0000000000
103336  -40.920  18.336  24.335 0.0000000000
107317  -41.058  22.614  18.446 0.0000000000
106428  -40.705  22.289  19.283 0.0000000000
106439  -39.802  22.185  18.385 0.0000000000
103438  -39.650  18.691  17.011 0.0000000000
103421  -38.912  18.780  18.555 0.0000000000
103406  -40.253  18.213  18.818 0.0000000000
102439  -41.524  17.859  20.259 0.0000000000
102467  -41.507  17.922  18.083 0.0000000000
102469  -43.160  17.682  18.579 0.0000000000
102507  -42.170  18.092  16.112 0.0000000000
104541  -42.322  19.478  11.430 0.0000000000
103514  -42.796  19.158  12.729 0.0000000000
104542  -43.400  19.768  11.185 0.0000000000
104543  -44.465  19.710  11.127 0.0000000000
104569  -43.370  19.346  9.284 0.0000000000
102573  -42.183  17.923  9.256 0.0000000000
104580  -42.202  19.596  8.640 0.0000000000
105566  -38.418  20.625  8.993 0.0000000000
104576  -38.780  19.997  8.466 0.0000000000
109098  -40.223  24.860  13.116 0.0000000000
108270  -38.683  23.243  11.933 0.0000000000
109105  -38.570  23.469  12.042 0.0000000000
108253  -37.268  23.566  13.518 0.0000000000
108260  -37.414  23.173  12.325 0.0000000000
107370  -36.178  22.291  13.005 0.0000000000
106484  -36.112  21.677  12.441 0.0000000000
107369  -35.735  22.050  13.371 0.0000000000
106470  -35.214  21.642  14.460 0.0000000000
108243  -35.681  22.708  14.589 0.0000000000
109910  -36.275  25.468  16.075 0.0000000000
108223  -35.573  23.405  16.263 0.0000000000
109065  -35.811  24.584  16.949 0.0000000000
108216  -35.007  23.347  17.321 0.0000000000
98654  -41.071  13.931  27.077 0.0000000000
99672  -42.269  14.866  27.201 0.0000000000
99671  -41.703  14.415  27.631 0.0000000000
100574  -42.296  15.593  29.417 0.0000000000
102360  -42.295  17.281  29.568 0.0000000000
111766  -44.287  27.199  15.373 0.0000000000
111778  -44.893  27.410  14.798 0.0000000000
110838  -44.949  26.831  14.194 0.0000000000
109938  -44.169  26.282  12.959 0.0000000000
109948  -43.577  26.473  12.188 0.0000000000
110865  -44.656  26.729  12.387 0.0000000000
111827  -45.377  27.635  11.000 0.0000000000
102510  -48.736  17.983  15.290 0.0000000000
104328  -34.212  19.594  27.521 0.0000000000
104346  -35.935  19.591  27.258 0.0000000000
105376  -34.816  20.115  26.432 0.0000000000
96478  -46.278  11.196  26.463 0.0000000000
95392  -45.059  10.696  25.694 0.0000000000
95376  -45.479  10.757  26.629 0.0000000000
95374  -43.797  9.897  26.202 0.0000000000
94332  -43.049  9.394  26.472 0.0000000000
91176  -40.287  7.131  32.559 0.0000000000
91214  -39.832  6.161  30.080 0.0000000000
95349  -36.321  11.008  28.953 0.0000000000
96441  -35.984  12.113  29.854 0.0000000000
96440  -35.564  11.778  30.021 0.0000000000
97501  -33.739  12.504  30.500 0.0000000000
102380  -46.640  18.045  27.873 0.0000000000
102393  -47.270  18.182  26.148 0.0000000000
103302  -47.912  18.882  27.725 0.0000000000
105382  -48.646  20.320  26.479 0.0000000000
105419  -48.504  21.040  23.853 0.0000000000
105449  -48.228  20.207  20.914 0.0000000000
105436  -47.663  20.371  22.133 0.0000000000
103410  -46.814  18.766  19.606 0.0000000000
103441  -45.835  18.169  17.437 0.0000000000
106361  -40.590  22.078  24.842 0.0000000000
106339  -40.765  21.589  26.967 0.0000000000
107246  -41.369  21.928  24.426 0.0000000000
105416  -41.424  21.114  23.840 0.0000000000
105414  -40.460  20.504  23.015 0.0000000000
107342  -40.017  23.016  16.480 0.0000000000
106448  -38.893  21.790  17.381 0.0000000000
106456  -38.582  21.603  16.082 0.0000000000
104472  -38.707  19.883  16.088 0.0000000000
103466  -39.746  19.299  15.319 0.0000000000
103468  -41.568  18.521  15.340 0.0000000000
103483  -40.591  18.912  13.822 0.0000000000
103512  -41.039  18.950  12.216 0.0000000000
104553  -40.657  19.744  10.235 0.0000000000
105569  -41.224  20.282  9.190 0.0000000000
105561  -39.868  20.159  9.909 0.0000000000
106505  -39.410  21.215  9.094 0.0000000000
106497  -38.410  21.827  9.807 0.0000000000
110859  -39.550  26.611  13.090 0.0000000000
109943  -39.037  25.581  12.900 0.0000000000
109933  -38.357  25.594  13.247 0.0000000000
109088  -37.983  24.839  13.301 0.0000000000
108245  -37.206  23.944  14.066 0.0000000000
108244  -36.521  23.296  14.361 0.0000000000
109924  -37.079  25.674  14.722 0.0000000000
109917  -36.541  25.782  15.439 0.0000000000
110829  -36.045  26.824  15.486 0.0000000000
98700  -45.038  13.734  22.338 0.0000000000
99710  -45.476  14.770  22.289 0.0000000000
99709  -44.691  14.649  22.858 0.0000000000
100608  -44.362  15.983  24.739 0.0000000000
101537  -44.862  16.545  25.761 0.0000000000
100597  -43.319  15.953  27.423 0.0000000000
101528  -44.018  16.492  27.115 0.0000000000
101526  -45.359  17.206  27.394 0.0000000000
102377  -46.166  17.991  28.768 0.0000000000
105326  -46.482  19.443  29.184 0.0000000000
104336  -46.142  19.572  27.630 0.0000000000
109054  -41.433  24.695  18.962 0.0000000000
108204  -41.713  23.783  19.508 0.0000000000
109055  -41.988  24.551  18.448 0.0000000000
108219  -42.340  23.968  18.134 0.0000000000
108227  -41.648  23.387  16.995 0.0000000000
109912  -43.509  25.446  16.139 0.0000000000
108238  -42.463  23.900  16.303 0.0000000000
108226  -40.874  23.345  16.364 0.0000000000
108236  -40.707  23.604  15.661 0.0000000000
108247  -40.245  23.538  14.780 0.0000000000
107371  -39.605  22.901  13.282 0.0000000000
107378  -39.097  22.624  12.452 0.0000000000
108254  -39.900  23.575  13.202 0.0000000000
109945  -41.070  26.136  13.262 0.0000000000
110863  -42.643  26.553  11.738 0.0000000000
110861  -41.294  26.802  12.102 0.0000000000
110848  -40.924  26.736  12.827 0.0000000000
111803  -41.014  27.545  12.146 0.0000000000
112768  -40.501  27.885  12.773 0.0000000000
112759  -40.201  28.089  13.374 0.0000000000
100580  -37.695  15.758  28.285 0.0000000000
100590  -39.240  15.974  28.169 0.0000000000
102371  -38.316  17.795  28.536 0.0000000000
105339  -38.232  19.569  28.705 0.0000000000
105377  -38.749  20.190  27.175 0.0000000000
105389  -37.076  19.883  25.838 0.0000000000
105390  -38.193  19.990  26.216 0.0000000000
106360  -39.679  21.486  25.024 0.0000000000
106375  -39.605  22.066  24.055 0.0000000000
108178  -39.897  23.171  22.128 0.0000000000
109038  -40.426  24.650  20.609 0.0000000000
109026  -37.596  24.843  21.700 0.0000000000
109868  -38.516  25.172  20.943 0.0000000000
109876  -39.684  25.175  20.351 0.0000000000
109886  -40.416  25.303  19.545 0.0000000000
110809  -40.713  26.150  18.497 0.0000000000
111742  -41.827  27.220  17.414 0.0000000000
112692  -42.926  28.451  17.030 0.0000000000
98702  -49.782  12.838  22.304 0.0000000000
97628  -48.122  12.743  22.193 0.0000000000
98663  -50.239  13.227  26.262 0.0000000000
97555  -50.542  13.157  25.163 0.0000000000
97584  -49.247  12.374  23.942 0.0000000000
97582  -47.909  11.805  23.236 0.0000000000
97607  -46.216  12.587  22.282 0.0000000000
97606  -45.108  12.514  22.613 0.0000000000
97579  -43.524  13.126  23.070 0.0000000000
97561  -42.261  13.137  24.097 0.0000000000
95409  -43.839  10.688  24.787 0.0000000000
96500  -42.463  11.980  24.261 0.0000000000
97560  -41.602  12.841  24.779 0.0000000000
98661  -40.689  13.021  25.839 0.0000000000
93245  -43.109  8.905  33.407 0.0000000000
92229  -40.541  7.327  32.348 0.0000000000
92219  -41.973  8.408  32.635 0.0000000000
93253  -43.467  8.906  32.402 0.0000000000
93254  -44.188  9.234  31.961 0.0000000000
93277  -44.132  8.641  30.481 0.0000000000
94312  -45.247  9.931  29.249 0.0000000000
94310  -43.904  8.951  28.708 0.0000000000
94319  -42.606  8.807  27.152 0.0000000000
94330  -40.835  9.112  26.031 0.0000000000
98627  -38.693  13.715  29.310 0.0000000000
99643  -36.996  14.504  28.937 0.0000000000
100570  -36.048  15.528  28.894 0.0000000000
102357  -35.139  17.388  29.350 0.0000000000
103273  -34.447  17.783  29.002 0.0000000000
100698  -52.861  15.389  16.420 0.0000000000
102501  -52.081  16.554  17.243 0.0000000000
102500  -51.167  17.641  17.108 0.0000000000
100630  -46.446  15.678  22.048 0.0000000000
101564  -47.531  16.557  21.612 0.0000000000
102399  -48.058  18.508  24.722 0.0000000000
103370  -48.508  18.534  22.549 0.0000000000
103396  -49.396  18.430  20.777 0.0000000000
103398  -50.390  19.103  19.776 0.0000000000
104443  -51.327  20.107  18.518 0.0000000000
103460  -50.992  18.936  17.015 0.0000000000
104476  -50.510  19.783  15.991 0.0000000000
104490  -50.015  19.834  15.040 0.0000000000
104501  -49.485  19.804  14.374 0.0000000000
104452  -48.709  19.953  18.182 0.0000000000
104488  -48.474  19.935  14.844 0.0000000000
103505  -48.271  18.804  13.267 0.0000000000
104531  -47.718  18.944  12.309 0.0000000000
103527  -46.722  18.556  11.608 0.0000000000
102552  -45.331  17.848  11.228 0.0000000000
102373  -40.363  17.731  28.707 0.0000000000
102374  -41.331  17.565  29.049 0.0000000000
104290  -42.365  19.485  29.879 0.0000000000
106327  -41.369  21.402  27.723 0.0000000000
106305  -42.419  20.813  29.392 0.0000000000
105312  -43.011  20.195  29.742 0.0000000000
105344  -43.888  20.015  28.830 0.0000000000
104351  -43.836  19.000  26.695 0.0000000000
103339  -44.253  18.720  24.484 0.0000000000
106418  -41.307  22.433  20.105 0.0000000000
106404  -40.508  21.305  21.591 0.0000000000
104411  -39.369  19.755  21.703 0.0000000000
105486  -38.668  20.444  18.889 0.0000000000
104425  -38.722  19.704  20.105 0.0000000000
103365  -39.980  18.420  21.835 0.0000000000
102416  -41.705  17.721  22.476 0.0000000000
102417  -42.743  17.925  22.923 0.0000000000
103368  -44.452  18.464  22.834 0.0000000000
102442  -44.504  18.247  20.529 0.0000000000
103455  -44.941  18.244  16.095 0.0000000000
103485  -42.376  18.642  14.339 0.0000000000
103487  -44.258  18.880  14.493 0.0000000000
103503  -44.878  19.180  13.567 0.0000000000
104528  -45.236  19.350  12.428 0.0000000000
104558  -45.158  19.004  10.435 0.0000000000
104578  -40.078  19.689  8.398 0.0000000000
107385  -38.722  22.526  11.740 0.0000000000
107384  -38.372  22.626  11.287 0.0000000000
108275  -37.774  22.585  10.722 0.0000000000
108261  -38.068  23.530  12.126 0.0000000000
108268  -37.411  22.858  11.393 0.0000000000
107382  -36.850  22.080  10.881 0.0000000000
106490  -36.450  21.556  11.446 0.0000000000
105541  -36.313  20.362  12.887 0.0000000000
104506  -35.857  20.208  14.003 0.0000000000
108233  -35.635  23.024  15.157 0.0000000000
107339  -34.512  22.319  15.889 0.0000000000
112745  -40.957  28.410  14.091 0.0000000000
112743  -38.974  28.383  14.243 0.0000000000
112741  -37.299  28.088  14.567 0.0000000000
112740  -36.664  27.891  14.933 0.0000000000
111763  -35.383  27.617  15.845 0.0000000000
99646  -39.937  14.805  29.173 0.0000000000
95342  -46.382  11.131  29.177 0.0000000000
92250  -35.267  8.152  29.297 0.0000000000
98721  -47.043  13.724  21.238 0.0000000000
104367  -46.614  19.718  25.538 0.0000000000
104374  -45.467  19.183  24.097 0.0000000000
109030  -41.213  23.673  21.161 0.0000000000
108196  -41.512  23.417  20.980 0.0000000000
106478  -38.694  21.539  13.184 0.0000000000
105547  -38.520  20.728  12.537 0.0000000000
105555  -38.700  20.728  11.541 0.0000000000
105548  -38.569  21.238  12.084 0.0000000000
111790  -38.678  27.475  13.104 0.0000000000
112757  -38.315  28.099  13.707 0.0000000000
99694  -42.186  14.456  24.715 0.0000000000
99695  -42.905  14.818  24.300 0.0000000000
99691  -42.398  14.955  25.215 0.0000000000
101506  -43.516  16.544  29.696 0.0000000000
102362  -44.234  17.280  30.124 0.0000000000
102344  -44.777  18.004  30.322 0.0000000000
102343  -44.053  17.975  30.246 0.0000000000
111754  -42.974  27.144  16.342 0.0000000000
110825  -42.786  26.354  16.709 0.0000000000
109084  -43.893  25.587  14.013 0.0000000000
109083  -43.446  25.133  14.483 0.0000000000
109090  -42.455  25.325  13.900 0.0000000000
109936  -42.781  25.970  13.334 0.0000000000
111824  -42.734  27.757  10.656 0.0000000000
112789  -42.548  28.049  10.847 0.0000000000
112788  -41.999  28.055  10.976 0.0000000000
112780  -43.089  28.229  11.260 0.0000000000
101630  -48.070  17.103  14.994 0.0000000000
102519  -47.464  17.078  13.934 0.0000000000
103292  -35.971  18.751  28.897 0.0000000000
104308  -35.710  19.167  28.515 0.0000000000
107260  -36.871  22.396  23.522 0.0000000000
108176  -37.715  23.599  22.660 0.0000000000
112638  -40.170  28.589  20.382 0.0000000000
112654  -40.907  28.420  19.460 0.0000000000
98681  -51.536  13.345  23.842 0.0000000000
98672  -50.979  13.314  24.628 0.0000000000
96505  -47.618  11.637  24.847 0.0000000000
95389  -42.077  10.206  25.029 0.0000000000
94340  -40.478  10.051  25.821 0.0000000000
92205  -39.886  7.375  33.723 0.0000000000
92240  -41.584  7.124  30.921 0.0000000000
92265  -41.811  7.147  29.237 0.0000000000
93286  -42.213  7.719  28.622 0.0000000000
96450  -37.314  12.264  29.372 0.0000000000
97509  -36.790  12.612  29.586 0.0000000000
97504  -36.206  12.513  29.746 0.0000000000
102458  -49.645  17.360  19.784 0.0000000000
101538  -45.595  16.807  25.425 0.0000000000
101539  -46.181  17.107  25.007 0.0000000000
102392  -46.751  17.583  25.541 0.0000000000
106364  -49.528  21.006  23.912 0.0000000000
105407  -49.645  20.302  24.003 0.0000000000
106365  -49.858  21.136  23.162 0.0000000000
106410  -50.871  20.488  21.998 0.0000000000
106419  -49.947  21.607  21.014 0.0000000000
105476  -49.789  20.731  19.427 0.0000000000
105451  -49.650  21.442  21.169 0.0000000000
103457  -46.628  18.555  16.489 0.0000000000
103474  -47.149  18.849  15.783 0.0000000000
103489  -46.042  18.989  14.467 0.0000000000
105378  -39.632  20.840  27.257 0.0000000000
105361  -40.185  20.915  27.984 0.0000000000
106325  -40.423  21.296  27.736 0.0000000000
104372  -40.786  20.029  24.815 0.0000000000
104363  -41.075  20.063  25.424 0.0000000000
103327  -41.324  18.997  25.626 0.0000000000
107330  -40.914  22.685  17.705 0.0000000000
106440  -40.543  22.411  18.558 0.0000000000
107316  -40.523  22.493  18.125 0.0000000000
103423  -40.338  18.244  17.829 0.0000000000
103407  -40.893  18.103  18.304 0.0000000000
102480  -41.572  18.003  17.468 0.0000000000
102481  -42.096  17.820  17.553 0.0000000000
103453  -41.380  18.310  16.448 0.0000000000
104555  -42.614  19.798  10.333 0.0000000000
104556  -43.543  19.750  10.193 0.0000000000
104568  -42.604  20.009  9.369 0.0000000000
105580  -42.065  20.100  8.830 0.0000000000
105565  -38.097  20.498  9.552 0.0000000000
105558  -37.111  21.121  10.532 0.0000000000
109097  -39.138  24.335  12.493 0.0000000000
108252  -36.731  22.857  13.242 0.0000000000
107360  -35.685  22.344  13.955 0.0000000000
109066  -36.209  24.627  16.425 0.0000000000
100573  -41.361  15.532  29.289 0.0000000000
99648  -41.595  14.929  29.162 0.0000000000
101504  -41.712  16.387  29.435 0.0000000000
112731  -44.735  28.323  15.238 0.0000000000
112747  -45.463  28.109  14.863 0.0000000000
111792  -45.626  27.534  13.943 0.0000000000
110839  -45.363  27.351  14.019 0.0000000000
110851  -45.463  27.308  13.598 0.0000000000
110850  -44.891  26.673  13.309 0.0000000000
110866  -45.471  27.224  12.754 0.0000000000
111828  -46.288  28.048  11.607 0.0000000000
111815  -45.785  27.524  11.990 0.0000000000
111826  -44.424  27.785  10.540 0.0000000000
102498  -49.371  17.626  16.173 0.0000000000
102497  -48.794  17.450  16.015 0.0000000000
103475  -49.409  18.693  14.959 0.0000000000
104344  -34.341  19.777  27.028 0.0000000000
105375  -34.236  20.199  26.529 0.0000000000
95364  -46.580  11.358  27.507 0.0000000000
96469  -46.556  11.326  26.984 0.0000000000
94321  -44.256  9.617  27.753 0.0000000000
95375  -44.513  10.231  26.680 0.0000000000
93283  -36.836  9.095  28.506 0.0000000000
94309  -36.680  10.138  28.441 0.0000000000
94308  -36.017  10.119  28.830 0.0000000000
95339  -35.555  11.063  29.596 0.0000000000
96439  -34.629  11.697  30.378 0.0000000000
103300  -46.873  18.520  28.510 0.0000000000
103310  -47.575  18.629  27.551 0.0000000000
104320  -47.988  18.848  28.275 0.0000000000
104368  -47.491  20.219  25.665 0.0000000000
105381  -48.257  20.428  26.521 0.0000000000
105394  -48.224  20.621  25.707 0.0000000000
105406  -48.684  21.004  24.834 0.0000000000
105418  -47.568  20.418  23.537 0.0000000000
105417  -47.102  20.226  22.854 0.0000000000
103380  -45.908  18.949  21.229 0.0000000000
104413  -46.470  19.425  21.316 0.0000000000
103395  -46.263  18.844  20.590 0.0000000000
103425  -46.198  18.300  18.701 0.0000000000
102456  -45.463  18.104  19.240 0.0000000000
107253  -40.907  22.217  24.164 0.0000000000
107245  -41.119  22.051  24.880 0.0000000000
106376  -41.428  21.659  23.391 0.0000000000
105434  -41.209  21.207  23.176 0.0000000000
106390  -40.768  21.206  22.253 0.0000000000
107355  -39.556  22.833  15.534 0.0000000000
107341  -39.133  22.427  16.333 0.0000000000
105526  -38.472  20.694  15.614 0.0000000000
104483  -38.749  19.952  15.136 0.0000000000
104473  -39.272  19.512  15.601 0.0000000000
103467  -40.411  19.039  14.969 0.0000000000
104485  -39.933  19.160  14.158 0.0000000000
104522  -39.413  19.519  12.106 0.0000000000
104511  -39.967  19.142  12.605 0.0000000000
104523  -40.211  19.257  11.882 0.0000000000
104540  -41.256  19.409  11.164 0.0000000000
104539  -40.372  19.511  11.088 0.0000000000
104552  -39.847  19.858  10.508 0.0000000000
105567  -39.571  20.758  9.573 0.0000000000
106498  -38.824  21.510  9.999 0.0000000000
109932  -37.850  25.574  13.650 0.0000000000
109087  -37.590  24.573  13.780 0.0000000000
109925  -37.523  25.549  14.146 0.0000000000
109080  -37.233  24.569  14.445 0.0000000000
111788  -37.236  27.185  13.872 0.0000000000
110830  -36.576  26.659  14.747 0.0000000000
98699  -44.104  14.024  22.930 0.0000000000
100607  -43.323  15.536  24.963 0.0000000000
99697  -44.188  15.391  24.003 0.0000000000
101542  -45.107  16.444  24.995 0.0000000000
100603  -44.239  16.325  25.686 0.0000000000
100596  -42.787  15.454  26.756 0.0000000000
101525  -44.660  16.866  27.830 0.0000000000
101529  -44.774  16.814  26.806 0.0000000000
101519  -45.449  17.265  28.451 0.0000000000
102376  -46.013  17.657  28.329 0.0000000000
101509  -45.735  17.517  29.044 0.0000000000
104278  -45.692  19.066  29.845 0.0000000000
104279  -45.924  18.901  29.814 0.0000000000
104293  -45.975  19.399  29.322 0.0000000000
104317  -46.392  19.666  28.642 0.0000000000
104316  -45.144  19.610  28.523 0.0000000000
109895  -41.399  25.391  18.415 0.0000000000
109048  -41.684  24.243  19.128 0.0000000000
109896  -42.125  25.166  17.862 0.0000000000
109062  -43.074  24.905  17.182 0.0000000000
109061  -42.600  24.638  17.632 0.0000000000
108218  -41.954  23.534  17.879 0.0000000000
108228  -42.637  23.938  17.240 0.0000000000
110831  -43.882  26.313  15.625 0.0000000000
109918  -43.917  25.594  15.144 0.0000000000
108237  -41.568  23.735  15.903 0.0000000000
108225  -40.415  23.347  16.033 0.0000000000
109073  -41.654  24.099  15.404 0.0000000000
108256  -40.926  24.161  14.438 0.0000000000
107364  -39.986  23.220  14.187 0.0000000000
107372  -39.877  23.083  13.888 0.0000000000
108263  -40.350  24.186  13.273 0.0000000000
109955  -43.302  26.709  11.646 0.0000000000
109954  -42.995  26.588  11.819 0.0000000000
110860  -40.556  26.916  12.928 0.0000000000
111813  -41.335  27.308  11.582 0.0000000000
112760  -41.070  28.251  13.129 0.0000000000
101654  -46.849  16.929  13.213 0.0000000000
102538  -45.872  17.359  12.170 0.0000000000
101512  -37.938  16.805  28.213 0.0000000000
102370  -37.379  17.747  28.580 0.0000000000
104310  -37.662  19.366  28.755 0.0000000000
105359  -38.220  19.729  28.501 0.0000000000
105360  -38.863  20.215  28.060 0.0000000000
104332  -38.273  20.001  27.740 0.0000000000
104360  -35.569  19.874  26.443 0.0000000000
104361  -36.477  19.720  26.572 0.0000000000
105388  -36.044  20.074  25.736 0.0000000000
106359  -38.360  20.994  24.529 0.0000000000
105401  -37.732  20.349  25.144 0.0000000000
105402  -38.733  20.584  25.363 0.0000000000
107262  -39.106  22.338  23.401 0.0000000000
108177  -38.802  23.515  22.192 0.0000000000
107277  -39.490  22.807  22.778 0.0000000000
108189  -40.357  23.590  21.682 0.0000000000
109028  -39.880  24.243  21.256 0.0000000000
111700  -37.653  26.993  21.199 0.0000000000
109866  -37.223  25.524  21.638 0.0000000000
110783  -37.921  26.139  20.940 0.0000000000
109867  -37.913  25.410  21.200 0.0000000000
109874  -38.304  25.631  20.809 0.0000000000
111724  -39.739  26.792  19.260 0.0000000000
110799  -39.166  25.968  19.755 0.0000000000
110800  -39.635  25.974  19.409 0.0000000000
109877  -40.206  25.116  20.119 0.0000000000
110801  -40.166  26.046  18.970 0.0000000000
109894  -40.713  25.532  18.873 0.0000000000
112673  -41.728  28.456  18.740 0.0000000000
112690  -41.592  27.771  18.005 0.0000000000
112691  -42.274  28.151  17.558 0.0000000000
98725  -51.328  13.026  21.819 0.0000000000
97611  -49.734  12.621  23.407 0.0000000000
97629  -48.710  12.651  22.431 0.0000000000
97554  -49.891  12.887  25.707 0.0000000000
97564  -49.465  12.565  24.792 0.0000000000
96526  -47.425  11.487  23.794 0.0000000000
97583  -48.395  11.896  23.772 0.0000000000
97608  -47.306  12.087  22.760 0.0000000000
96540  -46.303  11.802  22.980 0.0000000000
96539  -45.728  12.038  22.741 0.0000000000
97581  -44.707  11.923  22.975 0.0000000000
96522  -43.411  12.110  23.433 0.0000000000
96521  -42.878  12.751  23.639 0.0000000000
95410  -44.645  10.728  24.962 0.0000000000
95407  -41.859  11.191  24.875 0.0000000000
97551  -41.021  12.631  25.403 0.0000000000
98662  -41.151  13.598  25.753 0.0000000000
94293  -45.240  10.077  30.920 0.0000000000
93229  -41.708  8.435  33.853 0.0000000000
93230  -42.413  8.611  33.900 0.0000000000
93244  -42.193  8.670  33.097 0.0000000000
92231  -42.016  8.034  32.200 0.0000000000
93252  -42.575  8.419  32.263 0.0000000000
93265  -43.294  8.297  31.292 0.0000000000
94301  -44.318  8.881  29.592 0.0000000000
94302  -44.849  9.389  30.224 0.0000000000
94311  -44.741  9.563  28.829 0.0000000000
93299  -41.864  8.286  27.461 0.0000000000
94331  -41.961  8.938  26.367 0.0000000000
96460  -37.953  12.227  29.002 0.0000000000
97518  -38.587  12.440  28.549 0.0000000000
97512  -38.998  13.357  29.215 0.0000000000
99644  -38.095  14.317  29.013 0.0000000000
98626  -37.759  13.618  29.371 0.0000000000
99642  -36.061  14.530  29.229 0.0000000000
97503  -35.585  12.570  29.963 0.0000000000
101499  -34.198  16.685  29.291 0.0000000000
102356  -34.577  17.329  29.220 0.0000000000
103290  -34.223  18.354  28.658 0.0000000000
100714  -54.083  14.958  16.062 0.0000000000
101597  -53.236  15.772  17.533 0.0000000000
102473  -51.239  17.619  18.613 0.0000000000
102486  -51.761  17.024  17.902 0.0000000000
101608  -52.016  16.285  16.757 0.0000000000
102485  -51.284  17.998  17.860 0.0000000000
99711  -45.998  15.261  22.166 0.0000000000
101548  -46.940  16.969  22.936 0.0000000000
103331  -47.959  18.629  25.802 0.0000000000
103332  -48.550  18.955  25.551 0.0000000000
103355  -48.963  19.179  23.038 0.0000000000
103354  -48.490  18.672  23.639 0.0000000000
103371  -49.106  18.990  22.059 0.0000000000
103381  -48.830  18.430  21.469 0.0000000000
103382  -49.495  18.968  21.249 0.0000000000
103397  -50.004  18.908  20.511 0.0000000000
104430  -49.988  19.421  21.006 0.0000000000
104453  -50.638  20.777  18.923 0.0000000000
104441  -50.506  20.191  19.350 0.0000000000
104454  -50.826  20.889  18.974 0.0000000000
104455  -52.082  19.696  18.007 0.0000000000
106443  -52.323  20.961  18.416 0.0000000000
104477  -51.026  19.795  16.886 0.0000000000
107346  -51.636  22.022  17.231 0.0000000000
105502  -49.811  20.620  17.249 0.0000000000
105529  -50.121  20.222  15.779 0.0000000000
104489  -49.707  20.080  14.660 0.0000000000
105528  -49.602  20.158  15.118 0.0000000000
105463  -48.344  20.080  20.255 0.0000000000
104440  -48.597  19.992  19.105 0.0000000000
104451  -48.341  19.604  18.562 0.0000000000
104487  -47.717  19.372  15.457 0.0000000000
104475  -48.585  19.812  16.038 0.0000000000
104500  -48.594  19.849  13.738 0.0000000000
104515  -47.917  19.260  12.727 0.0000000000
104529  -46.442  19.380  12.232 0.0000000000
104546  -46.985  18.846  11.735 0.0000000000
102553  -46.367  18.051  11.710 0.0000000000
103526  -46.029  18.602  11.296 0.0000000000
102372  -39.283  17.771  28.587 0.0000000000
101514  -39.777  16.604  28.485 0.0000000000
103297  -40.907  18.896  29.301 0.0000000000
103277  -41.293  19.545  29.788 0.0000000000
103298  -41.780  18.278  29.318 0.0000000000
104289  -41.751  20.000  30.040 0.0000000000
106340  -41.320  21.424  26.536 0.0000000000
105364  -42.316  20.677  27.756 0.0000000000
106328  -42.144  21.135  28.208 0.0000000000
106316  -42.297  21.096  28.869 0.0000000000
105324  -43.684  20.153  29.271 0.0000000000
104333  -42.833  19.915  27.852 0.0000000000
102391  -42.367  18.179  25.435 0.0000000000
103318  -43.148  18.831  26.724 0.0000000000
103329  -43.294  18.479  25.816 0.0000000000
103330  -44.017  18.804  25.442 0.0000000000
103338  -43.487  18.459  24.932 0.0000000000
107307  -41.783  23.531  19.306 0.0000000000
107306  -41.708  23.086  19.574 0.0000000000
106427  -39.546  21.452  19.654 0.0000000000
106417  -40.565  21.815  20.451 0.0000000000
106416  -39.829  21.160  20.792 0.0000000000
106403  -39.884  20.879  21.371 0.0000000000
105462  -39.378  20.461  21.117 0.0000000000
105500  -38.624  20.553  17.866 0.0000000000
106438  -38.941  21.307  18.605 0.0000000000
103405  -39.359  18.557  19.121 0.0000000000
103404  -38.682  19.010  19.241 0.0000000000
103390  -39.062  18.866  20.146 0.0000000000
103375  -39.353  18.956  21.300 0.0000000000
102415  -40.772  17.934  22.195 0.0000000000
102427  -40.710  18.010  21.068 0.0000000000
102429  -42.640  17.881  21.696 0.0000000000
102418  -43.430  18.153  22.607 0.0000000000
103392  -44.065  18.268  21.677 0.0000000000
102441  -43.743  18.066  20.870 0.0000000000
102483  -43.822  17.829  17.685 0.0000000000
102470  -44.182  17.856  18.652 0.0000000000
102495  -44.392  17.998  16.848 0.0000000000
103454  -44.120  18.189  16.068 0.0000000000
103484  -41.409  18.756  14.181 0.0000000000
103515  -43.563  19.357  12.839 0.0000000000
103501  -43.052  18.947  13.546 0.0000000000
103502  -43.906  19.165  13.655 0.0000000000
103516  -44.345  19.376  12.905 0.0000000000
104557  -44.460  19.265  10.140 0.0000000000
103550  -44.246  18.782  9.767 0.0000000000
103538  -44.817  18.592  10.161 0.0000000000
103536  -43.323  18.073  9.709 0.0000000000
106513  -40.130  20.492  8.457 0.0000000000
104590  -40.535  19.963  8.366 0.0000000000
104588  -39.658  20.063  8.094 0.0000000000
104564  -38.593  19.723  9.299 0.0000000000
103544  -39.027  19.095  9.219 0.0000000000
107392  -38.179  22.269  10.462 0.0000000000
107377  -37.133  22.749  11.594 0.0000000000
107383  -37.123  22.552  11.068 0.0000000000
106483  -35.855  21.459  12.998 0.0000000000
105540  -35.915  20.802  13.239 0.0000000000
104507  -36.427  19.742  13.456 0.0000000000
105534  -35.547  20.914  14.210 0.0000000000
105525  -35.177  20.900  15.212 0.0000000000
106464  -34.809  21.650  15.114 0.0000000000
106463  -34.397  21.601  15.494 0.0000000000
109079  -36.806  24.592  15.107 0.0000000000
107340  -35.172  22.711  15.545 0.0000000000
107327  -34.437  22.526  16.878 0.0000000000
112728  -39.683  28.506  14.957 0.0000000000
112742  -38.132  28.247  14.474 0.0000000000
112727  -38.811  28.565  15.253 0.0000000000
112725  -36.985  28.199  15.419 0.0000000000
111764  -36.300  27.453  15.150 0.0000000000
98636  -40.643  13.999  28.814 0.0000000000
98637  -41.163  14.285  28.647 0.0000000000
99647  -40.807  14.800  29.178 0.0000000000
100572  -40.642  15.529  29.140 0.0000000000
112748  -46.286  28.079  14.981 0.0000000000
111793  -46.198  27.688  13.866 0.0000000000
111806  -46.221  27.487  13.088 0.0000000000
111817  -46.860  27.798  12.867 0.0000000000
111829  -46.814  28.198  12.249 0.0000000000
105374  -33.235  20.801  26.161 0.0000000000
95353  -46.408  11.245  28.221 0.0000000000
93274  -35.618  9.059  29.164 0.0000000000
94299  -35.372  10.039  29.388 0.0000000000
94298  -34.635  9.938  30.038 0.0000000000
98741  -47.939  13.941  20.717 0.0000000000
99720  -47.257  14.629  21.062 0.0000000000
104318  -46.909  19.980  28.276 0.0000000000
105348  -47.653  20.124  28.189 0.0000000000
104376  -47.221  20.067  24.663 0.0000000000
104384  -46.498  19.849  23.315 0.0000000000
104399  -45.685  19.085  22.209 0.0000000000
103379  -45.358  18.751  21.658 0.0000000000
107279  -41.084  22.677  22.553 0.0000000000
108180  -41.171  22.937  22.129 0.0000000000
107280  -41.301  22.563  22.035 0.0000000000
106405  -41.237  22.222  21.227 0.0000000000
107362  -39.002  21.986  14.742 0.0000000000
106465  -38.634  21.494  15.080 0.0000000000
104495  -38.781  19.964  14.195 0.0000000000
104496  -39.340  19.479  13.780 0.0000000000
104509  -38.727  19.926  13.236 0.0000000000
104521  -38.794  19.864  12.385 0.0000000000
110845  -37.424  27.005  13.691 0.0000000000
111777  -37.307  27.847  14.068 0.0000000000
98678  -43.480  14.002  23.364 0.0000000000
98679  -43.851  14.362  23.382 0.0000000000
99699  -43.231  14.421  23.746 0.0000000000
100592  -43.273  15.823  28.428 0.0000000000
101517  -43.774  16.408  29.018 0.0000000000
101508  -45.289  17.147  29.354 0.0000000000
102363  -45.115  17.400  30.061 0.0000000000
103260  -45.186  18.691  30.198 0.0000000000
104277  -44.801  19.418  29.774 0.0000000000
110819  -42.157  26.409  17.149 0.0000000000
109911  -43.179  25.756  16.656 0.0000000000
109905  -43.243  25.247  16.827 0.0000000000
109919  -44.422  26.042  14.544 0.0000000000
108264  -40.840  24.420  13.827 0.0000000000
110887  -43.643  27.360  10.853 0.0000000000
110877  -42.881  26.902  11.282 0.0000000000
110886  -42.794  27.439  10.714 0.0000000000
110885  -42.360  27.498  10.600 0.0000000000
111814  -41.620  27.649  11.260 0.0000000000
112778  -41.740  28.156  11.484 0.0000000000
112770  -42.247  28.426  12.164 0.0000000000
101641  -47.010  16.719  13.856 0.0000000000
102369  -36.515  17.587  28.791 0.0000000000
104309  -36.690  19.209  28.549 0.0000000000
104347  -36.936  19.628  27.386 0.0000000000
106357  -36.169  21.370  24.504 0.0000000000
105400  -36.639  20.492  25.057 0.0000000000
106372  -36.838  21.691  24.060 0.0000000000
106373  -37.689  21.606  23.894 0.0000000000
107261  -38.068  22.236  23.366 0.0000000000
109018  -38.606  24.040  21.853 0.0000000000
111713  -38.561  26.709  20.430 0.0000000000
111714  -38.978  27.339  20.219 0.0000000000
112652  -39.447  27.322  19.720 0.0000000000
112671  -40.480  27.363  18.703 0.0000000000
98704  -51.371  13.091  22.955 0.0000000000
97552  -48.009  12.129  25.730 0.0000000000
97563  -48.454  12.087  24.824 0.0000000000
96525  -46.353  11.408  23.779 0.0000000000
96502  -44.539  11.035  24.131 0.0000000000
95406  -41.324  11.452  25.166 0.0000000000
96490  -40.882  11.852  25.421 0.0000000000
91203  -40.907  6.755  30.904 0.0000000000
91190  -41.007  7.138  31.424 0.0000000000
92241  -42.435  7.657  31.183 0.0000000000
92253  -42.942  7.675  30.227 0.0000000000
93287  -43.102  8.382  28.684 0.0000000000
93298  -40.805  7.719  27.424 0.0000000000
96466  -37.602  11.320  28.057 0.0000000000
96451  -37.810  12.561  29.404 0.0000000000
97510  -37.496  12.885  29.568 0.0000000000
98624  -36.027  13.925  29.447 0.0000000000
101589  -52.087  16.366  18.528 0.0000000000
101588  -51.624  16.859  18.658 0.0000000000
102472  -50.817  18.316  18.901 0.0000000000
100612  -45.213  16.142  23.784 0.0000000000
100613  -45.828  16.365  23.436 0.0000000000
101546  -45.853  16.602  23.857 0.0000000000
102404  -46.663  17.172  23.963 0.0000000000
102405  -47.245  17.483  23.740 0.0000000000
104370  -49.001  19.461  25.856 0.0000000000
103333  -48.890  19.231  24.994 0.0000000000
104377  -49.347  19.679  24.663 0.0000000000
104386  -49.546  19.741  23.283 0.0000000000
104403  -49.874  19.587  21.975 0.0000000000
104416  -50.306  19.882  21.260 0.0000000000
105489  -50.608  20.935  18.881 0.0000000000
106450  -50.781  21.782  18.318 0.0000000000
105488  -49.874  20.615  18.329 0.0000000000
105487  -49.217  20.298  17.723 0.0000000000
103443  -47.661  19.043  17.613 0.0000000000
104464  -48.245  19.519  17.786 0.0000000000
103458  -47.432  18.896  16.593 0.0000000000
104312  -39.188  19.503  28.842 0.0000000000
103296  -39.770  18.796  28.805 0.0000000000
105342  -40.684  20.756  28.902 0.0000000000
105393  -41.550  20.760  25.398 0.0000000000
105379  -41.712  20.945  26.308 0.0000000000
104349  -41.822  20.220  26.711 0.0000000000
104350  -42.246  20.144  27.305 0.0000000000
103307  -42.503  19.685  27.386 0.0000000000
103317  -42.126  19.304  26.847 0.0000000000
102390  -41.955  18.214  25.424 0.0000000000
102396  -42.358  17.971  24.954 0.0000000000
107318  -41.651  23.224  18.654 0.0000000000
107305  -41.323  22.730  19.095 0.0000000000
104450  -38.614  19.532  18.413 0.0000000000
103437  -38.946  18.884  17.837 0.0000000000
103422  -39.541  18.496  18.194 0.0000000000
102451  -40.513  18.116  19.423 0.0000000000
102438  -40.624  18.063  20.045 0.0000000000
102452  -41.238  17.953  19.099 0.0000000000
102453  -42.357  17.725  19.429 0.0000000000
102454  -43.456  17.788  19.647 0.0000000000
102468  -42.199  17.712  18.400 0.0000000000
102482  -42.898  17.723  17.625 0.0000000000
102508  -43.034  17.952  16.006 0.0000000000
103513  -42.034  18.988  12.385 0.0000000000
104525  -42.603  19.308  12.160 0.0000000000
104526  -43.146  19.508  12.076 0.0000000000
103548  -42.791  18.201  9.090 0.0000000000
103559  -43.149  18.830  8.817 0.0000000000
103558  -42.427  18.830  8.703 0.0000000000
105576  -38.848  20.700  8.360 0.0000000000
104587  -38.956  20.014  7.950 0.0000000000
109095  -37.784  24.040  13.164 0.0000000000
108259  -36.720  22.645  12.582 0.0000000000
106477  -35.845  21.841  13.065 0.0000000000
109072  -36.514  24.687  15.816 0.0000000000
108224  -36.197  24.049  16.030 0.0000000000
108217  -35.583  23.856  17.091 0.0000000000
109060  -35.420  24.542  17.528 0.0000000000
99681  -41.673  14.409  26.563 0.0000000000
99662  -42.269  14.812  28.157 0.0000000000
99661  -41.626  14.540  28.545 0.0000000000
99649  -42.135  14.969  28.861 0.0000000000
100584  -42.678  15.327  28.698 0.0000000000
100575  -42.913  16.056  29.586 0.0000000000
101505  -42.671  16.504  29.661 0.0000000000
111765  -43.602  27.131  15.845 0.0000000000
112730  -43.945  27.865  15.594 0.0000000000
109927  -44.468  25.974  13.850 0.0000000000
109092  -43.879  25.890  13.537 0.0000000000
109937  -43.396  26.145  13.065 0.0000000000
110864  -44.150  26.647  11.966 0.0000000000
110879  -44.557  26.863  11.569 0.0000000000
110880  -45.181  27.085  11.775 0.0000000000
110889  -44.960  27.063  11.217 0.0000000000
110888  -44.486  27.185  10.978 0.0000000000
112791  -44.331  28.550  10.642 0.0000000000
103490  -48.867  18.963  14.324 0.0000000000
104307  -34.718  19.163  28.381 0.0000000000
104329  -35.322  19.469  27.854 0.0000000000
104359  -35.081  20.046  26.411 0.0000000000
105387  -35.019  20.528  25.774 0.0000000000
105386  -34.069  20.945  25.784 0.0000000000
96479  -46.968  11.476  26.387 0.0000000000
96491  -45.954  11.092  25.633 0.0000000000
94342  -42.381  9.560  25.705 0.0000000000
91175  -39.660  6.816  32.875 0.0000000000
91188  -39.475  6.342  31.934 0.0000000000
91202  -40.117  6.414  31.009 0.0000000000
91201  -39.251  6.021  30.988 0.0000000000
91215  -40.646  6.435  30.105 0.0000000000
96449  -36.439  11.799  29.503 0.0000000000
96448  -35.899  11.537  29.660 0.0000000000
97502  -34.776  12.538  30.241 0.0000000000
95330  -35.028  11.223  30.027 0.0000000000
102384  -46.464  17.596  26.731 0.0000000000
102385  -47.188  18.222  27.137 0.0000000000
103320  -47.808  18.571  26.695 0.0000000000
104356  -48.586  19.213  26.570 0.0000000000
105349  -47.929  19.787  27.849 0.0000000000
105367  -48.455  19.944  27.111 0.0000000000
105383  -48.938  19.957  26.501 0.0000000000
105396  -49.329  20.334  25.490 0.0000000000
106363  -49.171  21.056  24.783 0.0000000000
106392  -48.998  21.498  23.094 0.0000000000
105450  -49.007  20.984  21.459 0.0000000000
105437  -48.470  21.039  22.719 0.0000000000
104428  -47.908  19.624  20.283 0.0000000000
104401  -46.852  19.926  21.855 0.0000000000
104427  -47.061  19.249  20.485 0.0000000000
104438  -47.507  19.183  19.782 0.0000000000
103426  -47.175  18.817  18.516 0.0000000000
103456  -45.801  18.296  16.237 0.0000000000
106338  -40.327  21.336  27.406 0.0000000000
106350  -40.785  21.810  25.711 0.0000000000
107254  -41.424  22.074  23.745 0.0000000000
106362  -41.506  21.575  24.195 0.0000000000
105404  -41.652  21.015  24.606 0.0000000000
105403  -41.084  20.591  24.302 0.0000000000
104381  -40.041  19.968  23.199 0.0000000000
107328  -39.500  22.487  17.088 0.0000000000
106449  -39.546  22.315  17.616 0.0000000000
105513  -38.533  20.672  16.707 0.0000000000
104463  -39.219  19.347  16.361 0.0000000000
103451  -39.831  19.129  15.915 0.0000000000
103452  -40.608  18.703  16.134 0.0000000000
103499  -41.315  18.739  13.161 0.0000000000
104497  -39.932  19.105  13.385 0.0000000000
103498  -40.542  18.877  12.945 0.0000000000
103525  -41.601  19.169  11.774 0.0000000000
104554  -41.687  19.699  10.375 0.0000000000
105570  -41.886  20.313  9.080 0.0000000000
104566  -41.198  19.976  9.699 0.0000000000
105568  -40.406  20.282  9.428 0.0000000000
105577  -39.927  20.746  9.109 0.0000000000
106504  -38.576  21.380  9.232 0.0000000000
107398  -37.976  21.789  9.621 0.0000000000
109916  -35.986  26.183  15.880 0.0000000000
98720  -45.980  13.637  21.856 0.0000000000
99718  -45.806  14.289  21.917 0.0000000000
98719  -45.540  14.098  22.048 0.0000000000
100622  -44.979  15.398  23.033 0.0000000000
99701  -44.178  14.827  23.520 0.0000000000
100611  -44.549  15.482  23.703 0.0000000000
100609  -45.073  16.306  24.513 0.0000000000
101530  -45.582  17.071  26.429 0.0000000000
99682  -42.253  14.962  26.169 0.0000000000
100601  -42.788  15.442  25.699 0.0000000000
101536  -44.266  16.491  26.281 0.0000000000
102383  -45.850  17.348  27.069 0.0000000000
102379  -45.971  17.513  27.672 0.0000000000
103281  -46.508  18.656  29.145 0.0000000000
102364  -45.764  17.936  29.596 0.0000000000
105327  -46.878  19.542  29.010 0.0000000000
104353  -45.820  19.480  26.484 0.0000000000
109047  -41.168  24.486  19.799 0.0000000000
108203  -41.586  23.617  20.221 0.0000000000
108212  -41.986  23.774  18.875 0.0000000000
108211  -42.008  23.619  18.393 0.0000000000
107331  -41.390  23.068  17.846 0.0000000000
107344  -41.187  23.017  17.409 0.0000000000
109068  -43.254  24.686  16.670 0.0000000000
108239  -43.015  24.196  16.576 0.0000000000
107343  -40.826  22.966  17.072 0.0000000000
108248  -41.111  23.989  15.204 0.0000000000
108246  -39.826  23.119  15.065 0.0000000000
107363  -39.539  22.649  14.431 0.0000000000
106472  -39.146  22.175  13.549 0.0000000000
106479  -38.959  22.154  12.802 0.0000000000
109947  -42.670  26.319  12.447 0.0000000000
110862  -42.148  26.525  11.713 0.0000000000
109935  -40.866  26.421  13.168 0.0000000000
111802  -39.823  27.433  12.983 0.0000000000
112767  -39.782  27.858  13.104 0.0000000000
99657  -38.410  14.945  28.550 0.0000000000
99658  -39.294  15.061  28.711 0.0000000000
100581  -38.733  15.807  28.125 0.0000000000
101513  -38.869  16.790  28.272 0.0000000000
103294  -37.864  18.650  28.845 0.0000000000
105340  -38.724  19.779  28.621 0.0000000000
104362  -37.323  19.734  26.682 0.0000000000
104348  -37.873  19.824  27.278 0.0000000000
105391  -39.259  20.729  26.251 0.0000000000
107252  -40.213  22.187  24.367 0.0000000000
107263  -40.152  22.468  23.559 0.0000000000
107278  -40.451  22.758  22.734 0.0000000000
108179  -40.761  23.103  22.173 0.0000000000
109029  -40.765  23.947  21.220 0.0000000000
109027  -38.698  24.515  21.377 0.0000000000
109036  -38.869  24.951  20.887 0.0000000000
110791  -38.794  26.006  20.153 0.0000000000
109875  -38.868  25.376  20.508 0.0000000000
109037  -39.425  24.824  20.833 0.0000000000
109046  -40.587  24.905  20.054 0.0000000000
109887  -41.007  25.030  19.102 0.0000000000
110810  -41.220  26.307  17.977 0.0000000000
111732  -40.733  26.951  18.301 0.0000000000
111741  -41.262  27.125  17.883 0.0000000000
110818  -41.612  26.558  17.522 0.0000000000
112710  -42.749  27.833  16.759 0.0000000000
113624  -42.881  28.882  17.649 0.0000000000
98723  -49.146  13.037  21.792 0.0000000000
97627  -47.220  12.859  21.854 0.0000000000
97585  -50.005  12.746  23.909 0.0000000000
96506  -48.136  11.782  24.445 0.0000000000
97609  -48.303  12.252  22.850 0.0000000000
98701  -45.554  13.076  22.193 0.0000000000
97605  -44.245  13.193  22.614 0.0000000000
97580  -44.169  12.355  22.908 0.0000000000
97578  -42.893  13.529  23.619 0.0000000000
98670  -41.779  13.787  24.731 0.0000000000
96501  -43.534  11.270  24.015 0.0000000000
98646  -40.526  13.585  27.756 0.0000000000
98628  -39.619  13.837  29.149 0.0000000000
94303  -45.495  10.194  29.885 0.0000000000
93231  -43.138  8.828  34.144 0.0000000000
92217  -40.321  7.541  32.916 0.0000000000
92218  -41.236  8.291  32.936 0.0000000000
94280  -43.758  9.338  33.122 0.0000000000
94281  -44.430  9.662  32.502 0.0000000000
94292  -44.679  9.519  31.481 0.0000000000
93266  -44.162  8.926  31.346 0.0000000000
94320  -43.357  9.036  27.643 0.0000000000
92274  -40.482  7.288  28.095 0.0000000000
93311  -40.265  8.607  26.602 0.0000000000
99656  -37.586  14.944  28.590 0.0000000000
100579  -36.877  15.645  28.614 0.0000000000
101502  -36.254  16.594  28.889 0.0000000000
102358  -35.790  17.445  29.109 0.0000000000
103275  -35.459  18.130  29.093 0.0000000000
98618  -35.796  13.392  29.643 0.0000000000
101500  -34.800  16.548  29.446 0.0000000000
103274  -34.818  18.003  29.157 0.0000000000
104306  -33.690  19.199  28.060 0.0000000000
103289  -33.165  18.664  28.246 0.0000000000
104327  -33.175  19.816  27.504 0.0000000000
101596  -52.697  16.099  17.675 0.0000000000
101609  -52.816  15.952  16.934 0.0000000000
100697  -51.842  15.531  16.613 0.0000000000
101607  -51.056  16.611  16.710 0.0000000000
99719  -46.330  14.699  21.646 0.0000000000
100631  -47.148  15.557  21.397 0.0000000000
101555  -46.607  16.381  22.569 0.0000000000
101563  -46.921  16.225  21.934 0.0000000000
100632  -47.848  15.933  20.983 0.0000000000
102398  -47.520  18.143  24.964 0.0000000000
102406  -47.983  18.277  24.155 0.0000000000
103342  -48.471  18.797  24.637 0.0000000000
102444  -49.786  18.113  20.167 0.0000000000
102445  -50.187  18.496  19.979 0.0000000000
103412  -50.669  19.148  19.005 0.0000000000
103429  -51.189  18.806  18.177 0.0000000000
103430  -51.536  19.463  18.005 0.0000000000
103444  -51.211  18.971  17.573 0.0000000000
103459  -50.666  18.835  16.315 0.0000000000
102512  -50.221  18.603  15.718 0.0000000000
105516  -50.586  20.588  16.854 0.0000000000
103476  -49.960  18.870  15.127 0.0000000000
103491  -49.633  19.249  14.684 0.0000000000
105464  -48.892  20.509  20.028 0.0000000000
104465  -48.654  19.906  17.181 0.0000000000
105514  -49.089  20.220  15.519 0.0000000000
105527  -49.103  20.182  14.563 0.0000000000
105536  -49.230  20.137  14.169 0.0000000000
102540  -47.706  18.205  12.369 0.0000000000
102539  -47.125  17.663  12.287 0.0000000000
104530  -47.285  19.103  12.109 0.0000000000
103528  -47.177  18.500  11.837 0.0000000000
102554  -46.909  18.173  11.781 0.0000000000
100582  -39.611  15.687  28.566 0.0000000000
100583  -40.222  15.893  28.840 0.0000000000
101515  -40.886  16.513  28.952 0.0000000000
101516  -41.446  16.858  29.188 0.0000000000
102375  -41.887  17.582  29.294 0.0000000000
103279  -42.558  18.412  29.612 0.0000000000
104291  -43.000  19.197  29.807 0.0000000000
106326  -40.669  21.397  27.820 0.0000000000
106314  -41.085  21.318  28.447 0.0000000000
106303  -41.426  21.061  29.004 0.0000000000
105363  -41.869  21.165  27.260 0.0000000000
106315  -41.731  21.195  28.661 0.0000000000
106304  -42.000  21.001  29.306 0.0000000000
104274  -42.388  20.096  30.019 0.0000000000
104275  -42.840  19.853  29.954 0.0000000000
103280  -43.509  18.542  30.015 0.0000000000
104276  -43.642  19.498  29.906 0.0000000000
105314  -44.329  19.821  29.414 0.0000000000
105325  -44.438  19.883  29.079 0.0000000000
104314  -43.524  19.855  28.316 0.0000000000
104315  -44.301  19.680  28.292 0.0000000000
104335  -44.979  19.426  27.474 0.0000000000
104352  -44.589  19.139  26.263 0.0000000000
104365  -44.796  19.025  24.994 0.0000000000
107300  -41.665  22.908  20.592 0.0000000000
106429  -41.329  22.591  19.514 0.0000000000
105448  -40.452  20.883  22.221 0.0000000000
105432  -40.210  20.448  22.602 0.0000000000
103347  -39.788  19.378  22.851 0.0000000000
106426  -38.901  20.981  19.260 0.0000000000
104437  -38.597  19.739  19.371 0.0000000000
105461  -38.954  20.243  20.486 0.0000000000
104426  -39.026  19.646  20.855 0.0000000000
103364  -39.598  19.121  22.286 0.0000000000
103348  -40.163  18.694  23.297 0.0000000000
103349  -40.844  18.098  23.607 0.0000000000
102401  -40.922  17.892  23.060 0.0000000000
102403  -42.416  17.760  24.110 0.0000000000
102428  -41.647  17.777  21.369 0.0000000000
103366  -43.090  18.057  23.749 0.0000000000
103351  -43.614  18.380  24.069 0.0000000000
103352  -44.292  18.555  23.640 0.0000000000
103340  -44.789  18.781  23.994 0.0000000000
103378  -44.608  18.460  22.021 0.0000000000
103393  -44.660  18.427  21.128 0.0000000000
103408  -44.989  18.364  20.412 0.0000000000
102496  -45.165  18.057  16.848 0.0000000000
103472  -45.516  18.593  15.314 0.0000000000
103469  -42.687  18.284  15.223 0.0000000000
103486  -43.333  18.718  14.431 0.0000000000
103470  -43.666  18.378  15.369 0.0000000000
103471  -44.612  18.538  15.307 0.0000000000
103488  -45.159  18.873  14.475 0.0000000000
103504  -45.616  19.171  13.817 0.0000000000
104544  -45.541  19.225  11.164 0.0000000000
103539  -45.412  18.629  10.713 0.0000000000
105579  -41.251  20.101  8.700 0.0000000000
104579  -40.907  19.697  8.402 0.0000000000
104577  -39.433  19.621  8.395 0.0000000000
103545  -39.724  18.721  9.073 0.0000000000
107393  -38.478  22.086  10.881 0.0000000000
107399  -38.128  22.005  9.770 0.0000000000
107391  -37.529  22.158  10.279 0.0000000000
109104  -38.448  23.636  12.187 0.0000000000
108274  -37.542  22.668  10.924 0.0000000000
106496  -37.308  21.489  10.271 0.0000000000
106495  -36.867  21.506  10.713 0.0000000000
105552  -36.881  20.672  11.057 0.0000000000
104535  -36.828  20.068  11.863 0.0000000000
105546  -36.276  20.786  12.233 0.0000000000
104519  -36.622  19.950  12.602 0.0000000000
107352  -34.584  22.010  15.285 0.0000000000
107315  -34.417  22.782  17.508 0.0000000000
112781  -43.935  28.536  11.257 0.0000000000
112761  -41.949  28.518  13.016 0.0000000000
112729  -40.497  28.489  14.829 0.0000000000
112744  -39.894  28.234  14.117 0.0000000000
112756  -37.680  28.037  14.031 0.0000000000
112726  -37.867  28.292  15.288 0.0000000000
92216  -39.842  7.154  33.335 0.0000000000
94307  -35.705  10.585  29.241 0.0000000000
95338  -34.952  10.663  29.831 0.0000000000
95340  -36.033  11.317  29.429 0.0000000000
95348  -35.928  10.879  29.223 0.0000000000
96438  -33.881  11.516  30.598 0.0000000000
97604  -43.881  13.521  22.856 0.0000000000
98671  -42.417  14.017  24.106 0.0000000000
99659  -39.745  15.210  28.935 0.0000000000
99700  -43.576  14.622  23.716 0.0000000000
99803  -53.346  14.505  16.311 0.0000000000
99815  -53.792  14.713  15.890 0.0000000000
99816  -54.093  14.301  15.992 0.0000000000
100589  -38.996  16.227  28.079 0.0000000000
100621  -44.590  15.078  23.278 0.0000000000
100680  -53.180  15.627  17.788 0.0000000000
100699  -53.698  15.479  16.652 0.0000000000
100700  -54.279  14.888  16.602 0.0000000000
100713  -53.562  15.113  16.000 0.0000000000
100715  -54.216  14.641  16.268 0.0000000000
101520  -45.832  17.584  28.701 0.0000000000
101522  -39.254  16.344  28.255 0.0000000000
101523  -39.486  16.128  28.345 0.0000000000
101544  -46.233  16.980  24.201 0.0000000000
101556  -47.131  16.777  22.293 0.0000000000
101610  -53.266  15.788  17.229 0.0000000000
102346  -45.714  18.320  29.941 0.0000000000
102359  -41.754  17.093  29.326 0.0000000000
102381  -47.165  18.351  27.666 0.0000000000
102395  -41.675  18.025  24.744 0.0000000000
102402  -41.557  17.749  23.640 0.0000000000
102430  -43.419  18.108  22.019 0.0000000000
102492  -41.856  18.030  16.923 0.0000000000
102493  -42.591  17.877  16.822 0.0000000000
102494  -43.499  17.911  16.726 0.0000000000
102528  -47.899  18.007  12.855 0.0000000000
102565  -44.557  17.897  10.507 0.0000000000
102566  -45.100  18.239  10.570 0.0000000000
103261  -45.672  18.629  30.012 0.0000000000
103262  -45.985  18.620  29.718 0.0000000000
103278  -41.749  19.133  29.703 0.0000000000
103282  -47.165  18.889  28.789 0.0000000000
103299  -42.175  17.863  29.380 0.0000000000
103301  -47.458  18.845  28.294 0.0000000000
103309  -47.182  18.476  28.013 0.0000000000
103311  -48.201  18.898  27.094 0.0000000000
103319  -43.774  18.828  26.209 0.0000000000
103321  -48.357  18.876  26.300 0.0000000000
103326  -40.907  19.545  25.168 0.0000000000
103328  -42.391  18.462  25.988 0.0000000000
103337  -42.820  18.203  25.301 0.0000000000
103341  -48.148  18.647  25.138 0.0000000000
103353  -45.024  18.727  23.342 0.0000000000
103367  -43.643  18.271  23.159 0.0000000000
103369  -45.173  18.714  22.501 0.0000000000
103377  -43.929  18.280  22.376 0.0000000000
103389  -38.678  19.297  19.739 0.0000000000
103391  -39.950  18.364  19.715 0.0000000000
103394  -45.469  18.627  20.811 0.0000000000
103411  -47.534  19.034  19.142 0.0000000000
103413  -50.939  19.469  18.445 0.0000000000
103414  -51.373  19.579  18.261 0.0000000000
103415  -51.787  19.578  18.329 0.0000000000
103424  -41.070  18.138  17.646 0.0000000000
103427  -47.880  19.210  18.480 0.0000000000
103431  -51.935  19.571  18.203 0.0000000000
103440  -41.323  18.151  17.107 0.0000000000
103445  -51.583  19.548  17.743 0.0000000000
103477  -50.277  19.219  15.461 0.0000000000
103492  -49.987  19.366  14.940 0.0000000000
103511  -40.446  19.011  12.413 0.0000000000
103517  -47.582  18.532  12.130 0.0000000000
103518  -47.909  18.658  12.515 0.0000000000
103524  -41.202  19.165  11.694 0.0000000000
103555  -39.899  19.311  8.600 0.0000000000
104294  -46.330  19.172  29.399 0.0000000000
104296  -47.656  19.097  29.072 0.0000000000
104311  -38.366  19.349  28.867 0.0000000000
104319  -47.494  18.884  28.714 0.0000000000
104334  -43.776  19.346  27.437 0.0000000000
104337  -47.154  20.106  27.618 0.0000000000
104339  -48.284  19.454  27.336 0.0000000000
104340  -48.553  19.734  27.022 0.0000000000
104345  -34.932  19.738  26.945 0.0000000000
104355  -47.714  20.282  26.580 0.0000000000
104357  -48.704  19.624  26.715 0.0000000000
104364  -41.420  20.171  26.046 0.0000000000
104373  -44.839  18.900  24.395 0.0000000000
104382  -40.390  19.911  24.050 0.0000000000
104385  -46.947  19.962  23.985 0.0000000000
104387  -49.763  19.719  22.688 0.0000000000
104388  -50.283  20.302  23.039 0.0000000000
104389  -50.819  20.819  22.883 0.0000000000
104398  -39.696  19.871  22.470 0.0000000000
104402  -49.478  19.421  22.456 0.0000000000
104404  -50.929  20.167  22.655 0.0000000000
104405  -51.069  20.199  22.079 0.0000000000
104412  -45.925  19.181  21.725 0.0000000000
104414  -47.361  19.788  21.187 0.0000000000
104417  -51.123  19.778  22.379 0.0000000000
104418  -51.029  19.821  22.050 0.0000000000
104429  -48.372  19.934  19.797 0.0000000000
104442  -50.829  20.357  18.694 0.0000000000
104444  -51.767  19.835  18.601 0.0000000000
104456  -52.140  19.623  18.555 0.0000000000
104466  -51.197  19.397  17.216 0.0000000000
104467  -51.697  19.796  17.366 0.0000000000
104478  -51.644  20.176  16.927 0.0000000000
104486  -47.115  19.058  15.244 0.0000000000
104502  -49.826  19.595  14.695 0.0000000000
104512  -45.551  19.322  13.279 0.0000000000
104524  -40.827  19.232  11.607 0.0000000000
104537  -38.901  19.946  11.762 0.0000000000
104565  -39.047  19.382  8.769 0.0000000000
104570  -44.013  19.051  9.533 0.0000000000
104581  -42.879  19.205  8.685 0.0000000000
104589  -40.222  20.028  8.273 0.0000000000
105311  -42.698  20.109  30.084 0.0000000000
105313  -43.722  19.994  29.563 0.0000000000
105321  -41.514  20.680  29.555 0.0000000000
105322  -42.355  20.550  29.727 0.0000000000
105323  -42.910  20.536  29.429 0.0000000000
105328  -47.277  19.632  28.673 0.0000000000
105329  -47.812  19.545  28.430 0.0000000000
105345  -44.451  19.831  28.762 0.0000000000
105346  -46.638  19.569  29.033 0.0000000000
105347  -46.946  20.009  28.738 0.0000000000
105358  -34.047  19.833  27.029 0.0000000000
105365  -47.363  20.203  28.000 0.0000000000
105366  -48.009  20.213  27.481 0.0000000000
105368  -48.679  19.903  26.894 0.0000000000
105395  -48.909  20.937  25.725 0.0000000000
105398  -35.234  20.864  25.227 0.0000000000
105408  -49.842  20.634  23.327 0.0000000000
105409  -50.085  20.862  23.021 0.0000000000
105410  -50.234  21.047  23.018 0.0000000000
105415  -40.776  20.647  23.493 0.0000000000
105420  -49.700  20.039  23.443 0.0000000000
105422  -50.072  20.368  22.971 0.0000000000
105423  -50.046  20.889  22.752 0.0000000000
105433  -40.781  20.926  22.736 0.0000000000
105435  -46.832  20.046  22.474 0.0000000000
105438  -50.417  19.891  22.293 0.0000000000
105439  -50.418  19.798  22.525 0.0000000000
105440  -50.871  20.773  22.258 0.0000000000
105447  -39.885  20.532  21.897 0.0000000000
105452  -50.595  20.379  21.569 0.0000000000
105453  -51.041  20.118  22.041 0.0000000000
105454  -51.081  20.449  22.105 0.0000000000
105465  -49.779  21.134  20.571 0.0000000000
105466  -50.296  20.768  20.809 0.0000000000
105473  -38.833  20.519  19.771 0.0000000000
105478  -51.136  21.018  19.097 0.0000000000
105479  -51.677  20.513  18.991 0.0000000000
105480  -51.733  20.138  18.817 0.0000000000
105490  -50.836  21.199  19.169 0.0000000000
105491  -52.326  20.241  18.654 0.0000000000
105492  -52.015  19.977  18.911 0.0000000000
105501  -49.146  20.272  16.632 0.0000000000
105504  -52.345  20.337  17.815 0.0000000000
105517  -51.461  20.662  16.891 0.0000000000
105518  -52.151  20.515  17.011 0.0000000000
105537  -49.462  20.147  14.493 0.0000000000
105578  -40.448  20.439  8.816 0.0000000000
105587  -39.421  20.551  8.087 0.0000000000
105588  -39.863  20.360  8.167 0.0000000000
105589  -40.338  20.226  8.421 0.0000000000
105590  -40.769  19.993  8.445 0.0000000000
106352  -49.249  20.831  25.222 0.0000000000
106366  -50.205  21.096  22.814 0.0000000000
106367  -50.542  21.097  22.803 0.0000000000
106377  -49.079  21.339  24.006 0.0000000000
106378  -49.491  21.456  23.246 0.0000000000
106379  -49.817  21.541  22.752 0.0000000000
106380  -50.514  21.248  22.327 0.0000000000
106381  -50.593  21.223  22.157 0.0000000000
106394  -49.916  21.845  22.262 0.0000000000
106395  -50.951  21.060  21.978 0.0000000000
106396  -50.847  20.771  22.011 0.0000000000
106406  -48.800  21.327  22.143 0.0000000000
106407  -49.725  21.667  21.623 0.0000000000
106408  -50.247  21.409  21.116 0.0000000000
106409  -50.748  20.955  21.850 0.0000000000
106420  -50.170  21.390  20.795 0.0000000000
106430  -51.551  21.959  19.487 0.0000000000
106431  -51.620  21.405  19.410 0.0000000000
106432  -52.192  21.001  19.108 0.0000000000
106442  -51.114  21.421  19.374 0.0000000000
106451  -52.297  21.095  17.635 0.0000000000
106457  -50.818  21.586  17.471 0.0000000000
106458  -51.238  21.433  16.960 0.0000000000
106459  -52.041  21.367  16.851 0.0000000000
106511  -39.322  21.031  8.470 0.0000000000
106512  -40.014  20.947  8.762 0.0000000000
106519  -39.973  20.555  8.286 0.0000000000
106520  -40.090  20.334  8.278 0.0000000000
107255  -49.954  21.344  22.996 0.0000000000
107256  -50.320  21.435  22.496 0.0000000000
107266  -50.160  21.982  22.418 0.0000000000
107267  -50.537  21.604  22.151 0.0000000000
107281  -49.897  21.973  21.986 0.0000000000
107282  -50.057  22.097  21.918 0.0000000000
107283  -50.637  21.413  21.878 0.0000000000
107292  -50.018  22.052  21.615 0.0000000000
107293  -50.339  21.821  21.579 0.0000000000
107294  -50.507  21.445  21.450 0.0000000000
107308  -51.597  22.154  19.126 0.0000000000
107309  -52.006  21.908  19.347 0.0000000000
107310  -52.061  21.482  19.284 0.0000000000
107320  -51.352  22.244  18.559 0.0000000000
107321  -51.950  22.046  18.717 0.0000000000
107322  -52.155  21.514  18.883 0.0000000000
107332  -51.151  22.199  17.762 0.0000000000
107333  -51.778  22.074  17.999 0.0000000000
107334  -52.161  21.596  18.214 0.0000000000
107345  -51.051  22.035  17.149 0.0000000000
107347  -52.095  21.711  17.555 0.0000000000
107390  -37.094  21.869  10.479 0.0000000000
108187  -38.878  23.957  21.776 0.0000000000
108229  -43.038  24.289  16.935 0.0000000000
108235  -40.091  23.305  15.594 0.0000000000
109884  -39.253  25.564  20.094 0.0000000000
109885  -39.746  25.489  19.882 0.0000000000
109934  -40.666  26.557  13.140 0.0000000000
109949  -44.143  26.501  12.373 0.0000000000
110790  -38.384  26.067  20.556 0.0000000000
110849  -41.129  26.600  12.861 0.0000000000
111722  -38.906  26.376  20.000 0.0000000000
111805  -45.969  27.486  12.557 0.0000000000
