#!ascii label  , from subject 4118 vox2ras=TkReg
1082
62960  29.771  -21.686  46.885 0.0000000000
81590  42.256  -4.322  28.873 0.0000000000
70647  34.072  -14.098  36.622 0.0000000000
59366  12.698  -24.562  59.244 0.0000000000
67503  25.260  -16.852  51.316 0.0000000000
73898  35.252  -10.394  35.784 0.0000000000
61750  18.751  -22.254  53.810 0.0000000000
58318  16.197  -26.597  57.055 0.0000000000
60642  22.449  -23.938  52.179 0.0000000000
83766  46.249  -3.595  28.158 0.0000000000
66388  31.474  -18.374  45.165 0.0000000000
67628  31.716  -17.782  41.237 0.0000000000
62973  34.436  -21.505  46.334 0.0000000000
86104  43.937  0.600  26.904 0.0000000000
84946  48.307  -1.865  24.000 0.0000000000
79505  40.083  -6.719  31.319 0.0000000000
76117  44.109  -9.565  30.896 0.0000000000
75002  39.433  -10.293  33.120 0.0000000000
71769  40.321  -14.159  35.321 0.0000000000
62884  29.730  -22.293  51.798 0.0000000000
56144  11.732  -28.216  64.158 0.0000000000
58214  7.476  -26.532  65.644 0.0000000000
59204  6.674  -23.569  68.548 0.0000000000
66334  28.130  -18.530  48.591 0.0000000000
61804  26.486  -22.524  51.679 0.0000000000
73859  29.133  -12.197  39.395 0.0000000000
71645  34.489  -14.260  41.772 0.0000000000
89152  50.891  2.403  23.275 0.0000000000
82663  44.095  -3.636  28.093 0.0000000000
79523  45.705  -6.192  29.598 0.0000000000
65217  31.350  -19.557  45.535 0.0000000000
63019  31.514  -21.012  43.660 0.0000000000
61891  32.363  -22.599  46.030 0.0000000000
83735  40.939  -2.391  30.582 0.0000000000
86088  42.973  0.565  30.318 0.0000000000
83781  41.954  -1.922  27.589 0.0000000000
83788  44.095  -2.769  26.057 0.0000000000
58158  5.160  -25.615  69.781 0.0000000000
77251  39.255  -8.373  32.318 0.0000000000
76077  37.423  -8.575  33.462 0.0000000000
72854  34.444  -12.393  36.024 0.0000000000
72871  37.036  -13.345  34.708 0.0000000000
71752  37.226  -14.724  35.887 0.0000000000
70616  37.193  -15.772  38.710 0.0000000000
58303  14.340  -26.052  58.049 0.0000000000
57261  16.307  -27.211  60.104 0.0000000000
56205  14.086  -27.976  60.493 0.0000000000
56162  13.266  -28.473  63.292 0.0000000000
56195  11.456  -27.078  61.319 0.0000000000
58225  8.764  -24.391  64.260 0.0000000000
58179  7.231  -25.083  66.418 0.0000000000
67531  26.551  -17.255  49.569 0.0000000000
63945  26.171  -20.380  50.294 0.0000000000
65146  23.952  -19.550  50.054 0.0000000000
59463  21.167  -24.882  54.440 0.0000000000
58353  23.768  -25.751  54.105 0.0000000000
66429  35.409  -18.328  42.552 0.0000000000
69589  32.732  -15.804  41.294 0.0000000000
76052  36.536  -8.488  35.947 0.0000000000
74921  34.593  -9.163  37.693 0.0000000000
73885  32.414  -11.240  37.052 0.0000000000
59465  19.404  -24.460  54.348 0.0000000000
59405  18.709  -24.992  57.205 0.0000000000
59452  17.410  -24.701  55.219 0.0000000000
60550  15.399  -23.200  56.773 0.0000000000
61653  14.103  -22.444  58.903 0.0000000000
63928  23.299  -20.534  51.352 0.0000000000
61767  22.539  -21.358  53.397 0.0000000000
60619  21.039  -23.720  52.870 0.0000000000
70508  29.866  -15.796  46.444 0.0000000000
70527  28.396  -14.954  43.403 0.0000000000
66407  29.963  -18.692  43.269 0.0000000000
64051  33.819  -20.057  43.134 0.0000000000
87226  47.711  1.136  25.523 0.0000000000
86125  45.733  -0.306  25.110 0.0000000000
82698  46.423  -3.410  25.069 0.0000000000
80547  40.997  -5.532  30.554 0.0000000000
78391  43.460  -7.564  29.888 0.0000000000
77261  41.136  -8.408  30.778 0.0000000000
76109  41.934  -9.946  32.051 0.0000000000
72896  42.394  -12.623  33.390 0.0000000000
74982  36.783  -10.654  33.998 0.0000000000
72884  39.451  -13.095  34.010 0.0000000000
61854  29.259  -22.265  48.809 0.0000000000
60677  31.978  -23.493  48.950 0.0000000000
81567  41.911  -3.936  32.158 0.0000000000
59332  10.576  -24.008  61.091 0.0000000000
58252  10.012  -25.736  62.384 0.0000000000
57218  8.633  -27.191  64.068 0.0000000000
56105  8.320  -28.201  66.434 0.0000000000
56107  6.918  -27.339  66.965 0.0000000000
58180  5.248  -25.564  67.919 0.0000000000
59218  4.608  -24.323  68.194 0.0000000000
60375  4.036  -22.716  69.341 0.0000000000
63995  28.946  -20.870  47.809 0.0000000000
63962  27.966  -20.880  49.618 0.0000000000
62887  27.761  -22.102  52.100 0.0000000000
60658  24.153  -23.565  50.909 0.0000000000
71727  31.225  -13.156  38.097 0.0000000000
70570  29.486  -15.337  41.095 0.0000000000
71694  31.801  -14.542  39.822 0.0000000000
71710  33.889  -15.094  39.719 0.0000000000
61833  34.296  -22.670  48.742 0.0000000000
88209  51.738  1.675  20.481 0.0000000000
87238  49.176  0.524  23.695 0.0000000000
86171  50.650  -0.651  21.700 0.0000000000
81601  43.181  -3.980  28.443 0.0000000000
81588  44.414  -4.438  28.966 0.0000000000
80559  43.600  -5.289  29.035 0.0000000000
62975  30.722  -21.282  46.112 0.0000000000
61908  31.469  -22.235  45.529 0.0000000000
61893  30.914  -22.351  46.631 0.0000000000
81591  41.275  -3.966  29.412 0.0000000000
83754  41.200  -2.129  29.049 0.0000000000
82665  41.976  -3.192  28.069 0.0000000000
82677  42.814  -3.094  27.448 0.0000000000
58159  4.487  -25.288  69.225 0.0000000000
78348  37.921  -6.924  33.620 0.0000000000
77195  37.542  -7.034  35.329 0.0000000000
71755  34.700  -13.632  36.134 0.0000000000
71773  35.749  -13.742  35.480 0.0000000000
70645  35.620  -14.953  36.600 0.0000000000
70629  36.947  -15.725  37.585 0.0000000000
70630  35.897  -15.555  37.424 0.0000000000
58290  13.451  -25.534  58.729 0.0000000000
57272  14.038  -26.937  58.835 0.0000000000
57264  12.568  -26.547  59.725 0.0000000000
56207  12.212  -26.970  60.403 0.0000000000
57265  11.802  -26.218  60.154 0.0000000000
67516  25.888  -16.886  50.236 0.0000000000
66305  25.854  -18.181  49.586 0.0000000000
66290  24.187  -18.083  50.655 0.0000000000
59448  21.104  -24.926  55.446 0.0000000000
73805  28.543  -11.678  43.948 0.0000000000
67593  36.124  -17.629  42.763 0.0000000000
74940  33.618  -10.055  37.048 0.0000000000
76022  32.633  -8.950  38.000 0.0000000000
60600  18.692  -23.612  53.986 0.0000000000
59467  17.969  -24.509  54.800 0.0000000000
60601  17.780  -23.737  54.453 0.0000000000
61684  16.037  -22.286  56.390 0.0000000000
61666  15.586  -21.796  57.140 0.0000000000
60538  14.842  -23.432  57.531 0.0000000000
63893  23.072  -19.295  53.609 0.0000000000
62859  20.021  -21.583  53.752 0.0000000000
61748  20.543  -21.785  53.690 0.0000000000
61771  19.571  -23.021  53.332 0.0000000000
60621  19.585  -23.892  53.718 0.0000000000
68599  29.224  -16.863  44.682 0.0000000000
67582  30.334  -18.077  44.575 0.0000000000
63001  33.087  -21.607  44.524 0.0000000000
64053  31.868  -20.771  43.114 0.0000000000
64023  34.108  -20.901  45.086 0.0000000000
64022  35.018  -20.153  44.747 0.0000000000
64007  35.111  -20.598  46.086 0.0000000000
86096  42.931  0.604  28.244 0.0000000000
87229  45.717  0.756  26.034 0.0000000000
86114  45.012  0.303  25.970 0.0000000000
83778  44.621  -3.325  26.831 0.0000000000
83795  45.400  -2.577  25.104 0.0000000000
83786  45.762  -3.737  26.073 0.0000000000
80537  40.784  -6.026  31.128 0.0000000000
79514  41.501  -6.563  30.181 0.0000000000
78380  40.066  -7.659  31.051 0.0000000000
76112  39.620  -9.263  32.523 0.0000000000
76111  40.308  -9.462  32.190 0.0000000000
76094  40.796  -10.082  32.764 0.0000000000
74999  42.306  -11.041  32.815 0.0000000000
73947  40.686  -11.531  33.265 0.0000000000
74954  35.664  -9.518  35.867 0.0000000000
76067  36.372  -9.227  34.778 0.0000000000
74968  36.283  -9.871  34.527 0.0000000000
71770  39.022  -14.046  34.960 0.0000000000
72885  38.157  -12.534  34.026 0.0000000000
71782  39.841  -13.800  34.651 0.0000000000
71780  41.159  -13.428  34.408 0.0000000000
62919  29.299  -22.086  50.532 0.0000000000
61836  30.635  -22.929  50.245 0.0000000000
79496  40.256  -5.966  32.384 0.0000000000
80536  40.956  -5.296  31.565 0.0000000000
81568  40.988  -4.237  31.435 0.0000000000
59407  17.509  -26.088  56.970 0.0000000000
58288  17.446  -26.371  58.508 0.0000000000
56163  12.149  -28.118  63.177 0.0000000000
56122  13.481  -28.261  65.140 0.0000000000
56123  12.494  -28.257  65.133 0.0000000000
56124  11.461  -28.270  65.147 0.0000000000
60453  10.226  -22.910  62.843 0.0000000000
58251  10.286  -24.966  61.925 0.0000000000
59299  9.593  -24.278  62.996 0.0000000000
58212  8.347  -24.756  65.015 0.0000000000
58226  8.468  -25.815  64.152 0.0000000000
58227  8.112  -26.708  64.583 0.0000000000
56127  8.425  -28.021  65.433 0.0000000000
56128  7.755  -27.796  65.826 0.0000000000
56106  7.431  -27.779  66.551 0.0000000000
57190  7.044  -26.730  66.279 0.0000000000
59215  7.347  -24.091  67.654 0.0000000000
59253  6.116  -25.365  66.614 0.0000000000
59233  5.460  -24.798  67.294 0.0000000000
58181  4.956  -24.885  67.861 0.0000000000
60386  5.706  -23.813  68.253 0.0000000000
65175  29.558  -19.129  48.279 0.0000000000
63977  30.284  -19.636  47.930 0.0000000000
65176  28.735  -19.439  48.301 0.0000000000
63979  28.321  -20.399  48.521 0.0000000000
63980  27.729  -19.755  48.834 0.0000000000
63926  25.999  -21.087  50.710 0.0000000000
63925  26.817  -21.221  51.158 0.0000000000
62888  26.994  -22.037  52.183 0.0000000000
61789  23.034  -22.136  52.335 0.0000000000
61807  23.444  -22.464  51.095 0.0000000000
59496  23.388  -24.482  51.755 0.0000000000
58352  24.822  -25.728  54.004 0.0000000000
77258  44.006  -8.380  30.007 0.0000000000
77257  44.982  -8.176  30.104 0.0000000000
77233  45.261  -9.369  31.144 0.0000000000
74904  29.156  -10.328  39.477 0.0000000000
73870  30.615  -11.198  37.988 0.0000000000
72832  30.300  -12.351  38.446 0.0000000000
69591  28.661  -16.441  41.922 0.0000000000
70548  28.441  -15.184  42.167 0.0000000000
69607  30.472  -16.178  41.165 0.0000000000
70545  34.131  -14.778  41.816 0.0000000000
70568  32.086  -15.189  40.408 0.0000000000
71667  33.328  -14.814  40.773 0.0000000000
71693  32.697  -14.764  40.014 0.0000000000
71666  34.037  -14.341  41.097 0.0000000000
71690  35.614  -14.535  41.045 0.0000000000
61834  33.014  -23.070  48.885 0.0000000000
88190  51.304  2.269  22.155 0.0000000000
86135  47.858  -0.109  24.330 0.0000000000
87234  48.735  0.779  24.389 0.0000000000
86145  48.755  -0.309  23.798 0.0000000000
84970  50.922  -1.801  22.478 0.0000000000
83841  51.910  -2.253  22.098 0.0000000000
62861  19.110  -21.415  54.183 0.0000000000
61729  17.787  -22.197  54.634 0.0000000000
83767  45.091  -3.257  27.823 0.0000000000
83752  46.485  -3.767  28.852 0.0000000000
82649  45.395  -3.744  29.020 0.0000000000
66373  31.497  -18.917  44.953 0.0000000000
65229  30.997  -19.621  44.416 0.0000000000
64025  30.971  -20.616  45.022 0.0000000000
61922  31.717  -22.115  44.896 0.0000000000
61890  33.057  -22.237  45.700 0.0000000000
84882  43.033  -0.947  31.437 0.0000000000
84893  41.502  -0.719  30.000 0.0000000000
84905  41.416  -0.479  28.779 0.0000000000
86105  42.831  -0.309  27.112 0.0000000000
86115  43.915  -0.592  26.135 0.0000000000
84928  43.108  -1.805  26.653 0.0000000000
83779  43.603  -3.019  26.931 0.0000000000
57145  5.744  -25.955  69.550 0.0000000000
79483  39.407  -6.076  32.970 0.0000000000
78381  39.509  -7.582  31.704 0.0000000000
78362  38.493  -7.162  32.647 0.0000000000
77238  38.402  -8.236  32.836 0.0000000000
75004  37.938  -9.269  33.224 0.0000000000
73899  34.791  -10.906  36.085 0.0000000000
72887  36.215  -11.868  34.542 0.0000000000
72872  35.975  -12.741  34.855 0.0000000000
71772  36.633  -13.938  35.216 0.0000000000
71751  38.403  -14.792  36.000 0.0000000000
70642  38.743  -15.226  37.104 0.0000000000
70627  38.858  -15.269  38.139 0.0000000000
62854  29.760  -22.778  53.271 0.0000000000
58319  15.233  -25.943  57.153 0.0000000000
57277  16.403  -27.075  58.395 0.0000000000
57279  14.793  -27.073  58.258 0.0000000000
56211  14.940  -27.833  60.168 0.0000000000
56204  15.125  -28.045  61.021 0.0000000000
56181  12.700  -28.131  62.236 0.0000000000
56182  11.535  -27.611  62.094 0.0000000000
59284  9.298  -23.887  63.758 0.0000000000
58195  8.785  -23.709  65.664 0.0000000000
58197  8.133  -24.944  65.765 0.0000000000
58198  7.441  -25.682  65.939 0.0000000000
58178  7.918  -24.856  66.408 0.0000000000
59214  8.148  -23.989  67.593 0.0000000000
59203  7.216  -23.618  68.380 0.0000000000
66319  27.561  -18.256  48.916 0.0000000000
65162  27.229  -19.342  49.070 0.0000000000
65163  26.750  -18.630  49.239 0.0000000000
65145  25.358  -19.445  49.871 0.0000000000
62904  25.440  -21.608  50.631 0.0000000000
59482  22.063  -24.899  52.793 0.0000000000
59481  23.256  -25.195  52.536 0.0000000000
58343  22.518  -25.561  54.628 0.0000000000
76090  44.986  -10.530  32.207 0.0000000000
73834  28.597  -12.043  41.098 0.0000000000
66431  33.665  -18.615  41.669 0.0000000000
68647  32.262  -16.867  41.367 0.0000000000
67609  35.070  -17.551  42.119 0.0000000000
69586  35.636  -15.826  42.525 0.0000000000
89145  50.832  2.205  25.282 0.0000000000
59195  3.335  -24.974  69.876 0.0000000000
74936  36.974  -8.513  37.468 0.0000000000
74937  36.046  -9.098  37.128 0.0000000000
74938  35.117  -9.785  36.842 0.0000000000
73883  34.118  -10.594  36.683 0.0000000000
73900  33.918  -11.478  36.391 0.0000000000
72856  33.066  -12.614  36.622 0.0000000000
59449  20.114  -24.827  55.400 0.0000000000
59404  19.530  -24.712  57.261 0.0000000000
59431  18.956  -24.894  56.247 0.0000000000
59432  18.187  -25.272  56.121 0.0000000000
58333  16.608  -25.672  56.238 0.0000000000
60585  16.846  -23.379  55.145 0.0000000000
60570  16.097  -23.477  55.974 0.0000000000
59435  15.510  -25.310  56.515 0.0000000000
59408  14.995  -24.522  57.247 0.0000000000
59386  14.209  -24.563  58.238 0.0000000000
60524  13.050  -23.868  59.260 0.0000000000
66273  23.401  -18.531  51.962 0.0000000000
65084  23.177  -18.889  52.902 0.0000000000
62875  23.178  -21.409  52.885 0.0000000000
60617  22.382  -22.688  52.547 0.0000000000
61746  21.798  -20.935  54.016 0.0000000000
61768  21.807  -22.039  53.230 0.0000000000
60618  21.787  -23.329  52.731 0.0000000000
59483  21.081  -24.581  53.458 0.0000000000
59464  20.341  -24.691  54.572 0.0000000000
71606  28.854  -13.824  45.549 0.0000000000
71625  28.495  -13.459  44.554 0.0000000000
70510  28.622  -15.019  44.482 0.0000000000
68612  28.952  -17.122  42.932 0.0000000000
66461  30.480  -18.628  41.799 0.0000000000
65242  30.599  -19.321  43.213 0.0000000000
65257  31.930  -19.784  42.069 0.0000000000
65277  32.539  -19.075  41.325 0.0000000000
65239  34.521  -19.631  42.883 0.0000000000
65227  35.612  -19.428  44.104 0.0000000000
88172  46.944  1.579  26.405 0.0000000000
86112  46.830  0.764  25.311 0.0000000000
86136  47.131  -0.821  24.545 0.0000000000
86126  44.868  -0.784  25.409 0.0000000000
84949  46.149  -1.675  24.817 0.0000000000
80561  41.520  -4.892  29.584 0.0000000000
79526  42.837  -6.005  29.290 0.0000000000
78402  42.288  -6.535  29.723 0.0000000000
78392  42.264  -7.398  30.041 0.0000000000
77247  42.565  -9.014  30.760 0.0000000000
77249  40.364  -8.685  31.314 0.0000000000
76120  41.291  -9.458  31.564 0.0000000000
76108  43.029  -10.051  32.082 0.0000000000
76092  43.272  -10.683  32.232 0.0000000000
73944  43.911  -11.799  33.149 0.0000000000
76066  36.637  -8.630  34.602 0.0000000000
74981  37.327  -10.014  33.606 0.0000000000
74980  38.314  -10.570  33.277 0.0000000000
73932  37.368  -11.410  33.900 0.0000000000
73931  38.643  -11.482  33.534 0.0000000000
73948  39.681  -11.120  33.326 0.0000000000
73929  41.058  -12.479  33.464 0.0000000000
61873  29.090  -22.285  47.970 0.0000000000
60699  30.745  -23.014  47.693 0.0000000000
60678  30.916  -23.350  49.377 0.0000000000
60666  32.037  -23.676  50.113 0.0000000000
82631  41.562  -3.056  31.853 0.0000000000
81579  40.823  -4.249  30.390 0.0000000000
60506  12.562  -23.163  59.824 0.0000000000
60488  11.310  -22.918  60.736 0.0000000000
59349  11.258  -24.199  60.202 0.0000000000
58278  11.054  -25.654  60.757 0.0000000000
57254  10.661  -26.183  61.533 0.0000000000
57230  9.730  -26.897  62.721 0.0000000000
58238  9.261  -25.299  63.184 0.0000000000
57231  9.294  -27.347  63.525 0.0000000000
56165  9.946  -27.760  63.479 0.0000000000
56125  10.417  -28.283  65.199 0.0000000000
56083  10.085  -28.158  67.123 0.0000000000
56072  6.579  -27.246  68.414 0.0000000000
58199  6.576  -25.739  66.429 0.0000000000
57192  5.986  -26.429  67.354 0.0000000000
57156  6.137  -26.770  68.497 0.0000000000
58165  4.681  -25.060  68.412 0.0000000000
59205  4.014  -24.711  68.732 0.0000000000
60374  5.031  -23.121  69.194 0.0000000000
60388  4.341  -23.479  68.619 0.0000000000
59206  3.434  -24.262  69.123 0.0000000000
64011  30.425  -21.094  46.602 0.0000000000
63994  29.944  -20.820  47.117 0.0000000000
62961  29.238  -21.639  47.374 0.0000000000
62962  28.759  -21.395  48.233 0.0000000000
61839  28.736  -21.654  49.375 0.0000000000
62920  28.716  -21.840  50.661 0.0000000000
63944  27.166  -20.598  50.195 0.0000000000
63924  27.472  -21.439  51.191 0.0000000000
62886  28.236  -22.223  51.817 0.0000000000
65123  23.374  -20.139  50.581 0.0000000000
61823  24.017  -21.940  50.486 0.0000000000
60657  25.056  -23.692  51.091 0.0000000000
59480  24.321  -25.307  52.321 0.0000000000
59479  25.653  -24.920  52.473 0.0000000000
60616  26.234  -24.363  52.369 0.0000000000
78399  44.795  -6.980  29.702 0.0000000000
74942  31.855  -10.194  37.550 0.0000000000
72843  31.898  -12.198  37.246 0.0000000000
71737  32.577  -13.873  37.472 0.0000000000
72761  28.541  -12.849  42.786 0.0000000000
72772  28.516  -12.979  41.690 0.0000000000
72785  28.797  -13.064  40.626 0.0000000000
70569  30.752  -15.422  40.624 0.0000000000
70592  30.787  -14.705  40.183 0.0000000000
71714  30.152  -13.570  39.165 0.0000000000
71713  31.129  -13.918  38.927 0.0000000000
71725  32.662  -14.496  38.304 0.0000000000
70619  34.301  -15.209  38.210 0.0000000000
70605  35.466  -15.562  39.275 0.0000000000
61851  32.234  -23.217  48.150 0.0000000000
61850  33.276  -22.839  47.848 0.0000000000
62947  34.711  -21.980  47.962 0.0000000000
62933  35.906  -21.856  48.854 0.0000000000
62946  35.367  -21.546  48.099 0.0000000000
89165  52.837  2.654  21.224 0.0000000000
88185  49.434  1.206  24.182 0.0000000000
88187  49.987  1.556  23.455 0.0000000000
84958  49.611  -1.252  23.239 0.0000000000
86156  49.968  -0.399  22.753 0.0000000000
87244  50.105  0.593  22.415 0.0000000000
86186  50.739  0.016  20.867 0.0000000000
86201  51.769  -0.042  19.805 0.0000000000
81589  43.327  -4.566  28.777 0.0000000000
80560  42.549  -5.160  29.183 0.0000000000
62976  30.461  -21.599  46.470 0.0000000000
82652  41.200  -3.068  29.033 0.0000000000
82651  41.783  -3.685  28.729 0.0000000000
81602  42.434  -3.748  28.409 0.0000000000
59194  3.820  -25.102  69.567 0.0000000000
71754  35.376  -14.219  36.036 0.0000000000
70646  34.734  -14.578  36.569 0.0000000000
70631  34.918  -15.224  37.336 0.0000000000
58291  12.745  -25.688  59.250 0.0000000000
57273  13.207  -26.446  59.167 0.0000000000
58276  11.919  -25.282  59.559 0.0000000000
67517  24.966  -17.570  50.426 0.0000000000
67504  24.353  -17.395  51.304 0.0000000000
59429  20.816  -24.844  56.434 0.0000000000
59428  21.898  -24.980  56.485 0.0000000000
73789  28.730  -11.594  45.033 0.0000000000
61751  18.169  -22.943  54.109 0.0000000000
62860  19.555  -21.504  53.926 0.0000000000
61749  19.769  -22.107  53.458 0.0000000000
61772  19.090  -23.287  53.642 0.0000000000
67581  30.936  -17.987  45.145 0.0000000000
62987  33.410  -21.681  45.253 0.0000000000
64024  33.527  -21.335  44.755 0.0000000000
64008  34.421  -21.106  45.824 0.0000000000
86095  43.717  0.953  27.700 0.0000000000
88161  43.747  1.500  28.747 0.0000000000
88168  44.151  1.578  28.423 0.0000000000
87215  44.464  1.297  27.564 0.0000000000
86103  44.709  0.799  26.546 0.0000000000
83777  45.790  -3.778  26.933 0.0000000000
83776  46.896  -4.167  27.743 0.0000000000
56061  6.960  -27.412  69.245 0.0000000000
76096  39.206  -9.559  32.921 0.0000000000
76095  39.966  -9.828  32.863 0.0000000000
75001  40.315  -10.608  33.120 0.0000000000
75000  41.273  -10.885  33.063 0.0000000000
73915  35.603  -11.061  35.057 0.0000000000
62900  29.702  -22.279  51.071 0.0000000000
80526  41.296  -5.272  32.432 0.0000000000
80527  40.603  -5.841  31.733 0.0000000000
58317  16.832  -26.097  56.673 0.0000000000
58300  17.188  -26.491  57.460 0.0000000000
56143  12.820  -28.428  64.212 0.0000000000
59315  9.954  -23.901  62.314 0.0000000000
58213  7.933  -25.933  65.154 0.0000000000
57205  7.731  -27.150  65.193 0.0000000000
57206  7.430  -27.222  65.862 0.0000000000
59216  6.298  -23.985  67.915 0.0000000000
59217  5.360  -24.189  67.932 0.0000000000
66318  28.636  -17.972  48.892 0.0000000000
66317  29.276  -18.501  48.665 0.0000000000
66333  28.599  -18.761  48.473 0.0000000000
65177  27.974  -19.219  48.576 0.0000000000
62903  26.281  -21.834  51.246 0.0000000000
62873  27.421  -22.731  52.266 0.0000000000
61787  26.939  -23.016  52.141 0.0000000000
60641  22.917  -23.254  51.744 0.0000000000
77245  44.684  -9.109  30.427 0.0000000000
77234  44.630  -9.556  31.016 0.0000000000
74885  28.657  -10.946  40.497 0.0000000000
74884  28.812  -10.140  40.181 0.0000000000
74905  28.927  -11.386  39.660 0.0000000000
73858  29.382  -11.434  38.911 0.0000000000
68649  30.211  -17.068  41.378 0.0000000000
69608  29.584  -16.444  41.376 0.0000000000
68648  31.191  -16.936  41.361 0.0000000000
70544  34.837  -14.435  42.395 0.0000000000
71646  33.827  -14.567  41.357 0.0000000000
71665  34.932  -14.049  41.427 0.0000000000
89157  51.293  2.414  22.605 0.0000000000
86146  48.300  -0.973  23.988 0.0000000000
62845  19.647  -21.026  54.736 0.0000000000
62846  18.703  -21.292  54.684 0.0000000000
62831  19.527  -20.052  55.628 0.0000000000
82662  44.962  -3.443  28.471 0.0000000000
82650  44.559  -3.783  28.667 0.0000000000
80558  44.628  -5.369  29.167 0.0000000000
81587  45.445  -4.614  29.298 0.0000000000
61907  32.301  -22.193  45.132 0.0000000000
83734  41.333  -2.140  31.307 0.0000000000
84883  41.927  -1.240  31.053 0.0000000000
84884  41.244  -1.629  30.520 0.0000000000
83770  41.422  -1.855  28.282 0.0000000000
84906  41.099  -1.259  28.998 0.0000000000
84914  41.520  -0.671  27.948 0.0000000000
86097  41.944  -0.022  28.067 0.0000000000
86106  42.041  -0.669  27.491 0.0000000000
84920  42.449  -1.347  27.060 0.0000000000
82664  43.001  -3.561  27.955 0.0000000000
82676  43.544  -3.360  27.558 0.0000000000
83768  44.195  -3.364  27.435 0.0000000000
79498  38.858  -6.991  32.271 0.0000000000
79484  38.698  -6.769  32.650 0.0000000000
77207  37.703  -7.700  33.385 0.0000000000
77223  38.058  -8.149  33.059 0.0000000000
76097  38.585  -9.041  33.004 0.0000000000
76098  38.065  -8.713  33.149 0.0000000000
73916  35.135  -12.047  35.423 0.0000000000
72873  35.246  -13.045  35.630 0.0000000000
71753  36.209  -14.495  35.942 0.0000000000
71771  37.725  -14.033  35.207 0.0000000000
70643  37.703  -15.425  36.737 0.0000000000
70628  38.021  -15.704  37.835 0.0000000000
70615  38.156  -15.431  38.937 0.0000000000
58320  14.783  -26.024  57.582 0.0000000000
58302  15.014  -26.604  57.692 0.0000000000
57263  13.492  -27.277  59.641 0.0000000000
56212  14.368  -27.603  59.647 0.0000000000
56192  14.467  -28.416  61.628 0.0000000000
56193  13.339  -28.140  61.353 0.0000000000
56194  12.227  -27.547  61.182 0.0000000000
58196  8.583  -23.982  65.809 0.0000000000
58177  8.368  -24.256  66.244 0.0000000000
59230  8.250  -24.126  66.854 0.0000000000
59202  7.967  -23.665  68.285 0.0000000000
67515  27.068  -16.501  50.232 0.0000000000
67530  27.398  -17.310  49.489 0.0000000000
67529  28.162  -17.476  49.394 0.0000000000
66320  26.800  -17.920  49.291 0.0000000000
66306  24.695  -18.550  50.072 0.0000000000
63946  25.092  -20.576  50.182 0.0000000000
59462  21.885  -25.309  54.058 0.0000000000
74865  28.647  -11.242  41.483 0.0000000000
73820  28.754  -11.984  42.057 0.0000000000
66430  34.609  -18.622  42.177 0.0000000000
67610  34.093  -17.628  41.659 0.0000000000
67592  37.112  -17.083  42.890 0.0000000000
68624  35.441  -16.520  42.274 0.0000000000
68609  36.267  -16.376  42.690 0.0000000000
59207  2.848  -24.369  69.303 0.0000000000
74939  34.335  -9.871  37.042 0.0000000000
73882  34.580  -10.260  36.633 0.0000000000
74941  32.766  -10.206  37.175 0.0000000000
73884  33.340  -10.892  36.791 0.0000000000
73901  33.157  -11.771  36.616 0.0000000000
72855  33.665  -12.302  36.377 0.0000000000
59450  19.188  -24.849  55.326 0.0000000000
59451  18.359  -24.894  55.313 0.0000000000
59433  17.228  -25.552  56.130 0.0000000000
59453  16.810  -24.975  55.580 0.0000000000
62833  17.605  -21.228  55.508 0.0000000000
61708  16.794  -22.223  55.730 0.0000000000
60549  15.849  -22.996  56.394 0.0000000000
60571  15.538  -24.312  56.394 0.0000000000
60539  14.372  -23.203  58.209 0.0000000000
59385  14.665  -23.946  57.853 0.0000000000
59365  13.391  -24.380  58.906 0.0000000000
60523  13.541  -23.369  59.074 0.0000000000
66254  23.521  -17.794  53.193 0.0000000000
62874  23.153  -20.514  53.288 0.0000000000
61769  21.139  -22.531  53.197 0.0000000000
59485  19.920  -24.376  54.096 0.0000000000
70498  29.301  -14.554  46.266 0.0000000000
70509  29.241  -15.202  45.742 0.0000000000
67594  29.740  -18.137  44.079 0.0000000000
69577  29.016  -16.592  44.291 0.0000000000
67595  29.375  -17.892  43.310 0.0000000000
67596  29.215  -17.742  42.562 0.0000000000
66432  29.901  -18.516  42.396 0.0000000000
64040  31.179  -20.537  44.030 0.0000000000
65241  30.953  -19.857  43.508 0.0000000000
64054  31.342  -20.420  43.273 0.0000000000
64052  32.943  -20.557  43.072 0.0000000000
64066  31.944  -20.365  42.559 0.0000000000
64065  32.418  -20.057  42.419 0.0000000000
65256  32.883  -19.464  42.009 0.0000000000
65255  33.898  -19.287  42.211 0.0000000000
65240  33.621  -19.819  42.651 0.0000000000
87200  43.884  0.716  31.166 0.0000000000
88171  47.526  1.987  27.003 0.0000000000
87221  46.916  2.071  27.600 0.0000000000
86113  46.066  0.465  25.504 0.0000000000
87228  46.400  1.167  26.019 0.0000000000
86124  46.756  -0.010  24.824 0.0000000000
84936  46.370  -0.928  24.770 0.0000000000
84927  43.713  -1.743  26.098 0.0000000000
86127  44.350  -1.384  25.695 0.0000000000
84939  44.315  -2.065  25.648 0.0000000000
82699  45.758  -3.171  25.252 0.0000000000
83794  46.057  -2.765  24.835 0.0000000000
83807  46.451  -2.210  24.658 0.0000000000
79527  41.876  -5.822  29.663 0.0000000000
78393  40.923  -7.551  30.584 0.0000000000
77260  41.866  -8.309  30.497 0.0000000000
77259  42.925  -8.347  30.178 0.0000000000
78382  39.161  -8.048  32.158 0.0000000000
77250  39.594  -8.385  32.014 0.0000000000
76110  41.112  -9.771  32.182 0.0000000000
76121  40.728  -9.394  31.775 0.0000000000
76119  42.263  -9.559  31.411 0.0000000000
75013  42.329  -10.467  32.344 0.0000000000
73946  41.752  -12.022  33.037 0.0000000000
73945  42.938  -11.929  33.254 0.0000000000
76065  37.000  -7.750  35.772 0.0000000000
74967  36.617  -9.486  34.122 0.0000000000
72886  37.009  -12.371  34.351 0.0000000000
73930  40.058  -12.072  33.701 0.0000000000
61853  29.779  -22.729  48.461 0.0000000000
61837  29.974  -22.637  49.534 0.0000000000
60656  31.404  -23.179  51.644 0.0000000000
60667  31.332  -23.313  50.632 0.0000000000
57270  16.346  -27.206  59.121 0.0000000000
56161  14.337  -28.531  63.454 0.0000000000
60505  13.158  -22.944  59.502 0.0000000000
60468  10.761  -22.272  61.758 0.0000000000
61606  11.231  -21.806  61.527 0.0000000000
60507  11.822  -23.582  60.104 0.0000000000
59331  10.987  -23.659  60.624 0.0000000000
59350  10.894  -24.950  60.656 0.0000000000
58263  10.386  -25.764  61.806 0.0000000000
57245  10.351  -26.469  62.022 0.0000000000
56183  10.590  -27.247  62.218 0.0000000000
58239  9.022  -26.537  63.467 0.0000000000
56146  9.539  -27.969  64.294 0.0000000000
56104  9.266  -28.293  66.285 0.0000000000
56086  7.367  -27.825  67.538 0.0000000000
56071  7.207  -27.709  68.399 0.0000000000
56087  6.733  -27.325  67.665 0.0000000000
58200  5.734  -25.836  66.979 0.0000000000
57174  5.735  -26.329  67.818 0.0000000000
57157  5.668  -26.190  68.666 0.0000000000
60389  3.681  -23.502  68.909 0.0000000000
60376  3.126  -23.253  69.292 0.0000000000
63978  29.243  -20.077  47.961 0.0000000000
62948  28.485  -21.275  49.069 0.0000000000
62936  28.518  -21.580  49.900 0.0000000000
63943  27.994  -21.417  50.661 0.0000000000
65144  26.469  -19.526  49.575 0.0000000000
65143  27.090  -19.858  49.587 0.0000000000
63906  27.346  -21.624  51.766 0.0000000000
63905  27.664  -21.803  51.688 0.0000000000
63923  27.910  -21.786  51.401 0.0000000000
63904  27.872  -21.928  51.625 0.0000000000
62871  28.537  -22.702  52.408 0.0000000000
65122  23.260  -19.520  51.207 0.0000000000
61824  23.623  -21.834  50.776 0.0000000000
61806  24.509  -22.813  50.661 0.0000000000
61822  24.839  -22.106  50.548 0.0000000000
58371  23.137  -25.565  53.265 0.0000000000
58370  24.050  -25.662  53.193 0.0000000000
58351  25.611  -25.595  53.794 0.0000000000
58369  25.052  -25.623  53.115 0.0000000000
58368  25.633  -25.418  53.220 0.0000000000
78401  43.124  -6.742  29.690 0.0000000000
79525  43.850  -6.143  29.258 0.0000000000
78400  44.081  -6.875  29.666 0.0000000000
76023  31.552  -9.238  38.307 0.0000000000
76024  30.705  -9.780  38.417 0.0000000000
72831  30.831  -12.176  37.991 0.0000000000
73886  31.378  -11.335  37.541 0.0000000000
71739  31.415  -12.565  37.647 0.0000000000
71758  32.431  -13.331  37.150 0.0000000000
71738  31.902  -13.176  37.458 0.0000000000
71626  28.457  -13.864  43.758 0.0000000000
71669  28.645  -14.147  41.223 0.0000000000
71696  29.597  -14.098  40.059 0.0000000000
68627  32.611  -16.350  41.409 0.0000000000
69606  31.757  -15.985  41.105 0.0000000000
70591  31.381  -14.592  40.027 0.0000000000
71695  30.814  -14.162  39.742 0.0000000000
71711  33.116  -14.870  39.280 0.0000000000
71712  32.081  -14.598  39.100 0.0000000000
70620  33.487  -14.842  38.267 0.0000000000
70607  33.858  -15.076  38.946 0.0000000000
70606  34.577  -15.337  39.260 0.0000000000
70588  36.425  -15.255  40.695 0.0000000000
60687  31.127  -23.340  48.227 0.0000000000
61852  31.601  -23.288  48.015 0.0000000000
60686  31.733  -23.361  48.340 0.0000000000
61849  34.115  -22.434  47.549 0.0000000000
63991  35.458  -20.882  47.360 0.0000000000
89166  52.159  2.404  21.381 0.0000000000
89155  52.742  2.832  22.016 0.0000000000
89180  52.367  2.347  20.758 0.0000000000
88221  52.169  1.189  19.903 0.0000000000
88176  48.572  1.664  26.145 0.0000000000
88181  49.324  1.374  25.228 0.0000000000
88188  49.503  0.980  23.610 0.0000000000
84985  50.844  -1.358  22.079 0.0000000000
84971  50.375  -1.238  22.525 0.0000000000
87257  50.523  0.681  21.481 0.0000000000
81600  43.939  -4.072  28.579 0.0000000000
62989  30.977  -21.482  45.694 0.0000000000
61909  31.199  -22.320  46.135 0.0000000000
61892  31.571  -22.628  46.429 0.0000000000
83741  40.988  -2.404  29.820 0.0000000000
84894  41.093  -1.640  29.762 0.0000000000
82666  41.477  -2.554  28.452 0.0000000000
83769  41.757  -2.457  27.941 0.0000000000
82678  42.245  -2.623  27.599 0.0000000000
79461  38.618  -6.288  33.533 0.0000000000
78347  38.219  -6.376  34.164 0.0000000000
78329  37.805  -6.777  34.433 0.0000000000
77196  37.321  -7.534  34.086 0.0000000000
71774  35.289  -13.670  35.817 0.0000000000
70644  36.605  -15.238  36.630 0.0000000000
70617  36.173  -15.754  38.460 0.0000000000
56206  12.927  -27.549  60.380 0.0000000000
57252  11.667  -26.746  60.754 0.0000000000
59213  8.696  -23.446  67.380 0.0000000000
59447  22.226  -25.365  55.335 0.0000000000
67580  36.306  -18.211  43.437 0.0000000000
67579  36.944  -17.867  43.790 0.0000000000
74922  33.888  -9.417  37.417 0.0000000000
76036  33.132  -9.410  37.444 0.0000000000
59466  18.512  -24.463  54.568 0.0000000000
61683  16.543  -21.866  56.156 0.0000000000
61685  15.433  -22.367  56.949 0.0000000000
61766  22.639  -20.334  54.119 0.0000000000
61727  20.915  -21.065  54.571 0.0000000000
61747  21.280  -21.473  53.848 0.0000000000
61770  20.369  -22.823  53.177 0.0000000000
60620  20.281  -23.792  53.263 0.0000000000
60599  19.178  -23.912  53.941 0.0000000000
69566  29.072  -16.182  44.820 0.0000000000
68598  29.917  -17.321  45.105 0.0000000000
68610  29.802  -17.714  44.547 0.0000000000
63002  32.339  -21.766  44.445 0.0000000000
63018  32.125  -21.307  43.699 0.0000000000
63017  32.808  -21.373  43.906 0.0000000000
64039  33.479  -21.076  44.160 0.0000000000
64038  34.256  -20.313  43.827 0.0000000000
64006  35.888  -20.223  46.837 0.0000000000
86089  42.684  0.631  29.824 0.0000000000
88160  44.133  1.790  29.304 0.0000000000
87222  46.464  1.594  27.052 0.0000000000
87223  45.345  1.145  26.654 0.0000000000
83796  44.730  -2.550  25.499 0.0000000000
83787  45.156  -3.339  25.833 0.0000000000
82686  46.385  -3.988  25.952 0.0000000000
82685  47.233  -4.562  26.163 0.0000000000
82675  46.665  -4.368  26.822 0.0000000000
80548  40.893  -6.018  30.804 0.0000000000
79515  40.851  -6.420  30.741 0.0000000000
77236  39.384  -8.713  32.396 0.0000000000
77235  39.836  -8.915  32.081 0.0000000000
76093  41.618  -10.367  32.565 0.0000000000
76053  36.281  -9.150  35.159 0.0000000000
72870  37.926  -13.320  34.528 0.0000000000
72869  38.623  -13.348  34.254 0.0000000000
72883  40.693  -12.970  34.028 0.0000000000
71781  40.512  -13.615  34.540 0.0000000000
61821  29.638  -22.313  50.201 0.0000000000
61820  30.090  -22.532  50.617 0.0000000000
61819  30.787  -22.843  51.101 0.0000000000
79495  41.052  -5.609  33.041 0.0000000000
81557  41.418  -4.691  32.049 0.0000000000
59406  18.124  -25.680  57.058 0.0000000000
59384  17.853  -25.977  57.898 0.0000000000
56142  13.865  -28.503  64.298 0.0000000000
56101  12.227  -28.182  66.057 0.0000000000
56102  11.230  -28.187  66.103 0.0000000000
60452  10.558  -22.404  62.446 0.0000000000
60469  10.527  -23.041  61.754 0.0000000000
59316  9.987  -24.884  62.648 0.0000000000
57219  8.276  -27.432  64.746 0.0000000000
56147  8.801  -27.870  64.713 0.0000000000
56085  8.185  -28.174  67.384 0.0000000000
59232  6.539  -24.719  66.816 0.0000000000
59254  5.854  -25.158  66.759 0.0000000000
59234  5.106  -24.592  67.836 0.0000000000
60387  5.159  -23.687  68.441 0.0000000000
63996  28.650  -20.896  48.161 0.0000000000
62890  23.305  -21.228  52.100 0.0000000000
62905  23.423  -21.415  51.037 0.0000000000
60659  23.526  -23.640  51.264 0.0000000000
59505  24.011  -24.200  51.219 0.0000000000
58341  24.588  -25.757  55.049 0.0000000000
78390  44.433  -7.568  29.873 0.0000000000
77244  45.796  -8.469  30.616 0.0000000000
75991  29.151  -9.325  40.339 0.0000000000
76008  30.408  -9.232  39.178 0.0000000000
74924  30.053  -10.500  38.457 0.0000000000
73871  30.137  -11.695  38.421 0.0000000000
69588  33.707  -15.610  41.761 0.0000000000
70547  32.723  -15.401  40.866 0.0000000000
70546  33.256  -15.092  41.100 0.0000000000
70567  32.961  -15.051  40.592 0.0000000000
71668  32.632  -14.917  40.250 0.0000000000
71692  33.545  -14.841  40.362 0.0000000000
71691  34.605  -14.865  40.457 0.0000000000
70590  34.954  -15.514  39.891 0.0000000000
60665  32.757  -23.502  49.596 0.0000000000
60676  32.545  -23.347  49.063 0.0000000000
61818  33.706  -23.203  49.791 0.0000000000
61817  34.803  -22.826  50.092 0.0000000000
89156  51.914  2.465  22.256 0.0000000000
88199  51.414  2.108  21.578 0.0000000000
86123  47.473  0.596  25.030 0.0000000000
87232  48.306  0.829  25.071 0.0000000000
87235  48.301  0.466  24.470 0.0000000000
86134  48.384  0.254  24.167 0.0000000000
83828  51.515  -2.269  22.510 0.0000000000
84984  51.480  -1.644  21.663 0.0000000000
86170  51.198  -1.102  21.333 0.0000000000
84983  52.069  -1.854  21.233 0.0000000000
61728  18.357  -21.863  54.292 0.0000000000
62847  18.130  -21.314  55.062 0.0000000000
62844  20.227  -21.183  54.306 0.0000000000
83753  45.631  -3.403  28.516 0.0000000000
82648  46.427  -4.162  29.281 0.0000000000
66389  30.927  -18.694  44.431 0.0000000000
63003  31.439  -21.573  44.526 0.0000000000
61921  31.917  -21.993  44.681 0.0000000000
62988  32.797  -21.883  44.905 0.0000000000
61906  32.884  -22.019  45.237 0.0000000000
62974  33.756  -21.912  46.073 0.0000000000
84892  42.247  -0.517  30.754 0.0000000000
86078  42.371  0.046  30.403 0.0000000000
86079  41.958  -0.152  30.217 0.0000000000
86090  41.933  0.193  29.383 0.0000000000
86116  43.161  -1.152  26.547 0.0000000000
83789  43.454  -2.358  26.542 0.0000000000
83780  42.767  -2.347  27.059 0.0000000000
57144  6.343  -26.774  69.450 0.0000000000
79506  39.545  -7.042  31.604 0.0000000000
79497  39.288  -6.817  32.044 0.0000000000
78370  39.164  -7.280  31.983 0.0000000000
78363  38.213  -7.392  32.937 0.0000000000
78372  38.392  -7.928  32.691 0.0000000000
77237  38.825  -8.363  32.605 0.0000000000
76113  39.133  -8.980  32.722 0.0000000000
75003  38.514  -9.933  33.172 0.0000000000
70641  39.424  -15.046  37.560 0.0000000000
62869  29.745  -22.471  52.521 0.0000000000
61763  30.311  -22.694  53.151 0.0000000000
57289  16.148  -26.992  57.799 0.0000000000
57290  15.621  -26.760  57.517 0.0000000000
57278  15.671  -27.182  58.231 0.0000000000
57271  15.312  -27.624  59.266 0.0000000000
56180  13.816  -28.537  62.413 0.0000000000
56164  10.858  -27.830  63.091 0.0000000000
59270  9.312  -23.426  64.795 0.0000000000
58211  8.789  -23.809  65.186 0.0000000000
59231  7.640  -24.552  66.992 0.0000000000
59497  22.781  -24.651  52.302 0.0000000000
58354  22.729  -25.636  53.966 0.0000000000
58342  23.303  -25.694  55.155 0.0000000000
76107  44.346  -9.834  31.652 0.0000000000
76106  45.624  -9.801  31.822 0.0000000000
73846  28.839  -12.094  40.179 0.0000000000
67627  32.534  -17.816  41.224 0.0000000000
67611  33.249  -17.768  41.348 0.0000000000
68626  33.237  -16.688  41.473 0.0000000000
68625  34.412  -16.521  41.893 0.0000000000
69587  34.880  -15.387  42.329 0.0000000000
69576  35.247  -14.752  42.676 0.0000000000
89148  50.729  2.272  24.290 0.0000000000
83804  48.762  -2.495  24.049 0.0000000000
84959  48.787  -1.502  23.796 0.0000000000
76035  37.046  -8.374  36.801 0.0000000000
74953  36.406  -8.761  36.668 0.0000000000
74955  35.206  -10.169  36.183 0.0000000000
71756  33.746  -13.225  36.482 0.0000000000
59430  19.839  -24.809  56.341 0.0000000000
61709  16.340  -22.741  55.942 0.0000000000
60569  16.484  -22.950  55.681 0.0000000000
60586  16.574  -24.339  55.439 0.0000000000
59434  16.185  -25.029  55.884 0.0000000000
58335  15.710  -25.991  56.699 0.0000000000
59409  14.673  -25.422  57.611 0.0000000000
67505  23.860  -18.037  51.378 0.0000000000
67491  23.879  -17.590  52.154 0.0000000000
63927  23.169  -19.996  51.908 0.0000000000
63907  23.252  -19.910  52.673 0.0000000000
59484  20.370  -24.418  53.866 0.0000000000
72751  28.480  -12.649  44.822 0.0000000000
71607  28.676  -14.275  44.839 0.0000000000
69567  28.691  -15.567  44.043 0.0000000000
69578  28.723  -16.151  43.466 0.0000000000
68628  28.925  -17.302  42.146 0.0000000000
67631  29.586  -17.718  41.784 0.0000000000
67629  30.809  -17.822  41.408 0.0000000000
66390  30.512  -18.969  43.770 0.0000000000
64067  31.559  -20.373  42.864 0.0000000000
65258  31.149  -19.815  42.603 0.0000000000
65259  30.451  -19.072  42.532 0.0000000000
65279  31.253  -19.298  41.815 0.0000000000
66460  31.358  -18.632  41.301 0.0000000000
66459  32.183  -18.579  41.107 0.0000000000
66458  32.910  -18.608  41.291 0.0000000000
66405  35.151  -18.951  42.807 0.0000000000
65228  34.972  -19.794  43.617 0.0000000000
65238  35.276  -19.365  43.290 0.0000000000
66404  35.773  -18.671  43.259 0.0000000000
88177  47.458  1.553  26.071 0.0000000000
87227  47.091  1.223  25.624 0.0000000000
86111  47.290  0.927  25.337 0.0000000000
84947  47.721  -1.435  24.194 0.0000000000
84937  45.600  -1.216  24.997 0.0000000000
84938  44.945  -1.781  25.254 0.0000000000
84950  45.614  -1.896  25.003 0.0000000000
84948  46.835  -1.559  24.550 0.0000000000
83805  47.875  -2.415  24.227 0.0000000000
77246  43.575  -9.106  30.468 0.0000000000
76118  43.298  -9.606  31.182 0.0000000000
77248  41.553  -8.953  30.996 0.0000000000
76091  43.893  -10.574  32.240 0.0000000000
74997  44.400  -11.238  32.622 0.0000000000
74998  43.355  -11.191  32.608 0.0000000000
73949  38.917  -10.699  33.243 0.0000000000
73933  36.515  -11.220  34.364 0.0000000000
73928  41.597  -12.684  33.364 0.0000000000
61872  30.084  -22.594  47.355 0.0000000000
60688  30.417  -23.075  48.352 0.0000000000
82632  40.902  -3.178  31.108 0.0000000000
81569  40.703  -3.789  30.941 0.0000000000
82640  40.873  -3.328  30.287 0.0000000000
59383  18.534  -25.251  58.389 0.0000000000
58301  16.796  -26.868  57.992 0.0000000000
59348  12.007  -24.108  59.666 0.0000000000
60487  12.073  -22.738  60.363 0.0000000000
58277  11.277  -25.432  60.216 0.0000000000
57266  11.339  -26.104  60.559 0.0000000000
57253  11.111  -26.303  61.107 0.0000000000
58262  10.688  -25.415  61.250 0.0000000000
57244  10.911  -26.867  61.664 0.0000000000
56145  10.648  -28.086  64.215 0.0000000000
56103  10.243  -28.233  66.179 0.0000000000
56126  9.427  -28.222  65.328 0.0000000000
56062  6.458  -27.106  68.911 0.0000000000
57191  6.393  -26.653  66.998 0.0000000000
57173  6.237  -26.811  67.772 0.0000000000
58164  5.155  -25.576  68.897 0.0000000000
60373  6.047  -23.462  68.902 0.0000000000
59219  3.885  -24.031  68.567 0.0000000000
64010  30.909  -20.678  46.324 0.0000000000
61855  28.846  -21.767  48.912 0.0000000000
61838  29.161  -21.999  49.676 0.0000000000
62935  28.936  -21.848  50.203 0.0000000000
62901  29.177  -22.154  51.221 0.0000000000
63963  27.509  -20.143  49.285 0.0000000000
62902  28.472  -21.996  51.265 0.0000000000
62885  29.104  -22.397  51.834 0.0000000000
62870  29.146  -22.667  52.479 0.0000000000
66291  23.639  -18.672  50.849 0.0000000000
65147  23.681  -20.293  50.251 0.0000000000
62922  23.942  -21.263  50.359 0.0000000000
63947  24.066  -20.664  50.099 0.0000000000
62921  24.551  -21.351  50.360 0.0000000000
61805  25.677  -22.720  51.086 0.0000000000
59495  24.545  -24.693  51.626 0.0000000000
59504  24.655  -24.126  51.217 0.0000000000
59494  25.181  -24.295  51.506 0.0000000000
60640  25.978  -23.862  51.830 0.0000000000
60639  26.600  -23.529  52.016 0.0000000000
60615  26.882  -24.056  52.518 0.0000000000
79524  44.857  -6.284  29.411 0.0000000000
79513  45.318  -6.738  29.678 0.0000000000
77163  32.398  -8.574  38.562 0.0000000000
76038  31.883  -9.652  37.804 0.0000000000
74923  30.997  -10.348  37.986 0.0000000000
73902  32.583  -12.131  36.853 0.0000000000
71757  32.904  -13.356  36.865 0.0000000000
71736  33.375  -14.014  36.999 0.0000000000
72760  28.550  -12.706  43.783 0.0000000000
71647  28.414  -13.973  42.481 0.0000000000
72802  29.104  -12.941  39.772 0.0000000000
69590  32.367  -15.605  40.892 0.0000000000
70593  30.159  -14.816  40.561 0.0000000000
72819  29.354  -12.734  39.318 0.0000000000
72818  29.765  -12.542  38.881 0.0000000000
72817  30.516  -12.988  38.536 0.0000000000
71726  31.847  -13.947  38.184 0.0000000000
70633  33.196  -14.422  37.650 0.0000000000
70632  33.962  -14.730  37.311 0.0000000000
70618  35.194  -15.570  38.301 0.0000000000
70589  35.528  -15.370  40.256 0.0000000000
70604  36.344  -15.724  39.578 0.0000000000
70603  37.360  -15.578  39.902 0.0000000000
61871  31.312  -22.971  47.411 0.0000000000
61870  32.377  -22.885  47.070 0.0000000000
61869  33.442  -22.504  46.706 0.0000000000
61868  34.058  -22.234  47.008 0.0000000000
62958  34.504  -21.886  47.124 0.0000000000
62917  35.272  -22.404  49.249 0.0000000000
62934  35.044  -21.964  48.667 0.0000000000
62957  34.948  -21.478  47.519 0.0000000000
62972  34.841  -21.233  46.919 0.0000000000
87231  48.795  1.074  25.023 0.0000000000
88180  50.244  1.766  25.673 0.0000000000
88184  50.155  1.647  24.716 0.0000000000
86144  49.440  -0.206  23.347 0.0000000000
84957  50.376  -1.813  22.954 0.0000000000
87237  49.638  0.506  23.183 0.0000000000
88191  50.674  1.805  22.212 0.0000000000
88200  50.981  1.419  21.168 0.0000000000
88210  51.134  1.133  20.638 0.0000000000
86185  51.553  -0.892  20.683 0.0000000000
87268  51.206  0.498  20.268 0.0000000000
87282  51.866  0.780  19.953 0.0000000000
56055  7.133  -27.308  69.817 0.0000000000
58334  16.157  -25.839  56.436 0.0000000000
59478  26.359  -24.557  52.638 0.0000000000
59503  24.965  -24.066  51.247 0.0000000000
60489  10.733  -23.257  61.140 0.0000000000
60622  19.127  -23.657  53.819 0.0000000000
60679  30.275  -22.962  48.924 0.0000000000
60700  30.555  -23.050  47.885 0.0000000000
61788  26.379  -23.131  51.723 0.0000000000
61803  30.231  -22.511  51.510 0.0000000000
61835  32.452  -23.303  48.767 0.0000000000
61874  28.900  -21.967  48.434 0.0000000000
62889  23.335  -20.578  52.585 0.0000000000
62918  29.681  -22.294  50.619 0.0000000000
62923  23.713  -21.464  50.633 0.0000000000
62959  34.057  -22.020  46.658 0.0000000000
62986  34.022  -21.415  45.734 0.0000000000
62990  30.906  -22.070  46.021 0.0000000000
63908  23.303  -20.480  52.143 0.0000000000
63948  23.597  -20.833  50.575 0.0000000000
64037  34.965  -19.923  44.083 0.0000000000
65102  23.185  -19.389  52.136 0.0000000000
65230  30.782  -19.279  43.823 0.0000000000
65278  32.010  -19.286  41.424 0.0000000000
65280  30.811  -19.234  42.149 0.0000000000
66307  24.050  -18.669  50.323 0.0000000000
66332  29.028  -18.956  48.351 0.0000000000
66387  36.222  -18.536  44.000 0.0000000000
66406  30.287  -18.596  44.070 0.0000000000
66408  29.547  -18.217  42.760 0.0000000000
66433  29.507  -18.085  42.309 0.0000000000
67612  29.756  -18.107  41.942 0.0000000000
67613  29.294  -17.750  41.997 0.0000000000
67630  30.007  -17.779  41.616 0.0000000000
68611  29.233  -17.256  44.124 0.0000000000
68646  32.825  -17.277  41.343 0.0000000000
68650  29.396  -17.226  41.663 0.0000000000
69605  32.322  -16.206  41.344 0.0000000000
71715  29.538  -13.217  39.379 0.0000000000
72844  31.346  -12.072  37.560 0.0000000000
72857  32.429  -12.820  36.962 0.0000000000
72897  41.915  -12.750  33.295 0.0000000000
75012  42.831  -10.745  32.342 0.0000000000
76037  32.291  -9.578  37.659 0.0000000000
77164  31.883  -8.534  38.798 0.0000000000
77222  38.388  -8.501  32.958 0.0000000000
78371  38.815  -7.438  32.329 0.0000000000
79462  38.309  -6.848  33.086 0.0000000000
79485  38.381  -7.028  32.816 0.0000000000
81580  40.771  -3.748  30.666 0.0000000000
82633  40.773  -3.517  30.862 0.0000000000
82641  40.812  -3.511  30.618 0.0000000000
82687  45.893  -3.546  25.632 0.0000000000
83782  41.487  -1.464  27.864 0.0000000000
83808  45.941  -2.226  24.884 0.0000000000
84885  40.985  -1.972  30.191 0.0000000000
84891  42.652  -0.299  30.961 0.0000000000
84915  41.185  -1.101  28.232 0.0000000000
84921  41.743  -1.192  27.560 0.0000000000
84922  41.375  -1.087  27.825 0.0000000000
84960  48.309  -1.445  23.984 0.0000000000
87216  43.670  1.215  28.262 0.0000000000
87224  44.581  1.030  26.855 0.0000000000
87269  50.832  0.767  20.842 0.0000000000
88178  46.949  1.437  25.976 0.0000000000
88182  48.759  1.253  25.370 0.0000000000
