#!ascii label  , from subject 4111 vox2ras=TkReg
1394
32661  -14.866  -65.465  52.559 0.0000000000
51882  -39.027  -51.386  43.106 0.0000000000
60975  -38.713  -46.240  42.523 0.0000000000
56345  -31.287  -48.514  50.756 0.0000000000
75761  -43.626  -33.096  36.416 0.0000000000
69258  -37.101  -35.461  40.206 0.0000000000
50568  -40.242  -51.575  49.581 0.0000000000
52962  -35.591  -50.674  46.886 0.0000000000
78069  -48.561  -30.176  40.067 0.0000000000
76958  -51.849  -29.244  36.797 0.0000000000
81544  -53.504  -26.559  34.920 0.0000000000
64370  -37.428  -41.734  47.057 0.0000000000
64436  -35.078  -41.530  42.141 0.0000000000
71736  -39.297  -35.692  45.789 0.0000000000
73103  -43.764  -33.797  44.481 0.0000000000
44576  -29.009  -58.167  44.507 0.0000000000
28413  -13.039  -69.170  55.131 0.0000000000
56455  -41.578  -48.805  42.266 0.0000000000
59728  -38.830  -46.240  47.675 0.0000000000
50659  -28.143  -53.583  43.324 0.0000000000
56421  -30.278  -47.592  44.021 0.0000000000
80416  -55.203  -27.894  28.453 0.0000000000
81554  -57.614  -26.276  32.874 0.0000000000
69302  -41.770  -35.155  38.495 0.0000000000
73127  -47.133  -33.616  43.215 0.0000000000
36639  -17.451  -62.897  48.573 0.0000000000
25612  -9.401  -70.713  48.800 0.0000000000
76920  -50.493  -29.419  38.555 0.0000000000
66852  -38.739  -38.637  46.263 0.0000000000
44610  -25.790  -58.200  41.877 0.0000000000
29839  -13.656  -67.175  53.438 0.0000000000
55365  -40.949  -49.859  39.822 0.0000000000
54194  -41.112  -50.452  42.555 0.0000000000
54133  -28.875  -50.580  47.455 0.0000000000
55295  -28.852  -49.215  44.957 0.0000000000
56384  -31.045  -47.091  47.792 0.0000000000
51836  -36.572  -51.622  44.461 0.0000000000
54175  -34.585  -50.770  43.361 0.0000000000
51900  -36.491  -52.149  41.593 0.0000000000
54084  -30.902  -50.719  51.326 0.0000000000
51789  -28.549  -52.024  48.372 0.0000000000
78142  -49.236  -28.486  31.753 0.0000000000
80414  -53.094  -28.011  28.823 0.0000000000
81552  -55.462  -25.601  32.837 0.0000000000
68085  -35.579  -38.185  41.129 0.0000000000
69281  -39.064  -35.073  39.313 0.0000000000
70451  -45.633  -35.825  44.562 0.0000000000
44550  -21.990  -58.024  46.171 0.0000000000
41896  -20.418  -59.754  49.633 0.0000000000
39241  -19.232  -61.311  51.516 0.0000000000
39308  -18.166  -61.982  47.273 0.0000000000
27064  -10.337  -69.627  49.094 0.0000000000
50631  -39.274  -50.522  46.227 0.0000000000
51842  -40.625  -50.373  46.407 0.0000000000
51780  -42.239  -51.257  48.539 0.0000000000
55228  -35.112  -49.164  53.376 0.0000000000
54110  -34.031  -49.086  48.467 0.0000000000
52911  -36.120  -50.367  50.428 0.0000000000
51779  -37.931  -51.042  48.719 0.0000000000
74487  -46.383  -32.107  38.396 0.0000000000
75735  -47.997  -30.455  37.106 0.0000000000
76972  -49.792  -29.248  35.428 0.0000000000
78133  -50.901  -28.096  33.803 0.0000000000
80380  -52.386  -27.190  32.283 0.0000000000
78123  -52.478  -28.133  35.852 0.0000000000
62107  -36.799  -44.179  44.299 0.0000000000
62129  -36.623  -43.744  42.522 0.0000000000
65632  -36.420  -40.600  45.160 0.0000000000
68050  -36.619  -38.260  44.351 0.0000000000
71763  -37.903  -35.082  43.434 0.0000000000
71785  -39.860  -33.281  42.097 0.0000000000
74423  -41.767  -33.586  45.541 0.0000000000
41968  -26.834  -58.741  45.321 0.0000000000
44592  -23.489  -58.031  43.568 0.0000000000
83695  -56.888  -25.940  29.152 0.0000000000
28411  -11.929  -70.144  54.334 0.0000000000
56491  -41.312  -48.270  39.486 0.0000000000
58619  -41.095  -45.935  41.933 0.0000000000
56411  -40.727  -48.868  45.196 0.0000000000
58602  -40.367  -47.063  45.216 0.0000000000
60946  -38.536  -45.999  44.759 0.0000000000
60920  -38.099  -44.416  48.067 0.0000000000
54155  -33.903  -48.921  45.431 0.0000000000
48190  -27.979  -54.906  48.150 0.0000000000
48249  -28.585  -55.277  44.164 0.0000000000
80382  -53.983  -27.582  31.639 0.0000000000
80394  -56.233  -26.237  29.808 0.0000000000
81592  -57.848  -27.137  29.738 0.0000000000
83677  -57.729  -25.098  32.128 0.0000000000
32694  -14.749  -65.668  47.866 0.0000000000
31262  -13.285  -67.303  49.511 0.0000000000
70577  -42.928  -34.883  37.128 0.0000000000
70507  -42.420  -33.609  41.284 0.0000000000
69266  -44.007  -33.541  40.358 0.0000000000
71819  -45.312  -33.242  39.266 0.0000000000
75706  -46.431  -31.434  41.728 0.0000000000
34029  -15.775  -64.325  50.246 0.0000000000
28486  -11.553  -68.655  50.605 0.0000000000
27043  -10.775  -69.768  51.244 0.0000000000
28472  -9.773  -69.598  51.162 0.0000000000
31233  -14.170  -66.660  53.324 0.0000000000
53043  -38.653  -51.965  41.224 0.0000000000
53044  -39.813  -51.466  41.280 0.0000000000
53021  -40.034  -51.398  42.715 0.0000000000
56353  -29.416  -48.722  49.761 0.0000000000
55274  -28.956  -48.662  47.344 0.0000000000
55262  -31.356  -48.330  48.755 0.0000000000
51854  -37.476  -51.623  43.767 0.0000000000
51853  -36.614  -51.989  43.265 0.0000000000
51902  -37.974  -52.310  42.031 0.0000000000
53042  -37.515  -52.121  41.007 0.0000000000
56330  -32.254  -49.040  52.939 0.0000000000
55216  -32.262  -49.613  53.901 0.0000000000
55231  -30.542  -49.371  51.623 0.0000000000
54094  -29.426  -50.105  50.249 0.0000000000
79255  -51.678  -28.461  29.830 0.0000000000
59786  -39.249  -46.394  41.697 0.0000000000
61003  -38.409  -45.734  41.130 0.0000000000
69277  -35.772  -37.055  40.213 0.0000000000
68115  -35.795  -37.000  38.661 0.0000000000
69280  -38.158  -35.320  39.268 0.0000000000
44558  -20.570  -58.704  45.593 0.0000000000
43214  -21.075  -59.092  48.117 0.0000000000
43228  -19.139  -59.763  47.278 0.0000000000
41894  -18.570  -60.540  48.595 0.0000000000
41943  -18.955  -60.696  46.130 0.0000000000
50596  -39.714  -51.243  48.079 0.0000000000
50598  -40.858  -51.148  47.656 0.0000000000
50569  -40.808  -51.421  49.304 0.0000000000
54060  -36.295  -49.987  53.870 0.0000000000
52898  -35.192  -49.716  51.028 0.0000000000
52887  -36.896  -50.248  52.270 0.0000000000
50552  -38.823  -51.915  50.745 0.0000000000
51752  -37.502  -51.761  50.298 0.0000000000
50581  -39.125  -51.452  49.141 0.0000000000
50609  -38.559  -50.897  47.800 0.0000000000
75719  -47.589  -31.044  39.198 0.0000000000
74497  -46.951  -30.976  37.485 0.0000000000
75721  -48.530  -30.324  37.941 0.0000000000
75738  -51.188  -29.404  37.333 0.0000000000
75737  -50.218  -29.588  37.172 0.0000000000
76957  -51.122  -29.368  36.402 0.0000000000
76990  -50.199  -28.811  34.863 0.0000000000
76991  -51.069  -28.800  35.396 0.0000000000
78134  -51.622  -27.926  34.447 0.0000000000
78111  -52.218  -28.693  36.154 0.0000000000
63215  -36.769  -42.727  46.399 0.0000000000
63228  -36.410  -42.487  44.873 0.0000000000
64379  -36.904  -41.390  46.406 0.0000000000
69211  -39.191  -37.600  45.733 0.0000000000
68040  -38.096  -38.289  45.791 0.0000000000
70457  -38.162  -36.564  45.005 0.0000000000
70469  -37.017  -36.482  43.547 0.0000000000
71748  -38.670  -35.485  45.112 0.0000000000
73118  -39.217  -33.589  43.975 0.0000000000
73089  -39.636  -34.627  45.533 0.0000000000
45744  -27.513  -56.676  46.928 0.0000000000
43233  -26.661  -58.034  46.555 0.0000000000
43274  -28.348  -59.024  44.580 0.0000000000
44593  -24.234  -58.110  43.073 0.0000000000
84790  -57.032  -24.193  30.024 0.0000000000
85898  -57.286  -23.134  29.971 0.0000000000
28412  -12.584  -69.584  54.609 0.0000000000
55350  -41.892  -49.639  41.224 0.0000000000
55381  -40.818  -48.783  38.989 0.0000000000
56481  -41.989  -47.937  40.771 0.0000000000
58635  -41.721  -47.232  40.739 0.0000000000
57488  -40.979  -47.869  41.892 0.0000000000
52976  -41.221  -50.156  47.088 0.0000000000
54160  -40.797  -49.887  45.077 0.0000000000
55288  -41.285  -49.580  46.818 0.0000000000
58574  -40.130  -47.202  47.916 0.0000000000
58589  -40.659  -47.603  46.088 0.0000000000
59744  -39.849  -46.760  45.717 0.0000000000
59754  -39.585  -46.503  44.860 0.0000000000
59743  -39.038  -46.461  46.165 0.0000000000
60932  -37.675  -45.133  46.778 0.0000000000
59727  -38.312  -45.440  48.065 0.0000000000
56407  -29.236  -48.227  44.431 0.0000000000
52935  -34.666  -49.347  47.610 0.0000000000
54121  -33.598  -48.745  47.276 0.0000000000
52960  -34.483  -49.621  45.951 0.0000000000
55321  -34.081  -49.383  42.918 0.0000000000
49369  -28.839  -53.742  50.515 0.0000000000
50624  -29.171  -53.093  45.814 0.0000000000
49408  -29.102  -54.128  45.841 0.0000000000
49422  -28.387  -54.411  43.721 0.0000000000
48282  -28.031  -55.450  42.174 0.0000000000
80373  -52.831  -26.949  33.206 0.0000000000
80381  -53.101  -27.144  31.915 0.0000000000
81560  -53.903  -26.662  33.148 0.0000000000
142902  -56.645  -25.982  32.679 0.0000000000
81573  -55.994  -26.761  31.390 0.0000000000
81564  -56.908  -26.299  32.051 0.0000000000
81584  -56.824  -26.320  30.292 0.0000000000
81585  -57.368  -25.563  31.176 0.0000000000
83686  -57.957  -25.862  30.995 0.0000000000
82635  -57.688  -25.630  32.420 0.0000000000
63256  -35.797  -42.612  42.728 0.0000000000
62128  -36.027  -44.086  41.610 0.0000000000
70594  -41.405  -35.013  36.333 0.0000000000
69320  -42.619  -35.292  37.990 0.0000000000
73137  -41.944  -33.459  43.045 0.0000000000
70485  -41.321  -33.410  41.313 0.0000000000
71766  -43.629  -33.145  43.539 0.0000000000
73107  -46.958  -34.883  44.099 0.0000000000
70490  -44.826  -33.896  42.408 0.0000000000
70510  -45.307  -34.283  42.919 0.0000000000
70529  -44.475  -33.697  39.669 0.0000000000
71807  -45.446  -33.595  42.022 0.0000000000
73150  -45.650  -32.654  41.121 0.0000000000
75701  -46.840  -32.247  42.692 0.0000000000
37947  -17.878  -61.988  50.251 0.0000000000
35350  -16.871  -63.090  50.520 0.0000000000
35334  -17.229  -63.313  51.986 0.0000000000
35362  -16.305  -63.729  49.638 0.0000000000
34035  -15.844  -64.439  48.938 0.0000000000
35377  -16.998  -64.557  47.196 0.0000000000
29901  -12.844  -68.108  48.594 0.0000000000
29869  -12.610  -67.865  50.394 0.0000000000
28497  -11.738  -68.708  49.149 0.0000000000
27063  -9.782  -70.192  48.967 0.0000000000
27056  -10.933  -69.349  50.681 0.0000000000
27055  -10.288  -69.663  50.088 0.0000000000
27032  -10.509  -69.854  51.656 0.0000000000
27041  -9.579  -69.836  50.567 0.0000000000
51735  -37.678  -50.583  52.798 0.0000000000
78049  -50.274  -29.607  41.213 0.0000000000
78071  -49.558  -29.761  39.074 0.0000000000
76892  -50.894  -29.488  40.165 0.0000000000
65623  -38.683  -39.936  46.984 0.0000000000
44613  -28.484  -58.123  42.507 0.0000000000
43322  -26.804  -58.608  42.511 0.0000000000
29814  -15.002  -67.727  55.647 0.0000000000
28436  -13.417  -68.104  55.196 0.0000000000
54224  -39.588  -50.737  39.798 0.0000000000
54209  -41.424  -50.269  41.204 0.0000000000
55338  -41.481  -49.534  42.527 0.0000000000
59711  -38.967  -45.513  48.765 0.0000000000
52971  -29.315  -51.236  46.288 0.0000000000
52980  -28.629  -51.713  44.099 0.0000000000
54145  -29.182  -50.269  45.580 0.0000000000
56382  -29.080  -47.914  46.502 0.0000000000
57444  -30.538  -46.571  45.908 0.0000000000
51803  -36.183  -51.284  46.411 0.0000000000
52973  -34.653  -50.239  45.229 0.0000000000
52984  -35.874  -51.641  44.308 0.0000000000
53018  -35.253  -51.420  42.036 0.0000000000
53073  -36.365  -51.197  39.864 0.0000000000
51740  -31.048  -51.869  51.464 0.0000000000
51760  -28.693  -52.288  50.414 0.0000000000
52933  -29.114  -50.868  49.803 0.0000000000
52959  -28.761  -51.353  47.722 0.0000000000
77013  -47.584  -29.619  32.569 0.0000000000
80415  -54.217  -28.034  28.405 0.0000000000
81545  -54.222  -26.670  35.469 0.0000000000
82618  -54.542  -26.270  34.179 0.0000000000
66901  -35.508  -39.656  41.519 0.0000000000
69316  -38.350  -35.482  37.503 0.0000000000
69301  -41.047  -35.308  38.752 0.0000000000
73079  -44.886  -34.682  45.454 0.0000000000
71739  -44.693  -34.611  44.827 0.0000000000
73081  -45.874  -34.558  45.764 0.0000000000
41946  -23.345  -58.965  46.614 0.0000000000
41914  -22.363  -58.642  48.461 0.0000000000
40547  -21.341  -60.340  51.110 0.0000000000
41879  -19.617  -60.121  50.068 0.0000000000
39274  -18.074  -61.799  48.878 0.0000000000
37985  -17.877  -62.462  48.060 0.0000000000
35378  -17.323  -63.769  47.015 0.0000000000
38012  -18.069  -62.828  45.878 0.0000000000
50665  -38.520  -50.236  44.367 0.0000000000
51857  -39.590  -50.228  44.031 0.0000000000
50632  -39.746  -50.560  46.020 0.0000000000
50614  -41.275  -51.009  47.376 0.0000000000
56347  -32.919  -48.658  51.466 0.0000000000
55247  -32.680  -48.753  49.664 0.0000000000
54072  -33.992  -49.364  50.907 0.0000000000
52910  -35.374  -50.077  50.301 0.0000000000
52937  -35.816  -50.316  48.609 0.0000000000
51751  -37.047  -51.136  50.616 0.0000000000
51763  -37.110  -51.075  49.713 0.0000000000
51790  -36.411  -50.770  47.781 0.0000000000
51804  -37.081  -51.170  46.922 0.0000000000
51837  -37.673  -50.964  45.046 0.0000000000
55218  -34.486  -48.750  53.914 0.0000000000
73204  -45.014  -32.767  36.875 0.0000000000
75782  -44.134  -31.671  35.345 0.0000000000
74516  -45.339  -31.814  36.835 0.0000000000
75764  -46.358  -30.349  36.272 0.0000000000
75785  -47.088  -29.456  35.116 0.0000000000
75736  -49.041  -29.831  37.078 0.0000000000
75766  -48.313  -29.420  35.900 0.0000000000
76988  -48.441  -29.185  34.651 0.0000000000
77002  -49.238  -28.352  33.862 0.0000000000
78143  -49.942  -27.883  32.263 0.0000000000
78155  -50.588  -27.794  31.866 0.0000000000
79239  -51.789  -27.568  31.728 0.0000000000
79230  -51.882  -27.347  32.877 0.0000000000
79223  -52.297  -27.306  34.528 0.0000000000
80366  -52.681  -27.101  35.169 0.0000000000
78103  -53.456  -28.757  37.470 0.0000000000
80349  -54.190  -27.210  36.267 0.0000000000
62108  -37.045  -44.992  43.673 0.0000000000
60973  -36.941  -44.805  42.547 0.0000000000
62118  -37.218  -44.023  43.074 0.0000000000
63245  -36.503  -42.837  43.258 0.0000000000
64418  -35.754  -41.578  43.259 0.0000000000
66840  -37.490  -39.521  46.290 0.0000000000
66861  -36.484  -39.178  44.464 0.0000000000
66872  -35.978  -39.035  43.416 0.0000000000
68073  -36.041  -38.035  42.482 0.0000000000
69239  -36.630  -37.112  42.021 0.0000000000
71799  -37.677  -35.409  41.682 0.0000000000
70502  -38.644  -34.857  40.944 0.0000000000
71784  -38.850  -34.258  42.730 0.0000000000
73119  -40.327  -32.806  43.983 0.0000000000
74438  -42.163  -33.320  44.739 0.0000000000
74397  -42.805  -33.750  47.173 0.0000000000
74415  -44.550  -33.797  45.983 0.0000000000
41966  -25.117  -59.108  45.900 0.0000000000
43298  -26.556  -58.533  43.665 0.0000000000
43296  -24.599  -57.943  44.199 0.0000000000
41965  -24.281  -58.794  45.920 0.0000000000
44560  -22.280  -58.013  45.263 0.0000000000
59787  -40.441  -46.001  41.422 0.0000000000
59775  -39.606  -46.321  42.973 0.0000000000
53000  -40.570  -50.130  44.192 0.0000000000
54178  -40.627  -49.967  43.784 0.0000000000
56440  -40.615  -48.988  43.098 0.0000000000
57470  -40.536  -48.282  44.526 0.0000000000
57480  -40.549  -47.542  42.971 0.0000000000
58611  -40.576  -46.863  43.770 0.0000000000
59765  -39.892  -46.390  43.738 0.0000000000
60960  -38.952  -46.283  43.661 0.0000000000
60945  -37.723  -45.205  45.448 0.0000000000
60944  -37.214  -44.604  46.470 0.0000000000
62078  -37.675  -43.267  47.756 0.0000000000
60905  -38.982  -44.071  48.584 0.0000000000
63186  -38.956  -42.464  48.496 0.0000000000
55277  -32.594  -48.282  48.023 0.0000000000
55287  -33.313  -47.959  47.102 0.0000000000
56423  -32.641  -47.664  44.473 0.0000000000
54173  -34.127  -49.479  44.302 0.0000000000
55319  -33.434  -48.080  44.066 0.0000000000
46930  -27.332  -55.487  48.678 0.0000000000
46952  -28.650  -56.342  46.836 0.0000000000
49389  -28.224  -53.626  48.461 0.0000000000
48231  -29.095  -55.299  46.342 0.0000000000
46992  -28.622  -56.709  44.109 0.0000000000
45805  -28.488  -57.031  41.778 0.0000000000
80400  -52.432  -27.867  30.391 0.0000000000
80391  -54.111  -27.685  30.638 0.0000000000
80403  -55.026  -27.680  29.344 0.0000000000
81561  -54.700  -26.676  32.720 0.0000000000
80384  -55.556  -27.198  30.874 0.0000000000
80404  -55.600  -26.985  28.941 0.0000000000
80405  -56.815  -27.108  28.842 0.0000000000
80419  -57.591  -27.161  28.275 0.0000000000
81601  -58.016  -27.283  28.542 0.0000000000
83696  -57.974  -26.373  29.561 0.0000000000
83685  -57.449  -25.862  30.815 0.0000000000
32679  -14.801  -65.576  50.221 0.0000000000
31250  -13.721  -66.565  51.174 0.0000000000
31279  -13.761  -66.853  48.895 0.0000000000
61001  -36.933  -45.302  41.068 0.0000000000
73185  -43.280  -34.067  36.439 0.0000000000
70504  -39.839  -34.329  40.816 0.0000000000
69242  -41.328  -34.011  40.387 0.0000000000
69263  -41.829  -34.335  39.900 0.0000000000
70471  -44.306  -33.284  43.185 0.0000000000
69245  -43.766  -33.452  40.901 0.0000000000
69285  -42.970  -34.726  39.487 0.0000000000
69321  -43.388  -35.256  38.211 0.0000000000
70563  -44.154  -34.614  38.220 0.0000000000
71857  -44.537  -34.010  37.685 0.0000000000
71825  -45.477  -33.189  38.417 0.0000000000
74471  -46.286  -32.082  40.473 0.0000000000
76905  -47.829  -30.736  41.129 0.0000000000
32662  -15.588  -64.922  52.651 0.0000000000
34001  -16.627  -64.414  53.178 0.0000000000
34018  -15.368  -64.905  51.448 0.0000000000
34034  -15.285  -65.028  49.575 0.0000000000
34050  -15.464  -65.454  47.161 0.0000000000
29871  -13.362  -67.019  51.719 0.0000000000
28475  -12.558  -67.852  52.002 0.0000000000
28456  -12.218  -68.745  52.969 0.0000000000
27065  -11.019  -69.069  49.631 0.0000000000
28473  -11.472  -68.896  51.839 0.0000000000
28455  -11.811  -69.289  52.799 0.0000000000
27024  -11.565  -70.105  53.095 0.0000000000
28453  -10.565  -70.122  52.522 0.0000000000
25610  -8.477  -71.348  49.632 0.0000000000
27040  -8.733  -70.274  50.619 0.0000000000
32645  -15.438  -65.545  53.543 0.0000000000
31234  -14.570  -66.037  53.024 0.0000000000
53020  -39.373  -51.889  42.150 0.0000000000
51883  -39.436  -50.672  43.287 0.0000000000
56354  -30.164  -48.423  49.599 0.0000000000
56370  -30.647  -48.400  49.100 0.0000000000
56355  -31.166  -48.313  49.950 0.0000000000
51881  -38.294  -52.137  43.217 0.0000000000
51903  -38.754  -52.132  42.373 0.0000000000
56338  -32.227  -48.774  51.920 0.0000000000
56329  -31.626  -49.141  52.284 0.0000000000
56337  -31.352  -48.873  51.587 0.0000000000
55238  -29.567  -49.004  50.560 0.0000000000
59785  -38.655  -45.939  41.253 0.0000000000
60988  -38.276  -45.909  41.813 0.0000000000
69278  -36.314  -36.378  39.614 0.0000000000
68099  -35.593  -37.264  39.580 0.0000000000
69297  -36.709  -36.259  38.798 0.0000000000
69298  -37.376  -35.761  38.537 0.0000000000
69279  -37.278  -35.659  39.322 0.0000000000
43248  -19.892  -59.584  45.811 0.0000000000
43229  -19.642  -59.421  46.773 0.0000000000
43247  -19.220  -60.042  46.358 0.0000000000
41927  -18.828  -60.528  46.839 0.0000000000
50582  -39.748  -51.406  48.949 0.0000000000
50583  -40.312  -51.400  48.716 0.0000000000
54052  -36.529  -50.056  54.520 0.0000000000
52886  -36.373  -49.785  52.752 0.0000000000
52875  -36.889  -50.307  53.550 0.0000000000
50567  -39.647  -51.658  49.776 0.0000000000
50566  -38.983  -51.686  49.936 0.0000000000
50595  -39.170  -51.177  48.337 0.0000000000
76916  -47.926  -30.790  39.905 0.0000000000
75720  -47.867  -30.648  38.434 0.0000000000
76930  -48.562  -30.384  38.718 0.0000000000
76946  -51.896  -29.195  37.360 0.0000000000
76973  -50.714  -29.174  35.714 0.0000000000
76974  -51.687  -29.075  36.028 0.0000000000
78110  -51.914  -28.814  35.881 0.0000000000
76975  -52.339  -28.922  36.734 0.0000000000
70448  -39.367  -36.784  46.151 0.0000000000
69210  -38.554  -37.525  45.433 0.0000000000
70458  -38.929  -36.744  45.635 0.0000000000
73088  -39.154  -35.027  45.369 0.0000000000
71737  -39.948  -35.192  46.111 0.0000000000
44562  -28.389  -57.754  45.534 0.0000000000
44561  -28.512  -58.670  45.303 0.0000000000
85894  -57.406  -23.628  30.474 0.0000000000
84796  -56.779  -23.889  29.465 0.0000000000
85899  -57.557  -23.182  30.574 0.0000000000
28414  -13.746  -68.771  55.518 0.0000000000
28397  -13.489  -69.735  55.369 0.0000000000
55351  -42.196  -49.238  41.703 0.0000000000
55367  -42.052  -48.594  40.904 0.0000000000
56469  -41.997  -48.284  41.542 0.0000000000
57499  -42.001  -47.502  41.249 0.0000000000
54136  -41.630  -49.776  47.735 0.0000000000
55289  -41.483  -49.564  47.581 0.0000000000
59729  -39.506  -46.875  47.358 0.0000000000
59742  -38.494  -45.959  46.939 0.0000000000
51848  -27.992  -52.981  42.920 0.0000000000
52948  -35.323  -49.779  47.212 0.0000000000
52947  -34.617  -49.491  46.825 0.0000000000
52961  -35.133  -50.014  46.248 0.0000000000
51831  -29.049  -52.590  45.336 0.0000000000
50642  -28.994  -53.368  45.040 0.0000000000
50641  -28.569  -53.485  44.152 0.0000000000
49438  -27.851  -54.374  42.998 0.0000000000
80417  -55.944  -27.347  28.097 0.0000000000
80365  -52.946  -26.705  34.646 0.0000000000
81550  -53.725  -26.513  34.021 0.0000000000
142909  -57.044  -26.173  33.114 0.0000000000
81563  -56.428  -26.281  32.098 0.0000000000
81575  -57.074  -25.992  31.596 0.0000000000
81576  -57.479  -25.993  32.092 0.0000000000
82634  -57.585  -25.705  31.993 0.0000000000
81566  -57.653  -26.141  32.639 0.0000000000
63255  -35.407  -43.012  41.866 0.0000000000
69318  -41.007  -35.480  37.383 0.0000000000
69333  -40.922  -35.502  36.794 0.0000000000
69334  -41.676  -35.171  36.950 0.0000000000
69319  -41.808  -35.209  37.691 0.0000000000
73102  -43.237  -33.662  44.202 0.0000000000
73138  -42.469  -33.362  43.151 0.0000000000
73122  -43.552  -33.555  43.937 0.0000000000
70492  -45.732  -35.061  43.618 0.0000000000
71792  -45.860  -34.904  43.041 0.0000000000
73143  -46.104  -33.155  42.166 0.0000000000
74464  -46.617  -32.614  42.461 0.0000000000
36625  -17.440  -62.495  50.021 0.0000000000
35363  -16.832  -63.154  49.051 0.0000000000
35370  -16.397  -63.876  48.290 0.0000000000
35371  -17.024  -63.477  47.836 0.0000000000
29885  -12.355  -68.438  48.908 0.0000000000
27054  -9.651  -70.172  49.734 0.0000000000
66835  -39.217  -39.461  46.981 0.0000000000
44628  -26.887  -58.379  41.485 0.0000000000
31220  -14.385  -67.072  54.107 0.0000000000
29826  -14.802  -67.175  54.901 0.0000000000
29825  -13.906  -67.558  54.687 0.0000000000
29824  -13.168  -68.032  54.182 0.0000000000
53045  -40.806  -51.125  41.942 0.0000000000
54208  -40.594  -51.002  40.877 0.0000000000
54210  -42.045  -49.834  41.676 0.0000000000
54195  -41.844  -50.032  42.493 0.0000000000
54132  -28.981  -50.116  46.780 0.0000000000
55275  -29.801  -47.880  48.193 0.0000000000
56383  -29.673  -47.254  47.295 0.0000000000
56395  -29.739  -46.925  46.055 0.0000000000
56396  -30.781  -46.571  46.757 0.0000000000
51818  -36.088  -51.227  45.190 0.0000000000
51835  -35.936  -51.491  44.599 0.0000000000
51879  -36.514  -52.186  42.232 0.0000000000
53019  -35.804  -51.952  42.621 0.0000000000
53040  -35.834  -51.848  41.493 0.0000000000
53039  -35.284  -51.382  41.433 0.0000000000
53041  -36.593  -52.032  41.029 0.0000000000
53061  -37.843  -51.706  40.129 0.0000000000
54071  -31.272  -50.455  52.161 0.0000000000
54058  -32.102  -50.490  54.007 0.0000000000
52884  -31.670  -50.942  52.415 0.0000000000
52885  -31.829  -51.393  52.905 0.0000000000
52909  -30.807  -51.427  51.094 0.0000000000
52921  -29.890  -51.278  50.945 0.0000000000
52908  -30.171  -50.787  50.877 0.0000000000
54120  -28.919  -50.443  48.173 0.0000000000
52946  -29.022  -51.151  48.741 0.0000000000
52958  -28.938  -51.081  47.011 0.0000000000
77014  -48.620  -29.031  32.485 0.0000000000
66887  -35.725  -38.740  41.419 0.0000000000
65675  -35.265  -39.963  41.276 0.0000000000
66900  -35.505  -39.150  40.943 0.0000000000
69299  -38.184  -35.428  38.473 0.0000000000
69300  -38.754  -35.531  38.334 0.0000000000
70527  -39.762  -35.088  38.985 0.0000000000
74416  -45.452  -33.967  46.421 0.0000000000
73080  -45.343  -34.715  45.720 0.0000000000
71768  -45.848  -34.290  44.072 0.0000000000
43249  -22.737  -58.424  46.271 0.0000000000
41928  -22.814  -58.803  48.092 0.0000000000
43231  -22.221  -58.353  47.362 0.0000000000
43201  -20.548  -59.491  48.666 0.0000000000
41897  -21.283  -59.523  49.274 0.0000000000
40546  -20.321  -60.393  51.108 0.0000000000
40575  -18.332  -61.263  47.691 0.0000000000
40561  -18.300  -61.171  48.595 0.0000000000
39289  -18.146  -61.779  48.080 0.0000000000
38001  -17.919  -62.768  46.965 0.0000000000
39325  -18.114  -62.246  46.497 0.0000000000
50648  -38.447  -50.403  45.473 0.0000000000
50649  -38.882  -49.957  45.093 0.0000000000
50585  -41.613  -51.229  48.141 0.0000000000
50599  -41.420  -51.207  47.614 0.0000000000
51793  -42.328  -51.278  47.761 0.0000000000
55234  -34.320  -48.909  51.990 0.0000000000
55233  -33.727  -48.882  51.543 0.0000000000
54065  -34.841  -49.167  52.030 0.0000000000
52899  -36.168  -49.886  51.398 0.0000000000
52922  -35.353  -49.835  49.260 0.0000000000
52923  -35.925  -50.383  49.606 0.0000000000
51736  -37.794  -51.333  52.217 0.0000000000
51764  -37.724  -51.431  49.457 0.0000000000
51778  -37.237  -50.768  48.812 0.0000000000
51777  -36.532  -50.586  49.088 0.0000000000
51791  -37.434  -50.798  47.924 0.0000000000
50630  -38.852  -50.620  46.565 0.0000000000
50629  -38.417  -50.874  46.908 0.0000000000
50647  -38.216  -50.711  46.044 0.0000000000
51838  -38.072  -50.475  44.761 0.0000000000
55219  -35.192  -49.124  54.166 0.0000000000
55227  -34.457  -48.816  52.859 0.0000000000
55226  -33.799  -48.686  52.341 0.0000000000
73189  -45.738  -32.346  37.423 0.0000000000
74505  -46.041  -31.657  37.325 0.0000000000
75734  -47.292  -30.543  37.089 0.0000000000
74506  -46.608  -30.596  36.940 0.0000000000
75765  -46.999  -29.907  36.354 0.0000000000
76906  -50.274  -29.429  39.219 0.0000000000
75722  -49.569  -29.788  37.920 0.0000000000
75729  -49.817  -29.679  37.546 0.0000000000
75767  -49.373  -29.456  35.853 0.0000000000
75749  -49.469  -29.614  36.513 0.0000000000
75786  -48.090  -29.199  35.104 0.0000000000
76971  -48.895  -29.365  35.258 0.0000000000
77001  -48.321  -29.229  33.729 0.0000000000
76989  -49.162  -29.044  34.661 0.0000000000
77003  -50.282  -28.350  34.136 0.0000000000
78132  -50.036  -27.960  33.333 0.0000000000
78144  -50.816  -27.616  32.852 0.0000000000
79229  -51.230  -27.659  32.089 0.0000000000
78145  -51.407  -27.642  33.581 0.0000000000
78135  -52.037  -27.842  35.186 0.0000000000
79222  -51.871  -27.459  33.821 0.0000000000
79215  -52.378  -27.612  35.334 0.0000000000
79216  -52.814  -27.560  35.702 0.0000000000
79208  -54.047  -27.802  37.029 0.0000000000
62098  -37.306  -44.847  44.613 0.0000000000
64390  -36.367  -41.616  44.986 0.0000000000
63239  -36.445  -42.493  44.062 0.0000000000
64405  -36.253  -41.573  44.105 0.0000000000
66841  -38.395  -39.326  46.618 0.0000000000
66851  -38.113  -38.885  46.276 0.0000000000
69209  -37.317  -37.466  45.166 0.0000000000
68039  -36.919  -38.600  45.442 0.0000000000
68061  -36.312  -37.940  43.506 0.0000000000
71746  -37.488  -35.853  43.786 0.0000000000
70484  -37.021  -36.426  42.617 0.0000000000
70501  -37.013  -36.076  41.737 0.0000000000
71783  -37.983  -35.247  42.432 0.0000000000
73100  -39.871  -33.533  44.996 0.0000000000
73101  -41.115  -33.334  44.814 0.0000000000
73120  -41.805  -33.201  43.910 0.0000000000
74398  -43.778  -33.746  47.267 0.0000000000
74414  -43.337  -33.488  46.263 0.0000000000
74399  -44.793  -33.925  47.490 0.0000000000
41932  -27.104  -58.758  46.051 0.0000000000
41950  -27.333  -58.857  46.107 0.0000000000
41949  -26.348  -58.779  46.537 0.0000000000
41967  -25.932  -58.808  45.675 0.0000000000
43321  -25.782  -58.304  42.869 0.0000000000
43320  -25.006  -58.179  43.223 0.0000000000
43272  -24.175  -58.292  44.998 0.0000000000
43295  -23.811  -58.034  44.473 0.0000000000
43271  -23.526  -58.276  45.213 0.0000000000
44574  -22.728  -58.052  44.472 0.0000000000
28410  -10.902  -69.974  54.290 0.0000000000
57517  -40.878  -47.685  39.040 0.0000000000
58627  -41.160  -46.237  41.300 0.0000000000
59776  -40.585  -46.039  42.629 0.0000000000
51858  -39.967  -50.334  44.600 0.0000000000
52985  -40.324  -50.248  44.713 0.0000000000
55297  -41.104  -49.425  45.731 0.0000000000
55305  -40.725  -49.421  44.491 0.0000000000
55323  -40.529  -49.606  43.162 0.0000000000
56424  -40.659  -48.899  43.976 0.0000000000
58603  -40.407  -47.623  44.877 0.0000000000
58612  -40.504  -47.707  43.920 0.0000000000
60947  -39.281  -46.380  44.326 0.0000000000
60961  -39.464  -46.380  43.918 0.0000000000
60959  -37.911  -45.479  44.158 0.0000000000
60931  -37.286  -44.299  47.539 0.0000000000
62088  -36.767  -43.682  47.081 0.0000000000
60919  -37.832  -43.810  47.938 0.0000000000
60888  -39.955  -44.060  49.542 0.0000000000
59710  -38.812  -44.756  48.790 0.0000000000
60887  -39.455  -44.003  49.081 0.0000000000
63201  -38.327  -42.164  48.114 0.0000000000
54154  -28.939  -50.550  44.222 0.0000000000
54153  -28.554  -51.205  43.699 0.0000000000
54171  -28.454  -50.842  43.137 0.0000000000
55264  -33.323  -48.999  49.264 0.0000000000
55263  -32.611  -48.645  48.867 0.0000000000
54109  -33.400  -48.821  48.001 0.0000000000
54134  -33.756  -48.809  46.406 0.0000000000
55296  -33.419  -48.262  45.966 0.0000000000
56410  -32.777  -47.489  45.389 0.0000000000
55303  -33.528  -48.387  44.947 0.0000000000
54158  -34.482  -50.586  44.109 0.0000000000
54157  -34.222  -50.095  44.578 0.0000000000
54174  -34.204  -49.982  43.653 0.0000000000
46942  -27.789  -55.762  47.581 0.0000000000
51775  -28.568  -51.782  49.702 0.0000000000
50579  -28.368  -52.844  48.933 0.0000000000
50593  -28.184  -52.969  47.712 0.0000000000
49396  -29.081  -54.255  47.038 0.0000000000
48250  -29.004  -55.330  45.178 0.0000000000
46963  -29.029  -56.475  45.629 0.0000000000
46976  -28.579  -56.254  44.485 0.0000000000
46991  -28.502  -56.424  43.572 0.0000000000
46975  -28.438  -55.848  43.848 0.0000000000
80389  -52.450  -27.532  31.335 0.0000000000
80390  -53.205  -27.566  30.970 0.0000000000
80402  -54.132  -27.680  29.560 0.0000000000
80392  -55.002  -27.690  30.324 0.0000000000
81551  -54.600  -26.238  33.450 0.0000000000
81572  -55.621  -27.226  31.476 0.0000000000
80385  -55.915  -26.544  30.629 0.0000000000
80393  -55.384  -26.914  30.011 0.0000000000
80395  -56.953  -25.897  29.581 0.0000000000
80406  -57.343  -26.685  29.011 0.0000000000
82652  -58.171  -26.839  29.524 0.0000000000
83676  -57.622  -24.942  31.417 0.0000000000
83675  -57.426  -24.846  30.905 0.0000000000
83670  -58.028  -24.405  31.860 0.0000000000
32686  -14.686  -65.797  49.034 0.0000000000
31264  -14.297  -66.182  49.780 0.0000000000
32693  -14.158  -66.384  48.292 0.0000000000
62130  -37.135  -44.218  42.594 0.0000000000
60987  -37.254  -44.885  42.170 0.0000000000
70576  -42.132  -34.836  36.857 0.0000000000
71875  -41.798  -34.637  36.342 0.0000000000
73202  -42.195  -34.178  36.073 0.0000000000
73184  -42.818  -34.386  36.504 0.0000000000
71801  -39.446  -34.316  41.562 0.0000000000
70503  -39.062  -34.749  41.024 0.0000000000
71802  -40.191  -33.501  41.283 0.0000000000
70486  -42.026  -33.650  41.759 0.0000000000
70505  -40.761  -33.652  40.787 0.0000000000
70506  -41.707  -33.603  40.969 0.0000000000
69243  -42.293  -33.792  40.570 0.0000000000
70450  -45.278  -35.198  44.663 0.0000000000
70460  -44.488  -33.841  43.844 0.0000000000
70461  -44.967  -34.456  44.149 0.0000000000
69246  -44.364  -33.536  41.443 0.0000000000
69227  -44.486  -33.635  42.020 0.0000000000
69265  -43.313  -33.795  39.992 0.0000000000
69286  -43.515  -34.250  39.492 0.0000000000
69304  -43.253  -35.231  38.957 0.0000000000
69287  -43.973  -33.857  39.619 0.0000000000
70530  -44.970  -33.528  39.848 0.0000000000
70545  -44.415  -34.002  38.882 0.0000000000
70564  -44.578  -33.976  38.375 0.0000000000
71839  -44.441  -34.205  38.025 0.0000000000
71824  -44.944  -33.616  38.714 0.0000000000
71840  -45.076  -33.518  37.995 0.0000000000
74466  -46.263  -31.667  41.451 0.0000000000
74470  -46.592  -31.757  40.889 0.0000000000
75717  -47.133  -31.512  40.471 0.0000000000
76890  -47.393  -30.885  41.523 0.0000000000
35349  -16.454  -63.797  51.069 0.0000000000
35333  -16.810  -63.931  52.454 0.0000000000
34019  -15.891  -64.492  51.704 0.0000000000
34028  -15.320  -64.931  50.769 0.0000000000
34042  -15.908  -64.545  47.646 0.0000000000
31263  -13.573  -66.801  49.830 0.0000000000
29888  -13.255  -67.122  50.736 0.0000000000
28487  -12.317  -68.137  50.881 0.0000000000
28488  -12.562  -67.910  51.322 0.0000000000
28474  -12.000  -68.343  51.898 0.0000000000
28457  -12.635  -68.215  53.123 0.0000000000
28496  -11.063  -69.452  48.408 0.0000000000
27044  -11.242  -69.560  51.928 0.0000000000
27034  -11.537  -69.874  52.704 0.0000000000
27033  -11.067  -70.178  52.183 0.0000000000
27031  -10.087  -69.652  51.192 0.0000000000
28452  -9.823  -69.462  51.933 0.0000000000
28430  -9.892  -69.280  52.610 0.0000000000
27053  -8.986  -70.620  50.032 0.0000000000
53022  -40.394  -50.823  42.949 0.0000000000
54107  -29.052  -49.543  48.417 0.0000000000
54119  -28.904  -49.753  47.724 0.0000000000
55261  -29.688  -48.416  48.928 0.0000000000
55276  -31.139  -48.021  48.192 0.0000000000
51880  -37.348  -52.219  42.736 0.0000000000
51901  -37.080  -52.249  41.746 0.0000000000
56321  -33.089  -48.966  54.136 0.0000000000
55225  -31.898  -49.556  53.293 0.0000000000
55224  -31.458  -49.698  52.822 0.0000000000
54070  -30.681  -50.105  51.751 0.0000000000
54083  -30.042  -50.081  51.212 0.0000000000
54082  -29.650  -49.598  50.694 0.0000000000
55246  -29.246  -49.133  49.523 0.0000000000
80413  -52.357  -28.055  29.467 0.0000000000
59798  -39.333  -46.402  40.548 0.0000000000
69256  -35.659  -37.407  40.820 0.0000000000
68098  -35.313  -37.981  40.289 0.0000000000
68114  -34.990  -38.079  39.265 0.0000000000
44549  -21.258  -58.429  46.556 0.0000000000
43230  -21.453  -58.597  47.509 0.0000000000
44548  -20.346  -58.919  46.743 0.0000000000
43213  -20.025  -59.287  47.756 0.0000000000
43212  -19.300  -59.675  48.186 0.0000000000
41895  -19.225  -59.915  48.926 0.0000000000
41912  -18.635  -60.369  47.833 0.0000000000
40576  -18.540  -61.003  47.130 0.0000000000
40592  -18.424  -61.459  47.022 0.0000000000
39309  -18.318  -61.736  46.611 0.0000000000
39326  -18.426  -61.899  45.802 0.0000000000
50611  -39.565  -50.823  47.237 0.0000000000
50612  -40.000  -50.753  47.055 0.0000000000
50597  -40.218  -51.280  47.865 0.0000000000
50584  -40.918  -51.355  48.433 0.0000000000
50570  -41.444  -51.283  48.929 0.0000000000
54059  -35.833  -49.610  53.483 0.0000000000
54066  -35.469  -49.400  52.481 0.0000000000
51742  -36.723  -50.351  51.337 0.0000000000
50551  -38.130  -51.958  50.941 0.0000000000
50565  -38.246  -51.967  50.042 0.0000000000
50580  -38.432  -51.527  49.289 0.0000000000
51792  -38.093  -50.810  48.090 0.0000000000
50594  -38.568  -51.157  48.564 0.0000000000
50610  -39.084  -50.888  47.493 0.0000000000
54051  -35.882  -49.609  54.365 0.0000000000
74479  -46.899  -31.604  39.146 0.0000000000
74488  -46.782  -31.584  38.303 0.0000000000
74480  -47.550  -30.936  38.132 0.0000000000
74489  -47.596  -30.757  37.661 0.0000000000
75727  -48.041  -30.515  37.367 0.0000000000
75730  -50.912  -29.422  37.773 0.0000000000
75723  -50.529  -29.507  38.056 0.0000000000
75750  -50.642  -29.503  36.762 0.0000000000
76956  -50.223  -29.420  36.127 0.0000000000
78121  -50.999  -28.481  34.685 0.0000000000
78122  -51.748  -28.482  35.481 0.0000000000
63229  -36.468  -43.267  45.134 0.0000000000
63214  -36.553  -42.343  45.672 0.0000000000
64378  -36.553  -41.830  45.532 0.0000000000
65633  -36.509  -40.991  45.473 0.0000000000
68041  -39.031  -38.195  45.711 0.0000000000
69215  -36.518  -37.182  44.200 0.0000000000
70456  -37.326  -36.476  44.415 0.0000000000
71747  -37.931  -35.596  44.393 0.0000000000
71764  -38.530  -34.649  44.118 0.0000000000
73099  -38.914  -34.271  45.044 0.0000000000
73090  -40.720  -34.263  45.691 0.0000000000
44538  -26.705  -57.309  47.371 0.0000000000
44551  -27.298  -57.502  46.177 0.0000000000
43253  -27.881  -58.532  46.069 0.0000000000
43273  -27.623  -59.205  44.886 0.0000000000
44609  -24.749  -58.175  42.178 0.0000000000
45777  -22.740  -58.078  43.339 0.0000000000
83683  -56.796  -24.970  29.617 0.0000000000
83693  -56.156  -25.053  28.986 0.0000000000
84789  -56.703  -24.532  29.402 0.0000000000
85902  -56.752  -23.300  28.845 0.0000000000
55366  -41.537  -49.275  40.249 0.0000000000
56480  -41.807  -48.305  40.255 0.0000000000
57508  -41.491  -47.591  40.051 0.0000000000
57509  -41.888  -47.530  40.692 0.0000000000
58628  -41.576  -46.888  41.347 0.0000000000
58620  -41.060  -46.570  42.378 0.0000000000
52975  -41.038  -50.239  46.975 0.0000000000
52986  -40.687  -50.131  45.493 0.0000000000
54149  -41.139  -49.833  46.449 0.0000000000
58575  -40.502  -47.680  47.381 0.0000000000
58588  -40.092  -47.296  46.575 0.0000000000
59755  -40.190  -46.649  44.390 0.0000000000
60934  -38.961  -46.313  45.152 0.0000000000
60933  -38.458  -45.745  45.986 0.0000000000
60921  -38.077  -45.472  47.145 0.0000000000
62051  -40.191  -43.255  49.111 0.0000000000
55302  -29.180  -49.338  43.901 0.0000000000
54111  -34.793  -49.213  49.060 0.0000000000
54122  -34.027  -49.209  47.451 0.0000000000
54135  -34.077  -49.235  46.590 0.0000000000
54147  -34.098  -49.320  45.662 0.0000000000
54192  -34.259  -50.141  42.695 0.0000000000
49381  -28.460  -53.840  49.368 0.0000000000
50608  -28.601  -52.545  47.243 0.0000000000
50607  -29.063  -53.092  46.838 0.0000000000
49423  -28.849  -54.339  44.655 0.0000000000
48267  -28.160  -55.385  43.212 0.0000000000
48266  -27.765  -54.904  42.559 0.0000000000
80374  -53.849  -27.090  32.472 0.0000000000
81553  -56.167  -25.832  32.275 0.0000000000
81574  -56.539  -26.075  31.002 0.0000000000
81583  -56.784  -25.716  30.101 0.0000000000
81593  -57.833  -26.282  30.570 0.0000000000
82653  -57.913  -26.504  30.468 0.0000000000
82644  -57.672  -25.752  31.038 0.0000000000
32706  -14.651  -66.288  47.179 0.0000000000
69349  -41.168  -35.299  36.244 0.0000000000
69335  -42.678  -35.094  37.442 0.0000000000
73136  -40.812  -32.883  42.932 0.0000000000
71786  -41.201  -33.284  42.016 0.0000000000
71787  -42.500  -33.357  42.724 0.0000000000
71788  -43.163  -32.965  42.865 0.0000000000
70464  -46.345  -35.837  44.104 0.0000000000
70473  -45.095  -34.465  43.597 0.0000000000
70474  -45.881  -34.930  43.834 0.0000000000
70491  -45.077  -34.526  42.995 0.0000000000
70508  -44.634  -33.593  41.205 0.0000000000
70520  -44.410  -33.554  40.282 0.0000000000
70521  -44.872  -33.583  40.655 0.0000000000
71806  -45.223  -33.515  41.216 0.0000000000
71813  -45.308  -33.262  40.298 0.0000000000
73154  -45.609  -32.857  40.406 0.0000000000
74467  -45.961  -31.950  41.639 0.0000000000
75704  -46.325  -31.852  42.185 0.0000000000
39240  -18.244  -61.578  50.826 0.0000000000
37931  -18.274  -61.970  51.298 0.0000000000
36610  -17.715  -62.645  51.512 0.0000000000
29902  -12.905  -67.830  49.250 0.0000000000
29887  -12.942  -67.488  49.897 0.0000000000
29886  -12.443  -68.127  49.650 0.0000000000
28498  -11.975  -68.396  50.090 0.0000000000
27071  -9.955  -70.670  48.084 0.0000000000
27042  -10.257  -69.692  50.719 0.0000000000
51723  -37.729  -50.687  53.963 0.0000000000
50544  -39.256  -51.913  51.474 0.0000000000
78060  -49.162  -29.894  40.574 0.0000000000
78070  -49.158  -29.918  39.636 0.0000000000
78061  -49.905  -29.685  39.954 0.0000000000
76907  -51.318  -29.412  39.425 0.0000000000
76933  -51.851  -29.100  37.922 0.0000000000
76947  -52.603  -29.246  37.794 0.0000000000
64381  -38.654  -40.614  47.391 0.0000000000
64380  -37.892  -40.802  47.187 0.0000000000
66842  -39.145  -38.949  46.750 0.0000000000
66853  -39.190  -38.379  46.259 0.0000000000
68042  -39.397  -37.955  46.041 0.0000000000
71725  -40.149  -35.778  46.517 0.0000000000
44594  -28.992  -58.071  43.331 0.0000000000
43300  -28.509  -58.732  43.614 0.0000000000
43323  -27.974  -58.730  42.667 0.0000000000
44611  -26.355  -58.279  41.766 0.0000000000
28435  -12.810  -68.532  54.398 0.0000000000
54225  -40.392  -50.379  39.911 0.0000000000
53063  -39.887  -51.002  40.344 0.0000000000
54226  -41.201  -50.018  40.227 0.0000000000
51830  -28.738  -52.567  44.574 0.0000000000
51849  -28.334  -52.630  43.608 0.0000000000
52981  -29.042  -51.613  45.158 0.0000000000
55286  -28.832  -49.028  46.122 0.0000000000
56394  -29.136  -48.059  45.518 0.0000000000
56408  -29.722  -47.288  45.004 0.0000000000
57469  -31.025  -47.043  44.509 0.0000000000
52974  -35.477  -50.796  45.728 0.0000000000
52983  -35.257  -51.082  44.374 0.0000000000
52997  -35.834  -51.810  43.703 0.0000000000
52996  -35.184  -51.409  43.064 0.0000000000
54193  -34.675  -50.866  42.358 0.0000000000
53060  -36.875  -51.661  40.297 0.0000000000
50564  -29.092  -52.805  50.692 0.0000000000
51761  -29.073  -51.802  50.911 0.0000000000
51776  -28.824  -51.223  50.297 0.0000000000
51802  -28.595  -52.170  47.586 0.0000000000
51801  -29.074  -51.997  47.011 0.0000000000
51817  -29.172  -52.281  46.067 0.0000000000
82613  -54.141  -26.446  34.695 0.0000000000
82614  -54.954  -26.235  34.898 0.0000000000
82620  -57.664  -26.180  33.072 0.0000000000
65659  -35.413  -40.246  41.847 0.0000000000
64459  -34.943  -40.634  41.397 0.0000000000
73092  -44.376  -34.213  45.105 0.0000000000
73104  -44.354  -34.231  44.672 0.0000000000
71728  -44.861  -34.887  45.139 0.0000000000
71729  -45.351  -35.286  45.178 0.0000000000
70442  -45.863  -35.903  44.988 0.0000000000
71731  -46.542  -35.859  45.078 0.0000000000
73106  -47.027  -34.956  44.485 0.0000000000
73126  -47.182  -34.572  43.932 0.0000000000
74457  -46.910  -33.091  44.016 0.0000000000
74458  -47.004  -32.994  43.325 0.0000000000
43215  -21.739  -58.472  48.219 0.0000000000
41913  -21.890  -59.019  48.967 0.0000000000
40528  -19.224  -60.916  51.249 0.0000000000
41878  -18.708  -60.519  49.427 0.0000000000
40544  -18.319  -61.160  49.510 0.0000000000
39257  -18.154  -61.558  49.992 0.0000000000
37967  -17.806  -62.270  49.258 0.0000000000
36649  -17.611  -63.216  47.498 0.0000000000
36659  -17.757  -63.494  46.528 0.0000000000
51856  -38.892  -50.306  43.939 0.0000000000
50650  -39.352  -50.160  45.192 0.0000000000
51821  -40.047  -50.606  45.989 0.0000000000
50613  -40.659  -50.716  47.086 0.0000000000
51823  -40.829  -50.601  47.163 0.0000000000
52963  -41.488  -50.466  47.450 0.0000000000
50556  -41.134  -51.351  49.869 0.0000000000
56346  -32.275  -48.547  50.998 0.0000000000
56356  -32.056  -48.430  50.190 0.0000000000
55241  -33.294  -48.940  50.734 0.0000000000
55248  -33.319  -49.069  49.922 0.0000000000
54095  -34.018  -49.244  49.453 0.0000000000
54086  -34.630  -49.597  50.589 0.0000000000
52936  -35.244  -49.551  48.242 0.0000000000
52949  -35.654  -50.307  47.736 0.0000000000
51743  -37.153  -50.754  51.607 0.0000000000
51750  -36.644  -50.533  50.874 0.0000000000
51762  -36.545  -50.725  50.036 0.0000000000
51819  -36.918  -51.484  45.734 0.0000000000
51805  -37.897  -50.998  47.325 0.0000000000
51820  -37.711  -51.044  46.314 0.0000000000
51855  -38.209  -50.843  44.003 0.0000000000
56311  -33.551  -48.853  54.777 0.0000000000
56332  -33.838  -48.615  53.708 0.0000000000
56339  -33.028  -48.590  52.226 0.0000000000
74503  -44.579  -32.879  36.752 0.0000000000
75762  -43.779  -32.620  36.210 0.0000000000
74515  -44.730  -32.304  36.624 0.0000000000
74533  -44.740  -31.615  36.112 0.0000000000
74517  -45.966  -30.807  36.521 0.0000000000
75784  -45.916  -30.338  35.599 0.0000000000
78081  -49.325  -30.051  38.577 0.0000000000
75728  -48.578  -30.207  37.484 0.0000000000
75748  -48.224  -29.921  36.646 0.0000000000
76987  -47.686  -29.309  34.378 0.0000000000
77015  -49.349  -28.233  32.764 0.0000000000
79238  -50.989  -27.920  31.079 0.0000000000
79247  -51.832  -28.211  30.887 0.0000000000
79231  -52.208  -27.227  33.606 0.0000000000
80358  -53.145  -26.627  35.072 0.0000000000
76976  -52.761  -28.880  37.139 0.0000000000
78112  -53.083  -28.508  36.893 0.0000000000
79207  -53.557  -27.747  36.461 0.0000000000
80359  -53.323  -26.987  35.497 0.0000000000
60974  -37.427  -45.579  42.896 0.0000000000
62119  -36.785  -44.982  43.034 0.0000000000
62117  -36.926  -43.465  42.937 0.0000000000
63240  -36.551  -43.308  44.064 0.0000000000
63246  -36.640  -43.173  43.504 0.0000000000
65622  -37.739  -40.218  46.661 0.0000000000
65621  -36.854  -40.513  45.940 0.0000000000
65620  -36.721  -40.352  45.594 0.0000000000
68030  -37.498  -38.817  46.097 0.0000000000
66850  -36.579  -39.620  45.156 0.0000000000
65641  -36.118  -40.281  44.048 0.0000000000
65647  -35.583  -40.337  42.812 0.0000000000
66888  -35.793  -39.227  41.993 0.0000000000
68072  -35.819  -38.345  41.698 0.0000000000
69223  -36.428  -37.145  43.117 0.0000000000
69238  -35.888  -37.561  41.520 0.0000000000
69257  -36.425  -36.547  40.876 0.0000000000
70516  -37.333  -35.532  41.057 0.0000000000
70517  -38.031  -34.913  40.794 0.0000000000
71809  -37.952  -35.091  41.214 0.0000000000
71800  -38.521  -35.022  41.482 0.0000000000
73135  -39.593  -32.989  43.040 0.0000000000
74452  -42.406  -33.387  44.277 0.0000000000
74439  -43.018  -33.551  44.509 0.0000000000
71738  -40.608  -35.104  46.277 0.0000000000
73077  -41.183  -34.748  46.277 0.0000000000
74412  -41.562  -34.135  46.119 0.0000000000
73061  -42.365  -34.614  47.471 0.0000000000
74413  -42.309  -33.756  46.350 0.0000000000
74424  -42.737  -33.420  45.440 0.0000000000
74425  -43.747  -33.710  45.188 0.0000000000
43299  -27.596  -59.127  43.703 0.0000000000
41988  -27.009  -58.810  44.430 0.0000000000
43297  -25.648  -58.141  43.917 0.0000000000
41987  -26.239  -58.567  44.635 0.0000000000
41986  -25.377  -58.505  44.910 0.0000000000
41964  -23.675  -58.679  46.073 0.0000000000
45761  -22.410  -58.199  43.786 0.0000000000
44573  -21.808  -58.525  44.113 0.0000000000
44559  -21.420  -58.249  45.337 0.0000000000
87031  -57.664  -22.024  30.168 0.0000000000
87034  -57.342  -22.295  29.258 0.0000000000
58634  -41.047  -46.841  40.448 0.0000000000
59799  -40.096  -46.794  41.047 0.0000000000
52998  -39.916  -50.554  43.273 0.0000000000
54176  -40.705  -50.238  43.177 0.0000000000
54159  -40.949  -49.932  44.758 0.0000000000
54177  -40.719  -50.056  43.447 0.0000000000
55322  -41.001  -50.080  42.737 0.0000000000
55339  -40.875  -49.258  42.564 0.0000000000
56456  -40.699  -48.670  42.542 0.0000000000
57458  -40.843  -48.229  45.673 0.0000000000
57481  -40.501  -48.342  43.389 0.0000000000
57489  -40.525  -48.150  42.664 0.0000000000
59777  -40.953  -46.172  43.128 0.0000000000
59766  -40.584  -46.475  43.427 0.0000000000
62097  -36.776  -44.232  45.639 0.0000000000
63200  -37.488  -42.470  47.398 0.0000000000
59726  -38.496  -44.685  48.409 0.0000000000
62050  -39.594  -43.383  48.898 0.0000000000
62065  -39.128  -43.177  48.643 0.0000000000
62079  -38.325  -43.201  48.238 0.0000000000
64371  -38.135  -41.419  47.584 0.0000000000
56372  -31.984  -48.431  49.542 0.0000000000
56385  -32.145  -47.688  47.589 0.0000000000
56397  -32.264  -47.175  46.597 0.0000000000
57457  -31.882  -47.090  45.654 0.0000000000
56422  -31.528  -47.506  44.107 0.0000000000
54148  -34.143  -49.817  45.146 0.0000000000
54156  -33.939  -49.395  44.953 0.0000000000
55304  -33.885  -48.862  44.431 0.0000000000
56439  -32.351  -47.713  43.601 0.0000000000
45736  -27.077  -56.436  48.069 0.0000000000
45752  -28.083  -56.946  45.952 0.0000000000
50563  -28.651  -52.879  49.955 0.0000000000
49380  -28.256  -54.300  48.572 0.0000000000
50592  -28.606  -53.611  47.282 0.0000000000
49388  -28.377  -54.122  47.775 0.0000000000
48210  -28.808  -55.233  47.502 0.0000000000
45763  -28.822  -57.336  44.602 0.0000000000
45779  -28.920  -57.235  43.909 0.0000000000
44630  -28.478  -57.657  42.175 0.0000000000
47004  -28.399  -56.227  42.553 0.0000000000
80401  -53.175  -27.529  29.911 0.0000000000
80375  -54.667  -27.309  32.146 0.0000000000
81562  -55.600  -26.846  32.159 0.0000000000
80383  -55.028  -27.637  31.388 0.0000000000
80418  -56.899  -26.964  27.868 0.0000000000
82660  -58.168  -26.893  28.475 0.0000000000
83697  -58.009  -26.409  30.272 0.0000000000
83684  -57.142  -25.105  30.197 0.0000000000
84784  -57.392  -24.213  30.677 0.0000000000
85895  -57.772  -23.399  31.040 0.0000000000
32671  -14.930  -65.300  51.510 0.0000000000
31243  -14.332  -65.974  51.875 0.0000000000
31251  -14.266  -66.086  50.718 0.0000000000
32692  -13.722  -67.031  48.333 0.0000000000
31278  -13.388  -67.538  48.890 0.0000000000
61002  -37.869  -45.556  41.091 0.0000000000
64435  -34.966  -42.173  41.448 0.0000000000
74502  -43.772  -33.618  36.581 0.0000000000
70518  -38.729  -34.829  40.526 0.0000000000
69260  -39.002  -34.883  40.000 0.0000000000
69240  -39.751  -34.763  40.393 0.0000000000
71803  -40.846  -33.305  41.268 0.0000000000
69241  -40.446  -34.387  40.391 0.0000000000
69261  -40.044  -34.954  39.958 0.0000000000
69262  -40.912  -34.488  39.881 0.0000000000
69283  -41.399  -34.822  39.333 0.0000000000
69284  -42.225  -34.812  39.355 0.0000000000
71749  -43.928  -33.690  44.015 0.0000000000
70470  -43.663  -32.962  42.766 0.0000000000
70488  -43.879  -33.309  42.268 0.0000000000
70472  -44.708  -33.959  43.292 0.0000000000
69225  -43.498  -33.425  41.433 0.0000000000
69244  -43.079  -33.587  40.609 0.0000000000
69264  -42.645  -34.168  39.954 0.0000000000
69303  -42.540  -35.332  38.740 0.0000000000
69336  -43.304  -35.124  37.604 0.0000000000
69306  -44.098  -34.104  39.186 0.0000000000
69322  -43.883  -34.900  38.461 0.0000000000
70578  -43.651  -34.925  37.464 0.0000000000
71856  -43.904  -34.509  37.120 0.0000000000
73186  -44.356  -34.039  36.913 0.0000000000
142745  -44.246  -33.780  36.914 0.0000000000
73187  -44.843  -33.314  37.111 0.0000000000
73179  -45.489  -33.091  37.762 0.0000000000
73170  -46.064  -32.650  38.644 0.0000000000
73160  -45.756  -32.780  39.605 0.0000000000
73155  -46.033  -32.364  39.964 0.0000000000
73161  -46.303  -32.208  39.042 0.0000000000
74478  -46.951  -31.661  39.990 0.0000000000
75718  -47.454  -31.323  40.088 0.0000000000
78058  -48.058  -30.649  40.628 0.0000000000
75700  -47.214  -32.160  43.337 0.0000000000
34041  -15.331  -65.149  48.371 0.0000000000
31242  -13.916  -66.514  52.290 0.0000000000
29855  -13.555  -66.884  52.648 0.0000000000
29854  -13.107  -67.350  52.384 0.0000000000
29870  -12.875  -67.668  51.158 0.0000000000
29838  -13.106  -67.677  53.329 0.0000000000
28434  -12.336  -69.103  53.940 0.0000000000
28433  -11.839  -69.703  53.543 0.0000000000
28432  -11.179  -70.194  53.336 0.0000000000
28454  -10.999  -70.378  52.723 0.0000000000
28431  -10.196  -69.627  53.176 0.0000000000
25626  -9.225  -71.636  48.352 0.0000000000
25625  -8.628  -71.789  48.869 0.0000000000
25611  -8.982  -70.915  49.149 0.0000000000
27023  -11.348  -70.277  52.793 0.0000000000
28394  -11.215  -70.086  54.979 0.0000000000
32672  -15.395  -64.872  51.833 0.0000000000
32685  -14.086  -66.425  49.158 0.0000000000
39258  -18.491  -61.205  50.821 0.0000000000
40545  -18.941  -60.723  50.659 0.0000000000
40593  -18.622  -61.225  46.444 0.0000000000
41911  -18.406  -60.868  48.162 0.0000000000
41945  -22.876  -59.038  47.233 0.0000000000
41951  -27.893  -59.042  46.250 0.0000000000
41985  -24.714  -58.488  45.198 0.0000000000
43199  -19.462  -59.741  48.587 0.0000000000
43200  -19.838  -59.624  48.635 0.0000000000
43250  -23.261  -58.523  45.912 0.0000000000
43251  -27.358  -59.028  45.703 0.0000000000
43252  -28.103  -59.276  45.644 0.0000000000
43270  -22.935  -58.228  45.413 0.0000000000
43324  -28.596  -58.511  42.978 0.0000000000
43339  -27.475  -58.496  42.109 0.0000000000
43340  -27.839  -58.447  42.162 0.0000000000
44536  -20.602  -59.032  47.461 0.0000000000
44537  -20.931  -58.774  47.280 0.0000000000
44575  -23.297  -58.030  44.328 0.0000000000
44577  -28.718  -57.531  44.964 0.0000000000
44591  -22.988  -58.117  43.908 0.0000000000
44612  -28.096  -58.391  42.238 0.0000000000
45762  -22.715  -58.152  43.865 0.0000000000
45764  -28.426  -57.012  45.020 0.0000000000
45776  -22.195  -58.411  43.286 0.0000000000
45780  -28.668  -56.894  44.445 0.0000000000
45792  -28.666  -57.241  42.837 0.0000000000
48281  -27.662  -54.910  42.018 0.0000000000
50633  -40.127  -50.611  46.495 0.0000000000
50664  -38.336  -50.229  44.695 0.0000000000
51806  -40.984  -50.931  47.155 0.0000000000
51807  -41.554  -50.808  47.564 0.0000000000
51822  -40.435  -50.544  46.682 0.0000000000
51839  -39.241  -49.976  44.636 0.0000000000
51840  -39.709  -50.285  45.132 0.0000000000
51841  -40.270  -50.405  45.582 0.0000000000
52874  -36.392  -49.921  53.420 0.0000000000
52896  -31.424  -51.379  51.868 0.0000000000
52900  -36.779  -50.292  51.616 0.0000000000
52920  -29.631  -50.822  50.472 0.0000000000
52934  -29.277  -51.072  50.554 0.0000000000
52972  -34.296  -49.748  45.427 0.0000000000
52982  -34.610  -50.528  44.549 0.0000000000
52987  -40.992  -49.963  46.183 0.0000000000
52993  -28.327  -51.730  43.301 0.0000000000
52999  -40.275  -50.259  43.778 0.0000000000
54057  -31.898  -50.289  53.577 0.0000000000
54063  -31.693  -50.516  52.958 0.0000000000
54064  -32.063  -50.807  53.441 0.0000000000
54073  -34.578  -49.289  51.343 0.0000000000
54074  -35.283  -49.440  51.604 0.0000000000
54085  -33.978  -49.360  50.237 0.0000000000
54093  -29.465  -49.508  50.372 0.0000000000
54096  -34.693  -49.597  49.809 0.0000000000
54108  -29.198  -50.032  49.061 0.0000000000
54146  -33.877  -48.908  45.854 0.0000000000
55205  -34.174  -48.749  54.899 0.0000000000
55215  -31.730  -49.926  53.379 0.0000000000
55232  -31.080  -49.596  52.076 0.0000000000
55239  -29.958  -49.103  51.119 0.0000000000
55240  -32.735  -48.758  50.275 0.0000000000
55245  -29.293  -49.197  50.098 0.0000000000
55260  -29.283  -48.911  48.104 0.0000000000
56310  -33.336  -48.915  54.613 0.0000000000
56320  -32.695  -49.020  53.568 0.0000000000
56322  -33.752  -48.673  54.382 0.0000000000
56331  -33.308  -48.719  53.131 0.0000000000
56336  -30.666  -48.781  51.156 0.0000000000
56343  -29.660  -48.630  50.142 0.0000000000
56344  -30.320  -48.551  50.492 0.0000000000
56371  -31.310  -48.407  49.267 0.0000000000
56409  -31.789  -47.341  44.923 0.0000000000
57443  -30.119  -46.631  45.810 0.0000000000
57445  -31.401  -46.621  46.045 0.0000000000
57455  -30.217  -46.721  45.442 0.0000000000
57456  -31.057  -46.773  45.277 0.0000000000
57468  -30.405  -46.884  44.753 0.0000000000
59694  -39.339  -44.709  49.206 0.0000000000
59764  -39.580  -46.355  43.490 0.0000000000
60985  -36.252  -44.483  41.423 0.0000000000
60989  -38.742  -46.259  42.010 0.0000000000
64391  -36.594  -41.267  45.703 0.0000000000
66839  -36.898  -39.967  45.656 0.0000000000
68029  -36.950  -39.240  45.903 0.0000000000
69212  -39.370  -37.581  46.013 0.0000000000
69224  -42.892  -33.545  41.164 0.0000000000
69226  -44.133  -33.448  41.746 0.0000000000
69259  -37.993  -34.883  39.908 0.0000000000
69282  -40.413  -34.880  39.407 0.0000000000
69305  -43.745  -34.606  39.079 0.0000000000
70441  -45.438  -35.611  44.952 0.0000000000
70443  -46.338  -36.147  44.949 0.0000000000
70444  -46.571  -36.098  44.888 0.0000000000
70452  -46.118  -36.136  44.508 0.0000000000
70453  -46.522  -36.111  44.599 0.0000000000
70459  -39.257  -37.279  45.936 0.0000000000
70462  -45.586  -35.040  44.271 0.0000000000
70463  -45.929  -35.937  44.028 0.0000000000
70475  -45.904  -35.247  43.891 0.0000000000
70487  -43.032  -33.372  42.032 0.0000000000
70489  -44.437  -33.589  42.485 0.0000000000
70509  -45.028  -33.868  41.952 0.0000000000
70519  -39.313  -34.791  40.554 0.0000000000
70526  -39.988  -34.942  39.043 0.0000000000
70528  -40.586  -34.993  39.073 0.0000000000
70539  -39.728  -35.147  38.687 0.0000000000
70540  -39.472  -35.384  38.121 0.0000000000
70541  -40.831  -35.386  38.348 0.0000000000
70542  -42.219  -35.286  38.230 0.0000000000
70543  -42.495  -35.374  38.206 0.0000000000
70544  -44.066  -34.470  38.767 0.0000000000
70557  -39.796  -35.226  38.357 0.0000000000
70558  -39.970  -35.507  38.029 0.0000000000
70559  -40.693  -35.435  38.097 0.0000000000
70560  -42.367  -35.324  38.025 0.0000000000
70561  -42.481  -35.485  38.066 0.0000000000
70562  -43.754  -35.082  37.958 0.0000000000
70579  -44.010  -34.852  37.799 0.0000000000
71730  -45.976  -35.405  45.269 0.0000000000
71732  -46.302  -36.014  44.997 0.0000000000
71740  -45.021  -35.112  45.000 0.0000000000
71742  -46.238  -35.154  45.076 0.0000000000
71743  -46.642  -35.593  44.589 0.0000000000
71750  -44.438  -34.136  44.337 0.0000000000
71751  -44.931  -34.727  44.629 0.0000000000
71753  -46.302  -34.879  44.986 0.0000000000
71754  -46.190  -35.137  44.283 0.0000000000
71762  -37.405  -35.754  43.024 0.0000000000
71765  -43.032  -33.117  43.242 0.0000000000
71767  -44.201  -33.528  43.862 0.0000000000
71769  -46.007  -33.999  44.831 0.0000000000
71770  -46.909  -34.420  44.008 0.0000000000
71771  -46.161  -35.223  43.902 0.0000000000
71782  -37.377  -35.742  42.283 0.0000000000
71789  -46.086  -34.262  43.722 0.0000000000
71790  -46.588  -34.174  43.735 0.0000000000
71791  -46.864  -34.148  43.540 0.0000000000
71804  -45.981  -34.020  43.103 0.0000000000
71805  -46.295  -34.167  43.018 0.0000000000
71810  -38.210  -34.984  41.144 0.0000000000
71811  -40.550  -36.051  39.622 0.0000000000
71812  -40.419  -35.599  39.092 0.0000000000
71815  -39.899  -35.003  38.809 0.0000000000
71816  -40.249  -35.136  39.215 0.0000000000
71817  -40.682  -35.073  38.830 0.0000000000
71818  -44.810  -33.626  39.285 0.0000000000
71821  -40.039  -35.153  38.654 0.0000000000
71822  -40.304  -35.313  38.439 0.0000000000
71823  -40.554  -35.342  38.402 0.0000000000
71836  -40.243  -35.084  38.121 0.0000000000
71837  -40.300  -35.431  38.144 0.0000000000
71838  -40.502  -35.478  37.953 0.0000000000
71841  -45.508  -33.170  38.005 0.0000000000
71854  -42.515  -34.591  36.644 0.0000000000
71855  -43.213  -34.601  36.853 0.0000000000
71858  -45.070  -33.388  37.533 0.0000000000
73091  -43.971  -33.963  44.911 0.0000000000
73094  -46.376  -35.045  44.802 0.0000000000
73095  -46.855  -35.037  44.632 0.0000000000
73121  -42.877  -33.458  43.691 0.0000000000
73123  -45.999  -33.992  43.590 0.0000000000
73124  -45.877  -34.158  43.501 0.0000000000
73125  -46.150  -34.031  44.388 0.0000000000
73139  -45.951  -33.921  43.425 0.0000000000
73140  -46.019  -33.979  43.527 0.0000000000
73147  -46.269  -33.972  43.146 0.0000000000
73148  -46.098  -34.012  42.964 0.0000000000
73149  -45.483  -33.220  41.021 0.0000000000
73152  -40.419  -35.184  39.068 0.0000000000
73153  -40.339  -35.000  38.953 0.0000000000
73157  -40.084  -35.075  38.998 0.0000000000
73158  -40.150  -35.003  38.780 0.0000000000
73159  -40.583  -35.291  38.899 0.0000000000
73166  -39.889  -35.250  39.015 0.0000000000
73167  -40.109  -35.148  38.995 0.0000000000
73168  -40.528  -35.192  38.722 0.0000000000
73169  -44.370  -34.036  37.172 0.0000000000
73171  -46.362  -32.160  38.633 0.0000000000
73178  -44.525  -33.660  37.095 0.0000000000
73180  -45.870  -32.709  37.818 0.0000000000
73188  -45.387  -32.785  37.318 0.0000000000
73205  -45.144  -32.438  36.895 0.0000000000
74396  -42.280  -34.076  46.990 0.0000000000
74426  -44.239  -33.911  45.416 0.0000000000
74440  -43.529  -33.692  44.688 0.0000000000
74453  -42.539  -33.467  44.066 0.0000000000
74454  -46.004  -34.121  43.799 0.0000000000
74455  -45.926  -34.057  44.023 0.0000000000
74460  -46.159  -34.076  44.093 0.0000000000
74461  -46.038  -33.962  43.871 0.0000000000
74469  -46.668  -31.729  40.603 0.0000000000
74476  -44.302  -34.049  36.943 0.0000000000
74477  -46.930  -31.638  40.387 0.0000000000
74481  -48.009  -30.481  37.964 0.0000000000
74486  -44.412  -33.852  37.055 0.0000000000
74490  -48.025  -30.534  37.614 0.0000000000
74495  -44.410  -33.392  36.878 0.0000000000
74496  -46.417  -32.014  37.978 0.0000000000
74498  -47.488  -30.653  37.350 0.0000000000
74504  -45.616  -32.152  37.242 0.0000000000
74518  -46.496  -30.402  36.541 0.0000000000
74535  -45.793  -30.723  36.088 0.0000000000
75707  -46.023  -31.626  41.881 0.0000000000
75711  -46.878  -31.630  40.628 0.0000000000
75712  -47.143  -31.451  40.884 0.0000000000
75725  -47.802  -30.851  39.475 0.0000000000
75726  -47.988  -30.539  39.041 0.0000000000
75744  -43.998  -33.352  36.731 0.0000000000
75745  -44.055  -32.938  36.684 0.0000000000
75746  -44.255  -32.566  36.497 0.0000000000
75747  -47.376  -30.378  36.922 0.0000000000
75751  -51.382  -29.406  36.946 0.0000000000
75763  -44.177  -32.161  36.070 0.0000000000
76891  -47.853  -30.601  41.358 0.0000000000
76904  -47.802  -30.917  40.672 0.0000000000
76917  -48.271  -30.499  38.552 0.0000000000
76918  -49.019  -30.086  38.067 0.0000000000
76919  -49.533  -29.828  38.327 0.0000000000
76929  -48.160  -30.508  39.331 0.0000000000
76931  -48.780  -30.352  38.162 0.0000000000
76932  -49.254  -30.148  38.075 0.0000000000
76943  -48.838  -30.320  38.639 0.0000000000
76944  -48.917  -30.299  38.396 0.0000000000
76945  -49.036  -30.258  38.086 0.0000000000
76959  -52.437  -29.055  37.265 0.0000000000
78059  -48.237  -30.406  40.919 0.0000000000
78068  -48.133  -30.571  40.311 0.0000000000
78078  -48.261  -30.441  39.754 0.0000000000
78079  -48.670  -30.244  39.301 0.0000000000
78080  -49.149  -29.991  39.211 0.0000000000
78092  -48.837  -30.256  38.895 0.0000000000
78093  -49.014  -30.207  39.013 0.0000000000
78094  -49.146  -30.205  38.342 0.0000000000
79224  -52.492  -27.362  35.212 0.0000000000
80372  -52.379  -27.158  32.790 0.0000000000
81565  -57.365  -26.288  32.413 0.0000000000
81581  -56.489  -26.052  28.928 0.0000000000
81582  -56.849  -26.159  28.738 0.0000000000
81589  -56.367  -25.969  28.666 0.0000000000
81590  -56.679  -25.887  28.320 0.0000000000
81591  -56.681  -25.444  27.989 0.0000000000
81598  -56.206  -25.938  28.947 0.0000000000
81599  -56.421  -25.662  28.466 0.0000000000
81600  -56.472  -25.453  28.043 0.0000000000
82621  -57.905  -26.096  32.965 0.0000000000
82627  -57.712  -25.914  32.544 0.0000000000
82642  -56.760  -25.991  28.954 0.0000000000
82643  -56.897  -25.930  29.003 0.0000000000
82649  -56.462  -25.656  28.987 0.0000000000
82650  -56.834  -25.561  28.784 0.0000000000
82651  -56.977  -25.609  28.260 0.0000000000
82657  -56.017  -25.754  28.766 0.0000000000
82658  -56.244  -25.462  28.007 0.0000000000
82659  -56.580  -25.339  28.003 0.0000000000
83694  -56.613  -25.130  28.981 0.0000000000
83703  -56.032  -24.962  28.644 0.0000000000
83704  -56.336  -24.793  28.293 0.0000000000
142910  -56.450  -25.761  32.624 0.0000000000
142911  -56.557  -25.699  32.913 0.0000000000
142912  -56.715  -25.826  33.031 0.0000000000
