#!ascii label  , from subject 3523 vox2ras=TkReg
749
39037  -19.768  -53.650  83.715 0.0000000000
58393  -41.078  -36.981  82.656 0.0000000000
63535  -43.506  -32.283  76.273 0.0000000000
63614  -49.908  -31.411  70.353 0.0000000000
52454  -39.434  -41.594  83.521 0.0000000000
65908  -47.728  -30.553  72.579 0.0000000000
62548  -49.765  -33.716  61.376 0.0000000000
66037  -51.126  -30.242  62.986 0.0000000000
57184  -45.085  -37.435  80.376 0.0000000000
62271  -44.046  -33.273  79.213 0.0000000000
63494  -41.113  -33.278  79.786 0.0000000000
37831  -21.528  -54.043  87.663 0.0000000000
35475  -26.896  -55.802  86.067 0.0000000000
40226  -30.340  -53.184  84.891 0.0000000000
42640  -34.303  -50.628  82.856 0.0000000000
46031  -36.572  -47.708  79.141 0.0000000000
49136  -39.187  -44.297  79.771 0.0000000000
51398  -43.940  -41.912  80.426 0.0000000000
62339  -47.757  -33.210  75.167 0.0000000000
67042  -52.249  -28.620  64.388 0.0000000000
58396  -43.296  -36.716  81.726 0.0000000000
60878  -42.964  -34.421  81.386 0.0000000000
60875  -40.559  -34.843  80.826 0.0000000000
40199  -22.357  -53.083  86.529 0.0000000000
36679  -23.671  -54.993  86.921 0.0000000000
47001  -35.515  -45.719  82.445 0.0000000000
48075  -37.788  -45.238  79.803 0.0000000000
48038  -37.891  -44.855  82.771 0.0000000000
54810  -40.617  -39.415  83.102 0.0000000000
51365  -41.747  -41.687  82.831 0.0000000000
54831  -42.715  -39.708  82.331 0.0000000000
53663  -44.921  -40.083  80.371 0.0000000000
64678  -44.281  -31.046  79.323 0.0000000000
62305  -45.389  -33.030  77.481 0.0000000000
65848  -46.071  -30.629  77.689 0.0000000000
65948  -49.164  -30.106  71.398 0.0000000000
65912  -50.059  -31.129  73.035 0.0000000000
64784  -52.084  -31.220  71.648 0.0000000000
63627  -53.284  -32.153  69.693 0.0000000000
61268  -52.198  -34.111  61.792 0.0000000000
61195  -51.747  -34.306  64.424 0.0000000000
51361  -37.723  -42.733  83.531 0.0000000000
64817  -47.145  -31.783  68.606 0.0000000000
63746  -50.480  -32.208  60.407 0.0000000000
62577  -53.309  -33.262  60.351 0.0000000000
67110  -52.916  -29.304  60.556 0.0000000000
56073  -45.797  -38.352  78.160 0.0000000000
59664  -44.433  -35.777  80.161 0.0000000000
63483  -42.748  -32.366  80.449 0.0000000000
37869  -20.794  -54.238  86.142 0.0000000000
36739  -28.204  -55.393  82.821 0.0000000000
37876  -29.225  -54.731  85.308 0.0000000000
37916  -30.407  -54.257  83.122 0.0000000000
39060  -32.763  -53.231  82.700 0.0000000000
40273  -35.531  -52.218  82.544 0.0000000000
42644  -37.128  -50.475  82.182 0.0000000000
43719  -35.825  -49.519  80.699 0.0000000000
46034  -39.586  -48.055  79.415 0.0000000000
49103  -39.630  -43.532  82.957 0.0000000000
50277  -41.998  -43.214  80.851 0.0000000000
51432  -43.032  -42.395  77.949 0.0000000000
51422  -45.835  -41.937  78.524 0.0000000000
54905  -47.123  -40.364  78.281 0.0000000000
65880  -48.404  -30.921  75.106 0.0000000000
61154  -50.833  -34.465  66.230 0.0000000000
62436  -52.412  -32.763  68.362 0.0000000000
37867  -18.683  -53.917  85.861 0.0000000000
58395  -42.571  -37.073  82.368 0.0000000000
59638  -41.729  -35.404  81.818 0.0000000000
59637  -40.806  -35.756  81.766 0.0000000000
48019  -36.018  -45.089  83.140 0.0000000000
48047  -37.179  -45.441  81.825 0.0000000000
48005  -36.606  -44.596  83.384 0.0000000000
57148  -41.002  -38.274  83.512 0.0000000000
56010  -41.669  -39.548  83.481 0.0000000000
57150  -42.220  -38.377  83.092 0.0000000000
56026  -42.874  -38.788  82.132 0.0000000000
65834  -45.508  -30.721  78.417 0.0000000000
64699  -44.773  -30.873  76.995 0.0000000000
64795  -49.519  -30.742  70.502 0.0000000000
65963  -50.929  -30.289  71.260 0.0000000000
64797  -51.827  -30.705  70.842 0.0000000000
63616  -52.781  -32.025  70.679 0.0000000000
64808  -52.553  -31.295  70.376 0.0000000000
61246  -53.518  -34.145  62.360 0.0000000000
61220  -53.307  -34.072  63.397 0.0000000000
62513  -54.298  -33.831  63.537 0.0000000000
64863  -49.250  -31.020  62.434 0.0000000000
66081  -50.028  -30.796  61.733 0.0000000000
63747  -51.624  -32.160  60.200 0.0000000000
64904  -51.009  -31.247  60.595 0.0000000000
63748  -52.876  -32.076  59.934 0.0000000000
66083  -51.616  -30.402  61.019 0.0000000000
67091  -52.571  -29.228  61.899 0.0000000000
57197  -45.778  -37.645  79.305 0.0000000000
58431  -45.367  -36.977  79.432 0.0000000000
58418  -44.915  -36.631  80.200 0.0000000000
62222  -41.778  -33.756  81.127 0.0000000000
62224  -43.164  -33.825  81.077 0.0000000000
63473  -42.443  -32.997  80.856 0.0000000000
63496  -42.607  -31.832  79.511 0.0000000000
63507  -41.236  -33.024  79.259 0.0000000000
37894  -22.430  -54.710  85.042 0.0000000000
37849  -22.316  -54.551  87.087 0.0000000000
35473  -25.323  -55.761  86.105 0.0000000000
40213  -30.044  -52.775  85.180 0.0000000000
39009  -29.909  -53.765  85.103 0.0000000000
37900  -30.143  -54.439  84.048 0.0000000000
39044  -30.685  -54.024  83.735 0.0000000000
39059  -31.584  -53.548  82.275 0.0000000000
39027  -31.762  -53.012  84.007 0.0000000000
41389  -35.106  -51.332  82.954 0.0000000000
40274  -36.120  -51.701  82.461 0.0000000000
42642  -35.746  -50.757  82.602 0.0000000000
46030  -35.751  -47.394  79.250 0.0000000000
44908  -34.574  -48.402  79.678 0.0000000000
44909  -35.939  -48.601  79.697 0.0000000000
43721  -37.723  -49.519  81.127 0.0000000000
44910  -37.240  -48.538  79.669 0.0000000000
44912  -39.242  -48.530  80.005 0.0000000000
46032  -37.617  -47.815  79.033 0.0000000000
49135  -38.486  -44.807  79.175 0.0000000000
48108  -38.841  -45.792  77.806 0.0000000000
49150  -39.176  -44.416  78.638 0.0000000000
50285  -40.356  -43.638  78.664 0.0000000000
49076  -38.605  -43.362  83.425 0.0000000000
50226  -39.722  -42.652  83.450 0.0000000000
51388  -42.661  -41.764  81.709 0.0000000000
50257  -41.680  -42.630  82.107 0.0000000000
51396  -42.599  -42.778  80.886 0.0000000000
51419  -42.746  -42.673  79.009 0.0000000000
51420  -43.800  -42.353  78.914 0.0000000000
51409  -44.499  -41.984  79.688 0.0000000000
56048  -45.001  -38.357  80.486 0.0000000000
53682  -45.895  -40.389  79.599 0.0000000000
56050  -45.973  -38.687  79.627 0.0000000000
54921  -46.727  -39.521  77.777 0.0000000000
40168  -21.102  -53.048  87.781 0.0000000000
37820  -20.347  -53.595  88.262 0.0000000000
37830  -20.370  -54.039  87.804 0.0000000000
59676  -43.795  -35.315  79.015 0.0000000000
60935  -43.819  -34.051  78.238 0.0000000000
62323  -46.614  -33.089  76.284 0.0000000000
64735  -46.628  -30.877  74.198 0.0000000000
65878  -46.887  -30.493  75.179 0.0000000000
65894  -48.053  -30.404  74.219 0.0000000000
63590  -50.305  -32.249  72.863 0.0000000000
63589  -49.804  -32.461  73.533 0.0000000000
61176  -52.107  -34.148  65.246 0.0000000000
61175  -51.251  -34.402  65.324 0.0000000000
61155  -51.741  -34.152  66.141 0.0000000000
62451  -51.219  -34.067  67.374 0.0000000000
62452  -52.048  -33.702  67.139 0.0000000000
62437  -53.129  -32.455  68.167 0.0000000000
67057  -50.679  -29.088  64.220 0.0000000000
67075  -51.859  -29.694  63.300 0.0000000000
125352  -51.283  -27.872  64.181 0.0000000000
125366  -52.186  -25.937  63.152 0.0000000000
57172  -44.475  -37.442  80.851 0.0000000000
59641  -43.997  -35.883  80.963 0.0000000000
59640  -43.415  -35.524  81.386 0.0000000000
60877  -42.179  -34.429  81.495 0.0000000000
62236  -40.414  -34.111  80.299 0.0000000000
40183  -21.775  -53.093  87.255 0.0000000000
36678  -22.988  -54.843  87.131 0.0000000000
37853  -26.143  -55.250  86.199 0.0000000000
47041  -35.803  -46.178  80.442 0.0000000000
48073  -36.715  -46.427  79.394 0.0000000000
48060  -37.134  -45.572  80.534 0.0000000000
48061  -37.864  -45.144  81.147 0.0000000000
49111  -38.638  -44.798  81.688 0.0000000000
53606  -40.367  -40.447  83.308 0.0000000000
51349  -40.838  -41.913  83.514 0.0000000000
53594  -41.552  -40.791  83.400 0.0000000000
53608  -42.239  -40.584  82.932 0.0000000000
52483  -43.472  -41.230  81.235 0.0000000000
52501  -44.558  -41.105  80.412 0.0000000000
54847  -43.229  -39.569  81.653 0.0000000000
56038  -43.481  -38.581  81.488 0.0000000000
40197  -20.171  -52.326  86.156 0.0000000000
63497  -44.690  -31.912  79.455 0.0000000000
62288  -44.896  -32.838  78.182 0.0000000000
63511  -45.448  -31.667  78.776 0.0000000000
63523  -46.497  -31.666  77.608 0.0000000000
63538  -47.335  -31.996  76.671 0.0000000000
65929  -48.479  -30.333  71.973 0.0000000000
65910  -48.965  -30.474  73.258 0.0000000000
65931  -49.948  -30.309  72.488 0.0000000000
65933  -51.276  -31.016  72.321 0.0000000000
61267  -51.262  -34.114  61.867 0.0000000000
61243  -50.805  -34.328  62.747 0.0000000000
61244  -51.758  -34.221  62.667 0.0000000000
61196  -52.788  -34.057  64.424 0.0000000000
57170  -40.491  -37.401  81.797 0.0000000000
56024  -40.694  -38.449  82.516 0.0000000000
64721  -44.689  -31.715  75.380 0.0000000000
64781  -46.458  -31.603  71.304 0.0000000000
65946  -47.568  -30.718  70.588 0.0000000000
64806  -48.273  -30.880  69.814 0.0000000000
63623  -48.326  -31.786  69.616 0.0000000000
62574  -50.117  -33.124  60.717 0.0000000000
62575  -51.144  -33.107  60.525 0.0000000000
62551  -52.713  -33.853  61.016 0.0000000000
62552  -53.776  -33.881  61.317 0.0000000000
67090  -52.232  -29.616  62.480 0.0000000000
66085  -53.169  -30.036  60.155 0.0000000000
57228  -44.819  -37.958  77.832 0.0000000000
58444  -44.785  -36.623  79.024 0.0000000000
60921  -43.794  -34.123  79.508 0.0000000000
60893  -43.805  -35.122  80.747 0.0000000000
60907  -43.736  -34.129  80.326 0.0000000000
62240  -43.855  -32.541  80.142 0.0000000000
64668  -43.522  -31.571  79.781 0.0000000000
64677  -43.397  -31.145  79.034 0.0000000000
59650  -39.948  -35.373  80.128 0.0000000000
60890  -39.815  -34.636  79.837 0.0000000000
62285  -40.383  -33.587  78.127 0.0000000000
37910  -19.909  -53.805  84.498 0.0000000000
37912  -21.566  -54.234  84.202 0.0000000000
37944  -28.355  -54.707  81.439 0.0000000000
39022  -25.729  -54.275  85.127 0.0000000000
37854  -26.826  -55.207  86.101 0.0000000000
36690  -27.766  -55.461  85.873 0.0000000000
37929  -29.397  -54.645  82.391 0.0000000000
40282  -34.092  -52.408  81.268 0.0000000000
40283  -35.027  -52.535  81.654 0.0000000000
43705  -33.463  -49.812  81.931 0.0000000000
43718  -34.512  -49.461  80.686 0.0000000000
43706  -34.471  -49.910  81.723 0.0000000000
43708  -36.404  -49.916  81.694 0.0000000000
43710  -38.297  -49.811  81.577 0.0000000000
47076  -38.318  -46.825  78.365 0.0000000000
50223  -37.692  -43.601  83.554 0.0000000000
49102  -39.019  -44.019  82.791 0.0000000000
49124  -39.993  -44.039  81.746 0.0000000000
50247  -41.065  -42.748  82.713 0.0000000000
50267  -41.335  -43.422  81.304 0.0000000000
50275  -40.490  -43.629  79.735 0.0000000000
50286  -41.107  -43.313  79.213 0.0000000000
51431  -42.032  -42.771  77.963 0.0000000000
51449  -47.508  -42.351  76.663 0.0000000000
52502  -45.394  -40.901  79.764 0.0000000000
52530  -46.460  -41.521  78.586 0.0000000000
52547  -47.748  -41.409  77.075 0.0000000000
53725  -47.601  -40.762  77.052 0.0000000000
37868  -19.708  -54.095  86.013 0.0000000000
65863  -45.790  -30.614  76.370 0.0000000000
65865  -47.360  -30.802  76.394 0.0000000000
63552  -48.153  -32.024  75.754 0.0000000000
65896  -49.091  -30.931  74.064 0.0000000000
63564  -49.069  -32.052  74.562 0.0000000000
60995  -48.595  -33.238  74.521 0.0000000000
62433  -48.057  -33.251  68.917 0.0000000000
62415  -49.972  -33.472  69.428 0.0000000000
61217  -50.315  -34.525  63.642 0.0000000000
61193  -49.799  -34.681  64.564 0.0000000000
61131  -49.478  -34.657  67.440 0.0000000000
62434  -50.092  -34.112  68.652 0.0000000000
62416  -51.518  -32.786  69.187 0.0000000000
63626  -52.365  -31.981  69.596 0.0000000000
39018  -18.948  -53.611  84.213 0.0000000000
58394  -41.760  -37.261  82.794 0.0000000000
59624  -41.379  -36.285  82.336 0.0000000000
59623  -40.924  -36.400  82.332 0.0000000000
49086  -34.929  -44.478  83.175 0.0000000000
49072  -36.295  -44.152  83.472 0.0000000000
57158  -40.759  -37.669  82.845 0.0000000000
57149  -41.634  -38.437  83.355 0.0000000000
57159  -41.211  -37.678  83.133 0.0000000000
58384  -42.222  -37.724  82.841 0.0000000000
64698  -44.110  -31.277  77.182 0.0000000000
65846  -44.581  -30.722  77.803 0.0000000000
64796  -50.722  -30.794  70.600 0.0000000000
64807  -51.748  -31.243  70.313 0.0000000000
62529  -54.346  -33.920  62.331 0.0000000000
66036  -50.450  -30.440  63.190 0.0000000000
66082  -50.696  -30.652  61.354 0.0000000000
66058  -51.481  -30.132  62.152 0.0000000000
57185  -45.530  -37.505  79.912 0.0000000000
58419  -45.414  -37.014  79.775 0.0000000000
63482  -41.762  -33.079  80.638 0.0000000000
63495  -41.802  -32.528  79.849 0.0000000000
35474  -26.130  -55.791  86.099 0.0000000000
35482  -25.740  -56.036  85.708 0.0000000000
39026  -30.656  -53.656  84.363 0.0000000000
39045  -31.490  -53.647  83.313 0.0000000000
42628  -33.814  -50.829  83.250 0.0000000000
41388  -34.515  -51.340  83.204 0.0000000000
42629  -34.713  -50.981  83.010 0.0000000000
42630  -35.288  -51.022  82.846 0.0000000000
42641  -34.973  -50.710  82.688 0.0000000000
44911  -38.283  -48.567  79.771 0.0000000000
50284  -39.747  -44.096  78.217 0.0000000000
50274  -39.766  -43.925  79.184 0.0000000000
52439  -39.234  -42.106  83.624 0.0000000000
51397  -43.219  -42.091  80.990 0.0000000000
51387  -42.359  -42.396  81.606 0.0000000000
51408  -43.392  -42.516  80.050 0.0000000000
56049  -45.623  -38.321  80.008 0.0000000000
54867  -45.856  -38.943  79.812 0.0000000000
56061  -46.245  -38.590  79.167 0.0000000000
38982  -21.444  -53.537  87.744 0.0000000000
38974  -20.779  -53.344  88.125 0.0000000000
37821  -21.027  -53.680  87.997 0.0000000000
59689  -43.421  -35.335  77.793 0.0000000000
62324  -47.198  -33.023  75.766 0.0000000000
60973  -46.723  -33.340  75.776 0.0000000000
60993  -47.108  -33.659  74.964 0.0000000000
64749  -46.947  -31.012  73.075 0.0000000000
65893  -47.489  -30.512  73.772 0.0000000000
61265  -49.356  -34.175  62.090 0.0000000000
61156  -52.382  -33.963  65.850 0.0000000000
57171  -43.773  -37.550  81.366 0.0000000000
58407  -43.950  -36.559  81.180 0.0000000000
60876  -41.386  -34.726  81.291 0.0000000000
62221  -41.103  -34.236  80.821 0.0000000000
40184  -22.320  -53.380  87.029 0.0000000000
39005  -25.299  -54.509  85.891 0.0000000000
47021  -35.506  -45.962  81.699 0.0000000000
48059  -36.522  -46.021  79.979 0.0000000000
48046  -36.398  -45.794  81.197 0.0000000000
48037  -37.322  -45.139  82.763 0.0000000000
48048  -37.924  -45.078  82.264 0.0000000000
54792  -40.833  -40.076  83.538 0.0000000000
54775  -40.850  -40.675  83.604 0.0000000000
54793  -41.325  -40.273  83.566 0.0000000000
54830  -42.401  -39.836  82.940 0.0000000000
54812  -42.077  -40.014  83.274 0.0000000000
53623  -42.547  -40.519  82.462 0.0000000000
52470  -42.685  -41.167  81.969 0.0000000000
53624  -42.992  -40.460  81.790 0.0000000000
57161  -43.105  -37.778  81.976 0.0000000000
40198  -21.429  -52.604  86.359 0.0000000000
64670  -44.488  -31.592  79.574 0.0000000000
63498  -45.118  -31.601  79.162 0.0000000000
64679  -44.914  -31.284  79.336 0.0000000000
64700  -46.220  -31.216  77.969 0.0000000000
64701  -46.658  -31.136  77.472 0.0000000000
63524  -46.898  -31.644  77.220 0.0000000000
64702  -47.134  -31.287  76.986 0.0000000000
65930  -49.223  -30.180  72.299 0.0000000000
65964  -51.716  -30.587  71.415 0.0000000000
65950  -50.939  -30.239  71.915 0.0000000000
65951  -51.658  -30.744  71.905 0.0000000000
64783  -51.533  -31.363  72.140 0.0000000000
63615  -52.204  -32.395  71.187 0.0000000000
61245  -52.682  -34.196  62.568 0.0000000000
62499  -53.131  -33.931  64.904 0.0000000000
64782  -47.017  -31.088  70.950 0.0000000000
64816  -46.603  -31.787  68.564 0.0000000000
64805  -47.485  -31.395  69.269 0.0000000000
63612  -48.602  -31.126  69.899 0.0000000000
64903  -49.746  -31.287  60.933 0.0000000000
63745  -49.483  -32.362  60.661 0.0000000000
62576  -52.228  -33.145  60.366 0.0000000000
62578  -54.341  -33.306  60.439 0.0000000000
63766  -53.262  -31.492  59.834 0.0000000000
67059  -52.400  -29.033  63.969 0.0000000000
67076  -52.646  -29.042  63.182 0.0000000000
56088  -45.549  -38.616  77.617 0.0000000000
57229  -45.336  -38.154  78.004 0.0000000000
58430  -44.960  -36.467  79.762 0.0000000000
59677  -44.414  -35.841  79.657 0.0000000000
59663  -44.062  -35.000  79.929 0.0000000000
59651  -43.793  -35.304  80.928 0.0000000000
60892  -43.548  -34.495  80.936 0.0000000000
62238  -42.792  -32.955  80.803 0.0000000000
62239  -43.358  -33.156  80.655 0.0000000000
62254  -43.887  -33.245  80.025 0.0000000000
63484  -43.661  -32.119  80.136 0.0000000000
37892  -20.285  -54.029  85.182 0.0000000000
37911  -20.612  -53.973  84.272 0.0000000000
37893  -21.296  -54.286  85.177 0.0000000000
36673  -23.391  -54.831  87.205 0.0000000000
36688  -23.734  -55.309  86.300 0.0000000000
36749  -27.290  -55.339  82.049 0.0000000000
36750  -27.985  -55.155  81.938 0.0000000000
37928  -28.611  -55.041  82.299 0.0000000000
37896  -26.462  -54.538  85.499 0.0000000000
37873  -26.692  -54.869  85.904 0.0000000000
36691  -28.389  -55.604  85.666 0.0000000000
36692  -28.849  -55.466  85.112 0.0000000000
37915  -29.593  -54.888  83.488 0.0000000000
37930  -30.315  -53.997  82.012 0.0000000000
39075  -30.359  -53.491  81.125 0.0000000000
39077  -32.284  -53.130  81.890 0.0000000000
40270  -33.186  -52.813  81.803 0.0000000000
40256  -33.492  -52.955  82.443 0.0000000000
40258  -34.643  -52.344  83.028 0.0000000000
40272  -34.880  -52.643  82.438 0.0000000000
40284  -35.828  -52.460  82.016 0.0000000000
41424  -36.703  -51.282  82.279 0.0000000000
41425  -37.444  -50.946  82.011 0.0000000000
41445  -38.161  -51.273  81.474 0.0000000000
43736  -35.078  -49.155  79.999 0.0000000000
43735  -34.527  -49.034  80.030 0.0000000000
43707  -35.446  -49.922  81.605 0.0000000000
42658  -38.750  -50.138  81.647 0.0000000000
44913  -40.144  -48.416  80.226 0.0000000000
48074  -37.239  -46.092  79.217 0.0000000000
47075  -37.596  -46.934  78.647 0.0000000000
48090  -37.761  -46.384  78.601 0.0000000000
50222  -36.983  -43.679  83.593 0.0000000000
51344  -37.514  -43.243  83.577 0.0000000000
49091  -39.465  -43.326  83.194 0.0000000000
49090  -38.967  -43.575  83.162 0.0000000000
49112  -39.291  -44.364  82.141 0.0000000000
49113  -39.867  -43.857  82.414 0.0000000000
51364  -41.197  -42.115  83.197 0.0000000000
51363  -40.435  -42.690  83.148 0.0000000000
51376  -41.443  -42.323  82.700 0.0000000000
50268  -41.902  -42.970  81.483 0.0000000000
50256  -41.227  -43.206  82.058 0.0000000000
50266  -40.490  -43.794  80.916 0.0000000000
50276  -41.363  -43.345  80.271 0.0000000000
51406  -41.656  -43.175  79.626 0.0000000000
51444  -42.384  -42.624  77.106 0.0000000000
51434  -45.177  -42.258  77.779 0.0000000000
51435  -46.173  -42.185  77.647 0.0000000000
53642  -44.340  -40.219  80.776 0.0000000000
53683  -46.495  -40.442  79.119 0.0000000000
52517  -46.657  -41.076  78.772 0.0000000000
53695  -46.977  -40.642  78.547 0.0000000000
52546  -47.422  -41.588  77.470 0.0000000000
53696  -47.326  -40.808  78.048 0.0000000000
54922  -47.232  -40.309  77.820 0.0000000000
56074  -46.177  -38.624  78.335 0.0000000000
54920  -46.276  -39.287  77.418 0.0000000000
37847  -20.097  -54.193  87.003 0.0000000000
60936  -44.360  -33.427  78.019 0.0000000000
64711  -45.234  -31.110  75.900 0.0000000000
65879  -47.850  -30.584  75.488 0.0000000000
65864  -46.858  -30.522  76.437 0.0000000000
64713  -47.915  -31.481  76.012 0.0000000000
64725  -48.283  -31.278  75.556 0.0000000000
65911  -49.591  -30.890  73.344 0.0000000000
62342  -49.251  -32.588  74.265 0.0000000000
62356  -49.171  -32.993  74.213 0.0000000000
62341  -48.819  -32.774  74.610 0.0000000000
61017  -48.996  -33.542  74.024 0.0000000000
62414  -48.622  -33.049  69.497 0.0000000000
61083  -48.827  -33.753  69.096 0.0000000000
61218  -51.287  -34.376  63.574 0.0000000000
61174  -50.303  -34.625  65.421 0.0000000000
61173  -49.282  -34.819  65.534 0.0000000000
61153  -49.874  -34.708  66.409 0.0000000000
61152  -48.776  -34.813  66.567 0.0000000000
62435  -51.023  -33.821  68.252 0.0000000000
63639  -52.618  -32.255  68.914 0.0000000000
59626  -42.776  -36.111  81.864 0.0000000000
59625  -42.129  -36.160  82.252 0.0000000000
48036  -36.285  -45.542  82.522 0.0000000000
48020  -36.891  -44.993  83.211 0.0000000000
48021  -37.636  -44.633  83.225 0.0000000000
55994  -40.921  -39.066  83.535 0.0000000000
55995  -41.249  -39.496  83.586 0.0000000000
57139  -41.239  -38.852  83.564 0.0000000000
56011  -42.157  -39.190  83.296 0.0000000000
56025  -42.505  -38.998  82.806 0.0000000000
57160  -42.564  -38.112  82.563 0.0000000000
64687  -44.352  -30.791  78.389 0.0000000000
64688  -45.038  -30.827  78.830 0.0000000000
65833  -45.174  -30.596  78.219 0.0000000000
65962  -49.905  -30.161  70.956 0.0000000000
64798  -52.558  -30.965  71.136 0.0000000000
64809  -52.761  -31.538  70.473 0.0000000000
61269  -52.994  -34.162  61.769 0.0000000000
61221  -53.875  -34.025  62.895 0.0000000000
64905  -52.098  -31.087  60.296 0.0000000000
66059  -52.143  -29.865  61.658 0.0000000000
125346  -53.057  -27.709  64.321 0.0000000000
68097  -53.011  -28.201  64.018 0.0000000000
68121  -52.975  -28.306  62.809 0.0000000000
68137  -52.699  -28.648  61.595 0.0000000000
57198  -46.046  -38.135  78.786 0.0000000000
57213  -45.526  -37.867  78.470 0.0000000000
62223  -42.625  -33.517  81.116 0.0000000000
63508  -41.754  -32.558  78.833 0.0000000000
37870  -22.027  -54.587  86.211 0.0000000000
36699  -22.929  -55.096  85.957 0.0000000000
36722  -28.141  -55.767  83.873 0.0000000000
37877  -29.845  -54.333  84.748 0.0000000000
37917  -30.975  -53.866  82.599 0.0000000000
39046  -32.655  -52.988  83.499 0.0000000000
40259  -35.329  -51.733  82.875 0.0000000000
40260  -35.841  -51.427  82.662 0.0000000000
41407  -36.236  -51.119  82.579 0.0000000000
42643  -36.482  -50.613  82.395 0.0000000000
47057  -34.571  -46.684  80.034 0.0000000000
46028  -34.005  -47.273  79.835 0.0000000000
46029  -34.956  -47.456  79.409 0.0000000000
44894  -36.417  -49.270  80.415 0.0000000000
43720  -36.816  -49.596  81.054 0.0000000000
44896  -37.990  -49.065  80.448 0.0000000000
46033  -38.658  -48.063  79.213 0.0000000000
48091  -38.099  -45.764  78.501 0.0000000000
49149  -38.762  -45.086  78.134 0.0000000000
50294  -39.824  -44.290  77.731 0.0000000000
50295  -40.167  -43.930  77.702 0.0000000000
52452  -38.159  -42.265  83.490 0.0000000000
51345  -37.963  -42.957  83.596 0.0000000000
51346  -38.705  -42.605  83.585 0.0000000000
50225  -39.142  -43.017  83.504 0.0000000000
50237  -39.968  -43.069  83.182 0.0000000000
51377  -41.936  -41.945  82.418 0.0000000000
50248  -41.542  -42.429  82.460 0.0000000000
51407  -42.277  -43.005  79.998 0.0000000000
51421  -44.825  -42.158  78.702 0.0000000000
51410  -45.298  -41.783  79.199 0.0000000000
54865  -44.670  -39.317  80.587 0.0000000000
53664  -45.352  -40.296  79.990 0.0000000000
54866  -45.486  -39.335  80.095 0.0000000000
54887  -46.147  -39.490  79.532 0.0000000000
54904  -46.758  -39.714  78.617 0.0000000000
40181  -19.830  -52.526  87.300 0.0000000000
40155  -19.853  -52.911  88.581 0.0000000000
37811  -19.959  -53.330  88.687 0.0000000000
62306  -46.155  -32.726  77.148 0.0000000000
60952  -45.548  -33.259  76.971 0.0000000000
60972  -45.936  -33.565  76.081 0.0000000000
64734  -45.848  -31.286  74.382 0.0000000000
64723  -46.248  -30.771  74.982 0.0000000000
64767  -50.251  -31.492  72.925 0.0000000000
63575  -50.068  -32.111  73.263 0.0000000000
61132  -50.556  -34.425  67.250 0.0000000000
61133  -51.275  -34.196  66.830 0.0000000000
66015  -51.099  -30.013  63.612 0.0000000000
67058  -51.512  -29.369  64.171 0.0000000000
67041  -51.526  -28.641  64.452 0.0000000000
125363  -51.384  -27.118  63.162 0.0000000000
68096  -52.281  -27.792  64.287 0.0000000000
125354  -52.523  -26.498  63.664 0.0000000000
58408  -44.472  -36.572  80.691 0.0000000000
59639  -42.529  -35.286  81.687 0.0000000000
62237  -41.239  -33.757  80.626 0.0000000000
63481  -40.966  -33.599  80.219 0.0000000000
37832  -22.807  -54.490  87.292 0.0000000000
36672  -23.192  -54.782  87.279 0.0000000000
37851  -24.322  -54.749  86.883 0.0000000000
36680  -24.675  -55.309  86.449 0.0000000000
36681  -25.690  -55.514  86.328 0.0000000000
36682  -26.473  -55.539  86.189 0.0000000000
43696  -33.520  -50.249  82.713 0.0000000000
47058  -35.343  -46.665  79.771 0.0000000000
47059  -36.184  -46.680  79.448 0.0000000000
47060  -36.919  -46.920  78.987 0.0000000000
49122  -38.540  -44.716  80.456 0.0000000000
49123  -39.446  -44.283  81.022 0.0000000000
53605  -39.961  -41.174  83.338 0.0000000000
52427  -40.384  -41.725  83.533 0.0000000000
53582  -40.607  -41.346  83.484 0.0000000000
52441  -41.197  -41.402  83.485 0.0000000000
52455  -41.725  -41.237  83.163 0.0000000000
54811  -41.778  -40.230  83.386 0.0000000000
53607  -42.066  -40.689  83.051 0.0000000000
52456  -42.000  -41.222  82.876 0.0000000000
51378  -42.392  -41.557  82.160 0.0000000000
52500  -43.779  -41.603  80.741 0.0000000000
53641  -43.687  -40.336  81.248 0.0000000000
54848  -43.924  -39.426  81.074 0.0000000000
56039  -44.237  -38.429  80.955 0.0000000000
40182  -20.835  -52.646  87.227 0.0000000000
62255  -44.167  -32.533  79.671 0.0000000000
62287  -44.268  -33.229  78.546 0.0000000000
62272  -44.484  -32.608  79.015 0.0000000000
63510  -45.084  -32.145  78.921 0.0000000000
63521  -45.455  -32.220  78.431 0.0000000000
64689  -45.598  -31.113  78.619 0.0000000000
63522  -45.987  -31.876  78.078 0.0000000000
63536  -46.386  -32.115  77.545 0.0000000000
62307  -46.933  -32.626  76.555 0.0000000000
62308  -47.406  -32.527  76.126 0.0000000000
65909  -48.360  -30.346  73.036 0.0000000000
65949  -50.093  -29.968  71.710 0.0000000000
65932  -50.640  -30.814  72.568 0.0000000000
63591  -51.082  -31.923  72.359 0.0000000000
61266  -50.303  -34.157  61.977 0.0000000000
61219  -52.264  -34.205  63.504 0.0000000000
61177  -52.784  -33.932  65.323 0.0000000000
58406  -40.603  -36.730  82.272 0.0000000000
57169  -40.262  -36.920  81.518 0.0000000000
53621  -39.788  -40.960  83.106 0.0000000000
53622  -40.279  -40.255  82.601 0.0000000000
64709  -44.164  -31.860  76.025 0.0000000000
63550  -44.092  -32.303  74.991 0.0000000000
64733  -45.091  -31.738  74.467 0.0000000000
64748  -46.017  -31.514  73.354 0.0000000000
64766  -47.074  -31.049  71.958 0.0000000000
65928  -47.726  -30.618  71.501 0.0000000000
65947  -48.295  -30.363  71.021 0.0000000000
65960  -47.988  -30.520  70.259 0.0000000000
65961  -48.752  -30.487  70.545 0.0000000000
64794  -48.800  -30.851  70.196 0.0000000000
63613  -49.060  -31.331  70.165 0.0000000000
62573  -49.204  -33.166  60.942 0.0000000000
62549  -50.724  -33.739  61.186 0.0000000000
62550  -51.715  -33.793  61.031 0.0000000000
62553  -54.991  -33.555  61.348 0.0000000000
66084  -52.517  -30.064  60.756 0.0000000000
58443  -43.791  -36.307  78.309 0.0000000000
59652  -44.173  -35.743  80.595 0.0000000000
60908  -43.893  -35.038  80.472 0.0000000000
63485  -44.172  -31.966  79.816 0.0000000000
64669  -44.203  -31.539  79.681 0.0000000000
63520  -43.275  -32.021  76.942 0.0000000000
58405  -40.270  -36.488  81.502 0.0000000000
60874  -40.064  -34.945  80.454 0.0000000000
60891  -40.115  -34.550  80.294 0.0000000000
62235  -39.985  -34.340  79.989 0.0000000000
62253  -40.306  -33.735  79.668 0.0000000000
62269  -40.395  -33.446  79.011 0.0000000000
62270  -41.004  -33.214  78.683 0.0000000000
39038  -20.486  -53.808  83.603 0.0000000000
37923  -20.969  -53.963  83.617 0.0000000000
36687  -22.943  -55.000  86.690 0.0000000000
37872  -25.824  -54.769  85.966 0.0000000000
35476  -27.338  -55.738  86.015 0.0000000000
36723  -28.906  -55.376  83.711 0.0000000000
37899  -29.392  -55.045  84.505 0.0000000000
36740  -28.979  -55.108  82.949 0.0000000000
39028  -32.345  -52.732  83.841 0.0000000000
39061  -33.170  -53.058  83.145 0.0000000000
40257  -33.787  -52.902  82.929 0.0000000000
40271  -34.121  -52.795  82.125 0.0000000000
40285  -36.129  -52.133  82.229 0.0000000000
41444  -36.872  -51.814  81.722 0.0000000000
43697  -34.351  -50.284  82.415 0.0000000000
44892  -33.178  -48.722  80.658 0.0000000000
43717  -33.729  -49.522  81.233 0.0000000000
43698  -35.216  -50.297  82.281 0.0000000000
43699  -36.059  -50.262  82.224 0.0000000000
43700  -36.721  -50.238  82.162 0.0000000000
43709  -37.322  -49.966  81.796 0.0000000000
42657  -37.894  -50.329  81.851 0.0000000000
46049  -38.221  -47.472  78.724 0.0000000000
46050  -38.975  -47.567  78.719 0.0000000000
47093  -38.688  -46.415  77.991 0.0000000000
47077  -39.210  -47.058  78.224 0.0000000000
46051  -39.867  -47.590  78.796 0.0000000000
50221  -36.491  -43.787  83.536 0.0000000000
49073  -37.106  -44.084  83.591 0.0000000000
49088  -37.802  -44.288  83.352 0.0000000000
49075  -38.201  -43.700  83.436 0.0000000000
49089  -38.191  -44.231  83.223 0.0000000000
49101  -38.435  -44.634  82.673 0.0000000000
51348  -40.296  -42.307  83.473 0.0000000000
50246  -40.460  -43.398  82.612 0.0000000000
50255  -40.640  -43.705  81.916 0.0000000000
50265  -39.879  -43.970  80.134 0.0000000000
50296  -41.000  -43.244  78.019 0.0000000000
51418  -41.795  -42.989  78.981 0.0000000000
52515  -45.155  -41.406  79.656 0.0000000000
52516  -45.994  -41.255  79.251 0.0000000000
51423  -46.560  -41.833  78.109 0.0000000000
53744  -47.731  -40.853  76.374 0.0000000000
54937  -47.158  -40.151  77.303 0.0000000000
53724  -47.252  -40.378  76.731 0.0000000000
37846  -19.034  -54.065  86.859 0.0000000000
37891  -19.349  -53.785  85.006 0.0000000000
64710  -44.850  -31.152  76.418 0.0000000000
65862  -45.131  -30.734  76.853 0.0000000000
65877  -46.172  -30.623  75.520 0.0000000000
65849  -46.944  -30.779  77.041 0.0000000000
64712  -47.515  -31.332  76.454 0.0000000000
63539  -47.743  -31.826  76.208 0.0000000000
62325  -47.856  -32.677  75.578 0.0000000000
65895  -48.737  -30.811  74.345 0.0000000000
64737  -49.159  -31.435  74.294 0.0000000000
64736  -48.714  -31.390  74.855 0.0000000000
63563  -48.643  -32.012  75.154 0.0000000000
62326  -48.373  -32.524  75.210 0.0000000000
63638  -47.261  -32.321  68.516 0.0000000000
62413  -47.841  -32.582  69.038 0.0000000000
63624  -49.418  -32.255  70.057 0.0000000000
61242  -49.839  -34.412  62.825 0.0000000000
61216  -49.323  -34.623  63.700 0.0000000000
61194  -50.786  -34.514  64.488 0.0000000000
61108  -49.251  -34.295  68.517 0.0000000000
61109  -50.093  -34.406  68.083 0.0000000000
63625  -50.837  -32.003  70.033 0.0000000000
63640  -53.270  -32.171  68.720 0.0000000000
35484  -27.534  -56.027  85.879 0.0000000000
38969  -19.748  -53.111  88.968 0.0000000000
38973  -20.198  -53.208  88.515 0.0000000000
39047  -33.266  -52.852  83.288 0.0000000000
40167  -20.346  -52.869  88.024 0.0000000000
41406  -35.624  -51.245  82.747 0.0000000000
41408  -36.798  -50.867  82.336 0.0000000000
44893  -34.059  -48.807  80.113 0.0000000000
48006  -37.291  -44.465  83.424 0.0000000000
48007  -37.586  -44.340  83.394 0.0000000000
48022  -38.024  -44.596  83.044 0.0000000000
49074  -37.658  -44.005  83.493 0.0000000000
49167  -39.903  -44.386  77.487 0.0000000000
50224  -38.345  -43.203  83.543 0.0000000000
50236  -39.329  -43.186  83.346 0.0000000000
50238  -40.778  -42.842  82.889 0.0000000000
51330  -39.926  -42.059  83.581 0.0000000000
51331  -40.595  -41.955  83.533 0.0000000000
51332  -40.995  -41.773  83.982 0.0000000000
51347  -39.544  -42.372  83.560 0.0000000000
51362  -38.263  -42.553  83.590 0.0000000000
52428  -40.856  -41.666  83.519 0.0000000000
52429  -41.045  -41.457  83.550 0.0000000000
52440  -39.836  -41.806  83.588 0.0000000000
52469  -42.315  -41.195  82.518 0.0000000000
52484  -44.035  -40.787  80.903 0.0000000000
52531  -47.067  -41.385  78.144 0.0000000000
52532  -47.452  -41.219  77.663 0.0000000000
53583  -40.878  -41.103  83.598 0.0000000000
53584  -41.085  -40.912  83.606 0.0000000000
53592  -40.206  -41.178  83.397 0.0000000000
53593  -40.572  -40.817  83.498 0.0000000000
53708  -47.528  -40.900  77.547 0.0000000000
54776  -40.992  -40.535  83.757 0.0000000000
54886  -45.753  -39.877  79.806 0.0000000000
56009  -40.766  -38.521  83.224 0.0000000000
56060  -45.854  -38.143  79.610 0.0000000000
56089  -46.245  -38.978  77.789 0.0000000000
57140  -41.450  -39.084  83.542 0.0000000000
57182  -40.277  -36.934  81.074 0.0000000000
57214  -45.974  -38.193  78.557 0.0000000000
58383  -41.996  -37.908  83.134 0.0000000000
58445  -45.484  -37.219  79.071 0.0000000000
62289  -45.580  -32.530  77.875 0.0000000000
62340  -48.296  -33.027  74.947 0.0000000000
62417  -52.258  -32.402  69.004 0.0000000000
63472  -42.162  -33.242  81.050 0.0000000000
63537  -46.746  -32.161  77.175 0.0000000000
63551  -47.707  -32.226  76.073 0.0000000000
63604  -52.380  -31.672  71.323 0.0000000000
63622  -47.578  -31.927  68.997 0.0000000000
63744  -48.813  -32.540  60.986 0.0000000000
64680  -45.269  -31.356  79.030 0.0000000000
64724  -47.818  -31.022  76.022 0.0000000000
64751  -49.809  -31.477  73.417 0.0000000000
64768  -50.884  -31.439  72.513 0.0000000000
64882  -49.496  -31.013  61.850 0.0000000000
64902  -48.903  -31.875  60.987 0.0000000000
65832  -44.789  -30.577  78.013 0.0000000000
65847  -45.061  -30.629  77.447 0.0000000000
65850  -47.253  -30.998  76.763 0.0000000000
65952  -52.168  -30.900  71.531 0.0000000000
65965  -52.027  -30.722  71.447 0.0000000000
65972  -47.797  -30.854  69.794 0.0000000000
65973  -48.183  -30.599  70.061 0.0000000000
66056  -49.870  -30.770  62.514 0.0000000000
66057  -50.585  -30.486  62.322 0.0000000000
69177  -51.217  -28.093  64.392 0.0000000000
