#!ascii label  , from subject 3523 vox2ras=TkReg
766
64430  -29.230  -32.067  10.746 0.4285714328
66667  -29.785  -30.833  9.796 0.2857142985
65583  -29.703  -31.317  10.313 0.4285714328
66652  -30.219  -30.861  10.178 0.4285714328
66669  -31.359  -30.157  9.840 0.4285714328
66688  -30.262  -29.955  8.990 0.2857142985
67708  -30.869  -29.853  9.295 0.4285714328
67709  -31.554  -29.517  9.347 0.4285714328
67758  -30.465  -28.768  8.193 0.4285714328
67732  -31.714  -28.808  8.871 0.4285714328
68814  -30.228  -28.376  7.895 0.4285714328
69808  -31.296  -27.379  8.278 0.4285714328
70939  -29.633  -26.780  7.010 0.5714285970
69825  -30.352  -27.433  7.737 0.5714285970
69826  -30.935  -26.610  8.003 0.4285714328
70941  -31.061  -25.851  7.983 0.2857142985
70940  -30.318  -26.031  7.409 0.7142857313
73049  -31.160  -24.222  7.883 0.7142857313
73025  -31.617  -24.386  8.309 0.4285714328
72022  -30.829  -25.117  7.702 0.7142857313
74135  -31.222  -23.306  7.852 0.5714285970
73058  -30.065  -24.220  6.772 0.5714285970
74134  -30.627  -23.477  7.315 0.5714285970
75230  -30.942  -22.639  7.587 0.5714285970
75211  -31.599  -22.484  8.242 0.4285714328
76276  -30.900  -21.593  7.509 0.5714285970
77322  -31.463  -20.256  8.156 0.5714285970
75274  -29.615  -22.257  5.682 0.7142857313
77347  -31.004  -20.489  7.665 0.7142857313
76291  -30.087  -21.658  6.302 0.5714285970
74175  -28.775  -23.010  4.237 0.5714285970
77370  -30.008  -20.800  6.303 0.8571428657
78370  -31.119  -19.580  7.818 0.7142857313
78351  -31.690  -19.545  8.369 0.5714285970
77390  -29.853  -21.239  6.019 0.7142857313
76328  -29.166  -21.579  4.720 0.5714285970
79352  -30.716  -18.788  7.415 0.7142857313
79353  -31.283  -18.712  8.028 0.5714285970
78387  -30.068  -19.902  6.567 0.7142857313
80391  -30.855  -18.011  7.668 0.5714285970
80392  -31.327  -17.740  8.194 0.5714285970
78386  -29.676  -20.196  6.012 0.5714285970
79369  -29.650  -19.169  5.939 0.7142857313
80405  -30.321  -17.803  6.973 0.7142857313
81445  -30.734  -17.023  7.637 0.7142857313
80404  -29.833  -18.218  6.277 0.7142857313
81457  -29.710  -17.190  6.243 0.7142857313
82627  -30.781  -15.639  7.485 0.7142857313
79385  -29.233  -19.048  5.134 0.5714285970
83816  -30.851  -14.954  7.472 0.5714285970
83835  -30.721  -14.623  6.966 0.5714285970
80418  -29.314  -18.021  5.509 0.8571428657
82651  -29.903  -15.294  5.922 0.7142857313
82640  -29.721  -16.026  6.116 0.8571428657
85020  -30.459  -13.297  5.644 0.8571428657
85008  -30.775  -13.465  6.480 0.5714285970
83847  -30.165  -14.514  5.708 0.8571428657
83846  -29.661  -14.792  5.255 0.8571428657
85031  -30.239  -13.034  5.127 0.8571428657
86151  -30.516  -12.266  5.504 0.8571428657
87287  -30.146  -11.523  4.838 0.8571428657
86167  -30.085  -12.494  4.894 0.8571428657
86166  -29.569  -12.301  4.446 1.0000000000
83855  -30.087  -13.757  5.103 0.8571428657
85040  -29.317  -13.089  4.191 1.0000000000
88281  -29.709  -10.651  4.101 1.0000000000
88295  -28.150  -10.599  3.551 0.7142857313
87286  -29.613  -11.240  4.301 1.0000000000
87303  -29.015  -11.841  4.084 1.0000000000
88296  -29.170  -10.679  3.823 1.0000000000
90138  -28.394  -8.583  3.382 1.0000000000
90137  -27.513  -8.477  3.240 0.8571428657
91132  -27.778  -7.069  2.614 0.8571428657
91116  -28.134  -7.454  2.909 1.0000000000
92963  -27.804  -5.460  1.818 0.8571428657
92066  -27.460  -6.337  2.518 0.8571428657
91131  -27.654  -6.832  2.567 1.0000000000
93841  -27.646  -4.480  2.120 0.8571428657
93852  -27.840  -4.623  1.507 0.8571428657
93829  -27.381  -4.363  3.111 0.7142857313
92948  -26.675  -5.213  3.631 0.5714285970
93828  -27.047  -4.274  3.882 0.7142857313
94754  -27.899  -3.247  2.623 0.5714285970
94723  -26.927  -3.969  5.178 0.5714285970
93815  -26.647  -4.553  4.503 0.5714285970
95719  -27.936  -2.645  4.591 0.4285714328
95703  -28.094  -3.031  6.382 0.2857142985
95699  -28.011  -3.181  6.998 0.2857142985
94705  -27.560  -3.569  6.666 0.2857142985
95700  -28.504  -2.588  7.242 0.2857142985
66668  -30.411  -30.387  9.625 0.2857142985
75229  -30.419  -22.346  6.910 0.5714285970
83836  -31.094  -13.834  7.285 0.5714285970
82641  -30.275  -15.405  6.489 0.7142857313
86138  -30.744  -12.709  6.054 0.8571428657
87271  -30.563  -11.271  5.407 0.8571428657
89202  -28.787  -9.639  3.462 0.8571428657
95690  -29.209  -2.199  8.440 0.1428571492
66687  -29.395  -30.565  8.833 0.2857142985
67730  -29.916  -29.750  8.516 0.2857142985
67731  -30.728  -29.274  8.656 0.4285714328
68801  -31.933  -28.041  8.595 0.4285714328
67757  -29.883  -29.109  7.975 0.2857142985
69824  -29.562  -27.492  7.147 0.5714285970
70955  -29.199  -26.188  6.188 0.2857142985
72031  -29.784  -25.337  6.637 0.7142857313
73048  -30.605  -24.414  7.379 0.7142857313
74155  -29.541  -23.521  5.993 0.5714285970
76258  -32.170  -21.692  8.692 0.4285714328
75255  -29.839  -22.480  6.149 0.7142857313
76257  -31.501  -21.169  8.192 0.5714285970
77346  -30.506  -20.645  7.013 0.7142857313
78369  -30.579  -19.716  7.225 0.7142857313
75280  -29.015  -22.269  4.469 0.5714285970
76311  -29.702  -21.707  5.746 0.5714285970
81446  -31.365  -16.533  8.266 0.5714285970
77404  -29.156  -20.720  4.756 0.5714285970
79370  -30.219  -18.926  6.714 0.7142857313
78406  -29.349  -19.924  5.317 0.8571428657
83854  -29.379  -14.574  4.697 1.0000000000
88269  -30.410  -10.547  5.007 1.0000000000
85039  -28.841  -13.379  3.837 1.0000000000
89201  -27.844  -9.557  3.385 0.7142857313
90139  -29.257  -8.720  3.629 1.0000000000
92052  -28.355  -6.999  2.593 1.0000000000
94724  -27.418  -3.306  4.888 0.7142857313
94739  -27.599  -3.376  3.837 0.7142857313
95711  -28.011  -2.808  5.490 0.4285714328
94740  -28.078  -2.779  3.349 0.4285714328
95720  -28.298  -1.890  4.268 0.4285714328
95704  -28.450  -2.118  6.190 0.2857142985
95712  -28.328  -1.957  5.160 0.4285714328
73057  -29.529  -24.546  6.136 0.4285714328
73067  -29.032  -24.410  5.294 0.4285714328
94712  -27.560  -3.543  5.772 0.4285714328
65618  -28.997  -31.154  9.019 0.2857142985
65599  -28.673  -31.569  9.256 0.2857142985
66653  -31.034  -30.728  10.304 0.4285714328
68800  -30.953  -28.232  8.307 0.4285714328
69807  -30.862  -27.686  8.136 0.4285714328
68813  -29.435  -28.255  7.281 0.4285714328
70956  -29.721  -26.087  6.830 0.2857142985
74156  -30.061  -23.202  6.668 0.5714285970
76275  -30.420  -21.403  6.795 0.7142857313
77323  -32.062  -20.517  8.637 0.5714285970
74164  -29.146  -23.120  5.042 0.7142857313
77369  -29.748  -20.596  6.016 0.5714285970
81458  -30.225  -16.491  6.847 0.7142857313
79400  -28.858  -18.512  4.667 0.8571428657
82650  -29.492  -15.387  5.348 0.8571428657
85030  -29.737  -13.297  4.637 1.0000000000
87302  -28.309  -11.628  3.787 1.0000000000
92949  -27.207  -5.385  2.631 0.8571428657
94738  -27.100  -3.885  4.453 0.5714285970
94711  -26.950  -4.172  6.099 0.4285714328
94700  -27.736  -3.353  7.648 0.2857142985
95701  -29.137  -1.917  7.792 0.1428571492
72030  -29.282  -25.215  5.919 0.2857142985
97494  -27.581  0.794  3.998 0.2857142985
98325  -27.753  1.201  5.194 0.1428571492
97495  -27.834  -0.104  4.295 0.2857142985
97509  -27.884  0.200  3.356 0.2857142985
97484  -27.678  0.590  4.752 0.1428571492
96632  -28.529  -1.067  5.727 0.1428571492
96640  -28.262  -1.033  4.734 0.2857142985
97524  -27.993  -0.290  2.268 0.2857142985
96646  -28.135  -0.981  3.814 0.2857142985
96698  -27.768  -1.461  -0.458 0.2857142985
96668  -27.616  -1.301  1.461 0.2857142985
98316  -28.131  0.900  5.769 0.1428571492
95759  -27.474  -2.389  1.173 0.2857142985
96650  -28.197  -1.072  2.871 0.2857142985
94784  -28.303  -3.365  -0.095 0.1428571492
96657  -27.892  -1.367  1.968 0.2857142985
97475  -27.960  0.494  5.402 0.1428571492
95744  -28.068  -2.124  2.610 0.2857142985
95761  -30.506  -2.313  1.057 0.1428571492
95776  -29.533  -2.578  0.024 0.1428571492
95775  -27.563  -2.980  -0.211 0.4285714328
93842  -29.620  -4.626  1.769 0.2857142985
94769  -28.288  -3.838  0.802 0.4285714328
94768  -27.761  -3.525  1.290 0.2857142985
95727  -28.092  -2.563  3.896 0.2857142985
94741  -30.536  -4.032  2.778 0.1428571492
94756  -29.439  -3.975  1.460 0.2857142985
92977  -28.334  -5.120  1.423 0.5714285970
92951  -30.421  -5.589  3.475 0.1428571492
93843  -30.151  -4.873  2.488 0.1428571492
92965  -29.340  -5.418  1.958 0.4285714328
92938  -31.251  -5.669  4.370 0.2857142985
92950  -29.539  -6.087  2.787 0.8571428657
92964  -28.524  -5.687  1.818 0.5714285970
92921  -31.583  -6.247  4.873 0.2857142985
92068  -28.864  -6.136  2.297 0.7142857313
92051  -26.760  -6.337  3.163 0.5714285970
92067  -28.132  -6.580  2.322 0.8571428657
92026  -31.789  -6.791  5.222 0.1428571492
92054  -29.808  -6.947  3.689 0.7142857313
91096  -31.939  -7.587  5.657 0.1428571492
83867  -27.527  -14.553  3.279 0.5714285970
86180  -28.501  -12.594  3.795 0.8571428657
86179  -27.736  -12.536  3.493 0.4285714328
90126  -30.538  -8.638  4.330 0.8571428657
91117  -28.974  -7.744  3.454 0.8571428657
91103  -30.224  -7.896  4.140 0.8571428657
90119  -31.994  -8.224  6.058 0.4285714328
91104  -30.819  -7.817  4.534 0.7142857313
92039  -30.523  -7.175  4.265 0.7142857313
83881  -26.855  -15.038  3.035 0.2857142985
85038  -28.091  -13.519  3.502 0.5714285970
88297  -29.877  -10.226  3.944 0.8571428657
89203  -29.655  -9.616  3.701 0.8571428657
90140  -30.038  -8.751  3.856 0.8571428657
90118  -31.449  -8.593  5.480 0.4285714328
89189  -30.665  -9.094  4.555 0.8571428657
90108  -31.753  -8.887  6.138 0.4285714328
79419  -28.291  -18.647  3.559 0.7142857313
79440  -27.291  -18.225  2.685 0.4285714328
81479  -28.454  -16.749  4.214 0.8571428657
81494  -27.806  -16.687  3.376 0.5714285970
82692  -27.354  -15.948  3.089 0.5714285970
81509  -26.441  -16.412  2.786 0.4285714328
82662  -28.684  -15.476  4.258 0.8571428657
82677  -27.808  -15.653  3.427 0.5714285970
83868  -28.553  -14.586  3.847 0.7142857313
89179  -30.380  -10.033  4.637 0.7142857313
88260  -31.939  -10.222  6.787 0.2857142985
88259  -31.432  -10.529  6.287 0.4285714328
89170  -31.324  -9.602  5.837 0.5714285970
78446  -28.586  -19.732  3.739 0.4285714328
78465  -27.592  -19.248  2.715 0.4285714328
81465  -29.325  -16.672  5.456 0.7142857313
80434  -28.837  -17.341  4.804 0.7142857313
81480  -28.970  -16.149  4.785 0.7142857313
83853  -28.882  -14.868  4.220 0.8571428657
86152  -30.875  -12.211  6.018 0.7142857313
88243  -31.743  -10.846  6.790 0.2857142985
87260  -31.430  -11.359  6.502 0.5714285970
87272  -30.981  -11.507  5.985 0.5714285970
76348  -28.845  -21.371  4.084 0.4285714328
76361  -28.162  -21.197  3.120 0.5714285970
78424  -28.705  -19.472  4.033 0.5714285970
79399  -28.643  -19.005  4.051 0.5714285970
85009  -31.264  -13.061  7.119 0.4285714328
86139  -31.212  -12.291  6.539 0.4285714328
87242  -31.726  -11.492  7.035 0.4285714328
73083  -28.765  -23.733  4.585 0.5714285970
79335  -31.947  -18.621  8.725 0.4285714328
80376  -31.815  -17.549  8.778 0.4285714328
84970  -31.777  -14.266  8.471 0.4285714328
84989  -31.690  -13.380  7.971 0.4285714328
69809  -32.289  -27.258  8.627 0.1428571492
82605  -31.673  -15.555  8.649 0.4285714328
83797  -31.648  -14.825  8.499 0.4285714328
71999  -32.292  -25.564  8.761 0.1428571492
71987  -32.828  -25.024  9.156 0.1428571492
75212  -32.258  -22.471  8.720 0.2857142985
79326  -33.117  -19.065  9.872 0.2857142985
81403  -33.863  -16.760  10.834 0.2857142985
80359  -33.092  -17.962  10.066 0.2857142985
77304  -32.604  -20.249  9.071 0.4285714328
81417  -33.225  -16.345  10.219 0.2857142985
80368  -32.785  -17.566  9.759 0.2857142985
79336  -32.387  -19.108  9.078 0.2857142985
81416  -32.582  -16.585  9.605 0.2857142985
81427  -31.979  -16.694  9.070 0.4285714328
70919  -33.273  -26.409  9.150 0.1428571492
72000  -32.903  -25.849  9.112 0.1428571492
70917  -31.722  -26.336  8.415 0.1428571492
73015  -32.729  -24.142  9.129 0.2857142985
74092  -32.961  -23.499  9.310 0.2857142985
76215  -34.250  -21.394  10.255 0.2857142985
77284  -33.839  -20.345  10.157 0.2857142985
77305  -33.217  -20.416  9.530 0.2857142985
76239  -32.719  -21.126  9.116 0.2857142985
78327  -33.472  -19.499  10.092 0.2857142985
71988  -33.566  -25.640  9.403 0.1428571492
74054  -34.498  -23.469  10.449 0.2857142985
73016  -33.459  -24.375  9.560 0.2857142985
75151  -34.013  -22.843  10.142 0.2857142985
74093  -33.510  -23.266  9.725 0.2857142985
73026  -32.137  -24.472  8.692 0.2857142985
75190  -33.650  -22.290  9.718 0.2857142985
66670  -32.047  -29.847  9.909 0.2857142985
68802  -32.730  -27.923  8.830 0.1428571492
69810  -33.240  -27.274  9.020 0.1428571492
65569  -30.016  -31.882  11.115 0.2857142985
64413  -29.421  -32.818  11.352 0.2857142985
67710  -32.539  -29.147  9.545 0.2857142985
65570  -30.923  -31.739  11.301 0.1428571492
64412  -28.829  -33.503  11.050 0.2857142985
72986  -33.769  -23.900  9.892 0.2857142985
75191  -34.102  -22.113  10.052 0.2857142985
78328  -34.140  -19.434  10.741 0.2857142985
77306  -33.747  -21.065  9.812 0.2857142985
79315  -33.316  -18.590  10.198 0.2857142985
79324  -32.135  -18.099  9.092 0.4285714328
82580  -32.567  -15.422  9.635 0.2857142985
80466  -27.845  -17.668  3.166 0.7142857313
82606  -32.037  -15.413  9.157 0.4285714328
83817  -31.211  -14.714  7.903 0.4285714328
88244  -32.311  -10.545  7.350 0.2857142985
91115  -27.246  -7.309  2.982 0.7142857313
89180  -30.721  -9.539  5.043 0.7142857313
89171  -31.846  -9.557  6.485 0.2857142985
92040  -31.166  -6.835  4.618 0.5714285970
94755  -28.155  -2.561  2.988 0.2857142985
94785  -29.088  -3.366  0.133 0.1428571492
65584  -30.564  -31.264  10.694 0.1428571492
65582  -28.855  -31.808  10.030 0.2857142985
67733  -32.411  -28.478  8.978 0.1428571492
70918  -32.643  -26.469  8.823 0.1428571492
71989  -34.357  -25.901  9.697 0.1428571492
71966  -34.693  -25.265  10.068 0.1428571492
74109  -32.333  -23.309  8.785 0.2857142985
76240  -33.373  -21.493  9.514 0.2857142985
78329  -34.749  -19.858  11.109 0.2857142985
78312  -34.374  -18.868  11.136 0.2857142985
77423  -28.541  -20.759  3.584 0.5714285970
77437  -27.222  -20.149  2.498 0.2857142985
83775  -33.025  -14.573  9.894 0.2857142985
80433  -28.471  -17.956  4.124 0.7142857313
80464  -26.908  -17.309  2.713 0.4285714328
80465  -27.610  -17.292  3.052 0.5714285970
83880  -26.365  -14.820  3.109 0.2857142985
83882  -27.304  -15.388  3.109 0.5714285970
83798  -32.025  -14.789  9.011 0.2857142985
82628  -31.242  -15.597  8.080 0.4285714328
81495  -28.148  -16.228  3.759 0.7142857313
83866  -26.724  -14.266  3.181 0.2857142985
84971  -32.446  -13.655  9.028 0.1428571492
86123  -32.195  -12.321  8.098 0.4285714328
87243  -32.203  -11.514  7.655 0.1428571492
90127  -30.962  -8.580  4.794 0.7142857313
92053  -28.837  -6.887  2.785 0.8571428657
91085  -32.528  -7.586  6.266 0.2857142985
92027  -32.548  -6.688  5.860 0.1428571492
91095  -31.376  -7.708  5.031 0.4285714328
92922  -32.142  -5.744  5.221 0.1428571492
92966  -29.884  -5.497  2.647 0.5714285970
92939  -31.831  -5.237  4.724 0.1428571492
92952  -30.872  -5.360  3.942 0.1428571492
93830  -30.660  -4.672  3.244 0.1428571492
97476  -28.383  0.010  6.091 0.1428571492
93831  -31.053  -4.924  3.872 0.1428571492
94757  -29.980  -4.025  2.100 0.1428571492
94783  -27.692  -3.402  0.342 0.2857142985
95745  -29.826  -3.566  1.758 0.1428571492
95760  -29.648  -3.248  1.068 0.1428571492
95792  -27.552  -2.266  -0.198 0.2857142985
95794  -28.761  -2.420  -0.637 0.1428571492
66642  -32.547  -30.726  11.124 0.1428571492
69798  -33.833  -27.367  9.345 0.1428571492
79316  -33.928  -18.400  10.909 0.2857142985
89155  -32.406  -9.550  7.056 0.2857142985
96701  -30.102  -1.343  -0.610 0.1428571492
97564  -27.862  -0.419  -0.849 0.2857142985
64429  -28.433  -32.779  10.507 0.2857142985
65585  -31.406  -31.162  10.883 0.1428571492
66654  -32.157  -30.573  10.620 0.1428571492
74108  -31.674  -23.698  8.305 0.4285714328
71998  -31.527  -25.140  8.286 0.1428571492
78352  -32.254  -19.603  8.838 0.4285714328
78425  -28.917  -19.633  4.382 0.4285714328
82663  -29.129  -15.376  4.745 0.7142857313
86181  -29.072  -12.643  4.034 0.8571428657
83869  -29.221  -13.794  4.167 0.8571428657
88282  -30.096  -10.531  4.393 0.8571428657
92976  -27.992  -4.968  1.396 0.7142857313
95728  -28.295  -2.015  3.396 0.2857142985
91118  -29.642  -8.000  3.831 0.8571428657
98339  -27.563  1.371  4.458 0.1428571492
97485  -28.032  -0.204  5.186 0.1428571492
96679  -27.460  -1.544  0.158 0.2857142985
97539  -27.663  -0.638  1.451 0.2857142985
96656  -27.580  -1.794  1.478 0.2857142985
95743  -27.721  -2.427  1.853 0.2857142985
95774  -27.420  -2.568  0.438 0.2857142985
94793  -28.453  -2.921  -0.506 0.1428571492
94794  -28.828  -3.064  -0.361 0.1428571492
95777  -30.120  -2.140  0.277 0.1428571492
96680  -29.913  -1.910  -0.177 0.1428571492
95793  -28.058  -2.473  -0.522 0.1428571492
93853  -28.127  -4.512  1.144 0.4285714328
95729  -30.787  -3.481  3.043 0.1428571492
94770  -28.916  -3.783  0.721 0.2857142985
93854  -28.881  -4.642  1.230 0.4285714328
92978  -28.772  -5.261  1.523 0.5714285970
92937  -30.619  -6.422  4.121 0.5714285970
85037  -27.229  -13.450  3.246 0.4285714328
89188  -30.329  -9.572  4.213 0.8571428657
78466  -28.129  -19.422  3.125 0.5714285970
79441  -27.870  -18.277  3.049 0.4285714328
80449  -28.036  -17.405  3.478 0.7142857313
81511  -27.544  -16.419  3.177 0.5714285970
81510  -27.152  -16.521  2.901 0.4285714328
80463  -26.207  -17.290  2.714 0.2857142985
82678  -28.267  -15.469  3.820 0.7142857313
88270  -30.847  -10.492  5.627 0.5714285970
77424  -28.813  -20.356  4.054 0.5714285970
86122  -31.692  -12.348  7.382 0.4285714328
79325  -32.652  -18.601  9.493 0.2857142985
81415  -32.418  -17.107  9.411 0.4285714328
81428  -32.112  -15.933  9.254 0.4285714328
75189  -32.874  -22.392  9.204 0.2857142985
78339  -33.109  -19.524  9.666 0.2857142985
80369  -33.014  -17.002  9.957 0.2857142985
78338  -32.704  -19.589  9.277 0.2857142985
70906  -33.956  -26.688  9.386 0.1428571492
73017  -34.091  -25.111  9.715 0.1428571492
74053  -33.970  -23.571  10.105 0.2857142985
75152  -34.552  -22.396  10.563 0.2857142985
64414  -30.479  -32.531  11.634 0.1428571492
65571  -31.705  -31.541  11.401 0.1428571492
66655  -32.825  -30.088  10.648 0.1428571492
91114  -26.126  -7.402  3.784 0.5714285970
90136  -26.574  -8.456  3.419 0.4285714328
90135  -25.788  -8.541  3.976 0.4285714328
88294  -27.225  -10.521  3.498 0.4285714328
89200  -26.933  -9.486  3.472 0.4285714328
87301  -27.471  -11.540  3.497 0.5714285970
81404  -34.695  -16.595  11.591 0.1428571492
82559  -33.957  -15.865  10.774 0.1428571492
69844  -28.922  -27.489  6.448 0.2857142985
80360  -33.410  -17.516  10.385 0.1428571492
81391  -36.923  -16.496  12.359 0.1428571492
81389  -35.263  -17.301  12.050 0.1428571492
82544  -36.205  -15.757  12.159 0.1428571492
81405  -35.412  -15.855  11.787 0.1428571492
83732  -36.963  -14.925  11.554 0.1428571492
78313  -34.916  -19.224  11.410 0.1428571492
80349  -35.744  -17.922  12.332 0.1428571492
82546  -37.886  -15.877  11.599 0.1428571492
80350  -36.612  -17.625  12.453 0.1428571492
82583  -39.333  -15.504  8.904 0.1428571492
82547  -38.655  -15.769  10.866 0.1428571492
83756  -38.828  -14.862  10.183 0.1428571492
68829  -28.867  -28.166  6.724 0.2857142985
68828  -28.315  -28.253  6.307 0.2857142985
76202  -35.418  -21.314  11.397 0.1428571492
77266  -35.990  -20.577  12.049 0.1428571492
77265  -35.298  -20.150  11.448 0.1428571492
79292  -36.791  -18.277  12.519 0.1428571492
78314  -35.885  -19.374  12.178 0.1428571492
80351  -37.482  -17.386  12.392 0.1428571492
79306  -36.097  -18.407  12.390 0.1428571492
81393  -38.597  -16.665  11.515 0.1428571492
81406  -39.427  -16.603  10.047 0.1428571492
81418  -39.377  -16.445  9.170 0.1428571492
82548  -39.138  -16.152  10.454 0.1428571492
68812  -28.775  -28.601  6.891 0.2857142985
67777  -28.334  -28.963  6.779 0.2857142985
67755  -28.016  -29.646  6.998 0.2857142985
74055  -35.207  -23.185  11.019 0.1428571492
76203  -36.255  -21.602  12.022 0.1428571492
79293  -37.518  -18.369  12.495 0.1428571492
78315  -36.597  -20.033  12.365 0.1428571492
80339  -39.084  -18.208  11.811 0.1428571492
81394  -39.187  -16.697  10.793 0.1428571492
80353  -39.349  -17.648  11.313 0.1428571492
82607  -39.420  -15.508  7.870 0.1428571492
81429  -39.160  -16.420  8.182 0.1428571492
75134  -35.822  -22.497  11.517 0.1428571492
74024  -35.769  -23.254  11.370 0.1428571492
76204  -36.998  -21.733  12.419 0.1428571492
75135  -36.650  -22.536  12.128 0.1428571492
78301  -38.739  -19.434  12.371 0.1428571492
77267  -36.818  -20.883  12.378 0.1428571492
79295  -39.038  -18.794  12.026 0.1428571492
77253  -37.396  -20.130  12.534 0.1428571492
80338  -38.756  -18.263  12.074 0.1428571492
80370  -39.565  -17.407  9.327 0.1428571492
72950  -35.775  -23.954  11.260 0.1428571492
72987  -34.216  -24.326  10.081 0.1428571492
75137  -38.760  -22.552  12.606 0.1428571492
75136  -37.664  -22.413  12.540 0.1428571492
74025  -36.282  -23.361  11.668 0.1428571492
76192  -37.767  -21.172  12.561 0.1428571492
78317  -40.153  -19.969  11.403 0.1428571492
77268  -39.810  -20.507  12.070 0.1428571492
79309  -39.670  -18.821  11.458 0.1428571492
79317  -40.055  -18.406  10.632 0.1428571492
74029  -40.204  -23.581  12.315 0.1428571492
74027  -38.117  -23.549  12.550 0.1428571492
74026  -37.082  -23.519  12.217 0.1428571492
76206  -40.728  -21.827  11.694 0.1428571492
75138  -39.889  -22.352  12.436 0.1428571492
77286  -40.668  -20.880  11.025 0.1428571492
77269  -40.314  -20.887  11.714 0.1428571492
79327  -40.032  -18.505  9.437 0.1428571492
79310  -40.300  -19.217  10.872 0.1428571492
75125  -39.173  -21.726  12.549 0.1428571492
77254  -38.304  -20.220  12.566 0.1428571492
78300  -37.905  -19.287  12.536 0.1428571492
77285  -34.659  -20.583  10.824 0.1428571492
81448  -38.951  -16.448  7.099 0.1428571492
81392  -37.738  -16.600  12.100 0.1428571492
80361  -34.175  -17.545  11.205 0.1428571492
67756  -28.901  -29.289  7.404 0.2857142985
80377  -39.175  -17.304  8.450 0.1428571492
81460  -38.959  -16.115  6.134 0.1428571492
82564  -39.210  -15.595  10.014 0.1428571492
83755  -38.220  -14.724  10.686 0.1428571492
83779  -39.052  -14.608  9.467 0.1428571492
82560  -34.671  -15.123  11.137 0.1428571492
82581  -33.392  -15.277  10.316 0.1428571492
92050  -26.288  -6.259  4.043 0.4285714328
97583  -28.448  -0.290  -1.637 0.1428571492
76216  -34.797  -21.577  10.824 0.1428571492
72988  -35.123  -24.430  10.592 0.1428571492
84938  -32.795  -14.132  9.523 0.1428571492
81390  -35.866  -16.844  12.274 0.1428571492
82533  -37.122  -16.078  12.200 0.1428571492
80348  -34.907  -17.688  11.865 0.1428571492
83753  -36.404  -14.512  11.316 0.1428571492
83734  -38.107  -15.351  11.174 0.1428571492
79305  -35.338  -18.500  11.950 0.1428571492
82563  -38.752  -15.221  10.468 0.1428571492
75153  -35.122  -22.201  11.106 0.1428571492
78299  -36.924  -19.172  12.528 0.1428571492
79307  -37.510  -17.843  12.449 0.1428571492
80352  -38.474  -17.599  12.079 0.1428571492
79294  -38.365  -18.496  12.327 0.1428571492
80362  -39.716  -17.492  10.293 0.1428571492
75124  -38.428  -21.777  12.609 0.1428571492
78316  -39.462  -19.618  11.993 0.1428571492
77255  -39.131  -20.293  12.420 0.1428571492
76193  -38.728  -21.039  12.551 0.1428571492
78330  -40.559  -19.972  10.473 0.1428571492
79328  -40.312  -19.161  9.463 0.1428571492
76194  -39.453  -21.073  12.407 0.1428571492
75126  -39.662  -21.612  12.423 0.1428571492
61999  -27.754  -34.630  10.528 0.1428571492
61998  -27.164  -34.577  9.976 0.1428571492
64428  -27.775  -33.449  10.103 0.1428571492
64442  -27.740  -32.902  9.718 0.1428571492
64443  -28.232  -32.252  9.529 0.1428571492
65616  -27.890  -31.654  8.323 0.1428571492
65633  -28.174  -31.147  8.100 0.1428571492
65617  -28.597  -31.173  8.557 0.1428571492
66711  -28.503  -30.487  7.871 0.1428571492
65615  -27.100  -31.841  8.063 0.1428571492
65632  -27.640  -31.149  7.785 0.1428571492
66733  -26.589  -29.778  6.681 0.1428571492
66734  -27.291  -29.615  6.668 0.1428571492
68827  -27.800  -28.443  6.072 0.1428571492
67776  -27.640  -28.930  6.356 0.1428571492
68844  -27.895  -28.173  5.918 0.2857142985
69843  -28.444  -27.779  6.117 0.1428571492
69858  -28.079  -27.533  5.640 0.1428571492
69859  -28.654  -26.757  5.752 0.1428571492
72039  -28.818  -25.533  5.368 0.2857142985
74193  -28.157  -22.923  3.480 0.4285714328
75294  -28.611  -22.325  3.792 0.4285714328
76347  -28.487  -21.554  3.543 0.4285714328
86178  -26.882  -12.456  3.231 0.2857142985
87300  -26.557  -11.466  3.470 0.2857142985
90124  -24.772  -8.952  5.050 0.2857142985
90125  -25.133  -8.535  4.661 0.2857142985
91113  -25.556  -7.989  4.228 0.2857142985
69857  -26.963  -27.537  5.124 0.1428571492
70968  -27.530  -26.745  4.908 0.2857142985
70970  -28.742  -26.202  5.569 0.1428571492
64457  -27.476  -32.509  8.843 0.1428571492
66710  -27.318  -30.371  7.156 0.1428571492
67775  -26.857  -29.205  6.286 0.1428571492
67795  -27.123  -28.820  6.078 0.1428571492
68843  -27.352  -28.358  5.763 0.1428571492
69877  -26.885  -26.777  4.678 0.2857142985
70969  -28.258  -26.233  5.047 0.2857142985
70990  -27.714  -26.120  4.640 0.2857142985
73066  -28.706  -24.978  4.936 0.2857142985
74174  -28.456  -23.553  4.005 0.4285714328
74192  -27.648  -23.319  3.344 0.2857142985
88293  -26.328  -10.441  3.701 0.2857142985
89198  -25.431  -9.413  4.332 0.2857142985
89187  -24.876  -9.441  4.810 0.2857142985
72038  -28.437  -25.344  4.759 0.2857142985
85035  -25.544  -13.414  3.459 0.2857142985
87299  -25.492  -11.408  3.910 0.2857142985
88292  -25.609  -10.301  4.141 0.2857142985
88280  -24.999  -10.249  4.564 0.2857142985
89199  -26.104  -9.442  3.803 0.2857142985
87285  -25.120  -10.821  4.315 0.2857142985
66686  -28.831  -30.752  8.412 0.1428571492
66712  -29.326  -29.854  8.109 0.1428571492
64458  -28.185  -31.853  8.874 0.1428571492
63248  -27.576  -34.049  10.138 0.1428571492
66709  -26.308  -30.405  7.075 0.1428571492
73082  -28.478  -24.514  4.453 0.4285714328
75306  -27.234  -22.031  2.744 0.2857142985
75307  -27.817  -22.154  3.046 0.2857142985
77438  -27.885  -20.263  2.822 0.2857142985
98371  -29.968  0.253  2.355 0.1428571492
98385  -29.054  0.503  1.361 0.1428571492
98384  -27.990  0.231  1.538 0.1428571492
98400  -27.553  -0.035  0.601 0.1428571492
98419  -27.739  0.177  -0.222 0.1428571492
98369  -28.204  0.393  2.772 0.1428571492
99224  -27.830  1.719  3.612 0.1428571492
76360  -27.568  -21.174  2.722 0.2857142985
98402  -29.432  0.756  0.192 0.1428571492
97563  -27.580  -0.632  -0.065 0.1428571492
98401  -28.238  0.479  0.397 0.1428571492
96667  -27.444  -1.449  0.939 0.1428571492
97549  -27.492  -0.819  0.502 0.1428571492
98340  -27.970  1.687  3.625 0.1428571492
97508  -27.608  1.006  3.617 0.1428571492
98356  -27.543  1.447  3.835 0.1428571492
98383  -27.569  -0.145  1.125 0.1428571492
98359  -29.610  0.423  3.343 0.1428571492
98370  -28.819  0.470  2.425 0.1428571492
86176  -25.166  -12.531  3.786 0.1428571492
86177  -25.965  -12.426  3.360 0.1428571492
87254  -23.206  -10.777  6.541 0.1428571492
88268  -24.121  -10.189  5.673 0.1428571492
85036  -26.380  -13.391  3.241 0.1428571492
88279  -24.514  -10.216  5.054 0.1428571492
89177  -23.494  -9.532  6.629 0.1428571492
89165  -23.689  -8.936  6.596 0.1428571492
90106  -23.573  -8.401  6.918 0.2857142985
79439  -26.587  -18.138  2.615 0.1428571492
82676  -26.040  -14.976  3.098 0.1428571492
83865  -25.968  -14.355  3.232 0.1428571492
90109  -32.455  -8.555  6.679 0.1428571492
90116  -24.614  -8.500  5.465 0.1428571492
90107  -24.182  -8.439  6.342 0.1428571492
92024  -24.748  -7.310  5.766 0.2857142985
93799  -25.372  -5.247  6.523 0.2857142985
93795  -25.181  -5.101  7.231 0.2857142985
93800  -25.957  -4.735  6.439 0.2857142985
94693  -28.321  -3.152  8.373 0.1428571492
91101  -25.334  -7.484  4.700 0.2857142985
91093  -24.546  -7.756  6.001 0.2857142985
92037  -25.473  -6.548  4.931 0.2857142985
92038  -25.893  -6.200  4.593 0.2857142985
92919  -25.362  -6.074  5.623 0.2857142985
92903  -24.818  -5.733  7.110 0.2857142985
92936  -26.206  -5.470  4.663 0.2857142985
92910  -25.494  -5.445  6.091 0.2857142985
93794  -24.824  -5.535  7.494 0.2857142985
93803  -26.425  -4.725  5.397 0.2857142985
93790  -25.276  -4.638  8.348 0.2857142985
92896  -24.148  -5.752  8.657 0.1428571492
94704  -26.783  -3.919  7.112 0.1428571492
93796  -25.901  -4.231  7.667 0.2857142985
94699  -26.726  -3.693  8.183 0.1428571492
89147  -22.515  -9.238  7.739 0.2857142985
93782  -25.296  -4.478  9.289 0.1428571492
94692  -27.581  -3.555  8.698 0.1428571492
93791  -25.913  -3.962  8.755 0.1428571492
87201  -20.888  -11.331  9.442 0.1428571492
82689  -25.884  -15.554  2.966 0.1428571492
83864  -25.156  -14.366  3.518 0.1428571492
91086  -33.271  -7.588  6.862 0.1428571492
85029  -24.761  -13.446  3.871 0.1428571492
86165  -24.508  -12.553  4.346 0.1428571492
86164  -23.704  -12.508  5.015 0.1428571492
87284  -24.432  -11.344  4.726 0.1428571492
87269  -23.580  -11.302  5.853 0.1428571492
88237  -22.631  -9.679  7.475 0.1428571492
90091  -22.498  -8.828  8.083 0.2857142985
91084  -24.160  -7.682  6.805 0.1428571492
92014  -24.678  -6.887  6.293 0.1428571492
92015  -24.999  -6.432  5.937 0.2857142985
92006  -24.084  -6.633  8.035 0.1428571492
92908  -24.688  -6.272  6.913 0.1428571492
90110  -33.117  -8.281  7.162 0.1428571492
94701  -28.340  -2.942  7.834 0.1428571492
96624  -28.866  -1.088  7.154 0.1428571492
91102  -25.800  -6.780  4.375 0.2857142985
81508  -25.843  -15.921  2.875 0.1428571492
81493  -25.848  -16.616  2.841 0.1428571492
88226  -32.643  -10.859  7.913 0.1428571492
90117  -24.921  -8.036  5.001 0.1428571492
87298  -24.900  -11.967  4.184 0.1428571492
87270  -24.171  -10.756  5.316 0.1428571492
89186  -24.523  -9.415  5.356 0.1428571492
89164  -23.079  -9.165  7.105 0.1428571492
89178  -24.108  -9.308  6.092 0.1428571492
91094  -24.842  -7.668  5.380 0.2857142985
92025  -25.037  -6.915  5.495 0.2857142985
93789  -24.805  -5.348  8.071 0.1428571492
92935  -25.716  -5.920  5.036 0.2857142985
92909  -25.043  -5.880  6.440 0.2857142985
92920  -25.876  -5.406  5.542 0.2857142985
92902  -24.545  -6.017  7.629 0.1428571492
92009  -24.412  -6.853  7.215 0.2857142985
69875  -25.613  -27.066  5.034 0.1428571492
70988  -26.434  -26.255  4.422 0.1428571492
70989  -27.210  -26.136  4.474 0.1428571492
70986  -24.866  -25.840  4.909 0.1428571492
73065  -23.998  -24.759  5.447 0.1428571492
73080  -24.496  -24.403  4.841 0.1428571492
72056  -25.974  -25.553  4.184 0.1428571492
73099  -25.045  -23.955  4.238 0.1428571492
72073  -25.697  -24.868  4.052 0.1428571492
72058  -27.774  -25.279  4.241 0.1428571492
74189  -25.173  -23.242  3.959 0.1428571492
73101  -26.673  -23.985  3.398 0.1428571492
73103  -27.975  -24.061  3.740 0.1428571492
73116  -26.691  -23.274  3.144 0.1428571492
73102  -27.384  -24.015  3.506 0.1428571492
74173  -24.594  -23.431  4.609 0.1428571492
74190  -25.766  -23.041  3.372 0.1428571492
74209  -26.935  -22.754  2.870 0.1428571492
75305  -26.602  -22.016  2.838 0.1428571492
78464  -26.893  -19.092  2.515 0.1428571492
90092  -22.996  -8.453  7.722 0.1428571492
72057  -26.826  -25.476  4.127 0.1428571492
69855  -25.161  -27.436  5.524 0.1428571492
70966  -24.523  -26.301  5.520 0.1428571492
72055  -25.130  -25.309  4.493 0.1428571492
93781  -24.633  -4.964  8.962 0.1428571492
74211  -27.760  -22.791  3.209 0.1428571492
69876  -26.227  -26.991  4.771 0.1428571492
72076  -27.588  -24.534  3.786 0.1428571492
70987  -25.453  -26.327  4.692 0.1428571492
73081  -25.233  -24.537  4.237 0.1428571492
73100  -25.717  -24.047  3.641 0.1428571492
72074  -26.343  -24.801  3.809 0.1428571492
72075  -27.131  -24.720  3.735 0.1428571492
73115  -26.247  -23.460  3.258 0.1428571492
75279  -24.221  -22.798  4.997 0.1428571492
74172  -23.993  -23.535  5.269 0.1428571492
69854  -24.543  -27.097  5.910 0.1428571492
65600  -29.241  -31.211  9.533 0.2857142985
66651  -29.888  -30.962  10.121 0.4285714328
67700  -32.589  -29.805  10.241 0.1428571492
70967  -25.172  -26.812  5.139 0.1428571492
72021  -30.336  -25.029  7.175 0.7142857313
74191  -27.138  -23.352  3.190 0.1428571492
74194  -28.516  -22.969  3.828 0.4285714328
74208  -26.386  -22.818  3.047 0.1428571492
74210  -27.427  -22.745  3.033 0.1428571492
75254  -29.492  -22.702  5.624 0.7142857313
75273  -29.375  -22.147  5.202 0.5714285970
75293  -28.261  -22.049  3.348 0.2857142985
76205  -40.065  -21.338  12.234 0.1428571492
76241  -33.865  -21.671  9.825 0.2857142985
76310  -29.394  -21.389  5.217 0.5714285970
77283  -33.430  -19.947  9.834 0.2857142985
77389  -29.601  -20.814  5.680 0.5714285970
77439  -28.294  -20.289  3.224 0.2857142985
78298  -36.413  -18.800  12.454 0.1428571492
78447  -28.773  -19.912  4.024 0.5714285970
79304  -34.578  -18.373  11.433 0.1428571492
79308  -37.889  -17.902  12.386 0.1428571492
79314  -32.940  -18.181  9.884 0.2857142985
80336  -36.846  -17.894  12.513 0.1428571492
80337  -37.131  -17.863  12.500 0.1428571492
80367  -32.276  -17.601  9.281 0.2857142985
80448  -27.807  -17.128  3.299 0.5714285970
81380  -37.020  -16.277  12.310 0.1428571492
81381  -37.238  -16.301  12.210 0.1428571492
82534  -37.401  -16.090  12.016 0.1428571492
82545  -37.071  -15.647  11.945 0.1428571492
82675  -25.626  -15.277  3.145 0.1428571492
82690  -26.236  -15.467  2.949 0.1428571492
82691  -26.909  -15.785  2.906 0.5714285970
83733  -37.594  -15.127  11.385 0.1428571492
83774  -32.538  -14.511  9.419 0.1428571492
88245  -32.905  -10.285  7.874 0.1428571492
96716  -28.729  -0.832  -1.587 0.1428571492
97538  -27.499  -0.555  0.922 0.1428571492
99223  -27.661  1.807  3.708 0.1428571492
