#!ascii label  , from subject 3523 vox2ras=TkReg
652
41848  24.737  -49.893  82.654 0.0000000000
62417  42.194  -32.106  71.700 0.0000000000
62412  50.336  -31.366  71.066 0.0000000000
54644  41.463  -38.212  80.037 0.0000000000
40810  31.832  -50.770  79.990 0.0000000000
38549  29.561  -52.915  81.384 0.0000000000
63623  46.685  -30.412  72.920 0.0000000000
61223  45.997  -32.904  75.825 0.0000000000
52256  38.365  -41.187  79.877 0.0000000000
41892  36.321  -49.363  80.561 0.0000000000
71027  51.520  -22.753  66.631 0.0000000000
66892  50.285  -27.521  68.789 0.0000000000
56992  39.351  -36.083  75.701 0.0000000000
62296  41.808  -32.106  78.028 0.0000000000
41859  28.469  -50.437  81.803 0.0000000000
39590  27.077  -51.216  82.492 0.0000000000
62396  44.926  -31.204  72.211 0.0000000000
62363  46.621  -31.104  75.001 0.0000000000
63591  45.125  -30.983  74.973 0.0000000000
46170  41.632  -46.234  76.311 0.0000000000
38565  33.547  -52.584  81.008 0.0000000000
40774  34.732  -50.121  80.978 0.0000000000
38578  35.587  -52.455  79.488 0.0000000000
71042  50.325  -23.780  65.721 0.0000000000
69004  52.198  -24.850  66.653 0.0000000000
67984  51.579  -26.016  66.568 0.0000000000
64734  48.673  -28.991  70.170 0.0000000000
65843  48.001  -28.931  67.278 0.0000000000
65794  50.216  -28.769  70.352 0.0000000000
64752  52.158  -29.765  68.728 0.0000000000
61334  51.041  -31.878  69.180 0.0000000000
52253  40.414  -40.039  80.174 0.0000000000
54680  38.798  -38.636  78.621 0.0000000000
56922  39.985  -36.481  80.051 0.0000000000
59094  40.606  -34.124  77.224 0.0000000000
59047  41.260  -34.880  79.743 0.0000000000
59077  42.810  -34.305  78.431 0.0000000000
54679  41.888  -37.674  78.178 0.0000000000
39605  31.343  -51.639  81.940 0.0000000000
63666  46.720  -30.417  69.310 0.0000000000
63620  49.138  -30.669  72.115 0.0000000000
61267  48.538  -32.195  73.256 0.0000000000
59145  47.328  -33.991  73.981 0.0000000000
46106  38.082  -45.870  79.691 0.0000000000
47269  38.873  -44.790  79.151 0.0000000000
49726  40.545  -42.755  77.563 0.0000000000
49708  42.596  -41.800  77.791 0.0000000000
52304  42.996  -41.285  76.835 0.0000000000
45041  36.450  -46.845  80.014 0.0000000000
43005  37.738  -48.355  79.569 0.0000000000
71049  51.631  -23.038  65.679 0.0000000000
66947  50.153  -27.161  65.642 0.0000000000
66907  51.521  -26.995  67.944 0.0000000000
64773  53.108  -29.862  66.833 0.0000000000
63594  41.720  -31.415  74.817 0.0000000000
62307  43.369  -32.274  77.539 0.0000000000
58051  44.368  -34.484  76.302 0.0000000000
39611  25.212  -50.845  82.428 0.0000000000
40748  25.875  -50.421  82.645 0.0000000000
39610  26.372  -51.510  82.300 0.0000000000
62397  43.992  -31.691  72.400 0.0000000000
62379  44.794  -31.308  73.262 0.0000000000
62380  43.741  -31.705  73.412 0.0000000000
38564  34.201  -52.137  80.856 0.0000000000
70046  49.624  -24.476  64.563 0.0000000000
69017  51.470  -24.970  66.269 0.0000000000
69018  50.603  -25.231  65.422 0.0000000000
64709  50.031  -29.972  71.150 0.0000000000
65795  49.480  -28.727  70.337 0.0000000000
64718  50.495  -29.814  70.690 0.0000000000
63649  51.029  -30.492  70.238 0.0000000000
53472  41.314  -39.490  79.979 0.0000000000
54647  39.755  -38.329  80.355 0.0000000000
54629  40.651  -37.688  80.538 0.0000000000
57996  40.349  -35.904  80.096 0.0000000000
56887  41.290  -36.811  80.190 0.0000000000
56921  41.758  -36.371  79.529 0.0000000000
54678  42.065  -38.354  78.683 0.0000000000
40760  29.991  -50.774  81.741 0.0000000000
38532  30.534  -52.413  81.955 0.0000000000
37475  31.850  -53.208  81.186 0.0000000000
63653  45.841  -30.934  70.697 0.0000000000
63667  45.996  -30.889  69.594 0.0000000000
63652  46.864  -30.514  70.506 0.0000000000
63638  47.919  -30.006  71.504 0.0000000000
63622  47.615  -30.263  72.710 0.0000000000
62395  48.720  -31.508  72.872 0.0000000000
63604  48.029  -30.519  73.255 0.0000000000
62342  46.507  -31.545  75.213 0.0000000000
60176  47.121  -32.870  74.894 0.0000000000
60177  46.631  -33.235  75.240 0.0000000000
59146  46.507  -34.326  74.374 0.0000000000
59126  46.257  -34.195  75.150 0.0000000000
45054  38.565  -46.529  79.363 0.0000000000
47257  38.529  -44.925  79.365 0.0000000000
46129  39.010  -45.564  79.023 0.0000000000
47293  40.894  -44.730  76.592 0.0000000000
49709  41.861  -41.749  78.052 0.0000000000
40773  35.369  -49.844  80.860 0.0000000000
42970  35.559  -48.508  80.526 0.0000000000
44016  36.157  -47.683  80.441 0.0000000000
44028  37.392  -47.577  80.201 0.0000000000
42986  36.901  -48.481  80.327 0.0000000000
73262  50.237  -21.738  66.127 0.0000000000
71041  51.817  -22.851  66.263 0.0000000000
67966  53.374  -26.132  66.787 0.0000000000
65829  49.634  -27.766  68.563 0.0000000000
65852  48.138  -28.866  66.677 0.0000000000
65841  49.605  -27.839  67.281 0.0000000000
65870  49.570  -27.673  65.561 0.0000000000
66927  50.345  -27.303  66.762 0.0000000000
66926  51.151  -26.775  67.155 0.0000000000
66891  50.885  -27.484  68.691 0.0000000000
62475  52.088  -31.034  68.089 0.0000000000
64764  52.951  -29.496  67.614 0.0000000000
49696  37.667  -42.304  79.530 0.0000000000
52286  37.510  -40.786  78.641 0.0000000000
55871  38.759  -37.653  76.761 0.0000000000
54706  38.426  -38.428  76.407 0.0000000000
60150  40.950  -33.376  77.766 0.0000000000
60178  40.832  -33.266  75.595 0.0000000000
62327  41.027  -31.779  76.249 0.0000000000
63595  41.089  -31.486  74.856 0.0000000000
63559  41.420  -31.448  76.430 0.0000000000
63557  42.815  -31.347  76.696 0.0000000000
62295  42.278  -32.100  78.135 0.0000000000
56972  42.533  -35.788  76.878 0.0000000000
58036  43.407  -34.424  77.142 0.0000000000
58074  43.062  -35.646  76.021 0.0000000000
56989  43.280  -35.880  75.280 0.0000000000
41844  28.056  -50.664  82.166 0.0000000000
38534  28.738  -52.523  81.931 0.0000000000
38566  29.245  -52.873  80.591 0.0000000000
39628  27.593  -52.246  81.625 0.0000000000
63640  45.855  -30.808  71.981 0.0000000000
63605  47.424  -30.561  73.770 0.0000000000
63624  45.736  -30.768  73.092 0.0000000000
63590  46.278  -30.834  74.776 0.0000000000
63554  45.272  -31.512  75.824 0.0000000000
39627  32.601  -51.479  81.622 0.0000000000
40792  33.617  -50.416  80.236 0.0000000000
39625  34.137  -51.107  81.236 0.0000000000
39644  35.108  -51.313  80.655 0.0000000000
39643  35.786  -50.883  80.190 0.0000000000
40805  36.872  -50.378  79.168 0.0000000000
39675  36.601  -52.068  78.856 0.0000000000
71028  50.697  -23.098  66.197 0.0000000000
70023  51.996  -23.722  66.619 0.0000000000
69005  51.793  -24.290  66.727 0.0000000000
69016  51.867  -25.334  66.660 0.0000000000
67967  52.566  -25.808  67.110 0.0000000000
63684  47.268  -29.752  68.511 0.0000000000
64754  48.447  -28.871  69.372 0.0000000000
65830  48.907  -28.308  69.007 0.0000000000
65809  50.641  -28.245  69.765 0.0000000000
66873  50.994  -27.871  69.222 0.0000000000
64733  51.559  -29.794  69.560 0.0000000000
63663  51.919  -30.518  69.093 0.0000000000
50980  39.396  -41.001  80.019 0.0000000000
52272  38.614  -40.107  79.773 0.0000000000
54648  39.327  -38.870  80.052 0.0000000000
55839  39.164  -37.959  79.095 0.0000000000
56955  39.546  -36.426  77.933 0.0000000000
58075  39.789  -35.506  76.197 0.0000000000
58038  39.931  -35.627  78.288 0.0000000000
59062  40.518  -34.650  79.299 0.0000000000
61182  41.446  -33.302  78.981 0.0000000000
61181  42.070  -33.297  78.987 0.0000000000
59060  42.189  -34.536  79.219 0.0000000000
56936  42.170  -36.245  78.981 0.0000000000
55854  41.708  -37.302  77.504 0.0000000000
41896  29.531  -49.908  80.849 0.0000000000
41895  30.165  -50.328  81.212 0.0000000000
40777  31.298  -50.960  81.496 0.0000000000
38529  32.517  -51.913  81.787 0.0000000000
37474  32.542  -52.974  81.210 0.0000000000
63651  47.572  -29.970  70.147 0.0000000000
64711  48.721  -29.598  71.291 0.0000000000
63636  49.685  -30.647  71.611 0.0000000000
61279  49.265  -32.364  71.877 0.0000000000
60223  48.603  -33.105  72.418 0.0000000000
60224  48.017  -33.741  72.749 0.0000000000
62361  47.759  -31.420  74.070 0.0000000000
60209  47.922  -33.523  73.417 0.0000000000
47270  36.799  -44.997  79.474 0.0000000000
48445  37.337  -44.300  79.522 0.0000000000
48443  38.253  -44.084  79.453 0.0000000000
49695  38.771  -42.806  79.280 0.0000000000
46151  39.896  -45.669  77.534 0.0000000000
48465  39.314  -43.582  78.406 0.0000000000
49694  39.349  -42.394  78.970 0.0000000000
51016  40.610  -41.404  78.928 0.0000000000
51015  41.274  -40.982  78.906 0.0000000000
52269  41.985  -39.824  79.177 0.0000000000
52294  42.562  -40.487  77.712 0.0000000000
51030  43.011  -41.604  77.350 0.0000000000
45026  36.948  -46.677  80.283 0.0000000000
44027  37.843  -47.104  79.983 0.0000000000
43025  38.993  -48.363  78.225 0.0000000000
41929  37.656  -49.307  78.924 0.0000000000
41928  38.597  -49.384  78.152 0.0000000000
73298  51.424  -21.299  64.826 0.0000000000
67995  50.112  -26.368  64.794 0.0000000000
67985  50.934  -26.131  65.737 0.0000000000
67968  51.907  -26.266  67.260 0.0000000000
66905  52.865  -27.784  67.522 0.0000000000
65828  51.745  -28.483  68.820 0.0000000000
65840  52.914  -28.659  67.602 0.0000000000
65839  53.471  -28.644  67.054 0.0000000000
53497  38.177  -39.243  77.161 0.0000000000
63625  40.877  -31.785  73.210 0.0000000000
62381  42.618  -31.777  73.512 0.0000000000
63593  42.854  -31.411  75.128 0.0000000000
63556  43.839  -31.387  76.379 0.0000000000
61225  44.542  -32.663  76.712 0.0000000000
60134  43.169  -33.338  78.229 0.0000000000
60148  44.057  -33.308  77.108 0.0000000000
59109  45.278  -34.034  76.187 0.0000000000
58089  44.748  -35.083  75.195 0.0000000000
53496  42.119  -39.365  77.745 0.0000000000
53502  41.883  -39.732  76.849 0.0000000000
40749  25.180  -50.275  82.608 0.0000000000
40761  24.783  -50.339  82.555 0.0000000000
40750  24.506  -50.014  82.670 0.0000000000
39592  25.614  -50.577  82.600 0.0000000000
62416  43.201  -31.996  71.556 0.0000000000
62398  42.944  -31.922  72.553 0.0000000000
69028  49.913  -25.311  64.690 0.0000000000
63635  50.270  -30.410  71.084 0.0000000000
64708  50.285  -30.056  71.000 0.0000000000
63650  50.594  -30.660  70.744 0.0000000000
62432  50.735  -31.202  70.496 0.0000000000
53471  41.647  -39.100  79.801 0.0000000000
54645  41.102  -38.081  80.395 0.0000000000
55801  41.322  -37.765  80.193 0.0000000000
55786  41.199  -37.346  80.338 0.0000000000
55800  41.457  -37.466  79.977 0.0000000000
54664  41.753  -38.282  79.526 0.0000000000
38533  29.661  -52.516  81.979 0.0000000000
39607  29.868  -51.986  82.275 0.0000000000
38548  30.385  -52.941  81.573 0.0000000000
37477  30.322  -53.276  81.122 0.0000000000
63639  46.840  -30.490  71.747 0.0000000000
61238  46.313  -32.354  75.489 0.0000000000
59108  45.957  -33.878  75.750 0.0000000000
45068  38.787  -46.945  79.007 0.0000000000
45053  38.804  -46.040  79.188 0.0000000000
45067  39.072  -46.537  78.728 0.0000000000
40772  35.821  -49.731  80.718 0.0000000000
41873  35.421  -49.249  80.795 0.0000000000
41872  35.902  -49.177  80.830 0.0000000000
42969  36.000  -48.448  80.760 0.0000000000
42987  36.419  -48.584  80.583 0.0000000000
41891  36.625  -48.931  80.430 0.0000000000
72115  51.059  -22.070  66.750 0.0000000000
73261  50.750  -21.287  66.429 0.0000000000
72114  51.493  -22.013  66.676 0.0000000000
66908  50.490  -27.314  67.948 0.0000000000
62494  52.052  -30.923  67.703 0.0000000000
63691  52.482  -30.467  67.490 0.0000000000
50982  37.984  -41.749  79.721 0.0000000000
56993  38.971  -36.842  76.136 0.0000000000
57002  38.956  -36.483  74.915 0.0000000000
61200  41.356  -32.762  78.263 0.0000000000
61213  41.150  -32.497  77.041 0.0000000000
62310  41.543  -31.871  77.271 0.0000000000
62309  42.018  -31.657  77.620 0.0000000000
56990  42.413  -36.334  75.781 0.0000000000
40747  26.650  -50.655  82.579 0.0000000000
41845  27.121  -50.477  82.414 0.0000000000
40746  27.617  -50.873  82.447 0.0000000000
39589  28.187  -51.409  82.305 0.0000000000
39609  27.700  -51.991  82.116 0.0000000000
38535  28.115  -52.397  81.740 0.0000000000
62415  44.142  -31.635  71.384 0.0000000000
62434  44.245  -31.605  70.423 0.0000000000
62414  44.993  -31.221  71.156 0.0000000000
63608  44.489  -31.311  74.253 0.0000000000
63607  45.530  -30.852  74.097 0.0000000000
63572  45.591  -31.214  75.458 0.0000000000
63573  44.503  -31.168  75.703 0.0000000000
39626  33.148  -51.412  81.468 0.0000000000
38544  33.636  -51.737  81.395 0.0000000000
38563  35.058  -52.070  80.209 0.0000000000
39645  34.596  -51.294  81.013 0.0000000000
39659  35.532  -51.655  79.988 0.0000000000
40791  35.499  -50.387  80.687 0.0000000000
39658  36.207  -51.557  79.379 0.0000000000
71043  49.821  -23.379  65.186 0.0000000000
71029  50.207  -22.727  65.878 0.0000000000
70024  51.363  -23.817  66.610 0.0000000000
70037  50.709  -24.229  66.041 0.0000000000
67983  52.066  -25.605  66.933 0.0000000000
64735  48.039  -29.413  69.718 0.0000000000
64755  47.779  -29.362  68.739 0.0000000000
65810  49.768  -28.067  69.642 0.0000000000
65793  50.927  -29.114  70.080 0.0000000000
62452  51.479  -31.350  69.294 0.0000000000
63664  51.477  -30.742  69.684 0.0000000000
62451  51.942  -31.055  68.676 0.0000000000
62476  51.343  -31.576  68.486 0.0000000000
52254  39.694  -40.145  80.226 0.0000000000
53458  39.451  -39.437  80.193 0.0000000000
55802  39.970  -37.272  80.437 0.0000000000
54665  39.340  -38.305  79.951 0.0000000000
55819  39.567  -37.511  79.762 0.0000000000
55838  39.389  -37.142  78.647 0.0000000000
56938  39.824  -36.329  79.091 0.0000000000
57995  40.806  -35.765  80.186 0.0000000000
58009  40.527  -35.305  79.863 0.0000000000
59048  40.859  -34.761  79.784 0.0000000000
60121  41.007  -33.896  79.442 0.0000000000
60107  41.138  -34.381  79.658 0.0000000000
60120  41.593  -34.118  79.429 0.0000000000
59046  41.629  -35.238  79.608 0.0000000000
55836  42.019  -37.171  78.697 0.0000000000
56937  42.053  -36.495  78.363 0.0000000000
55837  41.877  -37.002  78.126 0.0000000000
41878  28.925  -50.135  81.370 0.0000000000
41897  28.531  -49.539  80.645 0.0000000000
40759  30.664  -51.132  81.783 0.0000000000
41876  29.970  -50.540  81.583 0.0000000000
40778  30.466  -50.752  81.519 0.0000000000
40795  30.874  -50.632  81.039 0.0000000000
40758  31.587  -51.289  81.714 0.0000000000
39604  32.192  -51.599  81.763 0.0000000000
38530  32.117  -52.052  81.901 0.0000000000
63637  48.947  -30.088  71.865 0.0000000000
62413  49.768  -31.626  71.637 0.0000000000
62394  49.217  -31.377  72.233 0.0000000000
61280  48.903  -32.143  72.548 0.0000000000
60208  48.180  -32.847  73.654 0.0000000000
63589  46.911  -30.639  74.361 0.0000000000
62378  47.659  -31.085  74.018 0.0000000000
62362  47.230  -31.299  74.621 0.0000000000
60193  47.545  -33.025  74.400 0.0000000000
59163  47.529  -34.054  73.143 0.0000000000
47258  37.210  -45.267  79.774 0.0000000000
48434  37.491  -44.974  79.671 0.0000000000
47247  37.879  -45.315  79.677 0.0000000000
48455  38.598  -43.891  79.262 0.0000000000
49680  38.440  -42.922  79.423 0.0000000000
48454  38.922  -43.710  79.010 0.0000000000
45081  40.349  -46.548  77.193 0.0000000000
46150  40.733  -45.758  76.726 0.0000000000
48481  40.954  -43.664  76.810 0.0000000000
48482  39.901  -43.592  77.556 0.0000000000
49711  39.869  -42.546  78.168 0.0000000000
49693  40.138  -41.803  78.805 0.0000000000
49724  42.407  -42.426  77.419 0.0000000000
51014  42.228  -41.097  78.377 0.0000000000
52285  41.931  -40.431  78.911 0.0000000000
51013  42.702  -41.291  77.877 0.0000000000
49707  43.009  -41.871  77.493 0.0000000000
40775  33.716  -50.524  80.991 0.0000000000
41875  34.236  -49.931  80.463 0.0000000000
44030  35.929  -47.616  80.103 0.0000000000
45055  36.271  -46.828  79.501 0.0000000000
46132  36.536  -45.972  79.553 0.0000000000
46119  36.633  -46.175  79.927 0.0000000000
45040  36.663  -46.513  80.122 0.0000000000
44042  37.674  -47.951  79.952 0.0000000000
44041  38.067  -47.468  79.701 0.0000000000
43026  38.269  -48.356  78.949 0.0000000000
41930  37.197  -49.843  79.125 0.0000000000
41948  39.485  -49.577  77.665 0.0000000000
72137  51.595  -22.110  65.761 0.0000000000
72138  51.266  -22.320  65.051 0.0000000000
64766  47.785  -29.157  67.809 0.0000000000
64776  47.594  -29.300  66.916 0.0000000000
66948  49.534  -27.551  65.191 0.0000000000
66963  49.769  -27.192  64.889 0.0000000000
66976  49.612  -27.066  64.387 0.0000000000
66946  50.856  -26.696  66.366 0.0000000000
67947  52.237  -26.543  67.572 0.0000000000
66906  52.220  -27.204  67.905 0.0000000000
64753  51.818  -29.044  68.972 0.0000000000
64763  53.339  -29.164  67.188 0.0000000000
64772  53.436  -29.240  66.876 0.0000000000
53473  38.523  -39.603  79.286 0.0000000000
53474  37.941  -40.046  78.803 0.0000000000
53485  38.292  -39.341  78.232 0.0000000000
59113  40.227  -34.837  76.698 0.0000000000
61240  40.724  -32.584  74.850 0.0000000000
63610  41.047  -31.645  73.921 0.0000000000
63609  41.465  -31.564  74.189 0.0000000000
62382  41.575  -31.670  73.643 0.0000000000
62366  41.705  -31.545  74.263 0.0000000000
62365  42.267  -31.565  74.312 0.0000000000
62325  43.276  -31.640  77.034 0.0000000000
62324  44.201  -32.049  76.708 0.0000000000
60135  42.681  -33.542  78.677 0.0000000000
61198  42.507  -32.701  78.533 0.0000000000
59076  43.194  -33.797  78.122 0.0000000000
58052  43.825  -34.538  76.605 0.0000000000
59092  43.547  -34.124  77.383 0.0000000000
59111  43.998  -34.160  76.851 0.0000000000
60164  44.697  -33.359  76.657 0.0000000000
59110  44.534  -34.218  76.466 0.0000000000
59128  45.003  -34.377  76.041 0.0000000000
58072  44.686  -34.657  75.881 0.0000000000
58090  44.027  -35.568  74.944 0.0000000000
53495  42.336  -39.553  78.244 0.0000000000
52305  42.572  -40.709  76.871 0.0000000000
41846  26.273  -50.252  82.602 0.0000000000
39591  25.934  -51.106  82.714 0.0000000000
62435  43.393  -31.961  70.592 0.0000000000
37488  33.764  -52.784  80.658 0.0000000000
37504  34.208  -53.320  79.975 0.0000000000
38579  34.859  -52.705  79.906 0.0000000000
70038  50.135  -24.416  65.313 0.0000000000
64720  49.055  -29.141  70.786 0.0000000000
65796  49.067  -28.796  70.343 0.0000000000
64719  49.792  -29.315  70.826 0.0000000000
64717  51.025  -29.792  70.192 0.0000000000
62431  51.051  -31.378  69.991 0.0000000000
52252  41.029  -39.782  80.047 0.0000000000
53457  40.125  -39.244  80.430 0.0000000000
54646  40.469  -38.361  80.526 0.0000000000
54630  40.226  -37.752  80.548 0.0000000000
56889  40.683  -36.843  80.526 0.0000000000
57982  40.904  -36.264  80.354 0.0000000000
56904  41.337  -36.348  80.026 0.0000000000
57993  41.543  -36.015  79.762 0.0000000000
56903  41.502  -36.795  79.847 0.0000000000
55818  41.797  -37.241  79.381 0.0000000000
41842  29.528  -50.747  81.794 0.0000000000
40744  29.690  -51.023  82.004 0.0000000000
39587  30.082  -51.460  82.127 0.0000000000
39606  30.663  -51.858  82.127 0.0000000000
38531  31.342  -52.243  81.925 0.0000000000
38547  31.202  -52.823  81.598 0.0000000000
62453  45.256  -31.229  69.613 0.0000000000
63621  48.561  -30.595  72.612 0.0000000000
62377  48.164  -31.197  73.564 0.0000000000
62341  46.978  -31.657  74.989 0.0000000000
61237  47.051  -32.263  74.990 0.0000000000
60194  46.893  -33.817  74.638 0.0000000000
59147  45.576  -34.756  74.877 0.0000000000
46117  38.376  -45.792  79.508 0.0000000000
46130  38.729  -45.635  79.253 0.0000000000
49725  41.466  -42.540  77.450 0.0000000000
48480  42.117  -43.235  76.855 0.0000000000
41874  34.838  -49.518  80.658 0.0000000000
42988  35.411  -48.287  80.021 0.0000000000
45027  36.554  -47.089  80.229 0.0000000000
44015  36.637  -47.664  80.414 0.0000000000
41909  37.390  -48.816  79.623 0.0000000000
73260  51.429  -21.354  66.447 0.0000000000
72129  51.632  -22.030  66.363 0.0000000000
65842  48.656  -28.516  67.714 0.0000000000
65851  48.913  -28.391  66.464 0.0000000000
65850  49.644  -27.822  66.153 0.0000000000
63683  52.361  -30.465  68.309 0.0000000000
54694  38.631  -38.506  77.500 0.0000000000
55881  38.615  -37.553  75.657 0.0000000000
59112  40.645  -34.064  76.167 0.0000000000
60165  40.929  -33.283  76.622 0.0000000000
61226  40.919  -32.471  75.906 0.0000000000
62344  40.780  -31.980  75.059 0.0000000000
63596  40.796  -31.835  74.626 0.0000000000
63577  41.010  -31.498  75.528 0.0000000000
63576  41.490  -31.269  75.727 0.0000000000
63575  42.338  -31.264  75.862 0.0000000000
63558  41.965  -31.307  76.547 0.0000000000
63542  42.617  -31.481  77.153 0.0000000000
62308  42.670  -31.734  77.531 0.0000000000
59093  43.158  -34.225  77.917 0.0000000000
58037  42.943  -34.742  77.496 0.0000000000
58053  43.210  -35.132  76.516 0.0000000000
58073  43.876  -35.240  75.774 0.0000000000
41879  28.028  -49.967  81.485 0.0000000000
41860  27.567  -50.297  82.031 0.0000000000
40745  28.646  -50.983  82.263 0.0000000000
39608  28.897  -52.038  82.283 0.0000000000
38550  28.649  -52.644  81.350 0.0000000000
39629  26.796  -52.002  81.387 0.0000000000
62433  44.962  -31.327  70.277 0.0000000000
63606  46.480  -30.508  73.919 0.0000000000
63571  46.283  -31.112  75.129 0.0000000000
62343  45.696  -31.863  75.737 0.0000000000
44066  39.589  -47.717  77.873 0.0000000000
40793  32.707  -50.726  80.660 0.0000000000
39624  34.910  -50.657  80.995 0.0000000000
40790  36.076  -50.089  80.474 0.0000000000
41911  36.417  -49.779  80.255 0.0000000000
40806  36.391  -50.408  79.824 0.0000000000
39657  36.560  -50.928  79.196 0.0000000000
39674  36.980  -51.463  78.648 0.0000000000
72116  50.454  -22.179  66.279 0.0000000000
67946  52.843  -26.665  67.421 0.0000000000
64756  47.307  -29.622  68.105 0.0000000000
64765  48.291  -28.818  68.542 0.0000000000
65811  49.029  -28.523  69.888 0.0000000000
66875  50.011  -27.644  69.147 0.0000000000
66874  50.421  -27.748  69.256 0.0000000000
65808  51.361  -28.562  69.373 0.0000000000
64732  51.883  -30.065  69.135 0.0000000000
52255  38.868  -40.499  80.037 0.0000000000
53459  38.971  -39.556  79.899 0.0000000000
54666  39.066  -38.724  79.589 0.0000000000
55856  39.033  -37.604  77.886 0.0000000000
56956  39.205  -36.869  77.516 0.0000000000
56974  39.316  -36.312  76.818 0.0000000000
58054  39.806  -35.598  77.267 0.0000000000
59095  40.232  -34.915  77.743 0.0000000000
58010  40.181  -35.571  79.609 0.0000000000
59079  40.186  -34.983  78.681 0.0000000000
59078  40.524  -34.239  78.305 0.0000000000
60136  40.883  -33.597  78.815 0.0000000000
61183  41.124  -33.313  78.983 0.0000000000
61199  41.903  -32.637  78.557 0.0000000000
60119  42.172  -33.847  79.146 0.0000000000
58008  41.988  -35.580  79.373 0.0000000000
58022  42.450  -35.161  78.682 0.0000000000
56953  42.292  -35.741  78.034 0.0000000000
56954  41.987  -36.444  77.617 0.0000000000
41877  29.614  -50.351  81.461 0.0000000000
41916  30.442  -50.140  80.186 0.0000000000
40811  31.187  -50.612  80.468 0.0000000000
40794  31.727  -50.774  80.955 0.0000000000
40776  32.386  -51.053  81.467 0.0000000000
39603  32.692  -51.736  81.695 0.0000000000
38545  33.008  -52.264  81.523 0.0000000000
38546  32.022  -52.609  81.609 0.0000000000
37489  33.262  -53.059  80.750 0.0000000000
63665  47.345  -29.855  69.094 0.0000000000
64721  48.335  -29.459  70.653 0.0000000000
64710  49.400  -29.738  71.329 0.0000000000
61292  50.351  -31.907  70.885 0.0000000000
61255  47.930  -32.125  74.068 0.0000000000
61256  47.507  -32.181  74.568 0.0000000000
60192  47.926  -32.709  74.053 0.0000000000
47282  36.701  -44.481  79.059 0.0000000000
49682  37.613  -43.522  79.457 0.0000000000
48432  37.964  -44.686  79.590 0.0000000000
48444  37.833  -44.037  79.521 0.0000000000
49681  37.944  -42.885  79.590 0.0000000000
50999  38.706  -42.308  79.555 0.0000000000
45082  39.734  -46.612  77.843 0.0000000000
46141  39.396  -45.633  78.398 0.0000000000
47268  39.163  -44.691  78.767 0.0000000000
47294  40.164  -44.673  77.088 0.0000000000
47281  39.527  -44.657  77.968 0.0000000000
50998  39.132  -41.858  79.598 0.0000000000
50997  40.201  -41.080  79.582 0.0000000000
52271  40.815  -40.280  79.828 0.0000000000
49710  40.792  -41.854  78.207 0.0000000000
52270  41.429  -40.048  79.580 0.0000000000
53484  42.167  -39.266  79.057 0.0000000000
52284  42.383  -40.364  78.410 0.0000000000
52283  42.734  -41.014  77.749 0.0000000000
52293  42.893  -41.160  77.185 0.0000000000
49722  43.438  -42.347  76.991 0.0000000000
51045  43.610  -42.141  76.246 0.0000000000
40809  32.884  -50.753  79.658 0.0000000000
41894  34.243  -49.954  79.793 0.0000000000
47271  36.666  -45.434  79.457 0.0000000000
46118  36.836  -45.888  79.978 0.0000000000
46108  37.337  -45.973  80.039 0.0000000000
44014  37.135  -47.129  80.313 0.0000000000
45025  37.555  -46.624  80.081 0.0000000000
45038  38.051  -46.553  79.822 0.0000000000
44054  38.605  -47.471  79.033 0.0000000000
44053  38.968  -47.379  78.603 0.0000000000
41910  36.878  -49.338  79.854 0.0000000000
40822  38.223  -50.386  78.036 0.0000000000
42948  24.002  -49.158  82.906 0.0000000000
66890  51.630  -27.814  68.585 0.0000000000
65827  52.259  -28.609  68.230 0.0000000000
66889  52.226  -27.806  68.093 0.0000000000
65849  53.879  -28.735  66.271 0.0000000000
52273  38.097  -40.707  79.567 0.0000000000
63611  40.668  -31.907  73.982 0.0000000000
62400  40.896  -31.831  72.806 0.0000000000
62399  41.869  -31.874  72.668 0.0000000000
62364  43.362  -31.610  74.357 0.0000000000
63592  44.007  -31.192  75.132 0.0000000000
63574  43.421  -31.194  75.892 0.0000000000
63555  44.780  -31.419  76.074 0.0000000000
62323  45.053  -31.808  76.127 0.0000000000
61224  45.252  -32.535  76.271 0.0000000000
62294  42.865  -32.256  78.097 0.0000000000
62293  43.116  -32.401  78.014 0.0000000000
60149  43.582  -33.322  77.647 0.0000000000
61211  43.971  -32.752  77.167 0.0000000000
60163  45.601  -33.404  76.122 0.0000000000
59127  45.403  -34.448  75.626 0.0000000000
59148  45.037  -35.029  74.764 0.0000000000
58103  44.585  -35.253  74.579 0.0000000000
54692  42.104  -38.978  78.156 0.0000000000
52306  42.165  -40.414  76.581 0.0000000000
54693  41.736  -38.480  77.569 0.0000000000
39586  30.619  -51.447  81.959 0.0000000000
40743  30.272  -51.235  81.945 0.0000000000
40823  37.437  -50.444  78.575 0.0000000000
41849  24.193  -49.599  82.760 0.0000000000
41857  29.690  -50.600  81.661 0.0000000000
41858  29.227  -50.538  81.686 0.0000000000
43006  37.345  -48.413  79.998 0.0000000000
44029  36.819  -48.082  80.445 0.0000000000
45024  37.906  -46.259  79.854 0.0000000000
45039  37.721  -46.911  80.053 0.0000000000
46107  37.767  -45.947  79.840 0.0000000000
46131  36.703  -45.693  79.695 0.0000000000
47246  38.231  -45.158  79.515 0.0000000000
47248  37.610  -45.427  79.760 0.0000000000
48433  37.731  -44.811  79.617 0.0000000000
49738  43.633  -42.380  76.569 0.0000000000
50979  39.925  -40.578  80.102 0.0000000000
50981  38.583  -41.770  79.751 0.0000000000
50996  40.937  -40.562  79.508 0.0000000000
51046  43.332  -41.819  76.629 0.0000000000
51047  42.979  -41.423  76.457 0.0000000000
53455  41.359  -38.620  80.193 0.0000000000
53456  41.014  -39.117  80.374 0.0000000000
53501  42.365  -39.985  77.550 0.0000000000
54628  40.996  -37.593  80.506 0.0000000000
55785  41.328  -37.159  80.171 0.0000000000
55787  40.832  -37.231  80.544 0.0000000000
55788  40.433  -37.215  80.552 0.0000000000
55820  39.254  -38.121  79.686 0.0000000000
55855  39.283  -37.011  77.985 0.0000000000
56886  41.401  -36.984  80.031 0.0000000000
56888  41.029  -36.745  80.451 0.0000000000
56905  40.769  -36.447  80.418 0.0000000000
56906  40.410  -36.553  80.413 0.0000000000
56975  38.979  -37.026  77.023 0.0000000000
57981  41.130  -36.288  80.220 0.0000000000
57994  41.262  -35.758  79.943 0.0000000000
58023  40.008  -35.494  79.017 0.0000000000
58071  45.078  -34.612  75.616 0.0000000000
58088  45.117  -34.728  75.406 0.0000000000
59061  41.659  -34.682  79.522 0.0000000000
59063  40.184  -35.142  79.204 0.0000000000
59091  44.058  -33.755  77.003 0.0000000000
60106  41.340  -34.473  79.610 0.0000000000
60162  46.074  -33.403  75.747 0.0000000000
61197  43.154  -32.774  78.173 0.0000000000
61212  43.518  -32.763  77.681 0.0000000000
61239  45.825  -32.402  75.826 0.0000000000
61241  40.602  -32.365  74.428 0.0000000000
62306  43.816  -32.335  77.131 0.0000000000
62326  42.853  -31.501  77.137 0.0000000000
62345  40.663  -32.208  74.607 0.0000000000
62367  40.666  -32.024  74.539 0.0000000000
62383  41.099  -31.730  73.371 0.0000000000
62478  45.443  -31.113  69.044 0.0000000000
63543  42.282  -31.452  77.150 0.0000000000
63544  41.810  -31.491  77.051 0.0000000000
63597  40.658  -31.983  74.287 0.0000000000
66964  49.267  -27.561  64.622 0.0000000000
