#!ascii label  , from subject 3523 vox2ras=TkReg
1010
52326  17.784  -39.711  75.325 0.0000000000
46109  29.328  -43.562  82.529 0.0000000000
68057  38.585  -26.178  61.270 0.0000000000
61346  29.232  -32.145  69.045 0.0000000000
54714  30.818  -37.757  75.414 0.0000000000
80915  46.861  -14.866  56.279 0.0000000000
64808  38.714  -27.534  64.110 0.0000000000
65918  33.826  -27.235  62.780 0.0000000000
49774  14.303  -42.733  74.219 0.0000000000
51020  23.800  -41.553  78.707 0.0000000000
48515  26.856  -42.039  76.200 0.0000000000
53533  21.392  -38.964  72.584 0.0000000000
75661  42.023  -19.345  59.406 0.0000000000
52242  20.726  -40.764  81.571 0.0000000000
50991  15.750  -41.232  80.171 0.0000000000
72157  41.444  -22.225  62.776 0.0000000000
48463  11.268  -43.653  79.220 0.0000000000
43042  9.714  -48.196  78.319 0.0000000000
65832  31.989  -27.895  68.858 0.0000000000
58130  30.317  -35.431  72.618 0.0000000000
52416  30.529  -39.315  70.185 0.0000000000
48564  28.925  -41.742  73.112 0.0000000000
66933  38.350  -26.575  66.198 0.0000000000
65898  36.392  -27.369  63.867 0.0000000000
67988  35.717  -26.533  65.867 0.0000000000
66930  41.041  -26.804  66.405 0.0000000000
52351  17.419  -40.251  73.034 0.0000000000
49803  15.374  -42.696  72.623 0.0000000000
51070  15.596  -40.994  75.143 0.0000000000
52299  20.742  -39.915  77.055 0.0000000000
52321  22.757  -40.082  75.961 0.0000000000
52337  19.699  -39.172  74.574 0.0000000000
52380  18.764  -39.746  71.507 0.0000000000
70101  36.855  -24.757  59.601 0.0000000000
68035  40.366  -25.800  62.599 0.0000000000
70073  39.372  -23.805  61.990 0.0000000000
72192  39.087  -22.100  60.618 0.0000000000
49662  15.019  -41.770  82.700 0.0000000000
49689  13.963  -41.980  80.267 0.0000000000
49665  12.425  -42.607  82.000 0.0000000000
44002  8.851  -46.627  83.484 0.0000000000
45036  9.456  -46.013  81.346 0.0000000000
41906  8.943  -48.231  80.304 0.0000000000
39668  7.766  -50.087  79.128 0.0000000000
39617  7.197  -49.739  81.526 0.0000000000
59151  31.287  -34.056  75.322 0.0000000000
55894  30.608  -37.101  73.593 0.0000000000
54745  30.401  -38.096  71.285 0.0000000000
53531  30.632  -38.929  72.741 0.0000000000
49800  25.374  -40.535  72.832 0.0000000000
48546  27.745  -42.002  74.228 0.0000000000
49838  27.062  -41.117  71.001 0.0000000000
49856  28.008  -41.033  70.090 0.0000000000
63688  30.226  -29.989  68.666 0.0000000000
64794  30.528  -28.703  65.996 0.0000000000
62531  29.323  -30.883  65.799 0.0000000000
81903  49.361  -12.834  54.364 0.0000000000
80927  47.444  -14.419  53.699 0.0000000000
65950  38.611  -27.457  62.099 0.0000000000
64840  37.207  -28.173  62.433 0.0000000000
65892  41.036  -26.783  64.565 0.0000000000
47261  26.782  -43.161  80.582 0.0000000000
46146  27.759  -42.960  78.422 0.0000000000
49743  25.822  -41.703  77.200 0.0000000000
52345  23.953  -39.688  73.634 0.0000000000
53570  22.990  -39.021  70.833 0.0000000000
75637  43.564  -18.927  61.417 0.0000000000
76706  43.990  -18.023  59.316 0.0000000000
77773  44.362  -17.332  57.858 0.0000000000
78850  44.733  -16.602  56.105 0.0000000000
52289  19.264  -39.848  78.162 0.0000000000
51026  17.223  -40.376  78.636 0.0000000000
52262  18.839  -40.134  81.208 0.0000000000
51005  22.172  -41.260  79.913 0.0000000000
73333  41.625  -20.593  61.294 0.0000000000
49717  14.607  -41.394  77.529 0.0000000000
48504  12.430  -42.993  76.803 0.0000000000
45113  11.079  -45.696  75.998 0.0000000000
47242  10.639  -43.908  81.383 0.0000000000
45078  10.390  -45.696  78.512 0.0000000000
38541  4.793  -51.499  81.532 0.0000000000
67937  34.806  -26.235  68.158 0.0000000000
62444  30.321  -30.941  70.780 0.0000000000
61271  30.947  -32.503  73.335 0.0000000000
60251  29.660  -33.246  71.135 0.0000000000
57048  29.505  -36.523  70.146 0.0000000000
54768  30.570  -38.382  68.724 0.0000000000
52461  29.862  -39.731  67.062 0.0000000000
47315  28.634  -42.566  76.954 0.0000000000
47327  29.609  -41.887  75.220 0.0000000000
49770  30.166  -40.868  74.365 0.0000000000
49833  29.881  -40.718  71.768 0.0000000000
51172  28.726  -40.618  68.031 0.0000000000
66956  33.354  -26.498  65.559 0.0000000000
65941  31.438  -28.223  62.524 0.0000000000
67953  37.699  -26.055  67.513 0.0000000000
66934  37.451  -26.530  66.042 0.0000000000
67972  36.546  -26.364  66.598 0.0000000000
66912  39.520  -26.459  67.357 0.0000000000
52339  17.539  -39.952  74.136 0.0000000000
51082  16.671  -40.574  73.706 0.0000000000
51069  16.600  -40.340  75.019 0.0000000000
52313  19.387  -39.676  76.411 0.0000000000
52324  20.049  -39.369  75.555 0.0000000000
52325  18.952  -39.504  75.452 0.0000000000
52350  18.290  -39.662  73.309 0.0000000000
69073  37.887  -25.412  60.803 0.0000000000
68036  39.527  -25.961  61.968 0.0000000000
69059  39.806  -25.210  62.343 0.0000000000
69072  38.691  -25.240  61.400 0.0000000000
70088  38.138  -24.463  61.089 0.0000000000
41853  8.385  -47.598  82.955 0.0000000000
42983  8.753  -47.447  81.357 0.0000000000
41887  8.531  -48.207  81.095 0.0000000000
40785  8.511  -48.641  80.321 0.0000000000
40786  8.098  -48.830  80.945 0.0000000000
39654  7.310  -50.169  80.103 0.0000000000
57003  31.387  -35.981  75.506 0.0000000000
55888  30.882  -36.950  74.909 0.0000000000
54723  30.582  -38.224  73.146 0.0000000000
53523  30.586  -38.898  73.592 0.0000000000
47260  29.496  -43.266  81.064 0.0000000000
51139  25.211  -40.032  70.825 0.0000000000
49819  26.639  -40.855  71.683 0.0000000000
51156  25.862  -40.443  69.648 0.0000000000
51155  26.329  -40.602  69.304 0.0000000000
62488  29.799  -30.588  68.891 0.0000000000
63698  29.693  -30.441  67.762 0.0000000000
79892  46.506  -15.517  56.896 0.0000000000
80903  47.891  -15.034  57.623 0.0000000000
80906  48.124  -14.121  56.651 0.0000000000
81905  47.866  -13.669  55.229 0.0000000000
80918  46.745  -14.702  55.229 0.0000000000
65915  39.104  -27.572  63.468 0.0000000000
65935  38.123  -27.783  62.414 0.0000000000
64826  37.572  -27.785  63.181 0.0000000000
65917  35.133  -27.409  63.002 0.0000000000
65916  36.022  -27.974  62.619 0.0000000000
65954  34.762  -28.355  61.277 0.0000000000
65875  39.717  -27.101  65.173 0.0000000000
65894  39.714  -27.303  64.538 0.0000000000
65933  40.067  -27.191  63.260 0.0000000000
49789  14.677  -42.893  73.569 0.0000000000
47348  13.453  -44.114  73.911 0.0000000000
48459  25.291  -42.372  79.799 0.0000000000
48470  26.304  -42.381  78.840 0.0000000000
49730  24.967  -41.603  78.041 0.0000000000
52347  21.716  -39.039  73.572 0.0000000000
51096  23.523  -39.743  74.792 0.0000000000
52363  22.704  -39.192  72.713 0.0000000000
52378  23.586  -39.396  71.820 0.0000000000
53549  22.290  -38.908  71.848 0.0000000000
53572  20.805  -39.199  70.467 0.0000000000
57064  29.398  -36.867  67.788 0.0000000000
75648  42.691  -19.285  60.405 0.0000000000
76682  43.560  -18.556  60.281 0.0000000000
75675  42.960  -18.658  59.524 0.0000000000
76715  43.131  -18.024  57.914 0.0000000000
77785  43.462  -17.449  56.494 0.0000000000
78839  44.645  -16.808  56.849 0.0000000000
50987  20.211  -40.363  80.233 0.0000000000
50988  19.102  -40.111  80.316 0.0000000000
52261  19.652  -40.296  81.049 0.0000000000
50985  21.821  -41.304  80.904 0.0000000000
51006  21.054  -40.628  79.472 0.0000000000
74510  42.169  -20.309  61.749 0.0000000000
73334  41.066  -21.508  61.713 0.0000000000
73367  39.177  -21.429  59.880 0.0000000000
51010  16.519  -40.860  79.387 0.0000000000
51028  15.435  -40.984  77.974 0.0000000000
51011  15.580  -41.087  79.060 0.0000000000
48472  12.532  -42.709  79.016 0.0000000000
49719  13.237  -42.284  78.551 0.0000000000
48490  11.936  -43.309  77.562 0.0000000000
47319  11.781  -43.785  76.567 0.0000000000
47302  11.287  -44.041  77.484 0.0000000000
47234  10.066  -44.399  82.971 0.0000000000
43002  9.605  -47.095  79.957 0.0000000000
45050  9.889  -45.922  79.818 0.0000000000
44062  10.218  -46.596  78.501 0.0000000000
44073  10.501  -47.049  77.393 0.0000000000
63654  31.116  -29.803  70.814 0.0000000000
59169  30.669  -34.350  73.601 0.0000000000
60212  30.882  -33.343  73.881 0.0000000000
60227  30.651  -33.639  73.096 0.0000000000
61284  30.270  -32.882  72.270 0.0000000000
59202  30.069  -34.375  72.244 0.0000000000
58139  29.481  -35.008  71.063 0.0000000000
58137  30.080  -35.822  71.979 0.0000000000
53569  30.550  -38.937  70.457 0.0000000000
54761  30.486  -38.464  69.672 0.0000000000
53592  30.568  -38.837  69.457 0.0000000000
53608  30.651  -39.029  68.115 0.0000000000
52439  30.491  -39.339  68.573 0.0000000000
47316  27.500  -42.465  77.191 0.0000000000
46154  28.434  -42.978  78.173 0.0000000000
47331  27.710  -42.444  76.365 0.0000000000
48565  28.452  -41.811  73.095 0.0000000000
47344  29.036  -42.441  75.086 0.0000000000
47361  29.463  -42.001  74.075 0.0000000000
48527  29.901  -41.056  74.961 0.0000000000
48562  29.846  -41.400  73.481 0.0000000000
49797  30.226  -40.655  72.769 0.0000000000
49817  29.269  -41.320  71.932 0.0000000000
51194  27.132  -40.967  67.068 0.0000000000
51152  28.370  -40.786  69.210 0.0000000000
66897  33.340  -27.038  68.634 0.0000000000
66915  34.080  -26.573  67.386 0.0000000000
65844  32.728  -27.239  67.665 0.0000000000
64812  30.113  -29.556  64.536 0.0000000000
65901  31.014  -28.159  64.492 0.0000000000
82951  50.250  -12.609  53.917 0.0000000000
65876  38.997  -27.100  65.097 0.0000000000
65897  37.584  -27.392  64.264 0.0000000000
65878  37.230  -26.991  64.882 0.0000000000
65879  36.590  -26.998  64.631 0.0000000000
66968  35.426  -26.734  64.455 0.0000000000
66911  40.310  -26.563  67.335 0.0000000000
66931  40.156  -26.760  66.602 0.0000000000
51098  16.062  -41.324  73.200 0.0000000000
51099  15.482  -41.830  73.652 0.0000000000
49761  14.676  -42.037  74.771 0.0000000000
51037  22.889  -40.900  77.894 0.0000000000
51053  23.797  -40.760  77.066 0.0000000000
52310  22.021  -40.071  76.437 0.0000000000
52336  20.840  -39.066  74.685 0.0000000000
53525  20.403  -38.967  72.967 0.0000000000
53535  19.556  -39.269  71.819 0.0000000000
52365  18.922  -39.417  72.501 0.0000000000
52366  17.991  -39.870  72.240 0.0000000000
74557  40.525  -19.787  58.226 0.0000000000
52221  20.489  -40.621  83.266 0.0000000000
69049  41.086  -25.040  63.411 0.0000000000
70063  40.795  -24.121  63.170 0.0000000000
71075  40.166  -23.241  62.365 0.0000000000
72174  40.178  -22.158  61.621 0.0000000000
71085  39.149  -23.359  61.535 0.0000000000
71087  37.649  -23.612  60.533 0.0000000000
50959  15.812  -41.367  82.115 0.0000000000
49688  14.834  -41.587  79.753 0.0000000000
49675  14.901  -41.682  81.220 0.0000000000
49676  13.686  -42.120  81.321 0.0000000000
48451  12.185  -42.910  80.471 0.0000000000
46096  9.547  -45.168  83.174 0.0000000000
44012  8.843  -46.649  82.394 0.0000000000
43003  9.391  -47.558  80.137 0.0000000000
41926  9.156  -48.373  79.254 0.0000000000
40817  8.852  -49.177  78.507 0.0000000000
58108  31.117  -35.081  74.958 0.0000000000
57027  30.462  -36.125  72.931 0.0000000000
57035  30.255  -36.446  72.217 0.0000000000
55908  30.480  -36.968  72.715 0.0000000000
54731  30.558  -38.435  72.355 0.0000000000
52394  30.539  -39.297  71.853 0.0000000000
48549  25.931  -41.140  73.769 0.0000000000
47365  27.604  -42.129  74.887 0.0000000000
48568  26.704  -41.238  72.759 0.0000000000
48587  27.520  -41.509  72.425 0.0000000000
48604  27.673  -41.389  71.656 0.0000000000
48602  28.571  -41.422  71.481 0.0000000000
49857  27.319  -40.997  70.053 0.0000000000
51174  27.027  -40.695  68.174 0.0000000000
64768  31.360  -28.381  68.415 0.0000000000
64778  31.288  -28.313  67.464 0.0000000000
63697  30.216  -29.525  67.473 0.0000000000
63710  29.756  -29.877  66.522 0.0000000000
81899  49.248  -12.803  55.522 0.0000000000
81904  48.534  -13.209  54.828 0.0000000000
67018  38.668  -26.897  61.494 0.0000000000
67019  38.003  -27.202  60.852 0.0000000000
65968  37.975  -27.603  61.319 0.0000000000
64827  36.796  -27.937  62.950 0.0000000000
64858  35.961  -28.669  61.156 0.0000000000
66929  41.815  -26.598  66.693 0.0000000000
66965  42.158  -26.353  65.593 0.0000000000
66979  42.069  -26.230  64.960 0.0000000000
65931  40.972  -26.477  63.626 0.0000000000
68021  40.061  -26.397  62.491 0.0000000000
46112  27.757  -43.524  81.363 0.0000000000
46134  28.678  -43.512  80.151 0.0000000000
46137  27.366  -43.144  79.638 0.0000000000
48486  26.732  -42.405  77.976 0.0000000000
48502  26.180  -41.778  76.669 0.0000000000
49745  24.505  -40.967  76.820 0.0000000000
49759  25.241  -41.095  75.614 0.0000000000
49771  25.361  -40.957  74.670 0.0000000000
49801  25.072  -40.549  73.520 0.0000000000
51140  24.498  -39.808  71.470 0.0000000000
52420  24.052  -39.531  69.229 0.0000000000
77749  44.960  -17.476  59.931 0.0000000000
76708  42.704  -18.421  58.350 0.0000000000
77764  44.297  -17.651  58.724 0.0000000000
78819  45.268  -16.987  58.536 0.0000000000
78827  45.172  -16.809  57.799 0.0000000000
78838  45.428  -16.264  56.759 0.0000000000
79903  45.748  -15.772  56.148 0.0000000000
79909  46.194  -15.307  54.684 0.0000000000
52301  18.786  -39.843  77.330 0.0000000000
52302  17.795  -40.043  77.388 0.0000000000
52290  18.152  -39.990  78.283 0.0000000000
51009  17.361  -40.385  79.653 0.0000000000
50990  16.698  -40.884  80.456 0.0000000000
52236  18.999  -40.187  82.837 0.0000000000
50971  16.700  -40.911  81.590 0.0000000000
50948  16.418  -41.247  83.828 0.0000000000
46100  28.302  -43.691  82.741 0.0000000000
46102  27.117  -43.551  81.918 0.0000000000
47263  25.510  -42.977  81.257 0.0000000000
48460  24.446  -42.191  80.048 0.0000000000
49685  23.483  -42.150  80.715 0.0000000000
49716  23.297  -41.759  79.620 0.0000000000
51022  21.991  -40.868  78.715 0.0000000000
51024  20.210  -40.096  78.034 0.0000000000
75628  43.599  -19.349  62.333 0.0000000000
74509  42.645  -19.667  61.343 0.0000000000
74522  41.570  -20.140  60.326 0.0000000000
73347  40.148  -21.504  60.985 0.0000000000
73366  40.220  -20.744  59.997 0.0000000000
74540  40.383  -20.260  59.249 0.0000000000
51057  15.937  -40.620  76.130 0.0000000000
51058  15.132  -41.191  75.906 0.0000000000
49747  13.978  -42.093  76.067 0.0000000000
49718  13.956  -41.875  78.070 0.0000000000
49733  13.930  -41.920  77.024 0.0000000000
48518  13.508  -42.829  75.260 0.0000000000
47333  12.472  -43.843  75.292 0.0000000000
46199  11.560  -45.018  75.440 0.0000000000
48427  11.740  -43.005  81.693 0.0000000000
48452  11.351  -43.427  80.242 0.0000000000
47265  10.267  -44.601  80.274 0.0000000000
47278  10.839  -44.263  78.808 0.0000000000
45093  10.588  -45.877  77.634 0.0000000000
38539  6.221  -50.406  81.924 0.0000000000
67936  35.715  -25.909  68.321 0.0000000000
65813  32.155  -28.400  69.819 0.0000000000
64737  31.170  -29.220  69.799 0.0000000000
63669  30.629  -29.908  69.977 0.0000000000
61326  29.928  -31.785  70.429 0.0000000000
62404  30.873  -31.424  72.528 0.0000000000
61311  30.073  -32.283  71.181 0.0000000000
60252  29.488  -33.184  70.327 0.0000000000
58148  28.774  -34.417  69.622 0.0000000000
57049  29.151  -36.169  69.636 0.0000000000
57056  29.950  -37.410  68.875 0.0000000000
55926  30.225  -37.738  70.844 0.0000000000
57055  30.260  -37.708  69.372 0.0000000000
55946  30.674  -37.926  67.748 0.0000000000
53621  30.732  -38.463  67.768 0.0000000000
53638  30.612  -39.343  66.532 0.0000000000
53506  30.548  -38.897  76.674 0.0000000000
46143  29.046  -43.351  79.548 0.0000000000
47285  29.306  -42.922  79.053 0.0000000000
48485  29.607  -41.716  78.008 0.0000000000
47345  28.480  -42.495  75.216 0.0000000000
47328  29.199  -42.232  75.720 0.0000000000
49728  29.735  -41.120  77.458 0.0000000000
51050  30.050  -40.412  76.727 0.0000000000
51066  30.182  -40.291  75.585 0.0000000000
53519  30.463  -39.362  74.816 0.0000000000
51093  30.467  -39.960  73.334 0.0000000000
51123  30.303  -40.258  72.012 0.0000000000
51135  30.441  -39.995  71.223 0.0000000000
49855  28.708  -40.931  70.295 0.0000000000
51151  29.433  -40.481  69.565 0.0000000000
52418  30.053  -39.875  69.276 0.0000000000
52441  29.347  -40.206  67.779 0.0000000000
67955  35.677  -26.145  67.368 0.0000000000
66955  34.587  -26.387  65.657 0.0000000000
66970  33.160  -26.397  64.459 0.0000000000
65858  31.554  -27.846  66.367 0.0000000000
66971  32.237  -26.918  64.327 0.0000000000
65919  32.729  -27.307  62.806 0.0000000000
79922  46.376  -15.570  53.784 0.0000000000
67971  37.276  -26.302  66.879 0.0000000000
67954  36.626  -26.041  67.502 0.0000000000
67952  38.660  -26.083  67.759 0.0000000000
52338  18.610  -39.536  74.383 0.0000000000
68058  37.462  -26.387  60.265 0.0000000000
68056  39.041  -25.670  61.625 0.0000000000
41869  8.248  -47.672  81.971 0.0000000000
41888  8.146  -48.263  81.678 0.0000000000
40787  7.600  -49.309  81.283 0.0000000000
55882  31.414  -36.824  76.081 0.0000000000
54719  30.606  -37.981  74.204 0.0000000000
53518  30.540  -38.854  74.692 0.0000000000
47250  29.642  -43.370  82.068 0.0000000000
46120  29.188  -43.517  81.595 0.0000000000
52419  24.746  -39.825  69.589 0.0000000000
51157  25.310  -40.126  69.916 0.0000000000
51177  25.171  -40.122  68.872 0.0000000000
62463  29.500  -31.582  69.344 0.0000000000
62489  29.465  -31.152  68.663 0.0000000000
80908  47.002  -15.107  56.819 0.0000000000
79891  47.116  -15.240  57.115 0.0000000000
80907  47.513  -14.783  57.021 0.0000000000
80914  47.502  -14.203  55.879 0.0000000000
64824  39.051  -27.585  63.836 0.0000000000
64825  38.323  -27.641  63.527 0.0000000000
65938  34.412  -27.758  62.008 0.0000000000
65895  39.161  -27.319  64.614 0.0000000000
64806  39.497  -27.396  64.375 0.0000000000
64823  39.482  -27.458  64.165 0.0000000000
48551  14.246  -43.671  73.364 0.0000000000
48532  13.489  -43.307  74.590 0.0000000000
49714  24.720  -41.882  78.986 0.0000000000
49731  24.258  -41.611  78.617 0.0000000000
52346  23.134  -39.400  73.991 0.0000000000
52364  21.984  -39.097  72.849 0.0000000000
53532  22.108  -39.022  72.539 0.0000000000
53550  21.151  -38.928  71.486 0.0000000000
57063  30.257  -37.614  67.738 0.0000000000
74538  42.012  -19.585  59.835 0.0000000000
75660  42.486  -19.222  59.832 0.0000000000
52260  20.440  -40.576  81.023 0.0000000000
50969  21.269  -40.999  81.286 0.0000000000
50986  21.150  -40.803  80.545 0.0000000000
73324  41.774  -21.225  62.545 0.0000000000
73325  41.361  -21.756  62.339 0.0000000000
48462  11.931  -43.065  79.557 0.0000000000
48473  11.757  -43.368  78.473 0.0000000000
47289  11.561  -43.712  77.773 0.0000000000
48474  11.252  -43.825  78.639 0.0000000000
47225  9.994  -44.270  84.015 0.0000000000
43022  9.582  -47.971  78.885 0.0000000000
43021  9.769  -47.195  79.266 0.0000000000
43041  9.996  -47.779  78.120 0.0000000000
59187  30.531  -34.589  72.979 0.0000000000
59188  30.468  -34.192  72.694 0.0000000000
59201  30.308  -34.730  72.604 0.0000000000
58138  29.770  -35.426  71.591 0.0000000000
58131  30.067  -35.150  72.260 0.0000000000
52438  30.555  -39.166  69.311 0.0000000000
52417  30.406  -39.723  69.843 0.0000000000
47332  27.219  -42.310  76.686 0.0000000000
47347  27.406  -42.238  75.806 0.0000000000
47380  29.218  -42.024  73.840 0.0000000000
47379  29.500  -41.825  73.797 0.0000000000
48545  29.697  -41.673  73.804 0.0000000000
48563  29.485  -41.615  73.392 0.0000000000
48583  29.757  -41.259  72.899 0.0000000000
48584  29.327  -41.461  72.636 0.0000000000
65831  32.686  -27.378  68.277 0.0000000000
65855  38.745  -26.810  65.629 0.0000000000
65877  38.174  -27.093  64.957 0.0000000000
65856  37.931  -26.773  65.485 0.0000000000
66935  36.780  -26.582  65.856 0.0000000000
66952  37.096  -26.717  65.456 0.0000000000
66953  36.453  -26.715  65.286 0.0000000000
66954  35.625  -26.589  65.257 0.0000000000
66893  40.761  -26.456  67.806 0.0000000000
66913  38.594  -26.411  67.001 0.0000000000
66932  39.197  -26.666  66.424 0.0000000000
65854  39.567  -26.887  65.782 0.0000000000
51083  15.877  -41.035  74.194 0.0000000000
51084  15.247  -41.600  74.489 0.0000000000
51071  15.049  -41.526  75.179 0.0000000000
51038  21.850  -40.535  77.637 0.0000000000
51055  22.100  -40.349  76.904 0.0000000000
52298  21.498  -40.136  77.028 0.0000000000
52323  21.091  -39.436  75.631 0.0000000000
52348  20.505  -38.926  73.769 0.0000000000
53526  19.721  -39.102  72.588 0.0000000000
52349  19.415  -39.164  73.463 0.0000000000
52367  17.364  -40.615  72.081 0.0000000000
68019  41.336  -25.672  63.611 0.0000000000
69057  40.804  -25.274  63.145 0.0000000000
70086  39.457  -24.784  62.138 0.0000000000
70071  40.457  -24.595  62.916 0.0000000000
70072  39.896  -24.238  62.486 0.0000000000
70064  40.352  -23.702  62.720 0.0000000000
71076  39.662  -23.290  61.967 0.0000000000
70089  37.316  -24.565  60.369 0.0000000000
49663  14.083  -41.989  82.326 0.0000000000
49677  12.893  -42.489  81.354 0.0000000000
49691  12.634  -42.668  80.822 0.0000000000
49678  12.285  -42.800  81.225 0.0000000000
45006  9.014  -45.875  84.304 0.0000000000
45013  9.124  -45.953  83.328 0.0000000000
40801  8.642  -48.818  79.495 0.0000000000
40802  8.022  -49.229  79.786 0.0000000000
40818  8.253  -49.664  78.804 0.0000000000
39636  7.246  -49.921  80.796 0.0000000000
39655  6.844  -50.687  80.296 0.0000000000
39637  6.859  -50.236  81.086 0.0000000000
57013  30.883  -36.060  74.446 0.0000000000
58109  30.694  -35.148  74.065 0.0000000000
57014  30.604  -36.044  73.584 0.0000000000
55895  30.553  -36.583  73.196 0.0000000000
53547  30.574  -38.921  72.046 0.0000000000
52376  30.562  -39.374  72.427 0.0000000000
49784  25.925  -40.927  73.343 0.0000000000
48548  26.442  -41.328  73.599 0.0000000000
49799  26.270  -40.852  72.590 0.0000000000
48588  27.006  -41.236  72.228 0.0000000000
49818  27.005  -41.125  71.641 0.0000000000
49837  27.771  -41.280  70.862 0.0000000000
51175  26.370  -40.592  68.328 0.0000000000
64758  30.836  -29.092  69.086 0.0000000000
64769  30.738  -28.970  68.014 0.0000000000
62520  29.388  -30.862  66.825 0.0000000000
81916  47.923  -13.703  54.191 0.0000000000
80926  48.229  -14.103  53.269 0.0000000000
67002  39.059  -27.115  62.045 0.0000000000
67003  38.416  -27.365  61.610 0.0000000000
64856  37.628  -28.100  62.097 0.0000000000
65952  37.509  -28.161  61.567 0.0000000000
64857  36.880  -28.524  61.349 0.0000000000
64810  37.254  -27.620  63.595 0.0000000000
64842  35.792  -28.457  61.698 0.0000000000
65936  35.904  -28.314  62.080 0.0000000000
66909  41.431  -26.627  67.055 0.0000000000
65873  41.001  -26.895  65.188 0.0000000000
66950  41.560  -26.716  65.863 0.0000000000
66966  41.601  -26.603  65.106 0.0000000000
66980  41.563  -26.325  64.421 0.0000000000
65912  41.029  -26.616  63.983 0.0000000000
66994  39.727  -26.986  62.605 0.0000000000
68022  39.517  -26.601  62.176 0.0000000000
46113  27.268  -43.384  80.981 0.0000000000
46123  27.796  -43.410  80.403 0.0000000000
47275  26.969  -42.983  79.760 0.0000000000
48488  25.579  -41.816  77.994 0.0000000000
48469  26.824  -42.571  78.503 0.0000000000
48487  26.101  -41.999  77.735 0.0000000000
48501  26.739  -42.175  77.121 0.0000000000
51068  22.805  -40.358  76.395 0.0000000000
52320  23.307  -40.130  75.746 0.0000000000
51095  24.148  -39.950  74.321 0.0000000000
49772  24.662  -40.581  75.017 0.0000000000
49786  24.878  -40.543  74.106 0.0000000000
51113  24.544  -40.150  73.282 0.0000000000
51126  24.400  -39.853  72.341 0.0000000000
52398  24.183  -39.603  70.458 0.0000000000
53593  23.283  -39.293  69.615 0.0000000000
53552  19.472  -39.577  70.954 0.0000000000
52400  18.970  -40.089  70.362 0.0000000000
76675  44.142  -18.625  61.752 0.0000000000
76693  43.529  -18.404  59.670 0.0000000000
76691  44.549  -17.869  60.529 0.0000000000
76692  44.150  -18.074  59.979 0.0000000000
77750  44.499  -17.688  59.393 0.0000000000
75687  41.571  -18.819  57.685 0.0000000000
75686  42.152  -18.702  58.299 0.0000000000
77774  43.631  -17.579  57.429 0.0000000000
77765  43.764  -17.743  58.176 0.0000000000
77763  45.088  -17.266  59.056 0.0000000000
77772  44.852  -17.227  58.398 0.0000000000
79893  45.890  -15.843  56.720 0.0000000000
78849  45.124  -16.229  55.681 0.0000000000
52276  18.761  -39.897  78.821 0.0000000000
51008  18.384  -40.013  79.546 0.0000000000
50989  17.817  -40.306  80.870 0.0000000000
52235  19.837  -40.417  82.603 0.0000000000
52237  18.057  -40.249  83.089 0.0000000000
50970  17.430  -40.562  82.278 0.0000000000
50957  17.195  -40.737  83.415 0.0000000000
50958  16.565  -41.108  82.746 0.0000000000
46101  27.671  -43.651  82.382 0.0000000000
48447  25.132  -42.655  80.784 0.0000000000
49702  22.364  -41.630  80.740 0.0000000000
49701  22.953  -41.813  80.263 0.0000000000
51004  22.873  -41.608  79.686 0.0000000000
51007  19.757  -40.132  79.123 0.0000000000
51023  20.956  -40.446  78.427 0.0000000000
52300  19.885  -39.840  77.281 0.0000000000
67020  37.309  -27.617  60.246 0.0000000000
73345  41.634  -20.303  60.654 0.0000000000
74521  42.106  -19.859  60.551 0.0000000000
72175  39.555  -22.430  61.329 0.0000000000
73335  40.517  -21.870  61.634 0.0000000000
73348  39.485  -21.825  60.742 0.0000000000
73382  39.090  -20.945  58.827 0.0000000000
74541  39.710  -20.721  59.294 0.0000000000
74558  39.694  -20.472  58.454 0.0000000000
51041  17.005  -40.326  77.715 0.0000000000
51056  17.042  -40.093  76.487 0.0000000000
51043  15.275  -40.979  76.899 0.0000000000
49732  14.552  -41.520  76.507 0.0000000000
49704  14.015  -41.928  79.145 0.0000000000
49734  13.211  -42.336  77.482 0.0000000000
49748  13.329  -42.448  76.432 0.0000000000
48519  12.954  -43.058  75.585 0.0000000000
47318  12.276  -43.538  75.973 0.0000000000
46181  11.271  -44.693  76.369 0.0000000000
48428  11.009  -43.425  82.124 0.0000000000
48441  11.188  -43.446  81.179 0.0000000000
47254  10.685  -43.984  80.624 0.0000000000
46114  9.823  -45.228  81.254 0.0000000000
45064  10.167  -45.844  79.139 0.0000000000
46126  9.933  -45.240  80.425 0.0000000000
46125  10.158  -45.146  79.699 0.0000000000
47264  10.633  -44.239  79.676 0.0000000000
46138  10.417  -45.028  79.014 0.0000000000
46147  10.584  -44.924  78.217 0.0000000000
38525  5.849  -50.420  82.456 0.0000000000
38526  5.087  -50.992  82.291 0.0000000000
39619  5.067  -51.577  81.277 0.0000000000
66862  34.133  -26.821  69.834 0.0000000000
65798  32.240  -28.821  70.364 0.0000000000
64736  31.709  -29.133  70.178 0.0000000000
62443  30.681  -30.356  70.958 0.0000000000
63655  30.660  -30.199  70.648 0.0000000000
62462  29.803  -30.928  69.651 0.0000000000
62405  30.374  -32.225  72.248 0.0000000000
60239  29.966  -33.285  71.906 0.0000000000
61296  30.154  -32.464  71.864 0.0000000000
61312  29.814  -32.542  70.579 0.0000000000
59226  28.965  -33.950  70.101 0.0000000000
59215  29.319  -34.156  70.828 0.0000000000
58146  29.488  -35.735  70.859 0.0000000000
57057  29.375  -36.594  69.000 0.0000000000
55921  30.359  -37.570  71.825 0.0000000000
57039  29.849  -36.695  71.250 0.0000000000
55932  30.340  -37.985  69.901 0.0000000000
55939  30.496  -37.963  68.819 0.0000000000
55945  30.592  -38.044  68.257 0.0000000000
54775  30.856  -38.222  67.317 0.0000000000
53623  30.538  -39.394  67.193 0.0000000000
52478  30.067  -39.685  65.852 0.0000000000
46135  28.220  -43.433  79.770 0.0000000000
46144  28.597  -43.336  79.143 0.0000000000
46173  28.659  -42.716  77.550 0.0000000000
46153  28.929  -42.987  78.392 0.0000000000
47298  29.208  -42.581  78.139 0.0000000000
47284  29.474  -42.344  78.577 0.0000000000
47346  27.926  -42.424  75.425 0.0000000000
47364  28.203  -42.216  74.368 0.0000000000
47343  29.424  -42.141  74.794 0.0000000000
47313  29.450  -41.957  76.291 0.0000000000
48500  29.604  -41.535  76.874 0.0000000000
51051  29.848  -40.752  77.106 0.0000000000
48514  29.677  -41.387  75.625 0.0000000000
49757  29.950  -40.807  75.127 0.0000000000
51079  30.229  -40.428  74.620 0.0000000000
52332  30.354  -39.811  74.820 0.0000000000
52344  30.368  -40.122  74.265 0.0000000000
52343  30.460  -39.665  73.969 0.0000000000
51094  30.366  -40.363  73.835 0.0000000000
49815  30.045  -40.785  72.406 0.0000000000
49814  30.197  -40.562  72.431 0.0000000000
51136  30.091  -40.355  70.886 0.0000000000
49835  28.925  -41.233  71.257 0.0000000000
51171  29.339  -40.333  68.439 0.0000000000
52440  29.809  -39.844  68.370 0.0000000000
66937  33.448  -26.686  66.567 0.0000000000
66936  34.192  -26.510  66.786 0.0000000000
66969  34.307  -26.388  64.545 0.0000000000
65859  30.923  -28.334  66.244 0.0000000000
65881  30.981  -28.183  65.563 0.0000000000
65921  31.143  -28.244  63.386 0.0000000000
65900  31.590  -27.523  63.970 0.0000000000
66984  32.223  -27.119  63.488 0.0000000000
65920  31.809  -27.596  63.029 0.0000000000
81913  50.433  -12.957  52.997 0.0000000000
82967  51.094  -12.883  52.676 0.0000000000
82950  51.205  -12.452  53.427 0.0000000000
66914  37.913  -26.395  66.726 0.0000000000
52312  20.396  -39.679  76.392 0.0000000000
69074  37.189  -25.461  60.063 0.0000000000
69058  40.501  -25.098  62.880 0.0000000000
69071  39.250  -25.229  61.874 0.0000000000
70087  39.034  -24.351  61.728 0.0000000000
49650  15.129  -41.913  83.819 0.0000000000
49651  14.260  -42.023  83.417 0.0000000000
39635  7.611  -49.486  80.416 0.0000000000
49820  25.854  -40.395  71.588 0.0000000000
49840  25.798  -40.340  70.790 0.0000000000
51138  25.716  -40.343  70.328 0.0000000000
49839  26.266  -40.624  70.585 0.0000000000
49858  26.685  -40.823  70.002 0.0000000000
49859  26.291  -40.654  69.887 0.0000000000
51176  25.792  -40.410  68.570 0.0000000000
63689  29.790  -30.498  68.502 0.0000000000
79884  46.786  -15.778  57.561 0.0000000000
79878  47.679  -15.699  58.369 0.0000000000
79883  47.436  -15.518  57.724 0.0000000000
81900  48.443  -13.469  56.017 0.0000000000
80913  47.978  -13.875  56.091 0.0000000000
80917  47.299  -14.174  54.710 0.0000000000
65934  38.933  -27.525  62.789 0.0000000000
64839  38.035  -27.801  62.831 0.0000000000
65937  35.348  -28.237  61.934 0.0000000000
65953  35.183  -28.424  61.488 0.0000000000
65853  40.327  -26.952  65.815 0.0000000000
66951  40.890  -26.918  65.704 0.0000000000
65874  40.364  -27.044  65.180 0.0000000000
65893  40.401  -27.091  64.570 0.0000000000
65913  40.509  -27.016  63.972 0.0000000000
65914  39.691  -27.413  63.838 0.0000000000
49788  15.124  -42.627  73.154 0.0000000000
47367  13.100  -44.686  73.799 0.0000000000
47276  26.227  -42.813  80.136 0.0000000000
47288  26.541  -42.700  79.476 0.0000000000
48458  26.104  -42.562  79.583 0.0000000000
48471  25.519  -41.980  78.584 0.0000000000
52334  22.902  -39.627  75.156 0.0000000000
51081  23.407  -39.831  75.193 0.0000000000
52362  23.745  -39.586  72.954 0.0000000000
52379  22.957  -39.032  72.075 0.0000000000
53594  22.302  -39.211  69.721 0.0000000000
53571  21.823  -39.023  70.667 0.0000000000
58165  29.121  -36.279  68.406 0.0000000000
75647  43.187  -19.042  60.860 0.0000000000
75646  43.536  -18.803  61.026 0.0000000000
75659  43.040  -18.821  60.106 0.0000000000
76716  42.362  -18.351  57.538 0.0000000000
76727  42.906  -17.817  56.997 0.0000000000
78828  44.569  -17.038  57.396 0.0000000000
77784  44.111  -17.199  57.008 0.0000000000
77797  44.013  -17.056  55.917 0.0000000000
74500  42.220  -20.563  62.376 0.0000000000
51027  16.332  -40.715  78.357 0.0000000000
49703  14.724  -41.452  78.608 0.0000000000
49705  13.223  -42.267  79.585 0.0000000000
48489  12.513  -42.813  77.990 0.0000000000
48505  11.889  -43.409  77.031 0.0000000000
46159  11.325  -44.153  76.980 0.0000000000
46160  10.876  -44.715  77.332 0.0000000000
48429  10.557  -43.750  82.783 0.0000000000
44039  9.460  -46.726  80.507 0.0000000000
45051  9.662  -45.993  80.531 0.0000000000
44038  9.714  -46.624  79.896 0.0000000000
44050  9.954  -46.478  79.326 0.0000000000
64723  32.056  -29.261  70.966 0.0000000000
64713  32.039  -29.512  72.001 0.0000000000
63643  31.418  -30.124  71.801 0.0000000000
62422  30.724  -30.649  71.488 0.0000000000
59168  30.900  -34.178  74.426 0.0000000000
60211  31.325  -33.168  74.657 0.0000000000
61283  30.558  -32.737  72.699 0.0000000000
60228  30.384  -33.558  72.497 0.0000000000
59214  29.633  -34.257  71.588 0.0000000000
57040  29.624  -36.150  71.018 0.0000000000
54754  30.502  -38.642  71.267 0.0000000000
54755  30.448  -38.448  70.803 0.0000000000
53607  30.643  -38.753  68.413 0.0000000000
52460  30.391  -39.449  67.736 0.0000000000
47299  27.451  -42.677  77.975 0.0000000000
46145  28.130  -43.236  78.795 0.0000000000
46156  27.749  -42.666  77.673 0.0000000000
46175  28.048  -42.596  77.227 0.0000000000
46191  28.235  -42.543  76.457 0.0000000000
47382  28.321  -42.000  73.664 0.0000000000
47363  28.856  -42.332  74.423 0.0000000000
47362  29.247  -42.217  74.429 0.0000000000
47342  29.696  -41.815  74.443 0.0000000000
48528  29.813  -41.493  74.709 0.0000000000
48543  30.046  -41.218  74.290 0.0000000000
49782  30.205  -40.933  73.599 0.0000000000
49798  30.044  -41.076  73.129 0.0000000000
49816  29.659  -41.107  72.193 0.0000000000
51153  27.561  -40.821  69.157 0.0000000000
51173  27.787  -40.730  68.107 0.0000000000
51192  28.465  -40.617  67.183 0.0000000000
51212  28.087  -40.993  66.254 0.0000000000
66876  34.066  -26.674  68.919 0.0000000000
66896  34.043  -26.591  67.977 0.0000000000
66916  33.377  -26.845  67.573 0.0000000000
66938  32.583  -27.117  66.474 0.0000000000
64811  30.483  -28.757  65.029 0.0000000000
81914  49.605  -13.155  53.373 0.0000000000
65896  38.447  -27.362  64.476 0.0000000000
65857  37.451  -26.753  65.423 0.0000000000
65899  35.538  -27.096  63.744 0.0000000000
66981  34.976  -26.811  63.799 0.0000000000
67950  41.307  -26.517  67.585 0.0000000000
66910  40.869  -26.654  67.113 0.0000000000
66894  40.086  -26.385  67.887 0.0000000000
49787  15.661  -42.132  72.840 0.0000000000
49773  14.911  -42.268  73.978 0.0000000000
51036  24.006  -41.248  78.054 0.0000000000
52309  22.463  -40.313  76.518 0.0000000000
52322  22.013  -39.683  75.758 0.0000000000
52311  21.286  -39.822  76.387 0.0000000000
52335  21.986  -39.205  74.834 0.0000000000
53524  21.014  -38.939  73.225 0.0000000000
53534  20.399  -39.005  72.116 0.0000000000
74556  41.175  -19.481  58.697 0.0000000000
75677  41.699  -19.170  58.723 0.0000000000
75678  41.151  -19.273  58.158 0.0000000000
52234  20.576  -40.705  82.336 0.0000000000
50946  21.186  -40.983  82.874 0.0000000000
69041  41.442  -24.719  63.633 0.0000000000
70056  41.546  -24.142  63.646 0.0000000000
71068  41.301  -23.155  63.133 0.0000000000
71069  40.712  -23.197  62.707 0.0000000000
72158  41.076  -22.613  62.598 0.0000000000
72164  41.135  -22.094  62.310 0.0000000000
72166  40.029  -22.696  61.900 0.0000000000
72176  38.807  -22.740  60.918 0.0000000000
71086  38.493  -23.566  61.103 0.0000000000
72177  38.169  -22.937  60.555 0.0000000000
72194  37.574  -22.728  59.869 0.0000000000
50972  15.968  -41.224  81.110 0.0000000000
49690  13.094  -42.402  80.548 0.0000000000
48450  12.643  -42.668  80.460 0.0000000000
45022  9.280  -46.002  82.305 0.0000000000
44025  9.100  -46.738  81.298 0.0000000000
58121  30.533  -35.257  73.286 0.0000000000
55907  30.517  -37.777  72.603 0.0000000000
54744  30.497  -38.432  71.629 0.0000000000
53568  30.545  -38.911  71.335 0.0000000000
52395  30.507  -39.523  71.257 0.0000000000
48530  26.492  -41.555  74.713 0.0000000000
48529  27.040  -41.871  75.273 0.0000000000
48547  27.212  -41.753  74.194 0.0000000000
48567  27.120  -41.550  73.100 0.0000000000
48589  26.682  -41.026  72.309 0.0000000000
48566  27.850  -41.842  73.434 0.0000000000
48586  28.094  -41.650  72.386 0.0000000000
48585  28.748  -41.578  72.178 0.0000000000
48603  28.216  -41.470  71.571 0.0000000000
51154  26.884  -40.756  69.196 0.0000000000
65845  32.103  -27.643  67.596 0.0000000000
64779  30.689  -28.729  66.890 0.0000000000
63709  30.219  -29.299  66.857 0.0000000000
64780  30.244  -29.164  66.409 0.0000000000
64795  30.099  -29.338  65.628 0.0000000000
65951  38.065  -27.773  61.867 0.0000000000
65969  37.472  -28.042  60.870 0.0000000000
64809  37.972  -27.585  63.854 0.0000000000
64841  36.374  -28.377  62.064 0.0000000000
66949  42.198  -26.423  66.310 0.0000000000
68006  42.089  -25.710  64.497 0.0000000000
68007  41.634  -25.918  64.044 0.0000000000
67001  40.835  -25.997  62.937 0.0000000000
65932  40.659  -26.734  63.518 0.0000000000
66993  40.394  -26.711  62.955 0.0000000000
68020  40.558  -26.256  62.807 0.0000000000
68037  39.112  -26.558  61.765 0.0000000000
46111  28.278  -43.603  81.745 0.0000000000
46121  28.730  -43.556  81.154 0.0000000000
46122  28.265  -43.504  80.761 0.0000000000
46136  27.692  -43.236  79.387 0.0000000000
47287  26.965  -42.775  78.972 0.0000000000
47286  27.422  -42.920  78.715 0.0000000000
47317  27.041  -42.420  77.560 0.0000000000
48516  26.405  -41.678  75.672 0.0000000000
51052  24.473  -41.105  77.282 0.0000000000
49744  25.213  -41.339  76.870 0.0000000000
51080  23.804  -40.128  75.355 0.0000000000
49760  24.422  -40.704  76.128 0.0000000000
48503  25.812  -41.461  75.981 0.0000000000
48531  25.910  -41.265  74.288 0.0000000000
49785  25.502  -40.852  73.811 0.0000000000
51112  24.813  -40.230  72.584 0.0000000000
51125  25.019  -40.173  71.928 0.0000000000
52397  24.906  -39.887  70.206 0.0000000000
53551  20.201  -39.172  71.195 0.0000000000
53573  19.921  -39.546  70.333 0.0000000000
60275  28.737  -33.252  68.592 0.0000000000
77762  45.596  -17.035  59.607 0.0000000000
75676  42.468  -18.798  59.031 0.0000000000
76707  43.378  -18.235  58.846 0.0000000000
78818  45.978  -16.656  58.834 0.0000000000
78826  46.268  -16.153  57.654 0.0000000000
78837  45.989  -15.918  57.042 0.0000000000
79902  46.234  -15.279  55.721 0.0000000000
79910  45.584  -15.762  55.148 0.0000000000
52314  18.284  -39.784  76.413 0.0000000000
52291  17.530  -40.196  78.020 0.0000000000
52277  18.254  -39.937  78.920 0.0000000000
51025  17.822  -40.081  79.015 0.0000000000
52243  20.070  -40.503  81.733 0.0000000000
52244  19.290  -40.256  81.894 0.0000000000
52245  18.388  -40.197  82.016 0.0000000000
50949  15.830  -41.617  83.255 0.0000000000
50939  15.824  -41.723  84.279 0.0000000000
46110  28.822  -43.641  82.129 0.0000000000
47251  26.628  -43.374  81.409 0.0000000000
47262  26.134  -43.101  80.958 0.0000000000
47277  25.673  -42.781  80.604 0.0000000000
49699  24.422  -42.030  79.616 0.0000000000
48448  24.314  -42.395  80.739 0.0000000000
49700  23.802  -42.039  80.014 0.0000000000
51021  23.103  -41.404  78.972 0.0000000000
51039  20.948  -40.199  77.633 0.0000000000
51040  20.445  -40.000  77.524 0.0000000000
67037  37.343  -27.154  60.153 0.0000000000
76664  44.388  -18.831  62.682 0.0000000000
75638  43.125  -19.396  61.762 0.0000000000
75629  43.151  -19.562  62.199 0.0000000000
74520  42.654  -19.464  60.763 0.0000000000
74539  41.337  -19.814  59.568 0.0000000000
73346  41.081  -20.594  60.550 0.0000000000
73365  40.788  -20.325  59.853 0.0000000000
51042  16.161  -40.581  77.282 0.0000000000
49746  14.560  -41.786  75.595 0.0000000000
49762  13.992  -42.454  75.169 0.0000000000
49763  13.570  -42.581  75.704 0.0000000000
47349  12.742  -44.264  74.486 0.0000000000
47334  11.865  -44.189  75.753 0.0000000000
47350  12.075  -44.470  75.060 0.0000000000
46213  11.907  -45.198  74.488 0.0000000000
48440  11.753  -43.102  80.969 0.0000000000
47243  10.224  -44.316  81.963 0.0000000000
47255  10.216  -44.528  80.993 0.0000000000
47290  11.141  -44.089  78.095 0.0000000000
46182  10.857  -45.482  76.786 0.0000000000
45114  10.806  -46.388  76.672 0.0000000000
39618  6.732  -50.097  81.707 0.0000000000
38556  6.235  -50.761  81.022 0.0000000000
38557  5.550  -51.592  80.726 0.0000000000
38540  5.502  -51.124  81.546 0.0000000000
67935  36.746  -25.694  68.430 0.0000000000
66877  33.408  -27.293  69.634 0.0000000000
65812  32.689  -27.651  69.338 0.0000000000
64757  31.494  -28.632  69.403 0.0000000000
63668  31.169  -29.468  70.213 0.0000000000
62423  30.368  -31.647  71.691 0.0000000000
61327  29.608  -32.191  69.848 0.0000000000
60262  29.106  -33.077  69.470 0.0000000000
60263  28.784  -33.508  69.200 0.0000000000
59239  28.621  -34.032  69.072 0.0000000000
58147  29.024  -35.270  70.139 0.0000000000
58156  28.986  -35.866  69.022 0.0000000000
57047  30.029  -37.377  70.038 0.0000000000
55940  30.421  -37.778  68.254 0.0000000000
53637  31.105  -38.864  66.079 0.0000000000
53622  30.795  -38.892  67.420 0.0000000000
53652  30.842  -39.414  65.590 0.0000000000
53512  30.639  -38.386  75.909 0.0000000000
46133  29.103  -43.469  80.581 0.0000000000
47273  29.416  -43.167  80.041 0.0000000000
47272  29.639  -42.657  79.557 0.0000000000
49713  29.837  -41.287  78.489 0.0000000000
47330  28.151  -42.527  76.015 0.0000000000
47329  28.623  -42.485  76.170 0.0000000000
47314  29.027  -42.473  77.067 0.0000000000
47297  29.425  -42.115  77.486 0.0000000000
51034  30.022  -40.494  77.799 0.0000000000
49758  29.778  -41.008  75.630 0.0000000000
49741  29.921  -40.720  75.875 0.0000000000
52308  30.318  -39.850  76.415 0.0000000000
52319  30.372  -39.645  75.750 0.0000000000
53513  30.468  -39.175  75.417 0.0000000000
52360  30.568  -39.526  73.081 0.0000000000
51111  30.410  -40.213  72.929 0.0000000000
51110  30.504  -39.885  73.000 0.0000000000
52361  30.508  -39.756  72.720 0.0000000000
52377  30.481  -39.734  72.204 0.0000000000
52396  30.466  -39.782  70.692 0.0000000000
49834  29.507  -40.874  71.356 0.0000000000
49854  29.220  -40.827  70.632 0.0000000000
51137  29.569  -40.630  70.623 0.0000000000
51150  30.097  -40.179  69.884 0.0000000000
52462  28.903  -40.332  66.990 0.0000000000
52479  29.255  -40.104  66.060 0.0000000000
67973  35.663  -26.376  66.554 0.0000000000
67956  34.759  -26.343  67.209 0.0000000000
67974  35.028  -26.394  66.305 0.0000000000
67989  35.251  -26.488  65.772 0.0000000000
66982  34.118  -26.711  63.584 0.0000000000
66957  32.369  -27.008  65.417 0.0000000000
65880  31.575  -27.550  65.057 0.0000000000
66983  33.029  -26.790  63.493 0.0000000000
80928  46.775  -14.823  54.189 0.0000000000
79921  47.070  -15.216  53.355 0.0000000000
41942  9.794  -48.321  78.027 0.0000000000
46124  27.345  -43.240  80.134 0.0000000000
46155  28.042  -42.855  77.915 0.0000000000
46174  28.294  -42.614  77.134 0.0000000000
46176  27.753  -42.533  77.244 0.0000000000
46192  28.011  -42.532  76.658 0.0000000000
46193  27.794  -42.486  76.917 0.0000000000
47274  27.316  -43.039  79.287 0.0000000000
47300  27.119  -42.654  78.267 0.0000000000
47301  11.612  -43.723  77.240 0.0000000000
47360  29.651  -41.848  73.979 0.0000000000
47381  28.691  -42.069  73.740 0.0000000000
48449  23.603  -42.353  81.307 0.0000000000
48461  12.606  -42.662  79.950 0.0000000000
48513  29.805  -41.099  75.273 0.0000000000
48517  25.873  -41.365  75.152 0.0000000000
48533  12.893  -43.587  74.962 0.0000000000
48544  29.975  -41.459  74.025 0.0000000000
48605  27.276  -41.260  71.774 0.0000000000
49715  23.892  -41.779  79.206 0.0000000000
49729  25.579  -41.694  77.568 0.0000000000
49742  29.736  -40.978  76.454 0.0000000000
49783  30.038  -41.246  73.556 0.0000000000
49836  28.370  -41.279  70.921 0.0000000000
51035  24.691  -41.312  77.568 0.0000000000
51054  22.721  -40.539  76.930 0.0000000000
51067  23.379  -40.369  76.219 0.0000000000
51124  30.089  -40.518  71.804 0.0000000000
52259  20.894  -40.772  81.096 0.0000000000
52331  30.456  -39.464  74.522 0.0000000000
52333  23.259  -39.937  75.490 0.0000000000
53548  23.017  -38.989  71.670 0.0000000000
54774  30.667  -38.254  67.994 0.0000000000
55920  30.514  -38.095  72.091 0.0000000000
59227  28.802  -33.776  69.541 0.0000000000
60274  28.985  -32.722  68.940 0.0000000000
61347  29.006  -32.502  68.535 0.0000000000
64807  39.270  -27.450  64.284 0.0000000000
64838  38.685  -27.630  63.314 0.0000000000
66917  32.820  -27.094  67.187 0.0000000000
66967  36.146  -26.867  64.652 0.0000000000
66991  41.255  -26.203  63.734 0.0000000000
66992  40.859  -26.338  63.251 0.0000000000
67000  41.094  -25.968  63.285 0.0000000000
67987  36.239  -26.525  66.025 0.0000000000
68034  40.866  -25.573  63.119 0.0000000000
69050  40.684  -24.755  63.117 0.0000000000
70062  41.220  -24.546  63.469 0.0000000000
72165  40.613  -22.401  62.130 0.0000000000
76681  43.900  -18.469  60.864 0.0000000000
78825  46.931  -15.911  57.857 0.0000000000
81901  47.930  -13.789  55.795 0.0000000000
