#!ascii label  , from subject 3523 vox2ras=TkReg
254
31524  34.789  -59.543  27.238 0.0000000000
19291  41.730  -69.955  24.254 0.0000000000
23482  36.305  -66.205  27.604 0.0000000000
27003  39.112  -63.089  26.103 0.0000000000
20343  42.943  -69.085  28.440 0.0000000000
21396  39.894  -67.736  27.744 0.0000000000
19226  39.747  -70.864  28.665 0.0000000000
22459  40.016  -66.699  25.485 0.0000000000
25866  35.569  -64.656  24.487 0.0000000000
26985  35.038  -63.476  27.671 0.0000000000
25796  38.928  -63.907  27.274 0.0000000000
23477  41.437  -65.965  27.208 0.0000000000
20393  43.670  -69.036  27.185 0.0000000000
19221  45.783  -71.263  28.417 0.0000000000
32597  33.929  -58.767  29.910 0.0000000000
29246  32.015  -61.805  28.448 0.0000000000
25802  32.606  -64.734  27.673 0.0000000000
29284  35.853  -61.283  25.506 0.0000000000
20346  39.146  -70.003  28.035 0.0000000000
21443  40.896  -68.523  25.273 0.0000000000
22468  38.703  -67.256  24.469 0.0000000000
25799  35.805  -64.353  27.762 0.0000000000
24596  37.627  -65.088  27.711 0.0000000000
20369  41.216  -68.225  28.044 0.0000000000
22428  41.263  -66.757  27.804 0.0000000000
22427  42.363  -67.183  27.924 0.0000000000
22449  42.609  -67.222  27.067 0.0000000000
21393  43.637  -68.245  27.948 0.0000000000
19243  46.535  -71.380  27.547 0.0000000000
28077  31.120  -62.854  29.110 0.0000000000
26962  32.051  -63.253  28.157 0.0000000000
26964  31.223  -64.132  28.572 0.0000000000
28113  38.575  -61.919  26.336 0.0000000000
28127  37.582  -62.053  25.669 0.0000000000
24689  34.912  -65.198  22.968 0.0000000000
28169  34.277  -62.528  24.016 0.0000000000
21399  36.771  -68.172  27.499 0.0000000000
22431  38.106  -66.984  27.582 0.0000000000
20372  38.484  -69.055  27.631 0.0000000000
20345  40.329  -69.742  28.079 0.0000000000
20344  41.633  -69.071  28.168 0.0000000000
24635  39.773  -65.069  25.627 0.0000000000
25839  37.720  -64.361  25.301 0.0000000000
24659  38.256  -65.905  25.064 0.0000000000
23535  36.626  -66.479  23.780 0.0000000000
19310  43.404  -70.868  23.842 0.0000000000
29257  34.556  -61.585  27.449 0.0000000000
26982  38.183  -63.004  27.312 0.0000000000
26980  39.435  -63.349  26.752 0.0000000000
23479  39.483  -65.811  27.667 0.0000000000
24594  39.705  -64.830  27.313 0.0000000000
25836  40.504  -64.723  26.261 0.0000000000
23514  41.197  -66.061  26.037 0.0000000000
21428  41.159  -67.757  25.783 0.0000000000
20408  41.881  -69.566  25.330 0.0000000000
19223  43.604  -70.191  28.590 0.0000000000
20367  44.492  -69.494  27.614 0.0000000000
19257  43.996  -70.048  26.756 0.0000000000
19289  43.371  -70.700  24.963 0.0000000000
33734  35.360  -57.668  29.279 0.0000000000
32612  33.881  -58.654  28.869 0.0000000000
31511  32.672  -59.898  28.850 0.0000000000
30445  32.989  -61.079  27.737 0.0000000000
28104  33.260  -62.665  27.728 0.0000000000
26986  33.969  -63.568  27.688 0.0000000000
24599  34.502  -65.426  27.565 0.0000000000
23485  33.255  -66.551  27.358 0.0000000000
22434  35.026  -67.349  27.331 0.0000000000
27006  35.763  -63.263  25.196 0.0000000000
32632  34.082  -58.936  27.860 0.0000000000
32631  34.784  -58.672  27.362 0.0000000000
20424  41.059  -69.281  24.601 0.0000000000
21466  40.096  -68.752  24.127 0.0000000000
24598  35.533  -65.328  27.707 0.0000000000
24597  36.572  -65.220  27.753 0.0000000000
21384  42.524  -68.108  28.247 0.0000000000
21394  41.692  -67.761  28.106 0.0000000000
22412  42.862  -67.748  28.139 0.0000000000
22411  43.083  -67.747  28.033 0.0000000000
21383  43.200  -68.214  28.231 0.0000000000
16949  46.175  -72.937  27.506 0.0000000000
26944  30.892  -63.688  29.026 0.0000000000
28126  38.430  -62.107  25.939 0.0000000000
27004  38.225  -63.080  25.655 0.0000000000
27060  34.305  -63.468  22.208 0.0000000000
21398  37.789  -68.064  27.531 0.0000000000
20373  37.455  -69.130  27.686 0.0000000000
19225  41.067  -70.652  28.466 0.0000000000
23515  40.392  -65.928  25.689 0.0000000000
24636  38.531  -65.310  25.308 0.0000000000
23516  39.244  -66.217  25.317 0.0000000000
22469  38.040  -67.198  24.171 0.0000000000
23552  37.140  -67.151  23.507 0.0000000000
23554  36.050  -66.481  23.039 0.0000000000
28102  35.362  -62.435  27.516 0.0000000000
29256  35.730  -61.307  27.442 0.0000000000
26981  39.041  -62.949  26.873 0.0000000000
22430  39.171  -66.839  27.689 0.0000000000
23480  38.403  -65.956  27.697 0.0000000000
23478  40.527  -65.744  27.536 0.0000000000
24593  40.527  -64.881  26.906 0.0000000000
24622  40.725  -65.009  26.508 0.0000000000
24634  40.734  -65.204  26.116 0.0000000000
24633  41.225  -65.719  26.337 0.0000000000
21414  42.963  -68.028  27.006 0.0000000000
21415  42.109  -67.596  26.534 0.0000000000
20395  41.717  -68.234  26.202 0.0000000000
20394  42.368  -68.920  26.446 0.0000000000
14871  43.313  -75.111  28.009 0.0000000000
16924  45.224  -73.138  28.746 0.0000000000
16925  44.073  -72.973  28.704 0.0000000000
18064  45.101  -71.841  28.721 0.0000000000
19222  44.928  -70.376  28.460 0.0000000000
20341  44.613  -69.445  28.058 0.0000000000
19265  46.181  -71.002  26.241 0.0000000000
19255  45.727  -70.717  27.001 0.0000000000
19266  45.424  -70.933  25.990 0.0000000000
19268  43.618  -70.493  25.930 0.0000000000
19287  44.904  -71.010  25.314 0.0000000000
32595  35.695  -57.941  29.794 0.0000000000
32596  34.756  -58.124  29.450 0.0000000000
30431  31.807  -61.171  28.934 0.0000000000
30418  32.112  -60.457  29.370 0.0000000000
30430  32.361  -60.868  28.373 0.0000000000
30429  33.049  -60.250  27.940 0.0000000000
29259  32.680  -61.791  27.905 0.0000000000
29258  33.555  -61.763  27.600 0.0000000000
25771  32.073  -63.943  27.997 0.0000000000
26987  32.840  -63.609  27.792 0.0000000000
25801  33.690  -64.550  27.628 0.0000000000
24600  33.476  -65.555  27.468 0.0000000000
22436  32.945  -67.572  27.417 0.0000000000
22435  33.990  -67.477  27.299 0.0000000000
23484  34.255  -66.428  27.343 0.0000000000
25840  36.433  -64.115  25.152 0.0000000000
27005  37.061  -63.147  25.384 0.0000000000
25841  35.756  -64.019  24.991 0.0000000000
29301  34.477  -61.465  24.320 0.0000000000
22466  40.190  -67.316  25.377 0.0000000000
22467  39.452  -67.327  24.937 0.0000000000
26984  36.121  -63.331  27.617 0.0000000000
21395  40.849  -67.589  27.918 0.0000000000
22429  40.237  -66.697  27.809 0.0000000000
23476  42.240  -66.793  27.233 0.0000000000
22448  43.069  -67.761  27.457 0.0000000000
21413  43.484  -68.229  27.591 0.0000000000
18085  46.324  -71.464  28.092 0.0000000000
18084  46.712  -71.974  27.797 0.0000000000
18099  46.883  -71.641  26.896 0.0000000000
28092  31.706  -62.639  28.542 0.0000000000
28091  32.390  -62.618  28.077 0.0000000000
26963  31.440  -63.547  28.535 0.0000000000
25772  31.635  -64.669  28.093 0.0000000000
29283  36.902  -61.127  25.772 0.0000000000
28128  36.439  -62.167  25.491 0.0000000000
25893  35.343  -65.205  23.853 0.0000000000
25867  34.792  -64.173  24.062 0.0000000000
27041  34.321  -63.546  23.388 0.0000000000
27042  34.162  -62.925  23.095 0.0000000000
22433  36.040  -67.229  27.462 0.0000000000
23481  37.344  -66.088  27.667 0.0000000000
22432  37.063  -67.111  27.504 0.0000000000
21397  38.842  -67.926  27.591 0.0000000000
20371  39.572  -68.880  27.678 0.0000000000
20370  40.606  -68.555  27.877 0.0000000000
25838  39.018  -64.091  25.593 0.0000000000
24637  37.859  -65.147  25.225 0.0000000000
25865  36.843  -65.025  24.957 0.0000000000
23533  38.329  -66.499  24.760 0.0000000000
24660  37.619  -65.730  24.881 0.0000000000
24661  36.362  -65.856  24.201 0.0000000000
24688  35.509  -65.757  23.256 0.0000000000
24711  35.040  -65.358  22.429 0.0000000000
19311  42.192  -70.433  23.689 0.0000000000
30443  34.778  -60.535  27.330 0.0000000000
26995  38.944  -62.571  26.412 0.0000000000
27002  39.682  -63.603  26.250 0.0000000000
24595  38.687  -64.944  27.555 0.0000000000
25795  39.705  -63.890  26.802 0.0000000000
25823  39.925  -63.937  26.411 0.0000000000
25837  40.023  -64.184  26.062 0.0000000000
23503  41.663  -66.246  26.673 0.0000000000
22457  41.529  -66.792  26.290 0.0000000000
22458  40.772  -66.800  25.752 0.0000000000
20409  41.424  -68.748  25.686 0.0000000000
19224  42.382  -70.333  28.461 0.0000000000
15896  43.818  -74.216  28.411 0.0000000000
20342  43.887  -68.976  28.212 0.0000000000
20368  43.993  -68.848  27.830 0.0000000000
19245  45.172  -70.125  27.766 0.0000000000
20392  44.274  -69.672  27.231 0.0000000000
19258  43.252  -69.733  26.492 0.0000000000
19269  42.711  -70.070  25.722 0.0000000000
19290  42.388  -70.264  24.634 0.0000000000
33732  36.854  -57.353  29.173 0.0000000000
33733  35.922  -57.405  29.239 0.0000000000
32611  34.524  -58.208  28.236 0.0000000000
30406  32.197  -60.392  30.543 0.0000000000
31499  33.236  -59.236  29.432 0.0000000000
31510  33.362  -59.378  28.362 0.0000000000
31525  33.868  -59.849  27.554 0.0000000000
30444  33.748  -60.832  27.504 0.0000000000
28103  34.274  -62.598  27.572 0.0000000000
25800  34.753  -64.457  27.742 0.0000000000
23483  35.282  -66.313  27.474 0.0000000000
28129  35.417  -62.217  25.264 0.0000000000
27007  35.098  -62.848  25.043 0.0000000000
28148  34.734  -62.326  24.796 0.0000000000
13888  42.677  -75.767  27.733 0.0000000000
16948  46.509  -72.469  27.718 0.0000000000
16969  46.761  -72.254  27.096 0.0000000000
18062  46.364  -72.539  28.080 0.0000000000
19244  45.998  -70.804  27.859 0.0000000000
19254  46.432  -71.121  26.924 0.0000000000
19256  44.806  -70.302  27.006 0.0000000000
19267  44.477  -70.754  26.079 0.0000000000
19288  44.203  -70.936  25.224 0.0000000000
20423  41.754  -69.767  24.671 0.0000000000
20425  40.419  -68.903  24.347 0.0000000000
21382  43.480  -68.139  28.063 0.0000000000
21429  40.576  -67.511  25.500 0.0000000000
21444  40.238  -68.214  24.819 0.0000000000
22410  43.354  -67.870  27.968 0.0000000000
22425  43.333  -67.891  27.750 0.0000000000
22426  42.863  -67.550  27.652 0.0000000000
22450  42.093  -66.820  26.709 0.0000000000
22495  37.072  -67.360  23.088 0.0000000000
23502  42.206  -66.715  26.910 0.0000000000
23517  38.579  -66.005  25.164 0.0000000000
23532  38.917  -66.843  24.898 0.0000000000
23534  37.269  -66.722  24.070 0.0000000000
23553  36.641  -66.884  23.280 0.0000000000
24592  40.955  -65.274  26.828 0.0000000000
24621  41.155  -65.529  26.584 0.0000000000
24662  35.636  -65.442  24.001 0.0000000000
24687  36.219  -66.334  23.530 0.0000000000
25773  31.024  -64.669  28.653 0.0000000000
25794  40.145  -64.295  26.621 0.0000000000
25822  40.338  -64.502  26.437 0.0000000000
25864  37.511  -65.092  25.160 0.0000000000
25894  34.898  -64.796  23.552 0.0000000000
26943  31.109  -63.341  28.868 0.0000000000
26994  39.439  -63.315  26.503 0.0000000000
27024  35.440  -63.869  24.839 0.0000000000
27025  34.858  -63.457  24.574 0.0000000000
27061  34.160  -63.012  22.809 0.0000000000
28125  38.691  -62.229  26.177 0.0000000000
28170  34.204  -62.579  23.289 0.0000000000
28196  34.210  -62.572  22.921 0.0000000000
29247  31.514  -61.894  29.057 0.0000000000
29281  38.404  -61.710  26.106 0.0000000000
29320  34.226  -62.242  23.069 0.0000000000
30470  35.424  -60.632  25.280 0.0000000000
32571  34.645  -58.764  30.334 0.0000000000
