#!ascii label  , from subject 4116 vox2ras=TkReg
1354
130859  -45.656  20.354  23.037 0.0000000000
144127  -39.926  35.479  32.341 0.0000000000
131725  -40.356  21.616  34.350 0.0000000000
137383  -47.347  26.434  30.351 0.0000000000
145652  -43.442  37.541  27.535 0.0000000000
141666  -45.930  32.517  35.239 0.0000000000
142613  -44.759  33.555  31.152 0.0000000000
137369  -42.557  27.836  31.042 0.0000000000
124055  -46.111  13.337  42.442 0.0000000000
128986  -44.908  18.035  32.621 0.0000000000
144899  -32.398  36.433  28.013 0.0000000000
144973  -38.311  36.548  22.431 0.0000000000
144225  -44.473  34.582  19.975 0.0000000000
132744  -41.196  22.235  26.864 0.0000000000
139052  -45.114  29.374  40.685 0.0000000000
133604  -46.331  23.555  31.989 0.0000000000
134636  -45.728  24.739  24.574 0.0000000000
137483  -43.469  27.109  23.916 0.0000000000
135577  -37.965  24.775  23.744 0.0000000000
131847  -45.114  22.311  19.279 0.0000000000
143483  -44.835  35.015  25.797 0.0000000000
144161  -44.563  35.926  29.217 0.0000000000
142632  -43.571  34.490  27.957 0.0000000000
141688  -42.033  32.712  31.128 0.0000000000
128930  -46.341  18.052  36.968 0.0000000000
127954  -43.860  17.195  37.873 0.0000000000
144855  -30.711  36.840  31.478 0.0000000000
144222  -41.912  35.060  20.776 0.0000000000
130808  -39.646  20.122  28.634 0.0000000000
133614  -39.980  23.639  29.999 0.0000000000
142602  -37.926  33.561  34.061 0.0000000000
140801  -42.198  32.232  35.473 0.0000000000
139134  -47.249  29.691  32.867 0.0000000000
137340  -45.478  27.116  35.210 0.0000000000
135501  -48.364  25.421  31.542 0.0000000000
133670  -46.224  23.687  27.501 0.0000000000
135549  -47.570  25.899  26.901 0.0000000000
137494  -45.262  27.369  23.707 0.0000000000
137429  -45.403  27.252  27.265 0.0000000000
137456  -40.522  26.823  26.912 0.0000000000
144892  -41.032  36.808  29.938 0.0000000000
144083  -42.964  35.311  35.260 0.0000000000
144847  -44.306  36.787  32.693 0.0000000000
142608  -46.829  33.372  32.160 0.0000000000
139975  -46.586  30.410  31.286 0.0000000000
136408  -45.405  26.351  31.076 0.0000000000
139965  -44.746  30.175  32.511 0.0000000000
139961  -40.715  30.077  32.131 0.0000000000
128933  -49.069  17.335  35.686 0.0000000000
129008  -47.146  18.202  31.394 0.0000000000
129947  -45.002  18.936  26.535 0.0000000000
143386  -33.524  35.098  35.326 0.0000000000
143448  -33.672  34.361  31.690 0.0000000000
144871  -35.519  35.617  29.704 0.0000000000
144170  -38.680  35.596  27.223 0.0000000000
144958  -41.480  36.035  24.742 0.0000000000
144201  -43.669  35.724  23.306 0.0000000000
142716  -45.197  33.853  22.507 0.0000000000
141860  -44.241  32.573  19.298 0.0000000000
128024  -42.491  17.592  32.925 0.0000000000
129922  -42.327  18.967  27.842 0.0000000000
130844  -42.232  20.825  24.439 0.0000000000
135464  -43.513  25.163  36.091 0.0000000000
139919  -45.656  29.460  36.867 0.0000000000
133529  -45.632  25.553  36.849 0.0000000000
132688  -43.567  22.928  33.837 0.0000000000
133635  -43.936  24.073  29.586 0.0000000000
133697  -43.585  23.896  25.620 0.0000000000
132777  -43.018  23.118  22.160 0.0000000000
134673  -45.017  25.260  20.770 0.0000000000
135610  -43.669  25.776  20.167 0.0000000000
135607  -41.325  24.853  20.896 0.0000000000
137443  -43.004  27.552  27.102 0.0000000000
136510  -40.454  26.099  23.596 0.0000000000
134680  -38.939  23.734  20.755 0.0000000000
129997  -46.619  19.884  24.057 0.0000000000
130877  -46.629  20.630  22.309 0.0000000000
131821  -44.916  21.255  21.507 0.0000000000
142659  -45.057  34.466  25.370 0.0000000000
143480  -44.544  34.927  26.878 0.0000000000
142644  -43.095  33.589  26.540 0.0000000000
142630  -42.178  33.727  28.258 0.0000000000
133584  -40.527  23.341  32.102 0.0000000000
143441  -38.547  34.616  32.613 0.0000000000
138270  -47.679  28.624  31.882 0.0000000000
137359  -47.693  27.086  32.707 0.0000000000
136419  -47.925  26.342  30.433 0.0000000000
135520  -48.201  25.258  29.406 0.0000000000
136456  -47.147  26.115  28.161 0.0000000000
137448  -46.751  26.731  27.045 0.0000000000
136455  -46.476  26.338  28.121 0.0000000000
144908  -42.099  37.326  29.073 0.0000000000
145613  -42.296  37.574  31.542 0.0000000000
146325  -43.282  38.117  30.559 0.0000000000
143463  -45.520  34.743  30.841 0.0000000000
144157  -46.026  35.223  31.146 0.0000000000
142615  -46.539  32.896  31.656 0.0000000000
141694  -47.514  31.745  31.596 0.0000000000
141692  -46.077  32.109  31.444 0.0000000000
139966  -45.761  30.264  31.721 0.0000000000
141678  -44.657  32.205  31.823 0.0000000000
140825  -41.289  32.037  31.524 0.0000000000
128962  -45.931  18.345  34.588 0.0000000000
128963  -46.838  18.528  34.378 0.0000000000
129007  -46.138  18.081  31.463 0.0000000000
129057  -45.935  18.188  28.334 0.0000000000
129023  -45.258  18.070  30.455 0.0000000000
144882  -30.734  36.864  29.322 0.0000000000
144133  -31.780  35.442  30.766 0.0000000000
144869  -33.342  35.717  29.694 0.0000000000
143459  -34.636  34.844  30.726 0.0000000000
144885  -33.988  35.897  28.969 0.0000000000
144965  -37.342  36.693  23.186 0.0000000000
144931  -36.446  36.021  26.481 0.0000000000
144955  -38.579  36.178  24.525 0.0000000000
144179  -39.729  35.536  26.425 0.0000000000
144975  -39.964  36.037  23.372 0.0000000000
144230  -43.067  35.318  19.520 0.0000000000
144216  -42.968  35.270  21.562 0.0000000000
144217  -43.976  35.086  21.358 0.0000000000
144203  -45.505  34.759  23.153 0.0000000000
143507  -44.913  34.091  20.706 0.0000000000
142728  -44.519  33.519  20.154 0.0000000000
143509  -44.691  34.096  19.538 0.0000000000
127000  -38.614  16.322  34.137 0.0000000000
125957  -39.636  15.782  36.464 0.0000000000
127002  -40.028  16.839  34.755 0.0000000000
127997  -41.464  17.356  35.452 0.0000000000
128035  -40.684  17.305  31.804 0.0000000000
131768  -40.261  21.138  27.603 0.0000000000
129921  -41.101  19.335  28.011 0.0000000000
130826  -41.477  20.455  26.424 0.0000000000
129945  -42.660  19.673  26.107 0.0000000000
131790  -41.551  21.703  25.101 0.0000000000
138179  -44.253  28.838  40.284 0.0000000000
138230  -42.962  28.167  36.687 0.0000000000
137319  -44.373  26.867  38.084 0.0000000000
143391  -45.137  34.378  35.774 0.0000000000
141664  -44.522  32.531  35.945 0.0000000000
139946  -45.649  30.937  35.714 0.0000000000
134559  -47.110  25.070  34.241 0.0000000000
135467  -45.615  26.177  36.047 0.0000000000
133568  -46.523  24.539  34.855 0.0000000000
133565  -44.462  23.283  34.842 0.0000000000
133589  -45.403  23.412  32.769 0.0000000000
133601  -43.446  23.649  31.851 0.0000000000
133619  -45.371  23.592  30.781 0.0000000000
133700  -46.506  24.001  25.836 0.0000000000
133684  -45.560  23.851  26.579 0.0000000000
134622  -44.965  24.375  25.091 0.0000000000
133726  -43.392  24.168  23.555 0.0000000000
134647  -44.145  24.633  23.473 0.0000000000
134671  -44.368  24.589  21.490 0.0000000000
135581  -45.097  25.439  23.026 0.0000000000
137492  -44.090  27.305  23.043 0.0000000000
137507  -44.497  27.064  21.756 0.0000000000
137498  -43.462  26.822  22.130 0.0000000000
135599  -42.638  25.537  21.123 0.0000000000
136520  -42.025  26.122  22.161 0.0000000000
136406  -43.600  27.035  31.015 0.0000000000
136452  -43.714  26.943  28.811 0.0000000000
137405  -42.972  27.175  28.988 0.0000000000
135560  -39.067  25.761  25.105 0.0000000000
136482  -40.490  26.665  26.140 0.0000000000
135571  -39.351  25.698  24.347 0.0000000000
135588  -39.761  25.201  22.308 0.0000000000
134657  -38.327  24.264  22.419 0.0000000000
133743  -37.668  23.379  21.003 0.0000000000
129074  -48.344  18.662  27.404 0.0000000000
133770  -45.120  23.994  19.092 0.0000000000
145654  -44.333  37.226  26.567 0.0000000000
145630  -44.174  37.380  28.974 0.0000000000
144173  -44.445  35.910  27.277 0.0000000000
143473  -44.374  35.217  28.804 0.0000000000
143461  -43.617  34.173  30.029 0.0000000000
141702  -43.346  32.957  31.087 0.0000000000
142619  -42.477  33.718  29.602 0.0000000000
127948  -45.861  16.186  39.811 0.0000000000
126942  -45.382  16.152  40.158 0.0000000000
128000  -44.097  17.880  34.831 0.0000000000
146345  -31.798  38.330  26.767 0.0000000000
144220  -39.956  35.596  21.389 0.0000000000
144238  -44.028  35.682  18.016 0.0000000000
143517  -44.547  34.610  17.379 0.0000000000
129002  -39.510  17.983  30.741 0.0000000000
132721  -39.367  22.028  29.013 0.0000000000
133650  -40.577  22.876  28.343 0.0000000000
140782  -43.640  30.548  38.152 0.0000000000
139954  -46.899  30.588  33.361 0.0000000000
139127  -46.229  29.598  34.769 0.0000000000
137358  -46.963  27.514  33.536 0.0000000000
136400  -47.579  26.165  33.149 0.0000000000
133622  -47.803  24.193  31.711 0.0000000000
133638  -47.266  23.609  29.990 0.0000000000
134587  -48.013  24.316  29.673 0.0000000000
134606  -47.649  24.333  27.437 0.0000000000
134624  -46.596  25.169  25.518 0.0000000000
135583  -45.785  26.576  23.903 0.0000000000
136498  -46.505  26.485  25.630 0.0000000000
137476  -45.152  27.518  25.216 0.0000000000
137460  -44.481  27.612  25.832 0.0000000000
137403  -41.182  27.431  29.326 0.0000000000
133549  -39.884  22.983  35.501 0.0000000000
144875  -40.126  36.578  30.742 0.0000000000
144111  -41.027  35.201  32.953 0.0000000000
144844  -41.591  36.312  32.659 0.0000000000
144814  -43.643  36.288  34.350 0.0000000000
144100  -44.898  34.983  34.231 0.0000000000
144878  -43.855  36.996  30.819 0.0000000000
143444  -45.856  34.850  33.128 0.0000000000
142605  -46.535  33.308  33.408 0.0000000000
141675  -47.254  32.054  32.649 0.0000000000
139155  -47.441  29.788  31.682 0.0000000000
138280  -47.269  28.642  31.373 0.0000000000
137382  -46.838  26.600  30.526 0.0000000000
138278  -45.947  28.261  31.868 0.0000000000
138268  -45.015  28.259  32.470 0.0000000000
138260  -43.507  28.690  32.765 0.0000000000
140827  -43.042  32.002  31.915 0.0000000000
139963  -42.633  30.494  32.612 0.0000000000
128942  -47.534  18.225  35.949 0.0000000000
128965  -48.269  18.179  33.732 0.0000000000
129026  -48.263  18.267  30.394 0.0000000000
129058  -47.027  18.358  28.401 0.0000000000
129084  -46.098  18.902  26.893 0.0000000000
129976  -44.770  19.778  24.542 0.0000000000
142548  -35.449  33.546  36.444 0.0000000000
143419  -33.333  34.386  33.676 0.0000000000
142583  -35.217  33.437  34.546 0.0000000000
143422  -35.710  33.897  32.981 0.0000000000
143451  -36.871  34.747  31.543 0.0000000000
144153  -37.820  35.871  30.820 0.0000000000
144929  -34.078  36.627  26.128 0.0000000000
144916  -35.493  36.002  27.321 0.0000000000
144903  -36.733  35.826  28.481 0.0000000000
144890  -38.680  36.360  29.512 0.0000000000
144906  -39.584  36.281  28.681 0.0000000000
144921  -40.560  35.884  27.486 0.0000000000
144935  -42.860  37.056  27.203 0.0000000000
144207  -41.598  35.612  22.680 0.0000000000
144200  -42.459  35.806  23.401 0.0000000000
144960  -43.730  36.789  24.963 0.0000000000
144189  -45.369  35.332  24.620 0.0000000000
142673  -45.762  34.398  24.538 0.0000000000
142699  -44.079  33.386  22.691 0.0000000000
141841  -44.179  32.937  20.683 0.0000000000
142750  -44.687  33.166  17.803 0.0000000000
127999  -43.164  17.665  34.939 0.0000000000
128025  -43.478  17.795  32.892 0.0000000000
129019  -41.051  18.047  30.107 0.0000000000
129020  -42.108  17.897  30.318 0.0000000000
129039  -43.472  18.106  29.472 0.0000000000
129924  -43.920  18.482  27.998 0.0000000000
129959  -43.601  19.744  25.247 0.0000000000
130857  -43.493  20.520  23.513 0.0000000000
132664  -41.674  22.310  35.182 0.0000000000
142570  -42.554  33.974  35.164 0.0000000000
139934  -43.948  30.628  36.694 0.0000000000
139080  -45.395  28.990  38.547 0.0000000000
138242  -45.877  28.079  36.769 0.0000000000
137320  -46.192  27.574  37.343 0.0000000000
136345  -45.991  26.520  38.744 0.0000000000
134536  -44.611  25.080  36.665 0.0000000000
133552  -43.308  23.286  35.525 0.0000000000
132698  -41.804  22.803  33.763 0.0000000000
133600  -42.322  23.842  31.705 0.0000000000
133633  -41.694  23.959  29.338 0.0000000000
133666  -41.850  23.570  27.504 0.0000000000
133655  -45.761  23.839  28.583 0.0000000000
133682  -43.284  23.706  26.596 0.0000000000
133695  -41.788  23.116  25.874 0.0000000000
133724  -41.895  23.322  24.224 0.0000000000
131807  -42.364  21.927  22.992 0.0000000000
131809  -44.089  21.304  22.025 0.0000000000
131834  -43.649  22.706  20.956 0.0000000000
133758  -44.623  24.030  20.042 0.0000000000
134687  -44.905  24.914  19.999 0.0000000000
135592  -45.166  26.283  22.102 0.0000000000
136539  -44.537  26.160  20.656 0.0000000000
135622  -43.834  25.361  19.101 0.0000000000
135621  -43.221  25.212  19.475 0.0000000000
134696  -41.597  24.221  19.583 0.0000000000
136435  -45.223  26.380  29.166 0.0000000000
137444  -44.052  27.763  26.892 0.0000000000
137459  -43.365  27.637  25.985 0.0000000000
137442  -42.007  27.191  27.337 0.0000000000
137472  -41.807  26.935  25.540 0.0000000000
136505  -41.757  26.830  23.929 0.0000000000
135589  -40.648  25.699  22.223 0.0000000000
134670  -40.182  24.508  21.133 0.0000000000
129996  -45.718  19.993  23.889 0.0000000000
130860  -46.631  20.215  23.204 0.0000000000
130890  -45.722  21.111  21.121 0.0000000000
130876  -45.426  20.915  22.147 0.0000000000
142658  -44.164  33.769  25.577 0.0000000000
142645  -44.101  34.245  26.561 0.0000000000
142657  -43.003  33.324  25.569 0.0000000000
132695  -39.834  22.801  32.648 0.0000000000
132685  -40.514  22.068  33.795 0.0000000000
144126  -39.109  35.333  32.164 0.0000000000
143405  -39.920  33.840  34.034 0.0000000000
143426  -40.314  34.603  33.393 0.0000000000
137375  -47.610  27.390  31.189 0.0000000000
137384  -47.705  26.242  30.291 0.0000000000
136438  -47.606  25.718  29.445 0.0000000000
137406  -47.540  25.949  29.940 0.0000000000
136437  -47.071  25.931  29.241 0.0000000000
144923  -42.755  37.420  28.106 0.0000000000
145628  -42.735  38.229  29.921 0.0000000000
146336  -43.315  38.163  29.194 0.0000000000
143453  -44.892  34.018  30.896 0.0000000000
143454  -45.316  34.056  31.025 0.0000000000
142614  -45.713  33.291  31.411 0.0000000000
141691  -45.103  32.691  31.693 0.0000000000
141679  -45.218  31.876  31.734 0.0000000000
125918  -45.763  14.892  40.720 0.0000000000
128972  -45.063  18.089  33.755 0.0000000000
128973  -45.939  18.380  33.542 0.0000000000
128987  -45.994  18.265  32.491 0.0000000000
129006  -45.056  18.095  31.507 0.0000000000
144883  -31.738  36.227  28.981 0.0000000000
144884  -32.874  35.989  28.913 0.0000000000
144900  -33.542  36.031  28.046 0.0000000000
144978  -38.284  36.802  21.205 0.0000000000
144972  -37.365  37.204  22.053 0.0000000000
144954  -37.443  36.378  24.355 0.0000000000
144966  -38.399  36.374  23.515 0.0000000000
144967  -39.363  36.159  23.785 0.0000000000
144974  -39.396  36.106  22.838 0.0000000000
144231  -43.953  35.245  19.203 0.0000000000
144224  -43.915  35.014  20.313 0.0000000000
144218  -44.602  34.537  21.091 0.0000000000
127015  -38.236  16.497  33.458 0.0000000000
127016  -38.983  16.624  33.685 0.0000000000
127001  -39.407  16.501  34.485 0.0000000000
127032  -39.341  16.731  33.138 0.0000000000
128006  -40.440  16.801  33.860 0.0000000000
131776  -40.837  21.363  27.014 0.0000000000
130825  -40.876  20.750  26.895 0.0000000000
131783  -41.400  21.518  26.141 0.0000000000
130835  -41.796  20.973  25.415 0.0000000000
132750  -41.503  22.369  25.984 0.0000000000
139856  -45.233  29.923  41.266 0.0000000000
138180  -44.887  28.650  40.231 0.0000000000
138206  -44.026  28.156  38.435 0.0000000000
138192  -44.765  28.169  39.065 0.0000000000
141665  -45.606  32.948  35.405 0.0000000000
141652  -45.506  32.720  35.705 0.0000000000
140797  -46.038  32.029  35.515 0.0000000000
133592  -47.406  24.611  33.473 0.0000000000
133579  -47.071  24.797  34.140 0.0000000000
133578  -46.712  24.320  34.059 0.0000000000
133577  -46.106  23.689  33.948 0.0000000000
133590  -46.198  23.646  32.989 0.0000000000
133603  -45.455  23.471  31.835 0.0000000000
133713  -45.874  24.032  25.234 0.0000000000
134623  -45.582  24.354  24.985 0.0000000000
134635  -44.929  24.717  24.368 0.0000000000
134648  -44.843  25.039  23.451 0.0000000000
134649  -45.374  25.328  23.772 0.0000000000
137491  -43.246  26.872  22.808 0.0000000000
136521  -42.927  26.485  22.060 0.0000000000
137490  -42.595  26.695  23.044 0.0000000000
137370  -43.032  27.688  31.273 0.0000000000
136414  -43.268  27.080  30.559 0.0000000000
137381  -42.770  27.277  30.107 0.0000000000
135570  -38.470  25.342  24.411 0.0000000000
135578  -38.667  25.069  23.419 0.0000000000
135587  -39.126  24.911  22.732 0.0000000000
134656  -37.350  24.129  22.335 0.0000000000
134646  -37.891  24.475  23.056 0.0000000000
129086  -47.763  18.763  26.806 0.0000000000
132795  -45.170  23.185  19.005 0.0000000000
144181  -44.453  35.792  26.289 0.0000000000
144936  -44.504  36.670  26.832 0.0000000000
143475  -44.044  34.626  27.643 0.0000000000
143476  -44.337  35.193  27.888 0.0000000000
143472  -43.743  34.607  28.537 0.0000000000
143468  -44.026  34.636  29.486 0.0000000000
143467  -43.331  34.323  29.442 0.0000000000
143460  -43.272  34.148  29.850 0.0000000000
142626  -42.777  34.112  29.237 0.0000000000
141716  -41.396  33.358  28.295 0.0000000000
125896  -45.308  15.342  41.028 0.0000000000
128939  -44.708  18.139  36.509 0.0000000000
127980  -43.955  17.715  36.626 0.0000000000
145641  -30.926  38.143  27.437 0.0000000000
144997  -44.178  36.358  17.370 0.0000000000
144248  -45.026  35.993  17.013 0.0000000000
144279  -45.495  36.888  15.952 0.0000000000
133630  -39.277  22.480  29.428 0.0000000000
133631  -39.850  22.822  29.037 0.0000000000
133649  -40.182  22.527  28.467 0.0000000000
133632  -40.718  23.548  29.183 0.0000000000
142586  -38.081  33.088  34.734 0.0000000000
140781  -43.054  30.969  37.736 0.0000000000
139133  -46.717  29.673  33.755 0.0000000000
138262  -47.069  28.728  33.184 0.0000000000
136403  -48.140  26.309  32.258 0.0000000000
135498  -48.002  25.238  32.870 0.0000000000
135499  -48.223  25.061  33.304 0.0000000000
134577  -48.158  24.599  31.045 0.0000000000
133639  -47.787  24.042  30.720 0.0000000000
135538  -47.824  25.667  27.418 0.0000000000
134598  -48.149  24.677  28.397 0.0000000000
134614  -47.749  25.417  26.940 0.0000000000
134613  -47.486  24.789  26.590 0.0000000000
135548  -47.343  25.574  26.471 0.0000000000
135561  -46.528  25.580  25.505 0.0000000000
136499  -46.744  26.175  26.010 0.0000000000
137446  -45.713  27.287  26.714 0.0000000000
137462  -46.107  27.296  26.241 0.0000000000
137461  -45.396  27.534  26.051 0.0000000000
137475  -44.566  27.459  24.889 0.0000000000
137445  -44.976  27.575  26.726 0.0000000000
144876  -41.126  37.063  30.886 0.0000000000
144843  -40.960  36.194  32.326 0.0000000000
144860  -41.629  37.005  31.657 0.0000000000
145602  -43.232  37.531  31.822 0.0000000000
145601  -42.776  37.450  32.112 0.0000000000
144829  -44.094  36.577  33.724 0.0000000000
144099  -44.409  35.623  34.695 0.0000000000
144114  -44.622  36.115  33.898 0.0000000000
144910  -44.579  36.790  28.678 0.0000000000
144894  -43.749  37.243  30.103 0.0000000000
144879  -44.745  36.341  30.856 0.0000000000
144131  -46.319  34.792  31.900 0.0000000000
144130  -45.850  35.364  32.273 0.0000000000
143445  -46.355  34.349  32.511 0.0000000000
143429  -46.139  34.254  33.360 0.0000000000
142606  -47.054  32.590  32.987 0.0000000000
142609  -47.168  32.656  32.489 0.0000000000
140830  -47.433  31.347  31.310 0.0000000000
139977  -47.578  30.911  31.533 0.0000000000
139976  -47.264  30.590  31.229 0.0000000000
139154  -47.018  29.589  31.207 0.0000000000
138279  -46.730  28.451  31.317 0.0000000000
139153  -46.305  29.412  31.559 0.0000000000
139144  -45.501  29.270  32.239 0.0000000000
139143  -44.658  29.103  32.745 0.0000000000
138267  -43.995  28.359  32.701 0.0000000000
141701  -42.825  33.118  30.723 0.0000000000
141689  -42.893  32.597  31.384 0.0000000000
139973  -40.694  31.008  31.844 0.0000000000
139974  -41.608  31.383  31.961 0.0000000000
127968  -46.003  17.565  37.844 0.0000000000
127957  -46.342  16.577  38.633 0.0000000000
128931  -47.110  18.027  36.606 0.0000000000
128988  -46.979  18.383  32.373 0.0000000000
128964  -47.651  18.476  34.113 0.0000000000
128989  -47.819  18.312  32.244 0.0000000000
128976  -48.375  18.188  32.848 0.0000000000
129009  -48.023  18.319  31.333 0.0000000000
129043  -47.652  18.315  29.375 0.0000000000
129025  -47.363  18.241  30.389 0.0000000000
129072  -46.458  18.535  27.501 0.0000000000
129083  -45.589  18.898  26.791 0.0000000000
129961  -45.804  19.293  25.665 0.0000000000
129960  -44.775  19.423  25.495 0.0000000000
144073  -34.522  35.532  36.480 0.0000000000
144066  -35.558  35.515  37.630 0.0000000000
143374  -35.137  34.661  36.875 0.0000000000
142535  -35.838  33.928  37.181 0.0000000000
143387  -33.895  34.755  35.729 0.0000000000
145598  -31.172  37.778  32.075 0.0000000000
144842  -31.042  36.617  32.174 0.0000000000
144134  -32.664  34.803  31.278 0.0000000000
144124  -32.261  35.103  32.484 0.0000000000
143436  -33.501  34.335  32.711 0.0000000000
142582  -34.368  33.699  34.411 0.0000000000
143421  -34.779  33.855  33.000 0.0000000000
142600  -35.984  33.582  33.764 0.0000000000
143438  -35.314  34.231  32.269 0.0000000000
144150  -34.976  35.289  30.254 0.0000000000
143450  -35.880  34.649  31.539 0.0000000000
144137  -36.443  35.040  30.891 0.0000000000
144138  -37.308  35.300  31.080 0.0000000000
144152  -36.972  35.584  30.461 0.0000000000
144930  -35.282  36.299  26.211 0.0000000000
144932  -37.362  35.762  26.888 0.0000000000
144918  -37.391  35.751  27.814 0.0000000000
144889  -37.886  36.171  29.212 0.0000000000
144905  -38.504  36.124  28.639 0.0000000000
144920  -39.182  35.777  27.896 0.0000000000
144946  -40.812  35.753  25.465 0.0000000000
144180  -40.362  35.617  26.486 0.0000000000
144933  -41.075  35.838  26.314 0.0000000000
144934  -42.047  36.265  26.808 0.0000000000
144947  -41.876  36.264  25.692 0.0000000000
144221  -40.909  35.294  21.026 0.0000000000
144214  -40.753  35.389  22.029 0.0000000000
144208  -42.798  35.595  22.460 0.0000000000
144194  -43.226  36.169  24.180 0.0000000000
144961  -44.329  36.543  25.250 0.0000000000
144195  -44.459  35.834  24.350 0.0000000000
143497  -45.322  34.327  22.497 0.0000000000
143493  -46.003  34.629  23.784 0.0000000000
142686  -45.690  34.046  23.788 0.0000000000
142700  -44.876  33.590  22.878 0.0000000000
141859  -43.667  32.299  19.883 0.0000000000
126956  -41.963  16.357  37.597 0.0000000000
128023  -41.453  17.286  32.942 0.0000000000
127998  -42.225  17.529  35.119 0.0000000000
128008  -42.283  17.532  34.014 0.0000000000
128009  -43.273  17.747  33.915 0.0000000000
128037  -42.703  17.771  32.017 0.0000000000
129900  -39.304  19.070  29.905 0.0000000000
129018  -40.019  18.369  30.210 0.0000000000
129036  -40.534  18.642  29.533 0.0000000000
129053  -41.988  18.606  28.561 0.0000000000
129037  -41.361  18.466  29.212 0.0000000000
129038  -42.476  18.165  29.393 0.0000000000
129021  -43.181  17.956  30.402 0.0000000000
129054  -42.868  18.458  28.612 0.0000000000
129055  -43.748  18.302  28.591 0.0000000000
129923  -43.310  18.724  27.921 0.0000000000
130837  -42.961  19.987  25.218 0.0000000000
129958  -42.873  19.880  25.502 0.0000000000
130845  -43.081  20.189  24.672 0.0000000000
129975  -43.978  20.008  24.189 0.0000000000
137326  -43.327  27.120  36.343 0.0000000000
134549  -41.286  24.071  35.581 0.0000000000
144113  -42.188  35.603  33.867 0.0000000000
143407  -42.110  34.726  34.845 0.0000000000
143388  -42.768  34.738  35.247 0.0000000000
140795  -45.072  31.833  36.232 0.0000000000
140794  -44.307  31.307  36.316 0.0000000000
139935  -44.677  30.533  36.564 0.0000000000
139917  -44.142  30.131  37.371 0.0000000000
139918  -44.966  29.648  37.475 0.0000000000
138255  -46.141  28.708  35.138 0.0000000000
139118  -46.037  29.384  35.775 0.0000000000
137339  -45.642  27.871  36.277 0.0000000000
134530  -45.926  25.875  36.858 0.0000000000
136368  -45.850  26.809  36.806 0.0000000000
135459  -46.322  26.085  37.618 0.0000000000
137307  -46.329  27.396  38.160 0.0000000000
135453  -46.175  25.857  38.500 0.0000000000
135457  -45.025  25.637  38.127 0.0000000000
134537  -44.955  25.063  36.916 0.0000000000
132678  -44.328  23.128  34.536 0.0000000000
133553  -44.268  23.525  35.281 0.0000000000
132677  -43.623  22.787  34.551 0.0000000000
132676  -42.678  22.569  34.619 0.0000000000
132687  -42.447  22.834  34.001 0.0000000000
133586  -42.435  23.302  33.034 0.0000000000
133617  -43.185  24.087  30.667 0.0000000000
133634  -42.780  24.205  29.473 0.0000000000
133652  -42.310  23.930  28.413 0.0000000000
133653  -43.424  24.089  28.466 0.0000000000
133656  -46.894  23.558  28.658 0.0000000000
133637  -46.183  23.587  29.740 0.0000000000
133698  -44.799  24.130  25.831 0.0000000000
133683  -44.416  23.929  26.611 0.0000000000
133696  -42.548  23.510  25.751 0.0000000000
133710  -41.853  23.252  25.032 0.0000000000
133711  -42.580  23.651  24.794 0.0000000000
133735  -42.971  23.614  22.742 0.0000000000
132770  -42.600  22.787  22.644 0.0000000000
131808  -43.210  21.867  22.154 0.0000000000
132771  -43.157  22.618  21.965 0.0000000000
131819  -43.592  22.351  21.343 0.0000000000
132778  -43.337  23.064  21.500 0.0000000000
134672  -44.925  25.063  21.314 0.0000000000
133757  -44.103  24.008  20.713 0.0000000000
134686  -44.857  24.740  20.400 0.0000000000
133759  -44.885  24.343  19.747 0.0000000000
136515  -45.786  26.863  23.850 0.0000000000
135582  -45.522  25.958  23.390 0.0000000000
136523  -45.150  26.996  22.272 0.0000000000
137506  -44.224  26.937  21.513 0.0000000000
136530  -44.382  26.657  21.199 0.0000000000
136538  -44.170  26.245  20.596 0.0000000000
135611  -44.227  25.712  19.964 0.0000000000
135598  -41.795  25.445  21.459 0.0000000000
135608  -42.055  24.951  20.753 0.0000000000
134683  -41.414  24.523  20.256 0.0000000000
134695  -40.967  23.985  19.831 0.0000000000
134682  -40.553  24.214  20.476 0.0000000000
136417  -46.026  26.091  30.212 0.0000000000
137427  -43.669  27.475  28.015 0.0000000000
136453  -44.516  26.964  28.462 0.0000000000
137441  -41.009  26.995  27.584 0.0000000000
136503  -40.230  26.144  24.363 0.0000000000
136496  -40.910  26.657  25.271 0.0000000000
136504  -40.993  26.526  24.183 0.0000000000
136497  -41.604  26.883  24.765 0.0000000000
136511  -41.056  26.247  23.186 0.0000000000
134658  -39.091  24.426  22.091 0.0000000000
135596  -40.191  25.021  21.676 0.0000000000
134669  -39.505  24.331  21.432 0.0000000000
134681  -39.651  23.925  20.631 0.0000000000
129978  -46.653  19.432  24.882 0.0000000000
130891  -46.706  20.995  21.237 0.0000000000
142646  -44.635  34.668  26.106 0.0000000000
142637  -43.632  34.341  27.460 0.0000000000
142631  -42.965  34.250  28.315 0.0000000000
142636  -43.033  33.901  27.417 0.0000000000
133583  -39.708  23.257  31.755 0.0000000000
133598  -40.293  23.761  31.096 0.0000000000
143424  -37.801  33.961  33.186 0.0000000000
143404  -39.379  33.731  34.107 0.0000000000
142569  -41.615  33.509  35.013 0.0000000000
138269  -47.514  28.728  32.408 0.0000000000
137366  -47.932  27.556  32.023 0.0000000000
136409  -48.245  26.457  31.202 0.0000000000
135502  -48.312  25.740  30.753 0.0000000000
135508  -48.314  25.134  30.414 0.0000000000
135521  -47.920  25.625  29.774 0.0000000000
135529  -48.013  25.428  28.300 0.0000000000
136457  -47.569  25.885  27.909 0.0000000000
137464  -46.981  26.666  26.845 0.0000000000
136471  -47.187  26.406  27.273 0.0000000000
136470  -46.693  26.570  27.386 0.0000000000
136469  -46.002  26.810  27.311 0.0000000000
144893  -41.760  37.522  30.147 0.0000000000
144877  -41.894  37.586  30.948 0.0000000000
145627  -42.297  37.971  30.381 0.0000000000
145614  -42.885  38.045  31.316 0.0000000000
145615  -43.382  37.729  31.098 0.0000000000
144155  -44.946  35.553  30.297 0.0000000000
143455  -46.261  34.182  31.427 0.0000000000
141681  -47.221  32.472  31.823 0.0000000000
141693  -47.027  31.988  31.432 0.0000000000
140829  -46.823  31.295  31.212 0.0000000000
140820  -46.063  31.139  31.387 0.0000000000
140819  -45.294  31.092  31.754 0.0000000000
140818  -44.320  31.507  32.113 0.0000000000
127958  -47.071  16.605  37.917 0.0000000000
128951  -45.790  18.439  35.540 0.0000000000
128952  -46.743  18.505  35.347 0.0000000000
128974  -46.878  18.556  33.357 0.0000000000
129024  -46.343  18.101  30.418 0.0000000000
129041  -45.524  18.055  29.376 0.0000000000
129056  -44.674  18.220  28.197 0.0000000000
144811  -33.123  36.526  34.921 0.0000000000
144856  -31.049  36.110  31.155 0.0000000000
144867  -31.399  36.068  30.087 0.0000000000
144147  -31.980  35.595  30.176 0.0000000000
144135  -33.526  34.598  31.009 0.0000000000
143458  -34.093  34.542  30.962 0.0000000000
144149  -33.776  35.043  30.389 0.0000000000
144870  -34.441  35.595  29.677 0.0000000000
144886  -35.069  35.752  29.029 0.0000000000
144964  -36.398  37.305  22.883 0.0000000000
144942  -36.379  36.406  25.290 0.0000000000
144943  -37.739  35.951  25.646 0.0000000000
144184  -38.661  35.737  25.949 0.0000000000
144178  -39.023  35.609  26.501 0.0000000000
144944  -38.965  35.895  25.282 0.0000000000
144956  -39.581  35.955  24.548 0.0000000000
144968  -40.278  35.972  23.927 0.0000000000
143505  -42.237  35.123  21.246 0.0000000000
144223  -42.901  35.082  20.700 0.0000000000
144209  -43.946  35.371  22.326 0.0000000000
144202  -44.770  35.243  23.223 0.0000000000
144210  -44.927  34.701  22.281 0.0000000000
143502  -45.039  34.222  21.816 0.0000000000
142715  -44.747  33.673  21.716 0.0000000000
142740  -44.550  33.326  18.925 0.0000000000
127013  -36.541  16.232  33.264 0.0000000000
126004  -37.648  16.146  33.946 0.0000000000
125973  -38.735  15.728  35.589 0.0000000000
126990  -40.917  17.228  35.873 0.0000000000
127003  -40.677  17.120  35.048 0.0000000000
128007  -41.178  17.096  34.227 0.0000000000
130809  -40.160  20.189  27.980 0.0000000000
129920  -40.240  19.614  28.576 0.0000000000
130816  -40.788  20.289  27.228 0.0000000000
129931  -41.196  19.782  27.259 0.0000000000
129932  -41.831  19.601  26.965 0.0000000000
129933  -43.002  19.193  27.097 0.0000000000
129944  -41.959  19.896  26.357 0.0000000000
131791  -41.788  21.331  24.593 0.0000000000
138222  -43.626  28.060  37.393 0.0000000000
137327  -43.718  27.519  36.976 0.0000000000
136372  -44.150  26.452  37.136 0.0000000000
143390  -44.426  34.550  35.997 0.0000000000
143389  -43.378  34.696  35.533 0.0000000000
141651  -44.976  33.091  35.940 0.0000000000
139936  -45.453  30.474  36.262 0.0000000000
135489  -46.345  25.809  34.547 0.0000000000
136384  -45.630  26.454  35.140 0.0000000000
135480  -46.613  25.428  34.550 0.0000000000
133557  -46.242  25.161  35.506 0.0000000000
133555  -45.898  24.431  35.608 0.0000000000
133538  -45.185  24.613  36.201 0.0000000000
133567  -46.088  23.893  34.869 0.0000000000
132679  -44.763  23.249  34.280 0.0000000000
132700  -44.250  23.102  33.455 0.0000000000
133587  -43.650  23.254  32.998 0.0000000000
133602  -44.520  23.542  31.855 0.0000000000
133618  -44.310  23.834  30.747 0.0000000000
133636  -45.077  23.821  29.656 0.0000000000
133685  -46.479  23.683  26.516 0.0000000000
133699  -45.806  23.999  25.684 0.0000000000
134621  -44.159  24.283  25.141 0.0000000000
133712  -43.354  24.070  24.530 0.0000000000
134634  -44.124  24.526  24.397 0.0000000000
133736  -43.551  24.160  22.627 0.0000000000
133745  -43.671  23.973  21.601 0.0000000000
134659  -44.199  24.634  22.468 0.0000000000
134660  -44.751  25.103  22.309 0.0000000000
135591  -45.078  25.620  22.236 0.0000000000
137493  -44.723  27.461  23.337 0.0000000000
137501  -45.025  27.331  22.800 0.0000000000
137500  -44.558  27.365  22.432 0.0000000000
137499  -43.939  27.155  21.985 0.0000000000
136522  -43.502  26.691  21.726 0.0000000000
135600  -43.287  25.842  20.838 0.0000000000
136528  -43.130  26.215  21.412 0.0000000000
136527  -42.486  25.977  21.633 0.0000000000
136407  -44.422  26.572  31.127 0.0000000000
136416  -44.845  26.247  30.190 0.0000000000
136415  -43.869  26.560  30.313 0.0000000000
137426  -42.545  27.382  28.196 0.0000000000
136481  -39.727  26.562  26.570 0.0000000000
136495  -39.862  26.252  25.384 0.0000000000
135580  -40.301  25.837  22.912 0.0000000000
135579  -39.686  25.623  23.366 0.0000000000
134668  -38.465  23.813  21.385 0.0000000000
134667  -37.582  23.708  21.649 0.0000000000
129044  -48.526  18.223  29.307 0.0000000000
145653  -43.980  37.552  27.028 0.0000000000
145645  -43.972  37.865  27.801 0.0000000000
145646  -44.385  37.332  27.329 0.0000000000
144924  -44.653  36.772  27.726 0.0000000000
144165  -44.551  35.994  28.238 0.0000000000
143469  -44.476  35.156  29.656 0.0000000000
143462  -44.566  34.322  30.487 0.0000000000
142622  -44.315  33.683  30.839 0.0000000000
142612  -44.187  33.357  31.061 0.0000000000
142621  -43.719  33.503  30.712 0.0000000000
142620  -42.941  33.862  30.018 0.0000000000
141700  -42.034  33.232  30.054 0.0000000000
142625  -42.275  33.753  29.100 0.0000000000
141708  -41.592  33.337  29.134 0.0000000000
126944  -46.073  15.183  40.840 0.0000000000
125876  -46.066  14.492  41.994 0.0000000000
127925  -46.012  16.510  40.569 0.0000000000
127956  -45.397  17.061  38.546 0.0000000000
126950  -45.174  16.360  39.719 0.0000000000
127946  -45.038  16.760  38.889 0.0000000000
128929  -45.373  18.026  37.147 0.0000000000
128940  -45.595  18.424  36.411 0.0000000000
128961  -44.988  18.194  34.731 0.0000000000
145621  -30.281  37.669  30.040 0.0000000000
144897  -30.628  37.329  28.614 0.0000000000
145634  -31.019  37.615  27.531 0.0000000000
144913  -32.050  37.115  27.013 0.0000000000
144979  -39.109  36.042  21.811 0.0000000000
144236  -42.118  35.597  18.816 0.0000000000
144237  -43.161  35.778  18.457 0.0000000000
144232  -44.502  34.881  18.870 0.0000000000
144239  -44.511  35.245  17.850 0.0000000000
131750  -38.896  21.161  28.981 0.0000000000
131761  -39.588  20.971  28.340 0.0000000000
132730  -39.977  21.947  28.303 0.0000000000
132738  -40.578  22.168  27.680 0.0000000000
133665  -41.151  22.940  27.563 0.0000000000
140762  -43.841  30.789  39.214 0.0000000000
139883  -45.178  30.017  39.769 0.0000000000
140809  -46.689  31.472  33.928 0.0000000000
140806  -46.089  31.546  35.022 0.0000000000
139949  -46.410  30.570  34.382 0.0000000000
138261  -46.504  28.717  34.115 0.0000000000
137357  -46.278  27.994  34.508 0.0000000000
137365  -47.407  27.921  32.684 0.0000000000
136397  -46.973  25.921  33.765 0.0000000000
135491  -47.991  25.016  33.560 0.0000000000
134566  -47.892  24.868  33.116 0.0000000000
133605  -47.104  23.906  32.305 0.0000000000
133620  -46.357  23.488  30.904 0.0000000000
133621  -47.180  23.771  31.251 0.0000000000
134586  -47.513  23.813  29.168 0.0000000000
134597  -47.577  24.053  28.446 0.0000000000
133671  -47.099  23.702  27.453 0.0000000000
133686  -47.106  24.026  26.547 0.0000000000
133714  -46.372  24.399  25.399 0.0000000000
134637  -46.447  25.039  25.173 0.0000000000
135572  -45.820  25.391  24.316 0.0000000000
135573  -46.095  25.993  24.609 0.0000000000
136507  -45.963  26.896  24.368 0.0000000000
137478  -46.483  27.187  25.849 0.0000000000
137487  -46.162  27.183  25.185 0.0000000000
137486  -45.577  27.347  24.619 0.0000000000
137485  -44.962  27.541  24.294 0.0000000000
137474  -43.804  27.377  24.957 0.0000000000
138304  -41.891  27.685  29.946 0.0000000000
137424  -40.566  27.234  28.506 0.0000000000
137440  -39.954  27.074  27.619 0.0000000000
136494  -39.187  26.012  25.861 0.0000000000
135559  -38.353  25.477  25.497 0.0000000000
144858  -39.469  36.258  31.327 0.0000000000
143443  -40.329  35.140  32.726 0.0000000000
144128  -40.736  35.797  32.470 0.0000000000
144826  -41.898  36.045  33.249 0.0000000000
144812  -42.767  35.898  34.087 0.0000000000
145600  -42.194  37.055  32.158 0.0000000000
144845  -42.634  36.764  32.811 0.0000000000
144098  -43.396  35.908  34.920 0.0000000000
144085  -44.362  35.179  35.519 0.0000000000
143409  -45.177  34.596  34.885 0.0000000000
142592  -45.950  33.102  34.652 0.0000000000
145629  -43.725  37.618  29.578 0.0000000000
145624  -43.542  37.678  30.340 0.0000000000
144862  -44.526  36.648  31.738 0.0000000000
144863  -45.286  36.037  31.626 0.0000000000
144848  -45.077  36.251  32.570 0.0000000000
144115  -45.100  35.520  33.518 0.0000000000
142591  -45.792  33.858  34.345 0.0000000000
141671  -46.425  32.388  34.323 0.0000000000
140812  -47.052  31.406  32.941 0.0000000000
139955  -47.343  30.587  32.509 0.0000000000
141682  -47.576  31.992  32.049 0.0000000000
139967  -47.695  30.647  31.932 0.0000000000
139145  -47.604  29.662  32.151 0.0000000000
139146  -47.687  29.261  31.952 0.0000000000
138281  -47.542  28.888  31.683 0.0000000000
137374  -47.112  27.484  30.933 0.0000000000
137373  -46.350  27.054  31.299 0.0000000000
137372  -45.139  27.147  31.944 0.0000000000
137364  -44.335  27.696  32.295 0.0000000000
137363  -43.516  27.816  32.131 0.0000000000
137362  -43.090  27.912  31.967 0.0000000000
141690  -43.952  32.675  31.567 0.0000000000
140828  -43.643  31.912  32.036 0.0000000000
140817  -43.265  31.358  32.381 0.0000000000
140826  -42.181  32.070  31.786 0.0000000000
140816  -42.364  31.318  32.213 0.0000000000
139964  -43.654  30.544  32.752 0.0000000000
127969  -47.261  17.293  37.267 0.0000000000
127982  -48.244  17.785  36.040 0.0000000000
128953  -47.650  18.490  35.087 0.0000000000
128954  -48.312  18.235  34.743 0.0000000000
128944  -48.689  17.770  34.939 0.0000000000
128991  -49.156  17.816  32.189 0.0000000000
129010  -48.813  18.145  31.379 0.0000000000
129059  -47.958  18.532  28.377 0.0000000000
129073  -47.439  18.609  27.523 0.0000000000
129042  -46.638  18.198  29.386 0.0000000000
129962  -46.786  18.992  25.889 0.0000000000
129977  -45.727  19.663  24.763 0.0000000000
129995  -44.831  20.055  23.690 0.0000000000
144094  -32.654  35.717  34.368 0.0000000000
144109  -31.697  35.926  32.798 0.0000000000
144110  -32.300  35.486  33.446 0.0000000000
143402  -33.277  34.949  34.726 0.0000000000
143403  -33.802  34.126  34.946 0.0000000000
142563  -35.417  33.239  35.542 0.0000000000
141657  -35.983  32.765  35.770 0.0000000000
142584  -36.156  33.199  34.601 0.0000000000
142585  -37.121  33.099  34.668 0.0000000000
143423  -36.731  33.885  32.987 0.0000000000
143439  -36.340  34.349  32.266 0.0000000000
143440  -37.482  34.474  32.229 0.0000000000
144125  -38.265  35.157  31.879 0.0000000000
144154  -38.308  36.004  31.149 0.0000000000
144914  -33.169  36.454  27.031 0.0000000000
144915  -34.350  36.143  27.139 0.0000000000
144901  -34.686  35.925  28.166 0.0000000000
144902  -35.754  35.849  28.315 0.0000000000
144917  -36.514  35.840  27.562 0.0000000000
144887  -36.106  35.776  29.141 0.0000000000
144888  -37.081  35.939  29.249 0.0000000000
144873  -37.639  36.153  30.014 0.0000000000
144857  -38.981  36.247  31.225 0.0000000000
144891  -39.831  36.546  29.749 0.0000000000
144907  -40.888  36.492  28.857 0.0000000000
144171  -39.530  35.585  27.081 0.0000000000
144922  -42.075  36.473  28.046 0.0000000000
144213  -39.867  35.732  22.291 0.0000000000
144206  -40.374  35.849  22.875 0.0000000000
144199  -41.198  35.852  23.605 0.0000000000
144215  -41.979  35.265  21.641 0.0000000000
144193  -42.101  35.975  24.190 0.0000000000
144959  -42.615  36.466  24.930 0.0000000000
144948  -43.111  36.990  26.007 0.0000000000
145661  -43.513  37.351  26.804 0.0000000000
144949  -44.123  37.236  25.662 0.0000000000
144950  -44.480  36.717  25.974 0.0000000000
144188  -44.678  35.658  25.282 0.0000000000
144196  -45.535  35.202  23.916 0.0000000000
143484  -45.474  34.988  25.109 0.0000000000
142672  -45.090  33.894  24.640 0.0000000000
141823  -44.273  33.210  21.434 0.0000000000
143511  -44.551  34.209  18.425 0.0000000000
141873  -44.672  32.389  18.274 0.0000000000
127965  -43.327  17.072  37.326 0.0000000000
127988  -41.645  17.272  36.251 0.0000000000
127989  -42.305  17.430  36.067 0.0000000000
127990  -43.137  17.532  35.904 0.0000000000
128010  -44.205  17.887  33.879 0.0000000000
128985  -43.989  17.961  32.430 0.0000000000
128044  -40.115  17.650  30.957 0.0000000000
128045  -40.869  17.677  30.891 0.0000000000
128036  -41.736  17.544  31.794 0.0000000000
128046  -41.597  17.793  30.861 0.0000000000
129003  -42.212  17.810  31.249 0.0000000000
129004  -42.918  17.887  31.256 0.0000000000
129005  -43.932  17.996  31.531 0.0000000000
129022  -44.206  18.052  30.473 0.0000000000
129040  -44.450  18.085  29.435 0.0000000000
129070  -44.689  18.485  27.467 0.0000000000
129946  -43.825  19.226  26.284 0.0000000000
130858  -44.652  20.498  23.092 0.0000000000
134548  -40.221  23.948  35.465 0.0000000000
133550  -40.982  23.041  35.574 0.0000000000
131705  -40.882  21.709  35.025 0.0000000000
143427  -41.206  34.991  33.600 0.0000000000
141661  -41.939  32.950  35.191 0.0000000000
141663  -43.827  32.789  35.606 0.0000000000
141662  -42.924  32.948  35.230 0.0000000000
140793  -43.341  31.100  36.525 0.0000000000
139916  -43.569  30.573  37.169 0.0000000000
139900  -44.775  29.627  38.870 0.0000000000
139065  -45.327  29.376  39.665 0.0000000000
139947  -45.892  30.418  35.456 0.0000000000
139937  -45.855  29.693  36.320 0.0000000000
139096  -45.884  28.995  37.020 0.0000000000
137330  -45.522  27.235  36.143 0.0000000000
137329  -45.927  27.992  36.826 0.0000000000
138224  -46.037  28.439  37.399 0.0000000000
138223  -45.817  28.634  38.034 0.0000000000
138208  -45.599  28.502  38.667 0.0000000000
138193  -45.277  28.371  39.212 0.0000000000
137290  -45.135  26.816  38.706 0.0000000000
136373  -44.344  26.143  37.558 0.0000000000
135465  -44.048  25.479  36.641 0.0000000000
133537  -44.476  24.294  35.945 0.0000000000
133536  -43.671  23.964  35.809 0.0000000000
134534  -43.185  24.487  35.905 0.0000000000
133551  -42.223  23.263  35.599 0.0000000000
132675  -41.630  22.281  34.681 0.0000000000
132686  -41.204  22.128  34.220 0.0000000000
132697  -41.308  22.725  33.436 0.0000000000
133585  -41.398  23.399  32.528 0.0000000000
133599  -41.254  23.950  31.428 0.0000000000
133616  -42.048  24.194  30.487 0.0000000000
133615  -40.973  24.039  30.235 0.0000000000
133651  -41.372  23.492  28.379 0.0000000000
133680  -41.556  23.021  26.718 0.0000000000
133654  -44.591  24.036  28.532 0.0000000000
133669  -45.143  23.947  27.516 0.0000000000
133668  -43.970  23.887  27.514 0.0000000000
133667  -42.848  23.830  27.496 0.0000000000
133681  -42.271  23.524  26.635 0.0000000000
132755  -41.511  22.578  25.173 0.0000000000
131798  -41.498  22.161  24.656 0.0000000000
131799  -41.733  21.738  24.034 0.0000000000
133725  -42.517  23.614  23.645 0.0000000000
132762  -41.838  22.725  23.491 0.0000000000
130856  -42.543  21.163  23.307 0.0000000000
130873  -42.819  21.486  22.737 0.0000000000
130874  -43.338  21.098  22.629 0.0000000000
130875  -44.281  20.912  22.583 0.0000000000
131820  -44.135  21.633  21.214 0.0000000000
131835  -44.179  22.368  20.372 0.0000000000
132786  -43.755  23.225  20.797 0.0000000000
132787  -44.253  23.269  20.128 0.0000000000
132794  -44.742  23.235  19.525 0.0000000000
133769  -44.962  23.781  19.461 0.0000000000
135601  -45.067  25.635  21.418 0.0000000000
137508  -44.814  27.176  22.088 0.0000000000
136531  -44.813  26.613  21.425 0.0000000000
135602  -44.976  25.793  20.883 0.0000000000
135612  -44.636  25.438  20.004 0.0000000000
135623  -44.399  25.279  19.249 0.0000000000
135635  -44.257  24.928  18.666 0.0000000000
134712  -43.749  24.414  18.321 0.0000000000
134698  -43.248  24.851  18.856 0.0000000000
135609  -42.804  25.225  20.230 0.0000000000
134697  -42.485  24.517  19.229 0.0000000000
136418  -46.809  26.089  29.878 0.0000000000
136436  -46.212  26.108  29.041 0.0000000000
136454  -45.511  26.755  28.077 0.0000000000
137428  -44.727  27.453  27.591 0.0000000000
137473  -42.574  27.222  24.875 0.0000000000
137404  -42.089  27.545  29.521 0.0000000000
137457  -41.358  26.841  26.469 0.0000000000
137458  -42.377  27.261  26.230 0.0000000000
137482  -42.599  26.884  23.626 0.0000000000
136512  -41.968  26.509  23.010 0.0000000000
136519  -41.354  26.121  22.468 0.0000000000
135597  -40.841  25.123  21.384 0.0000000000
124033  -46.132  12.939  42.639 0.0000000000
124953  -46.358  13.924  41.941 0.0000000000
125877  -46.286  14.219  41.891 0.0000000000
125897  -45.695  14.916  41.284 0.0000000000
125898  -45.972  14.488  41.396 0.0000000000
125899  -46.237  14.220  41.647 0.0000000000
125915  -44.880  15.748  40.527 0.0000000000
125916  -45.068  15.988  40.650 0.0000000000
125943  -39.924  15.303  37.178 0.0000000000
125989  -37.993  15.901  34.513 0.0000000000
125990  -39.061  16.107  34.832 0.0000000000
125991  -39.499  16.429  34.996 0.0000000000
126003  -37.130  16.069  33.975 0.0000000000
126925  -45.753  16.080  40.520 0.0000000000
126926  -45.628  15.620  40.656 0.0000000000
126927  -45.809  15.079  41.026 0.0000000000
126943  -45.943  15.508  40.162 0.0000000000
126967  -41.458  16.635  37.161 0.0000000000
126979  -41.242  17.055  36.576 0.0000000000
126980  -41.788  16.970  36.883 0.0000000000
126988  -39.754  16.657  35.079 0.0000000000
126999  -37.999  16.228  33.881 0.0000000000
127014  -37.465  16.334  33.400 0.0000000000
127017  -39.840  16.669  33.897 0.0000000000
127018  -40.432  16.880  34.381 0.0000000000
127029  -36.895  16.652  32.616 0.0000000000
127030  -37.771  16.703  32.725 0.0000000000
127031  -38.590  16.757  32.900 0.0000000000
127926  -45.908  16.327  40.518 0.0000000000
127940  -45.815  16.271  40.251 0.0000000000
127941  -45.852  16.206  40.478 0.0000000000
127947  -45.496  16.564  39.482 0.0000000000
127966  -44.009  17.560  37.463 0.0000000000
127970  -48.374  17.392  36.220 0.0000000000
127971  -49.258  17.332  35.863 0.0000000000
127977  -41.745  17.104  36.617 0.0000000000
127979  -43.193  17.382  36.701 0.0000000000
127981  -47.724  17.740  36.403 0.0000000000
127991  -44.041  17.734  35.778 0.0000000000
128022  -40.245  16.816  32.914 0.0000000000
128026  -44.325  17.915  33.111 0.0000000000
128038  -43.382  17.967  32.028 0.0000000000
128932  -48.761  17.533  36.076 0.0000000000
128941  -46.540  18.419  36.200 0.0000000000
128943  -48.232  18.200  35.537 0.0000000000
128950  -44.845  18.269  35.667 0.0000000000
128975  -47.708  18.464  33.141 0.0000000000
128977  -48.787  17.992  32.594 0.0000000000
128990  -48.502  18.086  32.135 0.0000000000
129017  -39.119  18.626  30.389 0.0000000000
129071  -45.381  18.540  27.318 0.0000000000
129085  -46.944  18.765  26.708 0.0000000000
129908  -39.819  19.364  29.336 0.0000000000
129909  -40.581  19.071  28.920 0.0000000000
129934  -44.102  18.692  27.313 0.0000000000
129935  -44.756  18.631  27.138 0.0000000000
129948  -45.934  19.077  26.398 0.0000000000
129949  -46.418  18.968  26.479 0.0000000000
129994  -44.227  20.236  23.601 0.0000000000
130817  -41.262  19.994  26.917 0.0000000000
130827  -42.071  20.024  26.060 0.0000000000
130836  -42.368  20.234  25.476 0.0000000000
130843  -41.812  21.180  24.879 0.0000000000
131706  -41.261  21.912  34.948 0.0000000000
131718  -40.448  21.599  34.677 0.0000000000
131719  -41.008  21.770  34.738 0.0000000000
131726  -40.722  21.701  34.546 0.0000000000
131751  -39.475  21.536  28.677 0.0000000000
131760  -39.269  20.599  28.718 0.0000000000
131769  -40.488  21.614  27.519 0.0000000000
131775  -40.625  20.884  27.138 0.0000000000
131810  -44.694  21.150  22.095 0.0000000000
131846  -44.543  22.770  19.775 0.0000000000
132665  -42.938  22.666  35.216 0.0000000000
132666  -43.789  23.012  35.032 0.0000000000
132667  -44.195  23.215  34.908 0.0000000000
132689  -44.326  23.001  33.948 0.0000000000
132690  -44.604  23.143  34.120 0.0000000000
132694  -38.964  22.908  32.333 0.0000000000
132696  -40.592  22.733  33.022 0.0000000000
132699  -44.050  23.110  33.290 0.0000000000
132731  -40.317  22.404  28.194 0.0000000000
132737  -40.308  21.731  27.771 0.0000000000
132761  -41.540  22.668  24.393 0.0000000000
133530  -45.887  25.702  37.026 0.0000000000
133535  -42.945  23.785  35.779 0.0000000000
133539  -45.580  25.092  36.303 0.0000000000
133540  -45.728  25.422  36.167 0.0000000000
133541  -45.931  25.203  35.885 0.0000000000
133554  -45.215  23.938  35.501 0.0000000000
133556  -46.223  24.912  35.570 0.0000000000
133566  -45.072  23.444  34.656 0.0000000000
133569  -46.658  24.973  34.889 0.0000000000
133573  -42.987  23.143  33.468 0.0000000000
133574  -43.220  23.051  33.630 0.0000000000
133575  -44.716  23.224  33.347 0.0000000000
133576  -45.144  23.332  33.758 0.0000000000
133582  -39.040  23.171  31.463 0.0000000000
133588  -44.589  23.290  32.798 0.0000000000
133591  -46.844  24.067  33.181 0.0000000000
133597  -39.451  23.416  30.846 0.0000000000
133606  -47.660  24.412  32.692 0.0000000000
133613  -39.135  22.904  29.996 0.0000000000
133701  -46.788  24.411  25.983 0.0000000000
133715  -46.600  24.682  25.612 0.0000000000
133744  -43.278  23.582  22.104 0.0000000000
134522  -45.745  25.339  38.159 0.0000000000
134523  -45.990  25.391  38.337 0.0000000000
134527  -44.977  25.413  37.424 0.0000000000
134528  -45.450  25.359  37.741 0.0000000000
134529  -45.963  25.511  37.622 0.0000000000
134535  -43.927  24.691  36.200 0.0000000000
134538  -45.495  25.464  37.135 0.0000000000
134539  -45.756  25.636  35.962 0.0000000000
134540  -46.085  25.332  35.585 0.0000000000
134551  -45.821  25.766  35.484 0.0000000000
134552  -46.314  25.389  35.125 0.0000000000
134560  -47.977  24.994  33.935 0.0000000000
134563  -47.740  24.916  33.682 0.0000000000
134564  -48.049  25.044  33.441 0.0000000000
134567  -48.105  25.153  33.192 0.0000000000
134570  -48.185  24.699  32.207 0.0000000000
134607  -48.002  25.050  27.452 0.0000000000
134625  -46.789  25.064  25.881 0.0000000000
134638  -46.759  25.159  25.702 0.0000000000
134684  -42.081  24.684  20.031 0.0000000000
134685  -44.587  24.529  20.748 0.0000000000
135439  -45.812  25.948  38.720 0.0000000000
135440  -45.954  26.102  38.763 0.0000000000
135451  -45.157  25.776  38.460 0.0000000000
135452  -45.519  25.707  38.530 0.0000000000
135458  -45.475  25.406  38.192 0.0000000000
135460  -45.964  26.232  36.833 0.0000000000
135466  -44.510  25.769  37.405 0.0000000000
135479  -45.783  26.148  34.865 0.0000000000
135490  -47.006  25.332  34.179 0.0000000000
135494  -47.774  25.252  33.419 0.0000000000
135495  -48.206  25.182  33.467 0.0000000000
135509  -48.131  25.612  30.151 0.0000000000
135562  -46.807  25.870  26.083 0.0000000000
135590  -41.282  25.772  21.899 0.0000000000
135624  -44.666  25.036  19.212 0.0000000000
136343  -45.256  26.242  38.720 0.0000000000
136344  -45.544  26.260  38.767 0.0000000000
136358  -44.985  26.152  38.539 0.0000000000
136359  -45.322  26.028  38.718 0.0000000000
136360  -46.342  26.628  38.298 0.0000000000
136365  -44.261  26.631  37.660 0.0000000000
136366  -44.415  26.380  37.924 0.0000000000
136367  -46.258  26.790  37.518 0.0000000000
136371  -43.439  26.022  36.215 0.0000000000
136374  -45.471  26.657  36.043 0.0000000000
136396  -46.364  26.202  34.328 0.0000000000
136399  -46.868  26.491  33.784 0.0000000000
136405  -43.288  27.292  30.955 0.0000000000
136410  -48.149  26.042  30.504 0.0000000000
136420  -47.884  25.893  30.041 0.0000000000
136433  -43.370  26.818  29.644 0.0000000000
136434  -44.220  26.543  29.362 0.0000000000
136439  -47.702  25.710  29.815 0.0000000000
136472  -47.519  26.089  27.143 0.0000000000
136483  -46.795  26.819  26.124 0.0000000000
136484  -47.069  26.301  26.565 0.0000000000
136485  -47.424  26.112  26.888 0.0000000000
136506  -45.640  27.231  23.984 0.0000000000
136513  -42.547  26.543  22.619 0.0000000000
136514  -45.549  26.916  23.334 0.0000000000
136529  -43.816  26.561  21.128 0.0000000000
136540  -44.772  26.049  20.734 0.0000000000
137291  -45.477  27.208  38.836 0.0000000000
137292  -45.993  27.307  38.752 0.0000000000
137305  -44.296  27.521  38.223 0.0000000000
137306  -44.554  27.198  38.400 0.0000000000
137318  -44.214  27.185  37.801 0.0000000000
137321  -45.786  27.284  36.695 0.0000000000
137328  -46.236  27.906  36.800 0.0000000000
137338  -45.954  27.894  36.666 0.0000000000
137353  -45.745  27.931  35.284 0.0000000000
137354  -46.228  27.164  34.428 0.0000000000
137371  -43.967  27.232  31.720 0.0000000000
137380  -42.411  27.695  30.613 0.0000000000
137407  -47.782  25.893  29.978 0.0000000000
137447  -46.348  26.959  26.821 0.0000000000
137463  -46.724  26.960  26.499 0.0000000000
137477  -45.835  27.414  25.538 0.0000000000
137484  -44.315  27.328  24.064 0.0000000000
138178  -43.870  29.041  40.329 0.0000000000
138191  -43.635  28.890  39.785 0.0000000000
138194  -46.021  27.933  38.667 0.0000000000
138207  -44.517  27.828  38.631 0.0000000000
138209  -46.183  28.137  38.076 0.0000000000
138231  -43.476  27.953  36.957 0.0000000000
138232  -46.123  28.090  36.888 0.0000000000
138233  -45.929  28.476  36.841 0.0000000000
138243  -45.858  28.576  36.112 0.0000000000
138259  -43.252  28.699  32.692 0.0000000000
138266  -42.891  28.415  32.355 0.0000000000
138277  -42.701  28.042  31.666 0.0000000000
138289  -41.947  27.781  30.320 0.0000000000
138303  -41.608  27.651  29.976 0.0000000000
139041  -45.103  29.753  41.351 0.0000000000
139064  -45.241  29.661  39.560 0.0000000000
139079  -45.120  29.417  39.183 0.0000000000
139094  -45.205  29.295  38.320 0.0000000000
139095  -45.646  29.073  37.642 0.0000000000
139106  -45.944  29.114  36.533 0.0000000000
139131  -43.395  29.008  32.894 0.0000000000
139156  -47.568  29.368  31.768 0.0000000000
139867  -45.299  30.379  40.587 0.0000000000
139868  -45.356  29.911  40.679 0.0000000000
139882  -44.570  30.427  39.514 0.0000000000
139884  -45.353  29.962  40.231 0.0000000000
139899  -44.270  30.053  38.484 0.0000000000
139920  -45.858  29.314  36.723 0.0000000000
139933  -43.623  30.743  36.774 0.0000000000
140726  -45.300  30.332  41.187 0.0000000000
140742  -44.943  30.844  40.301 0.0000000000
140792  -42.293  31.546  36.198 0.0000000000
140796  -45.760  31.656  35.768 0.0000000000
140800  -41.581  32.435  35.469 0.0000000000
140802  -43.131  31.959  35.577 0.0000000000
140803  -44.015  31.881  35.875 0.0000000000
140804  -44.514  31.916  36.133 0.0000000000
140805  -45.788  31.161  35.463 0.0000000000
140813  -47.512  31.368  32.244 0.0000000000
140821  -47.725  31.370  31.738 0.0000000000
140831  -47.626  31.367  31.504 0.0000000000
141646  -35.760  32.933  36.033 0.0000000000
141647  -36.082  32.761  35.984 0.0000000000
141653  -45.873  32.257  35.632 0.0000000000
141656  -35.814  32.898  35.695 0.0000000000
141674  -46.885  32.224  33.376 0.0000000000
141680  -45.687  31.568  31.518 0.0000000000
142547  -34.662  33.981  36.173 0.0000000000
142552  -44.834  33.956  36.136 0.0000000000
142553  -45.214  33.711  35.937 0.0000000000
142562  -34.449  33.741  35.288 0.0000000000
142564  -36.267  32.856  35.497 0.0000000000
142568  -41.075  33.358  34.901 0.0000000000
142571  -43.630  33.795  35.559 0.0000000000
142572  -44.423  33.502  35.880 0.0000000000
142573  -45.564  33.577  35.325 0.0000000000
142574  -45.708  33.031  35.183 0.0000000000
142581  -33.702  34.051  34.216 0.0000000000
142597  -33.773  33.993  33.685 0.0000000000
142598  -34.249  33.775  33.689 0.0000000000
142599  -35.053  33.647  33.716 0.0000000000
142601  -36.970  33.502  33.838 0.0000000000
142603  -38.556  33.505  34.266 0.0000000000
142604  -45.995  33.988  33.742 0.0000000000
142660  -45.713  34.659  24.900 0.0000000000
142701  -45.418  33.910  23.028 0.0000000000
142714  -44.003  33.306  21.942 0.0000000000
143373  -34.484  34.700  36.387 0.0000000000
143375  -44.773  34.335  36.123 0.0000000000
143376  -44.973  34.246  36.135 0.0000000000
143401  -32.887  35.216  34.375 0.0000000000
143408  -44.708  34.897  35.451 0.0000000000
143418  -32.779  35.024  34.008 0.0000000000
143420  -33.948  33.952  33.158 0.0000000000
143425  -39.013  34.038  33.688 0.0000000000
143428  -45.526  34.553  33.881 0.0000000000
143435  -32.835  34.808  33.116 0.0000000000
143437  -34.330  34.059  32.337 0.0000000000
143442  -39.548  34.838  32.773 0.0000000000
143447  -32.952  34.613  32.267 0.0000000000
143449  -34.790  34.483  31.456 0.0000000000
143452  -37.605  35.048  31.590 0.0000000000
143464  -46.105  34.919  31.019 0.0000000000
143471  -43.164  34.366  28.872 0.0000000000
143479  -44.144  34.480  27.138 0.0000000000
143489  -45.944  34.914  24.526 0.0000000000
143498  -45.641  34.338  23.034 0.0000000000
143500  -42.466  35.194  21.368 0.0000000000
143501  -42.685  35.143  21.202 0.0000000000
143503  -45.359  34.078  22.419 0.0000000000
143506  -42.453  35.089  21.128 0.0000000000
144074  -35.034  35.516  37.069 0.0000000000
144081  -33.508  35.659  35.436 0.0000000000
144082  -33.982  35.570  35.939 0.0000000000
144084  -43.830  35.385  35.542 0.0000000000
144095  -33.083  35.691  34.907 0.0000000000
144096  -41.799  35.209  34.100 0.0000000000
144097  -42.608  35.632  34.410 0.0000000000
144112  -41.681  35.661  33.382 0.0000000000
144123  -31.584  35.511  31.812 0.0000000000
144129  -41.279  35.732  32.849 0.0000000000
144136  -35.468  34.939  30.824 0.0000000000
144139  -37.995  35.596  31.364 0.0000000000
144140  -38.781  35.929  31.526 0.0000000000
144141  -39.680  35.852  31.845 0.0000000000
144142  -40.226  35.872  32.104 0.0000000000
144143  -45.781  35.479  31.381 0.0000000000
144144  -46.201  35.051  31.482 0.0000000000
144148  -32.636  35.411  30.323 0.0000000000
144151  -35.994  35.387  30.292 0.0000000000
144156  -45.665  35.284  30.918 0.0000000000
144169  -37.963  35.667  27.293 0.0000000000
144172  -40.049  35.592  26.875 0.0000000000
144177  -38.226  35.662  26.568 0.0000000000
144185  -39.378  35.649  25.848 0.0000000000
144186  -40.119  35.539  25.869 0.0000000000
144187  -40.594  35.653  26.008 0.0000000000
144192  -41.437  35.894  24.180 0.0000000000
144198  -40.446  35.968  23.442 0.0000000000
144205  -39.868  35.909  22.674 0.0000000000
144211  -45.408  34.491  22.761 0.0000000000
144227  -40.138  35.657  20.488 0.0000000000
144229  -42.036  35.183  19.765 0.0000000000
144249  -45.313  36.375  16.434 0.0000000000
144265  -45.438  36.542  16.146 0.0000000000
144278  -45.296  36.544  15.848 0.0000000000
144813  -43.033  36.092  34.218 0.0000000000
144827  -42.449  36.044  33.588 0.0000000000
144828  -43.215  36.548  33.624 0.0000000000
144830  -44.704  36.354  33.340 0.0000000000
144841  -30.772  36.858  31.850 0.0000000000
144846  -43.443  37.078  32.713 0.0000000000
144859  -40.597  36.362  31.793 0.0000000000
144861  -43.766  37.151  31.829 0.0000000000
144866  -30.625  36.788  30.555 0.0000000000
144868  -32.303  35.782  29.674 0.0000000000
144872  -36.548  35.761  29.816 0.0000000000
144874  -38.805  36.330  30.712 0.0000000000
144880  -45.331  35.761  30.991 0.0000000000
144895  -44.209  36.708  29.786 0.0000000000
144898  -31.206  36.994  28.067 0.0000000000
144904  -37.628  35.940  28.590 0.0000000000
144909  -42.752  37.774  28.609 0.0000000000
144912  -31.392  37.385  27.370 0.0000000000
144919  -38.219  35.745  27.947 0.0000000000
144927  -32.307  37.414  26.364 0.0000000000
144945  -39.874  35.705  25.233 0.0000000000
144957  -40.498  35.811  24.643 0.0000000000
144969  -40.975  35.868  24.201 0.0000000000
144971  -36.725  37.513  22.229 0.0000000000
145007  -45.252  36.834  16.527 0.0000000000
145008  -45.444  36.746  16.302 0.0000000000
145024  -45.470  37.104  16.158 0.0000000000
145035  -45.014  37.013  15.716 0.0000000000
145036  -45.340  37.085  15.820 0.0000000000
145037  -45.544  37.140  15.946 0.0000000000
145597  -30.773  37.163  31.800 0.0000000000
145611  -30.637  37.711  31.182 0.0000000000
145612  -31.034  38.194  31.531 0.0000000000
145622  -42.405  37.961  30.977 0.0000000000
145623  -42.736  38.210  30.602 0.0000000000
145626  -30.296  37.778  29.021 0.0000000000
145633  -30.514  37.828  28.065 0.0000000000
145635  -42.320  37.934  29.699 0.0000000000
145636  -42.874  38.137  29.079 0.0000000000
145637  -43.699  37.925  28.788 0.0000000000
145638  -44.403  37.488  28.197 0.0000000000
145642  -31.394  37.858  26.880 0.0000000000
145643  -31.957  37.668  26.484 0.0000000000
145644  -43.289  37.808  28.318 0.0000000000
145649  -31.919  38.122  26.445 0.0000000000
145662  -43.945  37.438  26.318 0.0000000000
145663  -44.302  37.254  26.089 0.0000000000
145731  -45.375  37.550  16.070 0.0000000000
145745  -45.202  37.459  15.855 0.0000000000
145746  -45.445  37.354  15.929 0.0000000000
146314  -43.043  38.295  30.748 0.0000000000
146315  -43.168  38.141  30.954 0.0000000000
146324  -43.074  38.321  30.227 0.0000000000
146331  -43.163  38.273  29.602 0.0000000000
146332  -43.399  38.086  29.936 0.0000000000
146337  -43.443  38.047  29.384 0.0000000000
146341  -31.565  38.654  27.280 0.0000000000
