#!ascii label  , from subject 4116 vox2ras=TkReg
459
107917  -25.542  -1.986  -24.470 0.0000000000
100421  -22.972  -7.623  -22.941 0.0000000000
101718  -28.483  -6.159  -22.361 0.0000000000
94472  -26.014  -12.427  -21.950 0.0000000000
121739  -27.243  10.293  -23.233 0.0000000000
117360  -28.320  6.552  -22.916 0.0000000000
110189  -20.645  0.424  -20.771 0.0000000000
90792  -25.082  -15.679  -19.374 0.0000000000
96893  -24.595  -9.984  -23.022 0.0000000000
94469  -23.131  -11.998  -21.537 0.0000000000
119598  -27.724  8.574  -24.344 0.0000000000
116132  -23.966  5.407  -21.062 0.0000000000
106752  -21.588  -2.674  -22.655 0.0000000000
106695  -18.942  -2.431  -19.560 0.0000000000
110237  -23.967  -0.431  -23.931 0.0000000000
112532  -26.022  1.704  -23.316 0.0000000000
110207  -28.356  0.307  -23.234 0.0000000000
107875  -28.960  -1.186  -22.191 0.0000000000
103050  -21.282  -5.750  -21.717 0.0000000000
104341  -24.586  -4.706  -24.316 0.0000000000
104333  -27.186  -4.468  -23.752 0.0000000000
100444  -26.140  -7.245  -24.003 0.0000000000
97989  -27.496  -9.532  -22.667 0.0000000000
95610  -28.316  -10.972  -19.838 0.0000000000
111289  -19.312  1.684  -18.937 0.0000000000
113682  -24.440  3.108  -22.034 0.0000000000
114919  -29.150  4.558  -22.643 0.0000000000
92168  -22.536  -14.227  -20.040 0.0000000000
92171  -25.205  -13.996  -20.425 0.0000000000
95649  -23.101  -11.279  -21.664 0.0000000000
94449  -22.312  -12.440  -20.269 0.0000000000
116119  -23.429  5.717  -20.507 0.0000000000
114877  -21.107  4.586  -18.824 0.0000000000
106764  -23.724  -2.674  -23.557 0.0000000000
107900  -22.647  -1.769  -23.176 0.0000000000
109086  -24.571  -1.073  -23.851 0.0000000000
111369  -25.778  0.318  -24.091 0.0000000000
109070  -27.367  -0.754  -23.858 0.0000000000
109055  -28.670  -0.318  -23.017 0.0000000000
107903  -27.453  -1.632  -23.899 0.0000000000
101716  -22.148  -6.620  -22.449 0.0000000000
104319  -22.770  -4.923  -23.175 0.0000000000
101730  -23.792  -6.366  -23.706 0.0000000000
101745  -25.221  -6.137  -24.254 0.0000000000
100442  -24.042  -7.504  -23.499 0.0000000000
95669  -25.273  -11.271  -22.741 0.0000000000
96895  -25.984  -9.951  -23.438 0.0000000000
95671  -26.538  -11.104  -22.322 0.0000000000
96838  -27.563  -10.586  -21.214 0.0000000000
94474  -27.201  -11.652  -21.339 0.0000000000
119553  -25.445  8.385  -19.717 0.0000000000
120644  -27.183  9.608  -20.258 0.0000000000
121728  -27.640  10.336  -22.029 0.0000000000
124622  -27.391  12.759  -24.005 0.0000000000
122765  -27.700  10.979  -24.774 0.0000000000
118545  -28.324  7.985  -23.763 0.0000000000
109019  -19.373  -0.875  -20.138 0.0000000000
108980  -18.200  -0.208  -18.744 0.0000000000
110153  -19.931  0.819  -19.785 0.0000000000
113673  -22.085  3.031  -21.039 0.0000000000
112507  -22.271  2.293  -21.821 0.0000000000
112514  -28.740  2.337  -22.753 0.0000000000
113686  -28.012  3.397  -22.683 0.0000000000
113688  -29.580  3.650  -22.211 0.0000000000
103085  -28.212  -5.324  -22.837 0.0000000000
104320  -28.143  -4.331  -22.253 0.0000000000
89459  -23.547  -16.112  -19.302 0.0000000000
92150  -23.599  -15.028  -19.819 0.0000000000
92170  -24.301  -14.233  -20.483 0.0000000000
92152  -25.132  -14.706  -19.902 0.0000000000
99140  -22.463  -8.659  -22.080 0.0000000000
98004  -23.879  -9.164  -23.124 0.0000000000
96875  -23.407  -10.307  -22.183 0.0000000000
95667  -23.873  -11.133  -22.457 0.0000000000
94471  -25.130  -12.516  -22.210 0.0000000000
118483  -27.102  7.720  -20.369 0.0000000000
120687  -27.261  9.349  -24.996 0.0000000000
118499  -27.232  7.374  -21.196 0.0000000000
117344  -26.489  6.496  -21.635 0.0000000000
116135  -26.291  5.610  -21.516 0.0000000000
105519  -20.427  -3.600  -21.395 0.0000000000
106736  -20.352  -2.556  -21.523 0.0000000000
109052  -20.771  -1.343  -21.517 0.0000000000
110206  -22.118  0.191  -22.150 0.0000000000
112530  -24.127  1.899  -23.233 0.0000000000
111351  -24.337  1.020  -23.988 0.0000000000
112534  -27.444  1.230  -23.138 0.0000000000
111323  -29.329  1.762  -22.351 0.0000000000
110192  -29.289  0.700  -22.262 0.0000000000
88219  -26.060  -16.865  -18.363 0.0000000000
90774  -26.042  -15.885  -19.175 0.0000000000
104317  -21.435  -4.017  -22.520 0.0000000000
104329  -22.709  -3.841  -23.159 0.0000000000
105555  -25.073  -3.426  -24.553 0.0000000000
106775  -26.797  -3.213  -24.231 0.0000000000
104343  -25.859  -4.520  -24.536 0.0000000000
101748  -27.158  -5.727  -23.965 0.0000000000
100446  -27.927  -7.196  -23.609 0.0000000000
98006  -25.405  -9.257  -23.647 0.0000000000
99180  -26.695  -8.303  -23.733 0.0000000000
99160  -28.263  -7.927  -22.491 0.0000000000
99141  -27.852  -9.066  -21.697 0.0000000000
96820  -28.378  -10.072  -20.022 0.0000000000
122766  -28.160  10.951  -24.707 0.0000000000
112471  -20.596  3.073  -19.467 0.0000000000
114913  -24.024  3.901  -21.603 0.0000000000
114902  -26.703  4.875  -21.822 0.0000000000
112510  -24.789  2.377  -22.591 0.0000000000
114918  -28.300  4.468  -22.629 0.0000000000
116154  -29.255  5.591  -22.914 0.0000000000
106767  -27.703  -2.916  -23.383 0.0000000000
106738  -29.339  -2.213  -21.408 0.0000000000
93301  -22.162  -13.313  -19.869 0.0000000000
93303  -23.527  -13.492  -21.039 0.0000000000
93318  -23.984  -13.075  -21.620 0.0000000000
93320  -25.681  -12.962  -21.469 0.0000000000
92153  -26.225  -14.339  -19.897 0.0000000000
93282  -26.744  -13.864  -19.917 0.0000000000
93307  -27.191  -12.945  -20.374 0.0000000000
114876  -20.345  4.337  -18.473 0.0000000000
107916  -24.851  -1.940  -24.152 0.0000000000
107902  -24.168  -1.976  -23.858 0.0000000000
109087  -25.398  -1.172  -24.281 0.0000000000
109088  -26.155  -1.249  -24.487 0.0000000000
107919  -26.874  -2.320  -24.323 0.0000000000
100400  -22.113  -7.669  -22.219 0.0000000000
100420  -22.405  -7.166  -22.626 0.0000000000
101717  -22.625  -6.714  -22.792 0.0000000000
100441  -23.445  -6.992  -23.363 0.0000000000
94491  -25.614  -11.925  -22.436 0.0000000000
95670  -26.107  -11.293  -22.565 0.0000000000
95651  -26.531  -11.542  -22.138 0.0000000000
95652  -26.922  -11.177  -21.850 0.0000000000
94473  -26.772  -12.092  -21.619 0.0000000000
120656  -27.637  9.444  -21.352 0.0000000000
123694  -26.979  12.020  -23.916 0.0000000000
123711  -27.843  12.582  -25.116 0.0000000000
122754  -27.132  11.100  -24.460 0.0000000000
117374  -28.585  7.285  -23.278 0.0000000000
118546  -28.746  8.092  -23.838 0.0000000000
117375  -28.827  7.510  -23.529 0.0000000000
118530  -29.229  7.645  -23.420 0.0000000000
109020  -20.166  -0.108  -20.151 0.0000000000
108997  -18.667  -0.832  -19.495 0.0000000000
108998  -19.464  -0.048  -19.433 0.0000000000
108981  -19.007  0.327  -18.953 0.0000000000
110172  -20.271  0.668  -20.287 0.0000000000
111321  -21.009  1.444  -21.017 0.0000000000
111322  -21.768  1.427  -21.700 0.0000000000
112515  -29.332  2.902  -22.420 0.0000000000
103069  -28.433  -5.216  -21.918 0.0000000000
101700  -28.751  -5.868  -21.509 0.0000000000
89461  -24.967  -16.245  -19.044 0.0000000000
89460  -24.387  -16.165  -19.129 0.0000000000
90791  -23.954  -15.487  -19.468 0.0000000000
92151  -24.209  -14.903  -19.847 0.0000000000
97968  -22.544  -9.347  -21.554 0.0000000000
97986  -22.940  -9.423  -22.112 0.0000000000
96874  -22.966  -9.991  -21.695 0.0000000000
95650  -23.397  -11.120  -22.100 0.0000000000
94470  -23.867  -12.136  -22.191 0.0000000000
94489  -24.233  -11.591  -22.511 0.0000000000
118496  -24.931  7.469  -20.824 0.0000000000
118484  -27.750  7.643  -20.783 0.0000000000
118497  -25.628  7.482  -20.902 0.0000000000
117342  -25.043  6.356  -21.436 0.0000000000
116133  -24.592  5.722  -21.342 0.0000000000
117345  -27.279  6.355  -22.082 0.0000000000
116134  -25.483  5.622  -21.445 0.0000000000
105535  -21.137  -3.490  -22.289 0.0000000000
106751  -20.862  -2.627  -22.220 0.0000000000
107888  -22.374  -1.273  -22.877 0.0000000000
107887  -21.614  -1.701  -22.705 0.0000000000
109054  -22.244  -0.746  -22.575 0.0000000000
109053  -21.381  -0.880  -21.864 0.0000000000
110220  -22.848  0.104  -22.909 0.0000000000
110222  -24.075  0.385  -24.349 0.0000000000
110224  -27.229  0.025  -23.814 0.0000000000
111354  -27.020  0.723  -23.487 0.0000000000
111355  -27.671  0.572  -23.389 0.0000000000
111336  -28.103  1.279  -22.985 0.0000000000
111337  -28.779  1.111  -22.696 0.0000000000
110208  -28.850  0.306  -22.777 0.0000000000
107889  -28.596  -1.161  -22.694 0.0000000000
109056  -28.992  -0.238  -22.527 0.0000000000
107876  -29.407  -1.126  -21.764 0.0000000000
89430  -26.669  -16.900  -18.187 0.0000000000
103049  -20.719  -5.654  -21.017 0.0000000000
104300  -21.071  -4.612  -21.871 0.0000000000
104301  -21.504  -5.148  -22.205 0.0000000000
103081  -23.392  -5.324  -23.550 0.0000000000
104330  -23.152  -4.216  -23.425 0.0000000000
105547  -23.909  -3.438  -23.689 0.0000000000
104331  -24.187  -4.302  -24.076 0.0000000000
104342  -25.001  -4.316  -24.515 0.0000000000
101732  -25.416  -6.716  -24.048 0.0000000000
101746  -25.918  -6.249  -24.173 0.0000000000
100461  -26.367  -6.673  -24.093 0.0000000000
101734  -27.469  -6.433  -23.853 0.0000000000
100445  -27.117  -7.198  -23.948 0.0000000000
97988  -24.161  -9.637  -22.904 0.0000000000
99177  -24.018  -8.542  -23.349 0.0000000000
98005  -24.532  -9.334  -23.382 0.0000000000
96896  -26.511  -9.761  -23.373 0.0000000000
98007  -26.257  -9.205  -23.647 0.0000000000
98008  -26.988  -9.335  -23.399 0.0000000000
99181  -27.698  -8.310  -23.308 0.0000000000
99159  -27.841  -8.812  -22.263 0.0000000000
95632  -27.817  -10.952  -20.482 0.0000000000
96839  -27.824  -10.305  -20.827 0.0000000000
96821  -29.023  -10.286  -19.381 0.0000000000
121768  -27.701  9.868  -26.132 0.0000000000
120713  -28.082  9.665  -26.482 0.0000000000
106715  -19.550  -2.546  -20.058 0.0000000000
111278  -18.613  1.620  -18.244 0.0000000000
112469  -19.332  2.484  -18.430 0.0000000000
112470  -19.934  2.665  -19.348 0.0000000000
113680  -22.782  3.187  -21.714 0.0000000000
114912  -23.278  3.862  -21.568 0.0000000000
114914  -24.870  3.926  -21.741 0.0000000000
114901  -26.002  4.819  -21.684 0.0000000000
114915  -25.650  4.052  -22.090 0.0000000000
112531  -25.093  1.740  -23.290 0.0000000000
112529  -23.409  2.047  -23.007 0.0000000000
112511  -25.688  2.396  -22.752 0.0000000000
113685  -27.032  3.313  -22.626 0.0000000000
116155  -29.866  5.989  -22.485 0.0000000000
105558  -26.703  -4.091  -24.058 0.0000000000
105549  -27.129  -3.480  -23.767 0.0000000000
105550  -27.392  -3.740  -23.303 0.0000000000
105520  -28.598  -3.099  -21.927 0.0000000000
90807  -22.849  -14.736  -20.016 0.0000000000
93302  -22.686  -13.445  -20.519 0.0000000000
93304  -24.513  -13.640  -21.127 0.0000000000
93319  -24.756  -13.096  -21.735 0.0000000000
93305  -25.388  -13.492  -20.965 0.0000000000
92133  -26.490  -15.180  -19.282 0.0000000000
96857  -22.667  -10.325  -21.200 0.0000000000
96837  -22.463  -10.770  -20.657 0.0000000000
95630  -22.688  -11.402  -21.124 0.0000000000
94450  -22.759  -12.461  -21.038 0.0000000000
116112  -23.106  5.894  -19.670 0.0000000000
116110  -21.742  5.291  -18.557 0.0000000000
114878  -22.042  4.700  -19.104 0.0000000000
114887  -22.414  4.668  -20.019 0.0000000000
106763  -22.971  -2.627  -23.257 0.0000000000
107899  -21.982  -2.196  -22.940 0.0000000000
107901  -23.533  -1.928  -23.557 0.0000000000
109069  -24.041  -1.502  -23.650 0.0000000000
109085  -24.198  -0.625  -23.862 0.0000000000
110238  -24.322  -0.184  -24.322 0.0000000000
110239  -25.189  -0.358  -24.343 0.0000000000
110240  -26.008  -0.456  -24.284 0.0000000000
110225  -27.802  -0.112  -23.659 0.0000000000
109071  -28.050  -0.807  -23.371 0.0000000000
107904  -27.975  -1.921  -23.405 0.0000000000
101699  -21.521  -6.707  -21.947 0.0000000000
103067  -21.830  -5.734  -22.311 0.0000000000
103068  -22.613  -5.724  -22.794 0.0000000000
103082  -24.396  -5.402  -24.197 0.0000000000
101731  -24.670  -6.501  -24.035 0.0000000000
100443  -25.138  -7.459  -23.812 0.0000000000
96877  -24.874  -10.616  -23.008 0.0000000000
96894  -25.158  -10.020  -23.366 0.0000000000
96878  -25.699  -10.654  -23.078 0.0000000000
96879  -26.689  -10.411  -22.797 0.0000000000
96860  -27.701  -9.924  -21.450 0.0000000000
96859  -27.439  -10.344  -21.750 0.0000000000
95631  -27.509  -11.091  -21.069 0.0000000000
94454  -27.827  -11.456  -20.337 0.0000000000
123712  -28.362  12.895  -25.590 0.0000000000
119611  -28.443  8.958  -25.493 0.0000000000
119612  -28.886  9.033  -24.998 0.0000000000
107813  -16.627  -1.040  -17.962 0.0000000000
108979  -17.006  -0.202  -18.006 0.0000000000
110137  -18.705  0.836  -18.702 0.0000000000
111290  -19.836  1.624  -19.619 0.0000000000
112481  -20.190  2.126  -19.887 0.0000000000
111305  -20.892  1.983  -20.513 0.0000000000
112494  -21.716  2.118  -21.264 0.0000000000
113681  -23.582  3.158  -21.984 0.0000000000
112513  -27.555  2.194  -22.860 0.0000000000
112512  -26.568  2.363  -22.810 0.0000000000
113687  -28.915  3.560  -22.623 0.0000000000
114920  -29.899  4.745  -22.117 0.0000000000
103084  -27.625  -5.436  -23.615 0.0000000000
104334  -27.686  -4.480  -23.079 0.0000000000
90790  -23.078  -15.250  -19.687 0.0000000000
92169  -23.322  -14.460  -20.258 0.0000000000
99139  -22.037  -8.501  -21.515 0.0000000000
100401  -22.579  -8.174  -22.459 0.0000000000
99158  -23.455  -8.611  -22.991 0.0000000000
99157  -22.949  -8.678  -22.549 0.0000000000
97987  -23.544  -9.459  -22.632 0.0000000000
96876  -24.156  -10.326  -22.640 0.0000000000
96858  -23.085  -10.617  -21.756 0.0000000000
95668  -24.518  -11.150  -22.675 0.0000000000
94490  -24.767  -11.816  -22.538 0.0000000000
118471  -23.625  7.402  -18.954 0.0000000000
119552  -24.908  8.079  -19.851 0.0000000000
119555  -27.842  8.420  -20.633 0.0000000000
120665  -27.568  9.282  -22.657 0.0000000000
121748  -26.990  10.243  -24.352 0.0000000000
119567  -27.842  8.564  -21.870 0.0000000000
119577  -27.702  8.461  -22.688 0.0000000000
119586  -27.780  8.092  -23.041 0.0000000000
117328  -25.214  7.029  -21.339 0.0000000000
118514  -26.843  7.080  -21.737 0.0000000000
118516  -27.671  7.387  -22.354 0.0000000000
117346  -27.648  6.707  -22.429 0.0000000000
117359  -27.915  6.077  -22.505 0.0000000000
106735  -20.048  -2.545  -20.807 0.0000000000
107886  -20.699  -1.746  -22.024 0.0000000000
107873  -19.989  -1.789  -20.520 0.0000000000
109037  -20.665  -0.851  -20.812 0.0000000000
109038  -21.282  -0.413  -21.432 0.0000000000
110190  -21.369  0.359  -21.457 0.0000000000
111334  -22.434  1.394  -22.445 0.0000000000
111349  -22.629  0.730  -22.739 0.0000000000
111350  -23.190  1.190  -23.302 0.0000000000
111368  -24.951  0.444  -24.345 0.0000000000
111353  -26.302  0.924  -23.644 0.0000000000
112533  -26.828  1.502  -23.165 0.0000000000
112495  -29.346  2.392  -22.394 0.0000000000
111324  -29.745  1.451  -21.875 0.0000000000
100402  -28.639  -7.061  -21.642 0.0000000000
89447  -25.551  -16.367  -18.846 0.0000000000
90773  -25.579  -16.008  -19.169 0.0000000000
105536  -21.812  -3.442  -22.719 0.0000000000
104318  -22.093  -4.494  -22.769 0.0000000000
105545  -22.498  -3.388  -23.022 0.0000000000
105546  -23.174  -3.354  -23.319 0.0000000000
106765  -24.401  -2.695  -23.943 0.0000000000
106772  -24.974  -2.690  -24.424 0.0000000000
106774  -26.300  -2.983  -24.600 0.0000000000
105556  -25.704  -3.636  -24.604 0.0000000000
105557  -26.319  -3.842  -24.426 0.0000000000
104344  -26.526  -4.647  -24.433 0.0000000000
103097  -25.282  -5.337  -24.398 0.0000000000
103098  -26.215  -5.387  -24.356 0.0000000000
103100  -27.161  -5.145  -24.049 0.0000000000
101735  -28.208  -6.389  -23.326 0.0000000000
100447  -28.221  -7.076  -23.286 0.0000000000
99178  -24.792  -8.432  -23.644 0.0000000000
99179  -25.749  -8.344  -23.785 0.0000000000
99182  -28.193  -7.549  -23.183 0.0000000000
100423  -28.365  -7.051  -22.765 0.0000000000
99142  -28.269  -8.495  -21.351 0.0000000000
97970  -27.881  -9.451  -21.284 0.0000000000
97948  -28.304  -9.401  -20.563 0.0000000000
121759  -27.402  10.140  -25.261 0.0000000000
120708  -28.279  9.655  -26.014 0.0000000000
113651  -20.475  3.635  -19.042 0.0000000000
114886  -21.716  4.104  -19.713 0.0000000000
114896  -21.993  3.906  -20.510 0.0000000000
113672  -21.598  3.204  -20.197 0.0000000000
114897  -22.587  4.172  -21.110 0.0000000000
114898  -23.520  4.683  -21.107 0.0000000000
114900  -25.185  4.806  -21.560 0.0000000000
116136  -27.062  5.522  -21.844 0.0000000000
116152  -27.736  5.385  -22.390 0.0000000000
112509  -23.901  2.540  -22.603 0.0000000000
113683  -25.328  3.107  -22.150 0.0000000000
113684  -26.145  3.230  -22.460 0.0000000000
114916  -26.463  4.186  -22.311 0.0000000000
114917  -27.333  4.473  -22.400 0.0000000000
116153  -28.462  5.419  -22.741 0.0000000000
117361  -29.175  6.725  -23.184 0.0000000000
106766  -27.363  -2.582  -23.902 0.0000000000
106753  -28.265  -2.377  -22.749 0.0000000000
105537  -27.857  -3.452  -22.739 0.0000000000
106737  -28.805  -1.821  -22.091 0.0000000000
94451  -23.450  -12.639  -21.494 0.0000000000
90793  -25.832  -15.211  -19.614 0.0000000000
92154  -26.946  -14.143  -19.672 0.0000000000
92172  -25.787  -13.763  -20.404 0.0000000000
93306  -26.388  -13.343  -20.502 0.0000000000
93321  -26.371  -12.728  -21.314 0.0000000000
94453  -27.438  -12.126  -20.689 0.0000000000
94452  -26.889  -12.698  -20.943 0.0000000000
94492  -26.250  -11.910  -22.208 0.0000000000
97969  -27.680  -9.535  -21.879 0.0000000000
100422  -23.602  -8.082  -23.197 0.0000000000
100462  -26.613  -6.868  -24.069 0.0000000000
101729  -23.132  -6.448  -23.173 0.0000000000
101733  -27.148  -6.658  -23.975 0.0000000000
101747  -26.762  -6.282  -24.035 0.0000000000
103083  -24.867  -5.845  -24.302 0.0000000000
103096  -24.806  -4.915  -24.382 0.0000000000
103099  -26.829  -5.323  -24.275 0.0000000000
104332  -24.690  -3.834  -24.382 0.0000000000
104345  -26.952  -4.732  -24.268 0.0000000000
105548  -24.547  -3.387  -24.192 0.0000000000
106762  -22.251  -2.669  -22.939 0.0000000000
106773  -25.635  -2.793  -24.651 0.0000000000
107814  -17.137  -1.048  -18.489 0.0000000000
107874  -20.361  -1.792  -21.260 0.0000000000
107918  -26.243  -2.114  -24.544 0.0000000000
108999  -20.001  0.317  -19.901 0.0000000000
109067  -22.942  -0.776  -23.112 0.0000000000
109068  -23.775  -0.985  -23.458 0.0000000000
109089  -26.852  -1.424  -24.279 0.0000000000
110152  -19.435  0.857  -19.197 0.0000000000
110191  -21.905  0.854  -21.972 0.0000000000
110205  -21.580  -0.205  -21.689 0.0000000000
110221  -23.601  0.045  -23.805 0.0000000000
110223  -26.545  0.160  -23.908 0.0000000000
110241  -26.739  -0.591  -24.152 0.0000000000
111277  -18.067  1.491  -17.561 0.0000000000
111304  -20.390  1.547  -20.280 0.0000000000
111320  -20.514  1.034  -20.668 0.0000000000
111335  -22.946  1.820  -22.902 0.0000000000
111352  -25.450  1.080  -23.856 0.0000000000
111367  -24.423  0.455  -24.385 0.0000000000
112482  -20.790  2.544  -19.979 0.0000000000
112493  -21.382  2.374  -20.665 0.0000000000
112508  -22.999  2.423  -22.454 0.0000000000
113650  -19.870  3.522  -18.417 0.0000000000
113663  -21.103  3.489  -19.495 0.0000000000
114888  -22.983  4.925  -20.559 0.0000000000
114899  -24.395  4.721  -21.301 0.0000000000
116118  -22.974  5.304  -19.935 0.0000000000
116120  -23.876  6.113  -21.106 0.0000000000
117318  -23.855  7.112  -20.352 0.0000000000
117326  -23.707  6.555  -20.637 0.0000000000
117327  -24.340  6.877  -21.088 0.0000000000
117329  -25.882  7.045  -21.434 0.0000000000
117343  -25.734  6.373  -21.451 0.0000000000
118470  -23.009  7.137  -18.411 0.0000000000
118472  -24.125  7.698  -19.393 0.0000000000
118482  -26.094  7.849  -20.251 0.0000000000
118498  -26.464  7.378  -21.119 0.0000000000
118500  -27.705  7.585  -21.440 0.0000000000
118515  -27.266  7.201  -21.986 0.0000000000
118528  -27.844  8.059  -23.361 0.0000000000
118529  -27.990  7.614  -23.171 0.0000000000
118544  -27.894  8.105  -23.672 0.0000000000
119538  -24.072  7.866  -18.984 0.0000000000
119556  -28.124  7.763  -20.987 0.0000000000
119568  -28.022  7.891  -21.582 0.0000000000
119578  -27.815  7.968  -22.445 0.0000000000
119585  -27.638  8.523  -23.421 0.0000000000
119599  -28.345  8.502  -24.558 0.0000000000
119610  -27.771  8.818  -25.391 0.0000000000
119621  -27.880  8.983  -26.119 0.0000000000
119622  -28.131  9.266  -26.276 0.0000000000
119630  -27.916  8.960  -26.459 0.0000000000
119631  -28.025  9.381  -26.529 0.0000000000
120675  -27.338  9.368  -23.902 0.0000000000
120698  -27.359  9.332  -25.949 0.0000000000
120707  -27.739  9.416  -26.415 0.0000000000
120712  -27.880  9.562  -26.613 0.0000000000
121760  -28.084  10.287  -25.564 0.0000000000
121769  -28.001  10.179  -26.223 0.0000000000
121775  -27.824  9.813  -26.544 0.0000000000
121776  -28.020  9.888  -26.633 0.0000000000
122743  -26.878  11.184  -23.605 0.0000000000
123703  -27.452  12.037  -24.617 0.0000000000
123721  -28.840  13.535  -26.551 0.0000000000
