#!ascii label  , from subject 3111 vox2ras=TkReg
1904
14671  -41.835  -34.538  -41.356 0.1000000015
14670  -40.974  -34.645  -41.317 0.1000000015
13472  -40.333  -35.667  -41.732 0.1000000015
14669  -40.004  -34.905  -41.250 0.1000000015
14655  -40.303  -34.325  -40.645 0.1000000015
15896  -40.080  -33.939  -39.868 0.1000000015
14654  -39.306  -34.875  -40.194 0.1000000015
15883  -40.314  -33.489  -39.141 0.1000000015
17229  -39.688  -32.959  -38.095 0.1000000015
15882  -39.561  -34.015  -38.768 0.1000000015
17212  -39.313  -33.590  -37.939 0.1000000015
17228  -39.086  -32.629  -37.684 0.1000000015
17211  -38.738  -33.066  -37.514 0.1000000015
18521  -38.644  -31.958  -37.829 0.1000000015
19859  -39.008  -30.131  -39.344 0.1000000015
18504  -38.258  -32.464  -37.608 0.1000000015
19834  -38.884  -30.790  -38.459 0.1000000015
18538  -43.597  -32.505  -39.407 0.1000000015
15916  -42.281  -33.478  -41.027 0.1000000015
17258  -42.959  -32.857  -40.806 0.1000000015
15915  -41.626  -34.011  -41.117 0.1000000015
17247  -42.814  -32.550  -39.987 0.1000000015
17246  -42.027  -32.842  -39.909 0.1000000015
15897  -41.238  -33.588  -40.209 0.1000000015
17232  -42.313  -32.405  -39.246 0.1000000015
18524  -41.887  -31.935  -38.487 0.1000000015
18523  -40.881  -31.775  -38.582 0.1000000015
18522  -39.851  -31.794  -38.313 0.1000000015
24899  -43.707  -26.013  -39.261 0.1000000015
23606  -42.260  -27.027  -40.055 0.1000000015
23587  -41.520  -27.535  -39.328 0.1000000015
22322  -40.394  -28.750  -39.417 0.1000000015
19860  -39.889  -29.899  -39.223 0.1000000015
19835  -39.921  -30.725  -38.597 0.1000000015
17233  -43.857  -32.787  -39.088 0.1000000015
19841  -45.462  -30.995  -37.981 0.2000000030
18527  -44.747  -31.677  -38.236 0.2000000030
19786  -45.532  -30.636  -37.098 0.1000000015
19840  -45.010  -31.082  -38.158 0.1000000015
19809  -44.442  -30.735  -37.899 0.1000000015
19839  -44.200  -31.233  -38.343 0.1000000015
33984  -48.443  -19.021  -36.121 0.1000000015
32722  -48.904  -19.482  -37.092 0.1000000015
19808  -43.520  -30.676  -37.984 0.1000000015
19838  -43.241  -31.250  -38.495 0.1000000015
32721  -48.793  -20.264  -37.564 0.1000000015
31466  -48.641  -20.606  -37.473 0.1000000015
30225  -48.169  -21.693  -37.220 0.1000000015
27596  -47.253  -23.545  -37.642 0.1000000015
26207  -46.200  -24.745  -37.695 0.1000000015
19837  -42.204  -31.216  -38.319 0.1000000015
28917  -46.812  -22.938  -37.989 0.1000000015
27595  -46.479  -24.014  -38.021 0.1000000015
26206  -45.677  -25.272  -37.926 0.1000000015
26205  -45.076  -25.710  -37.642 0.1000000015
24844  -42.985  -26.716  -36.806 0.1000000015
23553  -41.999  -27.468  -37.365 0.1000000015
19806  -41.588  -30.450  -38.099 0.1000000015
19836  -40.994  -30.691  -38.607 0.1000000015
26218  -45.403  -25.129  -38.896 0.1000000015
24900  -44.445  -26.090  -38.911 0.1000000015
24880  -43.773  -26.159  -38.306 0.1000000015
24863  -43.060  -26.459  -37.392 0.1000000015
22299  -41.722  -28.330  -37.178 0.1000000015
21086  -40.543  -29.523  -38.802 0.1000000015
24879  -42.959  -26.370  -38.565 0.1000000015
23588  -42.367  -26.998  -38.967 0.1000000015
23571  -41.798  -27.554  -38.129 0.1000000015
21087  -40.739  -28.765  -38.650 0.1000000015
19787  -46.281  -30.762  -36.915 0.1000000015
19812  -46.341  -31.111  -37.093 0.2000000030
17215  -44.846  -32.190  -37.673 0.1000000015
17202  -44.870  -32.318  -36.855 0.2000000030
17201  -44.051  -32.526  -37.104 0.2000000030
19766  -46.318  -30.570  -36.031 0.1000000015
21053  -45.836  -30.461  -36.459 0.1000000015
36999  -48.223  -17.792  -35.864 0.1000000015
35449  -48.357  -18.233  -36.299 0.1000000015
19785  -44.603  -30.484  -37.159 0.1000000015
21068  -43.769  -30.445  -37.340 0.1000000015
21051  -43.614  -29.653  -36.509 0.1000000015
31467  -48.738  -20.793  -36.988 0.1000000015
28918  -47.813  -22.927  -37.439 0.1000000015
28919  -48.486  -22.630  -36.761 0.1000000015
19807  -42.466  -30.561  -37.950 0.1000000015
27582  -47.727  -24.100  -36.929 0.1000000015
27581  -46.830  -24.614  -37.146 0.1000000015
26190  -45.547  -25.327  -36.911 0.1000000015
24823  -44.236  -26.377  -35.684 0.1000000015
23537  -43.119  -27.587  -36.017 0.1000000015
21049  -41.667  -29.046  -37.180 0.1000000015
21066  -41.521  -29.436  -37.822 0.1000000015
21065  -40.982  -30.072  -38.147 0.1000000015
21030  -47.855  -29.491  -33.542 0.1000000015
19733  -47.177  -30.192  -34.149 0.1000000015
22281  -48.087  -29.013  -33.507 0.1000000015
21029  -47.474  -29.674  -34.090 0.1000000015
19750  -47.000  -30.208  -34.644 0.1000000015
18491  -46.382  -31.316  -35.895 0.2000000030
18468  -45.884  -31.588  -35.377 0.2000000030
19788  -46.559  -30.959  -36.430 0.2000000030
18489  -44.976  -32.066  -36.213 0.2000000030
21038  -45.756  -29.892  -35.715 0.1000000015
21028  -47.028  -29.445  -34.553 0.1000000015
22292  -46.309  -29.223  -34.977 0.1000000015
22291  -45.345  -28.959  -35.227 0.1000000015
35432  -48.382  -18.247  -35.735 0.1000000015
33967  -48.004  -19.205  -35.335 0.1000000015
32702  -48.333  -20.173  -35.481 0.1000000015
31450  -48.134  -20.754  -35.161 0.1000000015
21052  -45.011  -30.123  -36.451 0.1000000015
21037  -44.694  -29.376  -35.867 0.1000000015
36980  -47.769  -17.595  -35.429 0.1000000015
38375  -47.426  -17.226  -34.721 0.1000000015
32703  -48.673  -20.037  -36.193 0.1000000015
28901  -48.396  -23.384  -36.699 0.1000000015
27583  -48.643  -23.967  -36.271 0.1000000015
26192  -47.936  -24.740  -36.187 0.1000000015
26142  -46.670  -25.539  -34.893 0.1000000015
24802  -44.782  -26.682  -34.858 0.1000000015
23539  -44.119  -27.987  -35.120 0.1000000015
21036  -43.960  -28.948  -35.883 0.1000000015
36979  -46.897  -17.630  -35.404 0.1000000015
27565  -46.755  -24.787  -36.434 0.1000000015
26165  -45.293  -25.413  -36.018 0.1000000015
24822  -43.692  -27.020  -35.656 0.1000000015
23538  -43.503  -27.636  -35.494 0.1000000015
21050  -42.223  -29.230  -36.981 0.1000000015
36978  -46.246  -17.273  -35.171 0.1000000015
36960  -45.642  -17.219  -34.683 0.1000000015
35412  -45.776  -17.797  -34.884 0.1000000015
38372  -45.345  -16.371  -34.540 0.1000000015
147468  -50.540  -26.571  -32.865 0.1000000015
24760  -52.046  -26.493  -32.820 0.1000000015
23526  -49.473  -26.775  -33.270 0.1000000015
20999  -48.209  -29.046  -32.906 0.1000000015
19749  -46.625  -30.627  -34.531 0.1000000015
18444  -46.292  -31.051  -34.578 0.2000000030
24783  -50.722  -26.392  -32.985 0.1000000015
23525  -48.693  -27.703  -33.515 0.1000000015
22280  -47.761  -28.771  -34.099 0.1000000015
18443  -45.915  -31.303  -34.743 0.2000000030
26122  -50.315  -25.947  -33.267 0.1000000015
39664  -46.435  -15.684  -34.310 0.1000000015
38374  -46.849  -16.727  -34.721 0.1000000015
38354  -46.885  -16.623  -34.115 0.1000000015
38355  -47.262  -17.218  -34.459 0.1000000015
36962  -48.152  -17.991  -34.936 0.1000000015
35414  -47.670  -18.284  -34.705 0.1000000015
33966  -47.374  -19.288  -34.724 0.1000000015
26145  -49.633  -25.823  -33.939 0.1000000015
23524  -47.639  -27.676  -34.145 0.1000000015
22279  -46.880  -28.551  -34.398 0.1000000015
36961  -47.954  -17.696  -34.843 0.1000000015
31438  -48.771  -21.779  -34.962 0.1000000015
30197  -48.992  -22.312  -35.409 0.1000000015
28902  -49.173  -23.186  -36.103 0.1000000015
24804  -47.152  -26.470  -34.266 0.1000000015
23523  -46.473  -27.494  -34.326 0.1000000015
30209  -48.696  -21.952  -36.335 0.1000000015
27567  -49.089  -24.519  -35.403 0.1000000015
26168  -48.535  -25.110  -35.442 0.1000000015
26143  -47.857  -25.539  -34.549 0.1000000015
23522  -45.383  -27.441  -34.561 0.1000000015
22277  -44.893  -28.203  -34.800 0.1000000015
38392  -46.666  -16.977  -35.129 0.1000000015
38373  -46.220  -16.535  -34.848 0.1000000015
39663  -45.741  -15.439  -34.418 0.1000000015
38353  -44.637  -16.429  -34.036 0.1000000015
36942  -44.287  -17.275  -33.929 0.1000000015
22267  -48.512  -28.544  -32.917 0.1000000015
26123  -51.887  -26.435  -32.973 0.1000000015
27525  -50.527  -25.206  -32.122 0.1000000015
24738  -49.923  -26.288  -32.428 0.1000000015
21017  -47.449  -29.663  -33.599 0.1000000015
27541  -50.606  -25.660  -32.634 0.1000000015
27523  -49.335  -24.309  -32.662 0.1000000015
22246  -48.219  -28.640  -32.653 0.1000000015
19732  -46.775  -30.273  -33.973 0.1000000015
27539  -49.052  -24.281  -33.476 0.1000000015
27540  -49.726  -25.007  -33.370 0.1000000015
19748  -46.042  -30.832  -34.176 0.2000000030
35404  -47.240  -17.876  -34.440 0.1000000015
35413  -47.075  -18.820  -34.533 0.1000000015
27554  -49.188  -24.401  -34.385 0.1000000015
27555  -49.730  -25.226  -34.574 0.1000000015
21016  -46.664  -29.843  -33.661 0.1000000015
21015  -45.808  -29.896  -34.088 0.2000000030
32690  -47.676  -20.228  -34.763 0.1000000015
31437  -47.964  -21.361  -34.649 0.1000000015
28889  -48.738  -23.471  -35.011 0.1000000015
26169  -49.519  -25.355  -35.096 0.1000000015
40964  -46.125  -14.465  -34.310 0.1000000015
40955  -45.716  -14.415  -34.204 0.1000000015
39649  -45.189  -15.060  -34.100 0.1000000015
39662  -44.984  -15.684  -34.322 0.1000000015
39648  -44.454  -15.451  -33.538 0.1000000015
28855  -48.917  -23.670  -31.868 0.1000000015
28856  -50.079  -23.839  -32.042 0.1000000015
28845  -50.218  -24.269  -31.443 0.1000000015
30168  -47.755  -22.678  -32.149 0.1000000015
27524  -50.120  -24.700  -32.444 0.1000000015
26056  -50.803  -25.167  -31.180 0.1000000015
23466  -49.212  -27.285  -31.968 0.1000000015
28866  -48.736  -23.724  -32.951 0.1000000015
26078  -49.963  -25.839  -31.512 0.1000000015
20998  -47.875  -29.315  -32.885 0.1000000015
30176  -47.748  -22.271  -33.442 0.1000000015
30177  -48.437  -22.881  -33.235 0.1000000015
24758  -48.874  -27.166  -31.828 0.1000000015
40956  -46.532  -14.454  -33.679 0.1000000015
39650  -46.561  -15.351  -33.563 0.1000000015
36930  -46.587  -17.066  -33.530 0.1000000015
35402  -46.018  -18.154  -33.369 0.1000000015
32678  -47.042  -20.301  -33.885 0.1000000015
32679  -47.618  -20.778  -34.142 0.1000000015
30187  -47.661  -21.988  -34.134 0.1000000015
28879  -48.748  -23.541  -33.943 0.1000000015
23487  -47.936  -27.946  -32.438 0.1000000015
20997  -47.083  -29.284  -33.171 0.1000000015
40965  -46.386  -14.541  -34.139 0.1000000015
33956  -46.895  -19.352  -34.264 0.1000000015
22266  -46.120  -29.294  -33.290 0.1000000015
42273  -46.256  -13.570  -34.785 0.1000000015
42286  -46.198  -13.213  -35.294 0.1000000015
42260  -45.527  -13.510  -34.065 0.1000000015
40954  -45.117  -14.395  -33.579 0.1000000015
42259  -44.889  -13.487  -33.242 0.1000000015
30156  -47.437  -22.217  -31.379 0.1000000015
28854  -48.519  -23.348  -31.047 0.1000000015
28843  -49.378  -23.562  -30.648 0.1000000015
30167  -47.039  -22.049  -31.858 0.1000000015
28824  -49.875  -23.954  -30.510 0.1000000015
31417  -46.601  -21.429  -32.498 0.1000000015
31402  -46.227  -21.062  -31.753 0.1000000015
26055  -50.574  -25.328  -30.967 0.1000000015
24737  -49.302  -26.773  -31.889 0.1000000015
31426  -47.332  -21.389  -33.617 0.1000000015
26054  -49.718  -25.216  -30.707 0.1000000015
42261  -46.336  -13.787  -34.122 0.1000000015
36943  -46.386  -17.656  -33.657 0.1000000015
33947  -46.490  -19.457  -33.557 0.1000000015
31425  -46.654  -20.988  -33.372 0.1000000015
32667  -45.906  -20.417  -32.371 0.1000000015
26077  -49.184  -25.693  -31.542 0.1000000015
22245  -47.491  -28.705  -32.749 0.1000000015
43632  -46.622  -13.036  -34.743 0.1000000015
40939  -46.517  -14.557  -32.876 0.1000000015
38337  -46.238  -16.363  -32.931 0.1000000015
36929  -45.939  -17.440  -32.876 0.1000000015
35394  -46.250  -18.801  -33.197 0.1000000015
24756  -47.341  -27.080  -32.494 0.1000000015
43642  -45.965  -12.666  -35.488 0.1000000015
43643  -46.366  -12.617  -35.492 0.1000000015
44960  -45.674  -11.795  -35.490 0.1000000015
43631  -45.484  -12.695  -34.876 0.1000000015
43615  -45.187  -12.619  -33.758 0.1000000015
35361  -46.016  -18.739  -30.576 0.1000000015
32638  -46.159  -20.217  -30.924 0.1000000015
32654  -46.311  -20.806  -31.221 0.1000000015
30157  -48.056  -22.800  -30.604 0.1000000015
36894  -45.592  -17.977  -30.961 0.1000000015
28842  -48.976  -23.285  -30.260 0.1000000015
38336  -45.563  -16.852  -32.176 0.1000000015
36912  -45.378  -17.700  -31.906 0.1000000015
35379  -45.473  -18.648  -31.525 0.1000000015
32653  -45.815  -20.393  -31.597 0.1000000015
28823  -49.514  -23.816  -30.014 0.1000000015
43616  -46.536  -13.125  -33.708 0.1000000015
39626  -46.233  -15.353  -32.322 0.1000000015
35393  -45.703  -18.537  -32.535 0.1000000015
27508  -48.743  -25.002  -30.762 0.1000000015
43633  -46.649  -12.117  -35.117 0.1000000015
24757  -48.321  -27.138  -32.208 0.1000000015
23486  -46.938  -27.867  -32.731 0.1000000015
43644  -46.556  -11.841  -35.721 0.1000000015
44974  -46.412  -11.533  -36.040 0.1000000015
46285  -45.963  -11.299  -36.193 0.1000000015
46267  -45.718  -11.050  -35.560 0.1000000015
44943  -45.445  -11.693  -34.549 0.1000000015
44944  -45.504  -11.132  -34.735 0.1000000015
46248  -46.092  -10.877  -34.434 0.1000000015
44930  -45.413  -11.784  -33.434 0.1000000015
32639  -46.809  -20.700  -30.561 0.1000000015
31404  -47.543  -22.008  -30.861 0.1000000015
32640  -47.517  -21.080  -30.245 0.1000000015
43595  -47.141  -12.607  -32.908 0.1000000015
40917  -46.448  -14.544  -31.696 0.1000000015
39603  -45.855  -15.319  -31.077 0.1000000015
38301  -45.807  -17.336  -30.759 0.1000000015
44962  -47.026  -11.521  -35.586 0.1000000015
44945  -47.327  -11.340  -34.547 0.1000000015
43617  -46.853  -12.297  -34.108 0.1000000015
43594  -46.771  -13.323  -32.922 0.1000000015
42222  -46.606  -13.827  -32.370 0.1000000015
27488  -49.225  -24.451  -29.970 0.1000000015
44975  -46.714  -11.377  -36.057 0.1000000015
46297  -46.486  -10.993  -36.304 0.1000000015
47544  -46.897  -10.421  -36.402 0.1000000015
47530  -46.478  -10.574  -36.041 0.1000000015
47531  -47.189  -9.699  -36.398 0.1000000015
47515  -46.355  -10.368  -35.268 0.1000000015
47516  -46.940  -9.689  -35.602 0.1000000015
47502  -46.772  -9.562  -34.447 0.1000000015
36895  -46.239  -17.841  -30.482 0.1000000015
33916  -46.947  -19.574  -29.913 0.1000000015
33899  -46.908  -20.115  -29.972 0.1000000015
33900  -47.463  -19.905  -29.787 0.1000000015
38302  -46.192  -16.632  -30.684 0.1000000015
46286  -47.064  -11.049  -35.960 0.1000000015
46268  -47.415  -10.919  -35.414 0.1000000015
46298  -46.876  -10.751  -36.313 0.1000000015
47503  -47.330  -9.134  -35.180 0.1000000015
35362  -46.912  -18.822  -30.047 0.1000000015
35347  -47.583  -19.273  -29.823 0.1000000015
39579  -46.769  -15.572  -30.769 0.1000000015
44931  -47.531  -11.652  -33.369 0.1000000015
43565  -46.812  -13.145  -32.158 0.1000000015
40895  -46.481  -14.779  -30.942 0.1000000015
46299  -47.395  -10.241  -36.564 0.1000000015
47545  -47.580  -9.811  -36.862 0.1000000015
48722  -47.578  -8.622  -35.968 0.1000000015
48705  -47.386  -8.319  -34.880 0.1000000015
49912  -47.580  -7.114  -34.457 0.1000000015
38303  -47.498  -16.665  -30.605 0.1000000015
42202  -47.625  -14.211  -31.004 0.1000000015
40897  -48.331  -14.781  -30.910 0.1000000015
39580  -47.939  -15.705  -30.769 0.1000000015
46249  -47.756  -10.774  -34.837 0.1000000015
46250  -48.370  -10.715  -34.141 0.1000000015
43596  -47.970  -11.954  -32.330 0.1000000015
43566  -47.541  -12.849  -31.786 0.1000000015
42223  -47.102  -13.889  -31.410 0.1000000015
47532  -48.205  -10.249  -36.089 0.1000000015
49920  -47.994  -7.275  -35.611 0.1000000015
42224  -48.212  -13.699  -31.198 0.1000000015
44932  -48.439  -10.935  -32.843 0.1000000015
44914  -48.827  -11.695  -32.137 0.1000000015
43567  -48.691  -12.627  -31.732 0.1000000015
147597  -48.711  -9.855  -36.259 0.1000000015
48734  -47.807  -8.765  -36.969 0.1000000015
51170  -48.154  -6.279  -36.345 0.1000000015
47518  -48.981  -9.802  -35.558 0.1000000015
47555  -48.276  -9.507  -37.272 0.1000000015
48747  -48.448  -8.885  -37.636 0.1000000015
49940  -48.314  -8.181  -37.330 0.1000000015
49927  -48.181  -7.445  -36.892 0.1000000015
51171  -48.748  -6.485  -36.981 0.1000000015
51172  -49.395  -6.604  -37.381 0.1000000015
48756  -48.718  -9.301  -37.611 0.1000000015
51193  -49.261  -7.251  -38.082 0.1000000015
51184  -49.027  -6.896  -37.681 0.1000000015
51185  -49.628  -6.907  -37.961 0.1000000015
17245  -41.436  -32.934  -39.512 0.1000000015
17230  -40.766  -32.769  -38.926 0.1000000015
18537  -43.320  -32.373  -39.528 0.1000000015
15898  -42.060  -33.164  -40.549 0.1000000015
18525  -42.880  -31.939  -39.067 0.1000000015
17231  -41.606  -32.507  -39.031 0.1000000015
22346  -40.922  -27.701  -40.052 0.1000000015
22323  -40.823  -28.183  -39.343 0.1000000015
17234  -44.257  -32.245  -38.474 0.1000000015
18526  -43.870  -31.981  -38.956 0.1000000015
18506  -45.676  -31.569  -37.282 0.2000000030
33968  -48.277  -18.674  -35.610 0.1000000015
26191  -46.182  -24.940  -37.023 0.1000000015
27594  -45.805  -24.724  -38.271 0.1000000015
24864  -43.920  -26.157  -37.392 0.1000000015
24846  -44.235  -26.002  -36.623 0.1000000015
23554  -42.635  -27.324  -36.642 0.1000000015
22309  -41.203  -28.231  -38.333 0.1000000015
21040  -47.061  -30.044  -34.851 0.1000000015
18507  -46.273  -31.369  -36.661 0.2000000030
17216  -45.379  -32.155  -36.975 0.2000000030
21039  -46.670  -29.954  -35.326 0.1000000015
21067  -42.813  -30.031  -37.416 0.1000000015
27566  -47.331  -24.655  -36.476 0.1000000015
26166  -46.176  -25.082  -35.977 0.1000000015
24824  -45.020  -25.865  -35.279 0.1000000015
22300  -42.689  -28.573  -36.458 0.1000000015
31451  -48.522  -21.167  -35.671 0.1000000015
22290  -44.452  -28.629  -35.413 0.1000000015
38393  -47.216  -17.147  -35.123 0.1000000015
26193  -48.447  -24.545  -36.110 0.1000000015
26167  -47.335  -24.954  -35.640 0.1000000015
24803  -45.887  -26.418  -34.681 0.1000000015
22301  -43.380  -28.734  -36.047 0.1000000015
35429  -45.938  -18.249  -35.479 0.1000000015
24739  -51.277  -26.157  -32.500 0.1000000015
23507  -49.128  -27.713  -32.761 0.1000000015
24806  -49.313  -26.598  -33.789 0.1000000015
19747  -45.190  -31.124  -34.661 0.2000000030
24805  -48.358  -26.694  -34.174 0.1000000015
26144  -48.959  -25.894  -34.602 0.1000000015
22278  -45.880  -28.346  -34.640 0.1000000015
30188  -48.317  -22.505  -34.416 0.1000000015
27568  -49.760  -25.083  -35.262 0.1000000015
22244  -46.517  -28.615  -32.910 0.1000000015
31418  -47.414  -21.899  -32.891 0.1000000015
42272  -45.942  -13.540  -34.999 0.1000000015
33946  -46.016  -19.522  -32.775 0.1000000015
33933  -45.565  -19.529  -31.979 0.1000000015
46247  -45.740  -11.342  -33.868 0.1000000015
46231  -46.438  -10.252  -33.681 0.1000000015
40918  -46.828  -14.467  -31.249 0.1000000015
24659  -45.463  -26.547  -26.672 0.5000000000
15785  -46.172  -33.240  -30.657 0.5000000000
17114  -46.590  -32.797  -30.268 0.5000000000
25968  -45.452  -25.375  -25.871 0.5000000000
23379  -45.027  -27.213  -27.279 0.5000000000
17113  -45.933  -32.443  -30.449 0.5000000000
27387  -44.471  -24.213  -24.701 0.5000000000
27413  -44.968  -24.796  -25.298 0.5000000000
25994  -44.961  -25.868  -26.406 0.5000000000
18370  -45.020  -31.583  -29.544 0.5000000000
25967  -44.448  -25.401  -25.803 0.5000000000
27412  -43.887  -24.735  -25.329 0.5000000000
25993  -44.094  -25.937  -26.279 0.5000000000
24657  -43.373  -26.567  -26.228 0.4000000060
15782  -43.436  -33.343  -31.188 0.5000000000
17110  -42.600  -32.605  -30.628 0.5000000000
17109  -41.676  -32.060  -30.474 0.5000000000
19698  -40.371  -30.315  -30.841 0.5000000000
18396  -41.159  -31.941  -30.860 0.5000000000
20960  -40.346  -29.303  -30.316 0.4000000060
23441  -41.037  -27.387  -30.592 0.4000000060
13253  -45.793  -35.218  -27.371 0.1000000015
15765  -46.561  -33.545  -29.708 0.5000000000
25995  -45.861  -25.940  -26.277 0.5000000000
23380  -45.985  -27.280  -26.994 0.5000000000
23397  -45.647  -28.017  -27.450 0.4000000060
18371  -45.978  -31.676  -29.780 0.5000000000
27388  -45.524  -24.092  -24.889 0.5000000000
28725  -45.051  -23.378  -24.448 0.5000000000
30003  -45.071  -21.782  -23.721 0.5000000000
31274  -44.401  -21.129  -23.380 0.4000000060
30026  -44.530  -22.627  -24.049 0.3000000119
28724  -43.941  -23.577  -24.209 0.5000000000
27386  -43.437  -24.176  -24.759 0.4000000060
25966  -43.339  -25.626  -25.719 0.4000000060
30025  -43.411  -22.734  -23.955 0.3000000119
22141  -42.999  -28.032  -26.867 0.6999999881
22160  -43.491  -28.473  -27.421 0.5000000000
30002  -43.978  -21.943  -23.577 0.3000000119
30001  -43.009  -21.942  -23.685 0.3000000119
27385  -42.982  -24.042  -24.942 0.4000000060
20936  -43.214  -29.672  -28.082 0.6000000238
19668  -44.423  -30.243  -28.589 0.6000000238
17099  -45.318  -31.999  -30.152 0.5000000000
17111  -43.914  -32.672  -30.577 0.3000000119
28723  -42.799  -23.623  -24.561 0.3000000119
25965  -42.271  -25.680  -26.021 0.4000000060
22140  -42.226  -27.946  -26.725 0.5000000000
20935  -42.368  -29.640  -28.097 0.6000000238
18356  -42.197  -30.586  -28.717 0.6000000238
17097  -43.372  -32.025  -29.983 0.5000000000
17096  -42.274  -31.884  -29.858 0.5000000000
28722  -41.894  -23.286  -24.761 0.4000000060
28746  -42.214  -23.730  -25.099 0.4000000060
23376  -41.935  -27.199  -26.626 0.5000000000
22158  -41.558  -28.224  -27.344 0.5000000000
19665  -41.837  -30.193  -28.577 0.5000000000
18367  -41.624  -30.959  -29.340 0.5000000000
31290  -41.173  -22.169  -24.828 0.4000000060
28745  -41.510  -23.641  -25.655 0.4000000060
25991  -41.516  -25.834  -26.603 0.5000000000
23393  -40.993  -27.380  -27.684 0.5000000000
20920  -40.829  -28.942  -28.071 0.4000000060
19676  -41.369  -30.301  -28.910 0.5000000000
18366  -40.745  -30.562  -29.593 0.5000000000
27429  -40.905  -25.495  -26.889 0.5000000000
22170  -40.565  -28.653  -28.848 0.4000000060
19684  -40.351  -30.139  -29.851 0.4000000060
18382  -40.511  -30.973  -30.121 0.5000000000
27438  -40.951  -24.286  -27.599 0.5000000000
24683  -40.917  -25.790  -28.546 0.4000000060
22183  -40.488  -28.455  -29.663 0.4000000060
22204  -40.651  -28.300  -30.659 0.4000000060
24695  -41.260  -25.866  -29.224 0.4000000060
26051  -41.890  -25.293  -29.980 0.3000000119
24711  -41.830  -26.508  -30.407 0.3000000119
13241  -45.805  -35.419  -26.504 0.1000000015
14461  -46.488  -34.605  -26.048 0.1000000015
14460  -46.177  -34.683  -26.715 0.1000000015
17075  -45.961  -33.438  -27.273 0.4000000060
15735  -45.941  -33.499  -27.782 0.4000000060
15752  -46.097  -33.573  -28.577 0.4000000060
17088  -46.363  -32.568  -29.113 0.5000000000
18372  -46.476  -32.072  -29.682 0.5000000000
25969  -46.466  -25.715  -25.727 0.5000000000
24660  -46.472  -26.472  -26.311 0.5000000000
18361  -46.144  -31.427  -28.712 0.5000000000
28726  -46.141  -23.321  -24.558 0.5000000000
27389  -46.530  -24.177  -24.786 0.5000000000
27414  -45.990  -24.764  -25.396 0.5000000000
30028  -46.815  -22.625  -24.225 0.5000000000
30027  -45.685  -22.534  -24.129 0.5000000000
20939  -45.580  -29.935  -28.501 0.6000000238
31275  -45.323  -21.147  -23.167 0.4000000060
32536  -44.659  -20.735  -22.985 0.2000000030
32525  -44.252  -20.716  -22.373 0.2000000030
32535  -43.747  -20.750  -22.904 0.3000000119
31272  -42.659  -21.306  -23.653 0.3000000119
31292  -42.231  -21.418  -24.134 0.4000000060
32524  -43.221  -20.194  -22.188 0.3000000119
32534  -42.471  -20.535  -23.078 0.3000000119
33793  -42.379  -19.352  -22.229 0.3000000119
33809  -41.879  -19.660  -23.005 0.4000000060
32553  -41.748  -20.604  -24.034 0.4000000060
33824  -41.540  -19.650  -23.782 0.3000000119
31291  -41.456  -21.685  -24.639 0.4000000060
30048  -41.161  -22.387  -25.609 0.4000000060
30062  -41.334  -22.530  -26.563 0.4000000060
33839  -41.423  -19.735  -24.638 0.3000000119
33854  -41.543  -19.735  -25.547 0.3000000119
32595  -41.589  -20.779  -26.881 0.3000000119
28755  -41.300  -23.498  -27.010 0.4000000060
32606  -41.751  -20.859  -27.599 0.3000000119
28765  -41.313  -23.334  -28.116 0.3000000119
27450  -41.253  -24.267  -28.645 0.4000000060
26035  -41.433  -24.886  -29.363 0.3000000119
33885  -42.603  -19.869  -27.560 0.2000000030
32607  -42.382  -20.495  -28.167 0.2000000030
28779  -41.963  -23.333  -28.997 0.3000000119
27464  -41.878  -24.124  -29.499 0.3000000119
33870  -43.712  -19.156  -27.661 0.1000000015
31349  -42.575  -21.469  -28.716 0.2000000030
38264  -47.207  -16.545  -27.677 0.1000000015
15719  -46.735  -33.960  -26.150 0.1000000015
15718  -46.234  -34.000  -26.811 0.1000000015
17056  -46.148  -33.333  -26.750 0.2000000030
17076  -46.076  -32.502  -27.643 0.5000000000
24637  -47.128  -26.248  -25.723 0.5000000000
23381  -46.866  -27.662  -26.742 0.4000000060
22164  -46.945  -28.983  -27.448 0.4000000060
19656  -46.389  -30.414  -27.932 0.5000000000
27415  -46.938  -24.838  -25.185 0.5000000000
19670  -45.847  -30.427  -28.531 0.4000000060
31276  -45.923  -21.396  -23.100 0.4000000060
30004  -46.312  -21.801  -23.546 0.4000000060
29991  -46.226  -21.632  -22.674 0.4000000060
31266  -45.659  -21.336  -22.717 0.4000000060
31249  -45.598  -21.568  -21.892 0.3000000119
31265  -45.138  -21.084  -22.498 0.3000000119
32511  -44.176  -20.495  -21.435 0.3000000119
32486  -43.966  -19.996  -20.671 0.2000000030
33794  -42.957  -19.628  -21.765 0.2000000030
33741  -44.391  -19.013  -19.968 0.1000000015
35194  -42.956  -18.716  -20.786 0.3000000119
35170  -42.934  -18.158  -20.559 0.1000000015
33781  -42.477  -18.823  -21.701 0.3000000119
35216  -41.886  -18.352  -22.599 0.3000000119
36709  -42.711  -17.479  -20.794 0.2000000030
36762  -42.172  -17.632  -21.963 0.2000000030
38157  -41.454  -17.028  -23.012 0.2000000030
36828  -41.630  -18.342  -24.846 0.2000000030
35307  -41.616  -18.985  -25.950 0.2000000030
38208  -42.323  -16.547  -24.483 0.2000000030
36829  -42.164  -17.693  -25.418 0.2000000030
33855  -41.888  -19.547  -26.379 0.2000000030
36830  -42.872  -17.010  -25.851 0.1000000015
33869  -42.997  -19.245  -27.253 0.2000000030
39514  -44.198  -15.509  -25.962 0.1000000015
36839  -43.414  -17.508  -26.543 0.1000000015
36853  -44.548  -17.800  -27.198 0.1000000015
35318  -44.358  -18.648  -27.658 0.1000000015
38245  -45.069  -16.042  -26.423 0.1000000015
38262  -45.500  -16.250  -26.851 0.1000000015
36854  -45.600  -17.351  -27.050 0.1000000015
38263  -46.206  -16.453  -27.330 0.1000000015
39543  -47.332  -15.582  -27.935 0.1000000015
42174  -47.991  -13.844  -28.900 0.1000000015
17057  -46.663  -32.587  -26.234 0.3000000119
18333  -46.617  -31.432  -26.870 0.3000000119
19632  -48.758  -30.926  -25.806 0.3000000119
19631  -47.917  -30.887  -25.902 0.3000000119
18347  -46.302  -31.236  -27.670 0.4000000060
22144  -48.376  -28.677  -26.566 0.3000000119
20907  -47.943  -29.495  -26.520 0.3000000119
19657  -46.857  -30.233  -27.423 0.5000000000
24638  -48.283  -26.468  -25.612 0.4000000060
23382  -47.831  -27.864  -26.502 0.5000000000
22143  -47.304  -28.740  -27.019 0.4000000060
20927  -46.936  -29.544  -27.541 0.5000000000
29993  -48.208  -22.878  -23.189 0.4000000060
30029  -47.753  -22.938  -24.273 0.4000000060
27390  -47.512  -24.435  -24.678 0.5000000000
27416  -47.395  -24.836  -25.048 0.5000000000
28685  -47.404  -22.939  -21.835 0.4000000060
30005  -47.455  -22.600  -23.707 0.4000000060
29975  -46.986  -22.569  -21.323 0.4000000060
29974  -46.296  -22.080  -21.717 0.4000000060
29954  -47.151  -22.768  -20.175 0.3000000119
31225  -46.035  -21.647  -21.224 0.3000000119
31224  -45.692  -21.144  -20.673 0.3000000119
31196  -46.096  -20.985  -19.742 0.3000000119
32460  -45.650  -20.285  -19.715 0.2000000030
35154  -44.904  -18.290  -19.738 0.1000000015
38113  -43.968  -16.815  -20.561 0.1000000015
38112  -43.161  -16.903  -20.688 0.1000000015
38158  -41.882  -16.766  -22.424 0.2000000030
39415  -43.821  -15.723  -21.369 0.1000000015
39414  -43.153  -15.893  -21.470 0.1000000015
40752  -42.876  -15.355  -21.790 0.2000000030
39470  -42.497  -15.467  -23.764 0.2000000030
39492  -42.674  -15.707  -24.945 0.1000000015
39493  -43.154  -14.970  -24.450 0.1000000015
40821  -43.938  -14.848  -25.706 0.1000000015
40830  -43.880  -14.203  -25.788 0.1000000015
39523  -44.684  -15.599  -26.322 0.1000000015
39541  -45.673  -15.519  -27.321 0.1000000015
42153  -45.485  -13.653  -27.344 0.1000000015
40851  -45.941  -14.623  -27.657 0.1000000015
42172  -46.703  -13.647  -28.285 0.1000000015
43510  -47.416  -12.626  -29.055 0.1000000015
42173  -47.312  -13.547  -28.706 0.1000000015
44866  -48.701  -11.606  -29.777 0.1000000015
44886  -49.113  -11.771  -30.196 0.1000000015
44887  -49.717  -11.636  -30.343 0.1000000015
46198  -51.416  -10.749  -30.533 0.1000000015
18327  -49.038  -31.747  -25.412 0.3000000119
17044  -48.269  -32.715  -25.291 0.2000000030
20900  -49.931  -29.608  -25.934 0.3000000119
23384  -49.498  -27.894  -26.255 0.4000000060
23364  -50.019  -27.421  -25.737 0.3000000119
29994  -48.831  -23.183  -23.541 0.3000000119
30006  -48.450  -23.011  -23.986 0.3000000119
28729  -48.735  -23.544  -24.327 0.4000000060
25944  -48.705  -25.013  -24.683 0.4000000060
24639  -49.555  -26.371  -25.242 0.3000000119
28665  -48.654  -23.484  -21.558 0.3000000119
25945  -49.708  -25.650  -24.695 0.4000000060
24617  -49.788  -26.126  -24.827 0.4000000060
24640  -50.719  -26.583  -25.411 0.3000000119
28625  -48.099  -23.697  -19.895 0.3000000119
28664  -47.779  -23.085  -21.137 0.3000000119
28643  -47.753  -23.334  -20.290 0.3000000119
28610  -47.787  -23.523  -18.904 0.3000000119
28624  -47.644  -23.341  -19.578 0.3000000119
29935  -47.482  -22.575  -19.140 0.3000000119
29933  -46.271  -21.591  -19.790 0.3000000119
31197  -46.806  -21.037  -19.431 0.3000000119
32461  -46.543  -20.139  -19.262 0.2000000030
33743  -46.217  -19.328  -19.634 0.1000000015
36691  -46.283  -18.118  -20.107 0.1000000015
36714  -47.021  -17.812  -20.558 0.1000000015
36712  -45.237  -17.462  -20.118 0.1000000015
38136  -46.419  -16.225  -21.446 0.1000000015
38114  -44.874  -16.725  -20.513 0.1000000015
38135  -45.304  -16.080  -21.003 0.1000000015
40726  -43.926  -14.946  -21.506 0.1000000015
40777  -43.233  -14.221  -22.996 0.2000000030
42051  -43.683  -13.612  -22.566 0.2000000030
42074  -43.264  -13.415  -23.239 0.2000000030
42122  -43.276  -13.282  -24.686 0.1000000015
43455  -43.572  -12.425  -24.225 0.1000000015
43473  -43.723  -13.006  -25.872 0.1000000015
42134  -44.721  -13.620  -26.693 0.1000000015
43474  -44.115  -12.511  -26.233 0.1000000015
43475  -45.136  -12.619  -26.886 0.1000000015
43489  -45.811  -12.674  -27.732 0.1000000015
43508  -45.845  -12.109  -28.260 0.1000000015
43509  -46.526  -12.604  -28.479 0.1000000015
46171  -48.830  -10.600  -29.530 0.1000000015
46172  -49.837  -10.730  -30.019 0.1000000015
47439  -49.395  -10.094  -29.471 0.1000000015
46197  -50.605  -10.987  -30.498 0.1000000015
46174  -51.669  -10.267  -29.810 0.1000000015
46173  -50.795  -10.411  -29.968 0.1000000015
46199  -52.349  -10.546  -30.403 0.1000000015
17034  -48.594  -32.474  -24.142 0.2000000030
15706  -48.364  -33.011  -24.696 0.2000000030
18315  -49.735  -31.443  -24.129 0.2000000030
19633  -49.732  -30.491  -25.561 0.3000000119
19603  -50.144  -30.609  -24.021 0.2000000030
19620  -50.490  -30.254  -25.206 0.3000000119
20901  -50.455  -29.679  -25.550 0.3000000119
28730  -49.273  -23.680  -24.182 0.3000000119
27392  -49.499  -24.296  -24.449 0.3000000119
23365  -51.054  -27.603  -25.734 0.3000000119
28666  -49.511  -23.810  -21.752 0.3000000119
28687  -49.115  -23.372  -22.690 0.3000000119
27366  -49.619  -23.954  -24.021 0.3000000119
27393  -50.654  -24.955  -24.503 0.3000000119
25946  -50.845  -25.833  -24.886 0.3000000119
28626  -48.773  -23.712  -20.120 0.3000000119
28645  -49.102  -23.841  -20.861 0.3000000119
27394  -51.268  -25.414  -24.570 0.3000000119
25973  -51.348  -26.202  -25.218 0.2000000030
27250  -48.925  -23.923  -18.945 0.2000000030
27249  -48.144  -24.065  -18.903 0.2000000030
28611  -48.451  -23.534  -18.548 0.3000000119
29915  -48.105  -22.761  -18.536 0.3000000119
31198  -47.534  -21.344  -18.929 0.3000000119
32462  -47.500  -20.117  -19.071 0.2000000030
33763  -47.796  -18.815  -20.239 0.1000000015
35175  -47.875  -18.330  -20.591 0.1000000015
38138  -47.929  -17.116  -21.715 0.1000000015
36763  -48.941  -17.374  -22.088 0.1000000015
38186  -49.946  -15.993  -23.431 0.1000000015
38137  -47.428  -16.790  -21.649 0.1000000015
38161  -48.304  -16.591  -22.177 0.1000000015
39444  -48.837  -15.795  -22.764 0.1000000015
40781  -50.042  -14.506  -23.804 0.1000000015
40782  -50.903  -14.325  -24.007 0.1000000015
42079  -52.578  -13.666  -23.718 0.1000000015
39441  -46.277  -15.235  -21.976 0.1000000015
39442  -47.142  -14.998  -22.521 0.1000000015
40779  -48.441  -14.197  -23.373 0.1000000015
40780  -49.293  -14.304  -23.636 0.1000000015
40800  -50.665  -13.561  -24.262 0.1000000015
42078  -51.357  -13.381  -24.026 0.1000000015
40727  -44.834  -14.766  -21.579 0.1000000015
40756  -46.185  -14.281  -22.280 0.1000000015
40754  -44.175  -14.201  -21.952 0.1000000015
43415  -44.117  -12.658  -22.815 0.2000000030
43432  -43.465  -12.735  -23.387 0.1000000015
44805  -44.033  -11.849  -24.111 0.1000000015
43470  -43.874  -11.982  -25.614 0.1000000015
44822  -44.816  -11.585  -26.413 0.1000000015
44834  -45.610  -11.641  -26.984 0.1000000015
44853  -46.215  -11.375  -28.218 0.1000000015
44854  -47.060  -11.565  -28.904 0.1000000015
47412  -47.586  -9.932  -28.411 0.1000000015
46149  -47.844  -10.646  -29.093 0.1000000015
47415  -49.670  -9.486  -29.019 0.1000000015
47440  -50.233  -10.004  -29.439 0.1000000015
47441  -51.115  -9.874  -29.383 0.1000000015
22098  -49.906  -28.579  -23.695 0.2000000030
20874  -50.646  -29.631  -24.486 0.2000000030
20891  -50.977  -29.671  -25.056 0.3000000119
22130  -50.144  -28.628  -26.045 0.3000000119
23336  -50.659  -27.605  -23.352 0.2000000030
22117  -51.124  -28.821  -24.844 0.2000000030
22131  -51.088  -28.654  -25.397 0.3000000119
27330  -50.361  -24.288  -21.795 0.3000000119
27348  -50.662  -24.219  -22.677 0.3000000119
27349  -51.718  -24.550  -23.033 0.3000000119
27368  -51.756  -24.974  -24.080 0.3000000119
27307  -50.822  -24.669  -20.828 0.3000000119
25895  -52.338  -24.903  -22.284 0.3000000119
27350  -52.339  -24.907  -23.284 0.3000000119
27252  -50.734  -24.669  -18.479 0.2000000030
27279  -50.789  -24.743  -19.632 0.3000000119
25947  -51.719  -25.861  -24.914 0.2000000030
24641  -51.509  -26.657  -25.274 0.2000000030
27251  -49.985  -23.948  -18.803 0.2000000030
28612  -49.292  -23.485  -18.294 0.2000000030
28598  -49.953  -23.562  -17.968 0.2000000030
29916  -48.961  -22.754  -18.227 0.3000000119
31173  -48.016  -21.987  -18.768 0.3000000119
31199  -48.329  -21.303  -18.747 0.2000000030
31174  -48.775  -21.854  -18.494 0.3000000119
32444  -48.939  -21.023  -18.788 0.2000000030
32464  -49.513  -20.530  -19.279 0.2000000030
33745  -48.471  -19.236  -19.782 0.2000000030
35176  -48.825  -18.664  -20.623 0.1000000015
42055  -47.279  -13.333  -22.881 0.1000000015
42076  -48.981  -13.448  -23.848 0.1000000015
43458  -49.208  -12.916  -24.230 0.1000000015
43459  -49.800  -12.820  -24.348 0.1000000015
42054  -46.481  -13.365  -22.553 0.1000000015
43418  -46.780  -12.727  -22.819 0.1000000015
43435  -47.346  -12.465  -23.318 0.1000000015
44791  -48.478  -11.508  -23.440 0.1000000015
43417  -46.006  -12.451  -22.495 0.1000000015
43434  -46.603  -12.076  -22.921 0.1000000015
44789  -46.456  -11.481  -23.495 0.1000000015
46084  -47.221  -10.696  -23.696 0.1000000015
46085  -47.980  -10.420  -23.347 0.1000000015
44771  -45.276  -11.892  -22.669 0.1000000015
44806  -45.688  -11.128  -23.977 0.1000000015
46098  -46.775  -10.025  -24.220 0.1000000015
47346  -46.158  -9.744  -24.665 0.1000000015
46095  -44.508  -11.047  -24.335 0.1000000015
46108  -44.511  -10.808  -25.104 0.1000000015
46109  -45.226  -10.345  -25.304 0.1000000015
47362  -46.265  -9.552  -25.473 0.1000000015
46114  -45.372  -10.730  -26.238 0.1000000015
46126  -45.651  -10.693  -26.984 0.1000000015
46127  -46.255  -10.292  -27.444 0.1000000015
46148  -46.954  -10.499  -28.355 0.1000000015
46150  -48.410  -10.195  -29.176 0.1000000015
23315  -49.468  -27.358  -22.401 0.3000000119
23317  -51.598  -27.046  -22.451 0.3000000119
23337  -51.438  -27.269  -23.560 0.2000000030
22100  -51.380  -27.773  -24.232 0.2000000030
22118  -51.522  -28.109  -24.691 0.2000000030
24587  -51.999  -26.557  -22.843 0.3000000119
24600  -52.005  -26.389  -23.589 0.3000000119
22132  -51.515  -28.356  -25.080 0.2000000030
25873  -51.583  -24.546  -20.742 0.3000000119
25896  -53.083  -25.318  -21.770 0.3000000119
24589  -53.367  -26.053  -22.670 0.3000000119
24601  -52.963  -26.057  -23.317 0.3000000119
24619  -51.829  -26.573  -24.623 0.2000000030
27253  -51.522  -25.156  -18.551 0.2000000030
25844  -51.800  -24.947  -19.924 0.3000000119
24522  -53.008  -26.175  -19.709 0.3000000119
25820  -51.041  -25.251  -17.903 0.2000000030
27229  -50.239  -24.550  -17.428 0.2000000030
29917  -49.669  -22.866  -18.100 0.2000000030
31175  -49.770  -21.968  -17.969 0.3000000119
32445  -49.588  -21.249  -18.731 0.2000000030
47363  -47.101  -9.037  -25.469 0.1000000015
47370  -46.673  -9.324  -26.540 0.1000000015
48559  -47.332  -8.871  -26.926 0.1000000015
47383  -47.159  -9.520  -27.633 0.1000000015
24565  -48.439  -26.574  -21.673 0.1000000015
24566  -49.299  -26.668  -21.098 0.2000000030
23291  -49.063  -26.944  -21.856 0.3000000119
23292  -50.300  -26.994  -21.262 0.3000000119
23293  -51.531  -27.326  -21.483 0.3000000119
24546  -52.864  -26.061  -21.220 0.3000000119
23275  -53.177  -27.536  -20.726 0.3000000119
25822  -52.349  -25.589  -18.840 0.3000000119
24523  -53.602  -26.830  -19.938 0.3000000119
24547  -53.441  -26.791  -20.722 0.3000000119
24497  -51.685  -26.321  -17.989 0.2000000030
25805  -50.799  -25.430  -17.162 0.2000000030
27208  -50.684  -25.086  -16.667 0.1000000015
29894  -50.267  -22.716  -17.791 0.2000000030
28582  -51.660  -23.822  -15.959 0.1000000015
28599  -50.217  -23.423  -17.242 0.2000000030
31154  -50.614  -22.339  -17.838 0.2000000030
29895  -51.064  -22.594  -17.243 0.2000000030
31176  -50.879  -21.868  -18.467 0.3000000119
24545  -50.097  -26.874  -20.331 0.3000000119
23273  -51.492  -27.605  -20.536 0.3000000119
22055  -52.182  -28.296  -20.031 0.3000000119
23219  -52.981  -27.397  -18.175 0.3000000119
23261  -53.339  -27.045  -19.535 0.3000000119
23262  -53.434  -27.401  -19.929 0.3000000119
24482  -52.413  -27.146  -17.511 0.2000000030
24465  -52.369  -26.760  -16.286 0.1000000015
25789  -52.095  -25.659  -15.667 0.1000000015
27210  -52.296  -24.591  -15.491 0.1000000015
29879  -52.047  -22.982  -16.419 0.1000000015
23259  -50.465  -27.513  -19.256 0.3000000119
23260  -51.460  -27.952  -19.519 0.3000000119
22056  -52.945  -28.105  -20.140 0.3000000119
22043  -52.048  -28.569  -19.196 0.3000000119
23220  -53.331  -27.988  -17.884 0.2000000030
22030  -53.232  -28.445  -18.594 0.3000000119
22045  -53.314  -28.033  -19.522 0.3000000119
23207  -53.071  -28.021  -16.783 0.2000000030
22013  -53.003  -28.599  -17.697 0.2000000030
21972  -52.837  -28.227  -15.302 0.1000000015
23194  -53.146  -27.533  -15.348 0.1000000015
23176  -53.124  -27.579  -14.462 0.1000000015
25771  -53.564  -26.052  -14.713 0.1000000015
27188  -52.809  -25.354  -14.795 0.1000000015
24448  -53.845  -26.474  -14.521 0.1000000015
28567  -53.085  -24.459  -14.998 0.1000000015
28568  -53.871  -24.136  -15.230 0.1000000015
23236  -51.119  -28.220  -18.686 0.2000000030
22011  -51.313  -29.162  -17.777 0.2000000030
22028  -51.713  -29.002  -18.461 0.2000000030
20790  -52.161  -29.278  -17.339 0.2000000030
20806  -52.397  -29.344  -18.070 0.2000000030
21984  -52.280  -28.837  -15.785 0.1000000015
21996  -52.346  -28.874  -16.668 0.2000000030
21971  -52.429  -28.336  -14.963 0.1000000015
23195  -53.658  -26.971  -14.338 0.1000000015
25772  -54.315  -25.631  -14.609 0.1000000015
27168  -54.830  -25.291  -14.308 0.1000000015
27190  -54.603  -24.672  -14.762 0.1000000015
23157  -53.404  -27.038  -13.745 0.1000000015
23158  -53.843  -26.709  -13.721 0.1000000015
24411  -54.961  -25.997  -13.879 0.1000000015
25759  -55.197  -25.370  -14.033 0.1000000015
24408  -52.829  -26.614  -13.564 0.1000000015
25733  -53.120  -25.727  -13.473 0.1000000015
25734  -54.058  -25.643  -13.392 0.1000000015
22161  -44.321  -28.702  -27.931 0.4000000060
24658  -44.467  -26.641  -26.593 0.5000000000
23396  -44.731  -28.085  -27.542 0.4000000060
23378  -43.887  -27.604  -26.922 0.5000000000
20938  -45.149  -29.506  -28.443 0.5000000000
22163  -46.426  -28.732  -27.542 0.4000000060
17112  -44.976  -32.576  -30.579 0.5000000000
20925  -45.517  -29.270  -28.297 0.4000000060
20924  -43.615  -29.086  -27.897 0.5000000000
18360  -45.521  -31.072  -28.995 0.5000000000
22171  -44.822  -29.072  -28.318 0.6000000238
18369  -44.041  -31.457  -29.499 0.5000000000
19669  -45.229  -30.340  -28.673 0.5000000000
14535  -46.403  -33.923  -30.931 0.5000000000
18359  -44.681  -30.929  -29.022 0.5000000000
24635  -42.724  -26.145  -25.899 0.4000000060
18383  -41.196  -31.518  -30.356 0.5000000000
24710  -40.849  -26.891  -30.225 0.3000000119
23419  -40.559  -27.489  -29.977 0.4000000060
15734  -46.005  -34.011  -27.316 0.2000000030
22172  -45.121  -29.111  -28.334 0.4000000060
27411  -42.673  -24.443  -25.376 0.3000000119
23377  -42.794  -27.353  -26.467 0.4000000060
20923  -42.897  -29.179  -27.592 0.6000000238
31273  -43.369  -21.237  -23.389 0.3000000119
30024  -42.277  -22.413  -24.248 0.4000000060
24656  -42.329  -26.383  -26.290 0.5000000000
22159  -42.536  -28.520  -27.235 0.6000000238
19666  -42.648  -30.209  -28.418 0.6000000238
19667  -43.504  -30.233  -28.463 0.6000000238
20937  -44.147  -29.469  -28.312 0.6000000238
18358  -43.738  -30.842  -28.935 0.5000000000
17098  -44.450  -32.069  -30.047 0.5000000000
27410  -41.644  -25.023  -25.951 0.4000000060
25964  -41.788  -25.518  -26.186 0.4000000060
23394  -41.510  -27.458  -27.098 0.5000000000
20922  -42.022  -28.977  -27.778 0.5000000000
18368  -42.960  -31.387  -29.335 0.5000000000
20921  -41.142  -28.982  -27.852 0.5000000000
19664  -41.262  -29.884  -28.654 0.4000000060
20934  -41.560  -29.497  -28.239 0.5000000000
17095  -41.685  -31.607  -30.007 0.5000000000
30047  -41.001  -22.204  -25.063 0.4000000060
31307  -41.058  -21.555  -25.315 0.3000000119
27430  -41.048  -24.731  -26.617 0.5000000000
26011  -41.183  -26.259  -27.094 0.5000000000
24672  -41.024  -26.546  -27.478 0.5000000000
20944  -40.483  -29.335  -29.356 0.4000000060
27437  -40.725  -25.151  -27.357 0.5000000000
24682  -40.768  -26.438  -28.311 0.4000000060
23407  -40.800  -27.677  -28.872 0.4000000060
26022  -40.707  -25.570  -28.022 0.4000000060
24694  -40.875  -26.743  -29.503 0.4000000060
24661  -47.493  -26.942  -26.258 0.5000000000
23398  -46.356  -27.969  -27.220 0.4000000060
20926  -45.986  -29.532  -28.248 0.5000000000
32526  -44.790  -20.805  -22.684 0.3000000119
32510  -43.448  -19.769  -21.281 0.2000000030
32523  -42.570  -20.013  -22.536 0.3000000119
32554  -42.309  -20.936  -23.767 0.4000000060
33810  -42.285  -19.914  -22.687 0.3000000119
35217  -42.274  -18.490  -21.958 0.3000000119
35247  -41.638  -18.755  -23.448 0.3000000119
35272  -41.537  -18.899  -24.363 0.3000000119
32567  -41.341  -20.653  -24.991 0.3000000119
31324  -41.324  -21.555  -26.266 0.3000000119
32582  -41.627  -20.594  -25.984 0.3000000119
35294  -41.576  -18.815  -25.239 0.2000000030
32583  -41.858  -20.139  -26.736 0.3000000119
30077  -41.385  -22.442  -27.638 0.3000000119
31348  -41.727  -21.470  -28.103 0.3000000119
33868  -42.349  -19.706  -26.982 0.2000000030
30093  -41.901  -22.407  -28.486 0.3000000119
33886  -43.235  -19.752  -28.028 0.2000000030
30094  -42.679  -22.434  -29.191 0.2000000030
35317  -43.557  -18.524  -27.189 0.2000000030
33887  -44.284  -19.519  -28.317 0.2000000030
36855  -46.744  -17.461  -27.491 0.1000000015
39542  -46.556  -15.542  -27.609 0.1000000015
25970  -47.723  -25.295  -25.230 0.4000000060
28727  -47.132  -23.503  -24.411 0.5000000000
29992  -47.069  -22.515  -22.587 0.4000000060
32512  -44.630  -20.606  -21.184 0.3000000119
32487  -44.780  -20.377  -20.579 0.2000000030
33761  -43.872  -19.320  -20.356 0.2000000030
36688  -43.852  -18.208  -20.073 0.1000000015
33742  -45.133  -19.381  -19.764 0.1000000015
36761  -41.703  -17.467  -22.659 0.2000000030
38132  -42.574  -16.603  -21.451 0.2000000030
36785  -41.708  -17.114  -23.566 0.2000000030
38185  -41.838  -16.541  -23.378 0.2000000030
36806  -41.553  -18.052  -24.283 0.2000000030
36838  -42.576  -18.001  -26.340 0.2000000030
38229  -42.704  -16.549  -25.356 0.1000000015
35309  -42.846  -18.492  -26.751 0.2000000030
39512  -43.024  -16.026  -25.404 0.1000000015
38230  -43.389  -16.499  -25.752 0.1000000015
38243  -44.018  -16.694  -26.147 0.1000000015
38244  -44.563  -16.256  -26.195 0.1000000015
40831  -44.417  -14.697  -26.364 0.1000000015
36840  -44.600  -17.073  -26.518 0.1000000015
36852  -43.974  -18.104  -27.174 0.1000000015
35319  -45.356  -18.506  -27.773 0.1000000015
40832  -45.203  -14.608  -27.056 0.1000000015
40852  -46.977  -14.557  -27.880 0.1000000015
40868  -47.202  -14.073  -28.306 0.1000000015
43518  -48.038  -12.798  -29.414 0.1000000015
17058  -47.591  -32.409  -25.772 0.3000000119
18334  -47.383  -31.570  -26.192 0.3000000119
18326  -48.211  -31.751  -25.737 0.3000000119
20908  -49.165  -29.541  -26.306 0.3000000119
19642  -48.370  -30.258  -26.215 0.3000000119
19641  -47.333  -30.379  -26.743 0.3000000119
22145  -49.229  -28.519  -26.425 0.3000000119
23383  -48.735  -27.879  -26.393 0.3000000119
20906  -47.412  -29.525  -26.971 0.3000000119
25971  -48.875  -25.793  -25.043 0.4000000060
23363  -49.060  -27.240  -25.870 0.4000000060
24662  -48.283  -27.266  -26.157 0.4000000060
28728  -47.998  -23.583  -24.414 0.4000000060
25943  -48.092  -24.731  -24.762 0.4000000060
28686  -47.962  -23.244  -22.228 0.4000000060
29953  -46.307  -21.980  -20.515 0.3000000119
29934  -46.737  -22.008  -19.505 0.3000000119
35174  -45.983  -18.076  -20.118 0.1000000015
36711  -44.433  -17.370  -20.178 0.1000000015
38134  -44.366  -16.200  -20.997 0.1000000015
39439  -42.413  -15.655  -22.331 0.2000000030
39416  -44.635  -15.532  -21.338 0.1000000015
40753  -43.142  -14.620  -22.007 0.2000000030
39471  -43.176  -14.821  -23.593 0.1000000015
40820  -43.556  -14.327  -25.048 0.1000000015
42133  -44.042  -13.590  -26.118 0.1000000015
42154  -46.176  -13.736  -27.879 0.1000000015
43490  -46.280  -13.175  -28.113 0.1000000015
46170  -48.318  -11.154  -29.459 0.1000000015
17045  -49.005  -32.409  -24.827 0.2000000030
18328  -49.528  -31.536  -24.818 0.2000000030
28705  -49.373  -23.594  -23.697 0.3000000119
27391  -48.432  -24.241  -24.522 0.4000000060
28644  -48.355  -23.551  -20.648 0.3000000119
36713  -46.211  -17.571  -20.387 0.1000000015
35156  -46.788  -18.418  -19.981 0.1000000015
36737  -47.635  -17.554  -21.291 0.1000000015
36736  -46.851  -17.158  -21.054 0.1000000015
38115  -45.804  -16.729  -20.583 0.1000000015
39417  -45.537  -15.423  -21.516 0.1000000015
40797  -43.145  -14.012  -23.980 0.1000000015
43469  -43.591  -12.505  -25.279 0.1000000015
44818  -43.948  -11.589  -24.982 0.1000000015
44852  -45.693  -11.767  -27.837 0.1000000015
17046  -49.331  -32.053  -24.313 0.2000000030
18298  -49.545  -31.319  -23.571 0.2000000030
19619  -50.026  -30.746  -24.687 0.3000000119
19604  -50.556  -30.217  -24.671 0.2000000030
27306  -49.817  -24.298  -21.166 0.3000000119
28688  -49.904  -23.953  -22.341 0.3000000119
28706  -49.906  -23.868  -23.068 0.3000000119
27367  -50.460  -24.203  -23.770 0.3000000119
27278  -49.593  -24.125  -19.955 0.3000000119
33744  -47.406  -19.185  -19.866 0.1000000015
32463  -48.552  -20.363  -19.040 0.2000000030
33764  -48.062  -18.890  -20.281 0.1000000015
35195  -48.162  -17.850  -21.293 0.1000000015
36738  -48.289  -17.463  -21.718 0.1000000015
38162  -49.526  -16.496  -22.711 0.1000000015
39475  -50.425  -15.340  -23.626 0.1000000015
38160  -47.296  -16.061  -22.242 0.1000000015
39443  -48.061  -15.533  -22.609 0.1000000015
39474  -49.500  -15.399  -23.399 0.1000000015
39473  -48.639  -15.063  -23.255 0.1000000015
40799  -50.201  -13.836  -24.284 0.1000000015
40783  -51.856  -14.343  -23.827 0.1000000015
42056  -51.841  -13.175  -23.380 0.1000000015
39472  -47.968  -14.819  -23.019 0.1000000015
40757  -47.042  -13.992  -22.470 0.1000000015
40778  -47.686  -14.125  -22.923 0.1000000015
42097  -49.600  -13.377  -24.305 0.1000000015
43460  -50.350  -12.852  -24.304 0.1000000015
43421  -52.052  -12.745  -22.741 0.1000000015
42053  -45.570  -13.360  -22.287 0.1000000015
42052  -44.582  -13.406  -22.326 0.1000000015
44787  -44.540  -11.877  -23.233 0.1000000015
46113  -44.791  -10.925  -25.772 0.1000000015
44835  -45.828  -11.126  -27.520 0.1000000015
23335  -49.699  -27.727  -23.231 0.2000000030
20873  -50.079  -29.654  -23.910 0.2000000030
23316  -50.562  -27.367  -22.380 0.3000000119
22099  -50.849  -28.419  -24.180 0.2000000030
27331  -51.441  -24.579  -21.852 0.3000000119
27369  -52.478  -25.309  -23.452 0.3000000119
25843  -51.392  -24.803  -20.367 0.3000000119
27332  -52.227  -24.846  -21.337 0.3000000119
25910  -52.933  -25.208  -22.792 0.3000000119
25924  -52.956  -25.669  -23.246 0.3000000119
25923  -52.276  -25.807  -23.913 0.3000000119
27228  -50.047  -24.256  -18.167 0.2000000030
27280  -51.650  -24.849  -19.065 0.3000000119
35157  -48.775  -18.836  -20.141 0.1000000015
35158  -49.139  -18.868  -20.059 0.2000000030
35196  -48.745  -18.062  -21.571 0.1000000015
42075  -48.059  -13.375  -23.382 0.1000000015
43436  -48.538  -12.630  -23.677 0.1000000015
43419  -50.370  -12.177  -23.190 0.1000000015
44790  -47.459  -11.646  -23.569 0.1000000015
44772  -46.026  -11.657  -22.795 0.1000000015
44807  -46.091  -11.062  -24.185 0.1000000015
46096  -45.288  -10.559  -24.427 0.1000000015
47345  -45.664  -10.107  -24.750 0.1000000015
46115  -45.996  -10.118  -26.379 0.1000000015
23294  -52.542  -27.269  -21.551 0.3000000119
24588  -52.822  -26.362  -22.825 0.3000000119
23318  -52.694  -26.796  -22.242 0.3000000119
25875  -52.538  -25.088  -20.549 0.3000000119
25897  -53.532  -25.712  -21.956 0.3000000119
23295  -53.324  -26.965  -21.615 0.3000000119
27281  -52.097  -25.075  -18.818 0.3000000119
25821  -51.668  -25.802  -18.354 0.3000000119
25806  -51.274  -25.972  -17.604 0.2000000030
25845  -52.478  -25.031  -19.362 0.3000000119
31153  -50.361  -22.183  -17.926 0.2000000030
32446  -50.160  -21.417  -18.541 0.2000000030
33747  -49.990  -20.145  -19.718 0.2000000030
24564  -47.591  -26.306  -21.710 0.1000000015
24544  -49.393  -26.670  -20.326 0.2000000030
24567  -49.793  -26.756  -20.767 0.3000000119
23274  -52.368  -27.715  -20.734 0.3000000119
24498  -52.384  -26.519  -18.380 0.3000000119
23238  -52.950  -27.047  -19.022 0.3000000119
24481  -51.771  -26.601  -17.336 0.2000000030
25788  -51.360  -25.888  -16.690 0.2000000030
28581  -50.535  -23.885  -16.357 0.1000000015
27209  -51.385  -24.847  -16.084 0.1000000015
29878  -51.150  -23.172  -16.231 0.2000000030
24521  -50.278  -27.171  -19.857 0.3000000119
23272  -50.730  -27.340  -20.139 0.3000000119
23239  -53.393  -27.664  -18.951 0.3000000119
23206  -52.869  -27.601  -17.145 0.2000000030
24464  -51.786  -26.486  -16.761 0.2000000030
25770  -52.753  -26.320  -14.975 0.1000000015
24447  -53.042  -26.882  -15.303 0.1000000015
24466  -52.855  -27.499  -16.149 0.1000000015
28583  -52.854  -23.608  -15.634 0.1000000015
23237  -51.637  -28.438  -18.951 0.3000000119
22029  -52.547  -28.834  -18.638 0.3000000119
20791  -52.690  -29.143  -17.759 0.2000000030
21985  -52.710  -28.309  -16.128 0.1000000015
23177  -53.868  -26.894  -13.954 0.1000000015
27189  -53.747  -25.102  -14.793 0.1000000015
22010  -50.737  -29.019  -17.407 0.2000000030
20805  -51.808  -29.362  -17.784 0.2000000030
21983  -51.542  -28.522  -15.388 0.1000000015
24426  -54.464  -26.401  -14.080 0.1000000015
24409  -53.650  -26.429  -13.547 0.1000000015
15799  -44.149  -34.175  -31.755 0.3000000119
13322  -44.561  -35.549  -32.265 0.3000000119
14532  -44.334  -35.034  -31.962 0.3000000119
11076  -42.885  -38.349  -34.349 0.2000000030
11074  -41.536  -37.167  -35.015 0.2000000030
11040  -44.086  -37.411  -33.064 0.3000000119
13343  -44.547  -35.875  -33.123 0.3000000119
13342  -44.132  -35.267  -33.058 0.4000000060
11059  -44.205  -37.255  -33.562 0.3000000119
15818  -43.292  -34.488  -32.238 0.4000000060
14556  -43.836  -35.048  -32.278 0.4000000060
12191  -44.283  -36.323  -34.038 0.4000000060
15798  -42.933  -33.828  -31.859 0.4000000060
17124  -42.385  -33.245  -31.356 0.4000000060
13356  -44.234  -35.795  -33.641 0.4000000060
11078  -44.270  -37.105  -33.928 0.3000000119
9961  -43.202  -38.470  -34.979 0.3000000119
15817  -42.405  -34.233  -32.536 0.4000000060
13341  -43.666  -35.239  -33.215 0.4000000060
12190  -43.796  -35.896  -34.283 0.3000000119
9962  -43.572  -38.035  -34.807 0.4000000060
17123  -41.313  -32.518  -31.400 0.4000000060
13355  -43.494  -35.427  -33.636 0.4000000060
12211  -44.054  -36.460  -34.876 0.3000000119
14554  -42.194  -34.508  -33.285 0.4000000060
14572  -42.599  -34.941  -33.834 0.4000000060
17141  -40.384  -32.431  -31.988 0.4000000060
13370  -42.812  -35.485  -34.706 0.3000000119
18395  -40.596  -31.586  -31.296 0.4000000060
15816  -41.466  -33.672  -33.187 0.4000000060
14586  -42.232  -34.849  -34.406 0.4000000060
17142  -41.000  -32.625  -32.628 0.4000000060
17160  -40.946  -32.711  -33.711 0.4000000060
14571  -41.820  -34.252  -34.098 0.4000000060
13369  -42.243  -35.191  -35.136 0.3000000119
15831  -41.203  -33.480  -34.130 0.4000000060
15840  -41.462  -33.744  -34.765 0.4000000060
14585  -41.873  -34.651  -35.066 0.3000000119
13385  -42.166  -35.397  -35.665 0.2000000030
18411  -40.289  -32.144  -31.837 0.3000000119
18413  -40.911  -31.904  -33.243 0.4000000060
18412  -40.417  -31.626  -32.470 0.4000000060
17176  -41.403  -32.799  -34.801 0.4000000060
14599  -41.631  -34.466  -36.189 0.2000000030
13405  -42.094  -35.086  -36.748 0.3000000119
20977  -40.814  -29.253  -31.532 0.3000000119
19715  -40.747  -30.538  -31.910 0.3000000119
19726  -40.711  -30.707  -32.790 0.3000000119
15849  -41.576  -33.618  -35.637 0.2000000030
13425  -42.900  -35.516  -37.624 0.2000000030
22221  -41.007  -28.437  -31.254 0.3000000119
20994  -41.164  -29.922  -32.035 0.3000000119
18426  -41.211  -31.650  -34.089 0.4000000060
22205  -41.148  -27.948  -31.074 0.3000000119
20995  -41.620  -29.477  -32.486 0.3000000119
19727  -41.530  -30.424  -33.328 0.2000000030
19744  -42.180  -31.071  -34.431 0.2000000030
14610  -41.527  -34.344  -37.041 0.1000000015
22262  -42.444  -29.127  -32.850 0.2000000030
21012  -42.307  -29.659  -33.130 0.2000000030
17192  -41.845  -32.707  -36.040 0.1000000015
15869  -41.719  -33.647  -37.160 0.1000000015
14619  -42.779  -34.336  -37.628 0.1000000015
23442  -41.592  -27.390  -31.112 0.2000000030
22222  -41.559  -28.286  -31.696 0.3000000119
22239  -41.725  -28.811  -32.155 0.3000000119
24731  -42.031  -26.943  -31.169 0.1000000015
22240  -42.367  -28.560  -32.442 0.2000000030
19728  -42.704  -30.311  -33.978 0.1000000015
18464  -42.341  -32.199  -35.797 0.1000000015
17200  -42.760  -32.693  -36.877 0.1000000015
15870  -42.470  -33.501  -37.370 0.1000000015
26052  -42.716  -25.449  -30.725 0.2000000030
24732  -42.771  -26.664  -31.357 0.2000000030
23463  -42.662  -27.618  -31.935 0.2000000030
22263  -42.914  -29.031  -33.201 0.1000000015
19745  -43.199  -30.727  -35.032 0.1000000015
17193  -42.489  -32.348  -36.138 0.1000000015
17213  -43.016  -33.087  -37.571 0.1000000015
14637  -43.619  -34.501  -38.740 0.1000000015
23482  -43.136  -27.877  -32.386 0.2000000030
23483  -43.907  -27.811  -32.455 0.1000000015
22264  -43.945  -29.108  -33.445 0.1000000015
19746  -44.344  -30.762  -34.929 0.1000000015
18487  -43.516  -32.281  -36.612 0.1000000015
18488  -44.169  -32.085  -36.451 0.1000000015
15884  -43.693  -33.577  -38.622 0.1000000015
15899  -43.673  -33.714  -39.520 0.1000000015
22242  -44.435  -28.423  -32.986 0.1000000015
21026  -44.922  -30.577  -34.457 0.1000000015
19764  -44.761  -31.524  -35.083 0.1000000015
19765  -45.123  -31.649  -34.937 0.1000000015
29918  -51.397  -21.961  -17.968 0.2000000030
27465  -42.201  -23.868  -29.852 0.2000000030
27482  -42.341  -24.344  -30.251 0.1000000015
26071  -42.881  -25.972  -31.086 0.1000000015
26053  -43.222  -25.057  -31.136 0.1000000015
23465  -44.154  -27.216  -32.180 0.1000000015
26072  -43.487  -25.584  -31.413 0.1000000015
23484  -44.828  -27.632  -32.567 0.1000000015
22265  -45.065  -29.212  -33.463 0.1000000015
17214  -43.703  -32.776  -37.997 0.1000000015
18466  -44.421  -31.677  -35.783 0.1000000015
13321  -44.220  -35.284  -32.418 0.3000000119
11058  -43.755  -37.889  -33.615 0.3000000119
12192  -44.387  -36.761  -33.668 0.3000000119
13357  -44.525  -36.279  -33.494 0.3000000119
9950  -43.738  -38.023  -34.222 0.3000000119
14555  -43.140  -35.065  -32.929 0.4000000060
12212  -44.300  -36.839  -34.180 0.3000000119
15797  -41.897  -33.363  -32.145 0.4000000060
12210  -43.595  -35.930  -34.743 0.3000000119
18425  -40.719  -31.184  -33.317 0.3000000119
13424  -42.174  -34.656  -37.269 0.2000000030
19716  -41.155  -30.220  -32.487 0.3000000119
18440  -41.980  -31.876  -35.216 0.2000000030
15857  -41.514  -33.598  -36.784 0.1000000015
21011  -41.797  -29.838  -32.984 0.2000000030
14636  -43.172  -34.735  -38.162 0.1000000015
18441  -42.561  -31.321  -35.164 0.1000000015
17199  -41.975  -33.058  -36.685 0.1000000015
22223  -42.150  -27.945  -31.941 0.3000000119
21013  -43.364  -29.789  -33.658 0.1000000015
18465  -43.084  -31.700  -35.969 0.1000000015
14620  -43.350  -34.147  -38.213 0.1000000015
23464  -43.458  -27.313  -31.930 0.1000000015
22241  -43.435  -28.432  -32.850 0.1000000015
19729  -43.789  -30.346  -34.319 0.1000000015
19763  -44.029  -31.116  -35.517 0.1000000015
21014  -44.583  -29.981  -34.112 0.1000000015
24733  -43.924  -26.574  -31.781 0.1000000015
13282  -45.728  -35.335  -29.667 0.3000000119
13281  -44.964  -35.936  -30.145 0.2000000030
12109  -44.179  -36.426  -29.867 0.3000000119
13303  -45.180  -36.099  -30.745 0.2000000030
14485  -46.282  -34.468  -29.001 0.4000000060
14499  -45.957  -34.927  -29.863 0.2000000030
14500  -46.242  -34.692  -29.655 0.4000000060
14515  -45.975  -34.847  -30.286 0.3000000119
12129  -43.544  -36.720  -30.652 0.2000000030
15786  -46.479  -33.555  -30.501 0.4000000060
13304  -45.568  -35.583  -30.805 0.2000000030
12130  -44.573  -36.423  -30.860 0.2000000030
12150  -42.880  -37.185  -31.440 0.1000000015
14534  -46.020  -34.565  -31.252 0.3000000119
12128  -42.627  -36.332  -30.524 0.1000000015
12151  -43.842  -37.042  -31.865 0.2000000030
12149  -42.160  -36.550  -31.596 0.1000000015
12173  -42.493  -37.114  -31.959 0.1000000015
11038  -42.805  -37.519  -32.393 0.1000000015
12171  -41.258  -36.500  -32.828 0.1000000015
13340  -41.480  -36.383  -32.109 0.1000000015
12172  -42.084  -37.015  -32.489 0.1000000015
12188  -41.231  -36.482  -33.701 0.1000000015
12152  -44.756  -36.103  -31.676 0.2000000030
11020  -43.339  -37.492  -32.191 0.2000000030
13354  -40.594  -35.948  -33.241 0.1000000015
15800  -45.321  -33.906  -31.422 0.2000000030
14533  -45.005  -34.753  -31.719 0.3000000119
11039  -43.577  -37.667  -32.697 0.2000000030
12189  -41.745  -37.059  -33.357 0.1000000015
13368  -40.517  -36.073  -34.382 0.1000000015
12175  -44.491  -36.661  -32.840 0.3000000119
15783  -44.592  -33.266  -31.147 0.2000000030
11057  -42.950  -38.199  -33.395 0.2000000030
12208  -41.327  -36.805  -34.437 0.1000000015
11075  -42.199  -37.508  -34.268 0.1000000015
12228  -40.884  -36.722  -35.277 0.1000000015
11093  -41.960  -37.638  -35.664 0.1000000015
12229  -41.315  -36.951  -35.839 0.1000000015
11092  -41.417  -37.114  -35.446 0.1000000015
11094  -42.697  -38.221  -35.147 0.1000000015
9976  -42.986  -38.601  -35.770 0.1000000015
12267  -39.719  -36.156  -37.099 0.1000000015
12249  -41.336  -37.331  -36.303 0.1000000015
9975  -42.523  -38.393  -35.861 0.1000000015
11095  -43.834  -37.436  -35.538 0.3000000119
11110  -41.733  -38.036  -36.608 0.1000000015
15784  -45.515  -33.217  -30.860 0.3000000119
14516  -46.421  -34.193  -30.451 0.3000000119
12174  -44.030  -37.218  -32.632 0.2000000030
12153  -45.292  -35.855  -31.303 0.2000000030
13323  -45.288  -35.414  -31.538 0.3000000119
11056  -42.374  -37.507  -33.066 0.1000000015
12248  -40.543  -36.437  -36.385 0.1000000015
12247  -39.987  -35.964  -36.588 0.1000000015
11109  -41.073  -37.589  -36.996 0.1000000015
9977  -43.401  -38.264  -35.717 0.2000000030
10017  -42.675  -38.711  -37.283 0.1000000015
10038  -41.862  -38.950  -38.255 0.1000000015
10039  -42.657  -38.684  -38.108 0.2000000030
8985  -41.798  -39.501  -38.908 0.1000000015
9997  -43.123  -38.554  -36.545 0.2000000030
10018  -43.109  -38.446  -37.396 0.2000000030
11127  -43.195  -37.686  -37.720 0.1000000015
11111  -43.429  -37.839  -36.687 0.1000000015
10061  -42.547  -38.453  -38.628 0.1000000015
11151  -42.767  -38.190  -38.411 0.1000000015
11152  -43.023  -37.612  -38.409 0.1000000015
12251  -43.505  -36.934  -36.441 0.1000000015
12270  -43.229  -36.817  -37.437 0.1000000015
13387  -43.588  -36.243  -35.295 0.2000000030
12231  -43.578  -36.531  -35.722 0.2000000030
12250  -43.259  -36.420  -36.294 0.2000000030
13426  -43.353  -36.195  -38.068 0.1000000015
12269  -43.084  -36.378  -36.881 0.1000000015
13386  -43.086  -35.979  -35.547 0.2000000030
12291  -43.338  -36.753  -38.402 0.1000000015
13268  -46.345  -34.996  -29.087 0.2000000030
15704  -47.202  -33.969  -25.512 0.1000000015
22097  -49.051  -28.631  -23.301 0.1000000015
17011  -47.874  -32.013  -23.729 0.1000000015
17033  -47.865  -33.007  -23.888 0.1000000015
22082  -48.230  -28.491  -23.018 0.2000000030
19618  -46.870  -30.990  -23.490 0.1000000015
23334  -48.904  -27.833  -22.998 0.2000000030
20857  -48.440  -29.512  -23.088 0.1000000015
18283  -48.407  -30.777  -22.718 0.1000000015
18296  -48.145  -31.145  -22.858 0.1000000015
18295  -47.369  -31.317  -23.468 0.1000000015
14484  -46.040  -34.453  -28.378 0.2000000030
17043  -47.340  -33.274  -25.560 0.1000000015
17012  -48.725  -31.778  -23.470 0.1000000015
19602  -49.456  -30.655  -23.336 0.1000000015
20872  -49.261  -29.614  -23.469 0.1000000015
23314  -48.215  -27.261  -22.496 0.2000000030
17032  -46.962  -32.549  -24.104 0.1000000015
18314  -46.819  -31.480  -23.879 0.1000000015
19587  -48.677  -30.403  -23.086 0.1000000015
20856  -47.703  -29.385  -22.852 0.1000000015
13267  -45.997  -35.290  -28.520 0.1000000015
13283  -46.189  -35.157  -29.220 0.1000000015
23235  -50.096  -28.060  -18.222 0.1000000015
23258  -49.407  -27.473  -19.027 0.1000000015
24519  -48.647  -26.650  -19.431 0.1000000015
25842  -47.876  -25.984  -19.728 0.1000000015
25893  -47.141  -26.004  -21.070 0.1000000015
24520  -49.727  -27.031  -19.698 0.1000000015
24495  -47.887  -26.890  -18.307 0.1000000015
24494  -46.650  -26.277  -18.600 0.1000000015
24517  -46.909  -26.079  -19.290 0.1000000015
25869  -45.805  -25.161  -20.382 0.1000000015
23234  -49.013  -27.572  -18.253 0.1000000015
24496  -48.565  -27.149  -18.606 0.1000000015
25841  -47.187  -25.840  -19.727 0.1000000015
25870  -46.740  -25.658  -20.372 0.1000000015
25891  -45.375  -25.426  -21.305 0.1000000015
23217  -49.377  -28.150  -17.567 0.1000000015
27248  -44.541  -25.103  -18.866 0.1000000015
24479  -47.109  -26.903  -17.574 0.1000000015
25819  -45.984  -25.675  -18.830 0.1000000015
25839  -45.392  -25.215  -19.405 0.1000000015
24480  -47.725  -27.194  -17.676 0.1000000015
25840  -46.431  -25.590  -19.484 0.1000000015
27304  -44.287  -24.549  -20.295 0.1000000015
22009  -49.899  -28.809  -17.152 0.1000000015
20787  -50.092  -28.913  -16.671 0.1000000015
25804  -45.096  -25.725  -17.961 0.1000000015
24493  -45.980  -25.865  -18.307 0.1000000015
25818  -45.382  -25.629  -18.471 0.1000000015
23215  -47.647  -27.305  -17.415 0.1000000015
22008  -48.929  -28.474  -17.058 0.1000000015
20789  -51.365  -29.317  -17.160 0.1000000015
32465  -50.545  -20.794  -19.464 0.1000000015
33767  -51.233  -19.757  -20.522 0.1000000015
21994  -48.890  -28.410  -16.359 0.1000000015
20778  -50.472  -28.902  -16.457 0.1000000015
20780  -51.841  -29.238  -16.535 0.1000000015
29919  -51.852  -21.884  -17.713 0.1000000015
33746  -49.553  -19.505  -19.715 0.1000000015
33765  -49.995  -19.288  -20.135 0.1000000015
31201  -51.812  -21.367  -19.174 0.1000000015
35198  -50.990  -18.528  -21.614 0.1000000015
35178  -50.629  -18.997  -20.759 0.1000000015
33783  -50.998  -19.226  -20.851 0.1000000015
24478  -45.713  -26.293  -17.585 0.1000000015
25817  -44.651  -25.378  -18.357 0.1000000015
27247  -44.129  -24.787  -18.663 0.1000000015
35177  -49.948  -18.841  -20.513 0.1000000015
25894  -48.025  -25.934  -21.019 0.1000000015
24543  -48.713  -26.364  -20.614 0.1000000015
22026  -50.338  -28.606  -17.632 0.1000000015
33766  -50.429  -19.632  -20.209 0.1000000015
24518  -47.520  -26.289  -19.183 0.1000000015
25871  -47.561  -25.793  -20.355 0.1000000015
25892  -46.275  -25.723  -21.194 0.1000000015
23216  -48.309  -27.632  -17.459 0.1000000015
22007  -48.462  -28.225  -16.812 0.1000000015
32488  -50.891  -20.174  -20.135 0.1000000015
28780  -42.435  -23.107  -29.558 0.1000000015
30095  -43.394  -22.212  -29.598 0.1000000015
31350  -43.388  -21.576  -29.265 0.1000000015
14483  -43.357  -35.385  -28.366 0.1000000015
13265  -43.661  -36.128  -28.880 0.1000000015
14469  -43.372  -34.822  -27.567 0.1000000015
14482  -42.438  -34.661  -28.594 0.1000000015
14498  -42.361  -35.137  -29.374 0.1000000015
14468  -42.336  -34.236  -27.624 0.1000000015
13251  -44.244  -35.689  -27.793 0.1000000015
15731  -41.651  -33.832  -27.644 0.1000000015
14456  -41.972  -34.184  -27.048 0.1000000015
15716  -41.363  -33.797  -26.663 0.1000000015
14457  -42.767  -34.431  -26.812 0.1000000015
14344  -41.827  -35.019  -19.124 0.1000000015
14343  -41.353  -34.638  -19.292 0.1000000015
14373  -39.198  -35.171  -21.125 0.1000000015
13172  -38.692  -35.389  -21.739 0.1000000015
13185  -38.049  -35.289  -22.510 0.1000000015
14411  -37.253  -34.421  -23.482 0.1000000015
13266  -44.836  -36.146  -28.889 0.1000000015
13184  -37.414  -35.160  -23.002 0.1000000015
15730  -40.545  -33.315  -27.211 0.1000000015
12108  -43.344  -36.354  -29.663 0.1000000015
14410  -36.875  -34.816  -24.152 0.1000000015
15680  -37.046  -33.448  -25.018 0.1000000015
17040  -37.877  -33.239  -25.813 0.1000000015
17072  -39.669  -32.761  -27.203 0.1000000015
17054  -40.226  -33.303  -26.480 0.1000000015
15715  -40.481  -33.582  -26.172 0.1000000015
14444  -42.120  -34.169  -26.249 0.1000000015
13217  -36.807  -35.329  -24.559 0.1000000015
15713  -37.365  -33.430  -26.615 0.1000000015
17053  -39.688  -33.247  -26.139 0.1000000015
14342  -40.401  -34.659  -19.572 0.1000000015
13134  -39.981  -35.191  -19.980 0.1000000015
14372  -38.843  -34.388  -21.228 0.1000000015
13239  -44.051  -35.286  -27.054 0.1000000015
13252  -45.366  -35.776  -27.544 0.1000000015
14393  -38.215  -34.277  -22.110 0.1000000015
14392  -37.683  -34.521  -22.744 0.1000000015
12101  -43.905  -36.372  -29.255 0.1000000015
17052  -38.714  -32.820  -26.448 0.1000000015
17023  -38.021  -32.926  -24.460 0.1000000015
17041  -38.945  -33.190  -25.288 0.1000000015
17042  -39.560  -33.395  -25.549 0.1000000015
15599  -41.659  -33.600  -19.273 0.1000000015
15598  -40.703  -33.900  -19.541 0.1000000015
16951  -41.694  -32.527  -19.859 0.1000000015
15600  -42.710  -32.942  -19.393 0.1000000015
15597  -40.027  -34.058  -19.594 0.1000000015
15617  -39.579  -33.824  -20.056 0.1000000015
15616  -39.125  -33.619  -20.788 0.1000000015
15653  -37.871  -33.558  -22.876 0.1000000015
15667  -37.510  -33.505  -23.912 0.1000000015
15714  -39.937  -33.567  -25.660 0.1000000015
13240  -44.810  -35.414  -26.504 0.1000000015
16950  -40.722  -33.027  -19.824 0.1000000015
16967  -42.163  -31.516  -20.527 0.1000000015
18247  -42.726  -31.378  -19.692 0.1000000015
14445  -42.999  -34.403  -25.944 0.1000000015
14459  -44.297  -35.140  -26.021 0.1000000015
16964  -39.678  -32.876  -20.348 0.1000000015
15635  -38.555  -33.472  -21.622 0.1000000015
16963  -39.245  -33.008  -20.719 0.1000000015
15701  -40.523  -33.500  -25.339 0.1000000015
15654  -38.236  -33.456  -22.255 0.1000000015
15699  -39.323  -33.106  -24.660 0.1000000015
16995  -38.138  -33.047  -22.899 0.1000000015
17006  -38.073  -33.002  -23.355 0.1000000015
17024  -38.965  -32.814  -24.254 0.1000000015
16966  -41.779  -31.871  -20.528 0.1000000015
16965  -40.841  -32.259  -20.783 0.1000000015
15703  -42.327  -34.206  -25.483 0.1000000015
14470  -45.964  -34.678  -27.722 0.1000000015
15700  -39.739  -33.382  -25.060 0.1000000015
15702  -41.466  -33.756  -25.672 0.1000000015
17007  -38.602  -32.609  -23.527 0.1000000015
16996  -38.526  -32.680  -22.469 0.1000000015
14429  -43.006  -34.464  -25.105 0.1000000015
14430  -44.004  -34.435  -25.029 0.1000000015
15685  -42.161  -33.950  -24.891 0.1000000015
16981  -39.855  -32.273  -21.096 0.1000000015
15683  -40.415  -33.162  -24.587 0.1000000015
15684  -41.279  -33.383  -24.835 0.1000000015
15681  -39.373  -32.850  -24.370 0.1000000015
16980  -39.129  -32.721  -21.236 0.1000000015
16997  -39.040  -32.160  -23.015 0.1000000015
17008  -39.253  -32.393  -23.570 0.1000000015
16982  -40.361  -31.944  -21.320 0.1000000015
17026  -40.228  -32.441  -24.071 0.1000000015
17027  -41.074  -32.627  -24.372 0.1000000015
17025  -39.540  -32.605  -24.051 0.1000000015
18280  -39.243  -32.170  -21.813 0.1000000015
15687  -44.257  -33.762  -24.657 0.1000000015
15686  -43.118  -33.886  -24.586 0.1000000015
17028  -42.163  -32.933  -24.686 0.1000000015
18259  -41.415  -31.770  -21.080 0.1000000015
18293  -39.663  -31.835  -23.157 0.1000000015
18270  -39.833  -31.862  -21.603 0.1000000015
16952  -42.574  -31.880  -19.828 0.1000000015
19546  -42.479  -30.798  -19.370 0.1000000015
19560  -42.305  -30.847  -20.361 0.1000000015
14428  -37.052  -34.096  -24.281 0.1000000015
14427  -36.719  -34.417  -24.919 0.1000000015
15698  -37.241  -33.573  -25.891 0.1000000015
15729  -40.117  -33.051  -27.553 0.1000000015
14353  -39.344  -34.597  -20.521 0.1000000015
16949  -40.069  -33.469  -19.744 0.1000000015
17009  -39.788  -32.206  -23.645 0.1000000015
19547  -43.158  -31.208  -18.897 0.1000000015
7986  -33.382  -40.606  -37.986 0.1000000015
7046  -33.328  -40.978  -37.541 0.1000000015
12306  -32.905  -37.124  -39.555 0.1000000015
11167  -33.514  -37.783  -39.460 0.1000000015
11143  -33.411  -38.138  -38.946 0.1000000015
10014  -33.072  -38.985  -37.821 0.1000000015
12323  -32.736  -36.210  -40.606 0.1000000015
13491  -32.731  -35.400  -41.623 0.1000000015
13509  -33.050  -35.233  -42.696 0.1000000015
7058  -33.715  -41.013  -38.181 0.1000000015
7059  -34.258  -41.229  -38.490 0.1000000015
7047  -33.915  -41.207  -37.607 0.1000000015
8001  -33.604  -40.574  -38.572 0.1000000015
10035  -33.343  -38.832  -38.518 0.1000000015
8981  -33.704  -39.820  -38.959 0.1000000015
8964  -33.268  -39.841  -38.095 0.1000000015
7034  -33.488  -41.178  -37.071 0.1000000015
12324  -33.702  -37.064  -40.463 0.1000000015
10034  -32.810  -38.463  -38.065 0.1000000015
12349  -34.048  -36.986  -41.077 0.1000000015
13492  -33.434  -35.683  -42.326 0.1000000015
12246  -35.718  -36.957  -36.512 0.1000000015
11107  -35.497  -37.825  -36.686 0.1000000015
12264  -36.074  -36.504  -37.466 0.1000000015
8002  -34.696  -41.153  -38.501 0.1000000015
8982  -34.872  -40.814  -38.230 0.1000000015
8965  -34.850  -40.413  -37.322 0.1000000015
8966  -35.199  -39.336  -37.425 0.1000000015
10015  -35.376  -38.471  -37.310 0.1000000015
7072  -34.411  -41.241  -39.462 0.1000000015
7987  -34.456  -41.036  -37.804 0.1000000015
8999  -34.083  -40.024  -39.714 0.1000000015
12348  -33.657  -36.337  -41.505 0.1000000015
13420  -36.543  -36.013  -37.358 0.1000000015
12263  -35.623  -37.204  -37.173 0.1000000015
13400  -36.386  -35.853  -36.590 0.1000000015
8983  -35.337  -40.025  -38.569 0.1000000015
10036  -35.499  -38.671  -38.102 0.1000000015
8003  -35.117  -41.138  -38.874 0.1000000015
10052  -33.948  -38.841  -39.636 0.1000000015
10071  -34.202  -38.424  -40.295 0.1000000015
11188  -34.201  -37.868  -40.679 0.1000000015
12325  -34.110  -37.328  -40.929 0.1000000015
11205  -34.359  -36.685  -42.303 0.1000000015
8018  -34.244  -40.716  -39.880 0.1000000015
12245  -35.592  -37.309  -36.784 0.1000000015
11124  -35.531  -37.811  -37.625 0.1000000015
9000  -34.361  -40.266  -40.399 0.1000000015
7060  -34.749  -41.353  -38.978 0.1000000015
7073  -35.055  -41.422  -39.624 0.1000000015
11108  -35.607  -37.527  -36.158 0.1000000015
8048  -35.040  -40.899  -41.177 0.1000000015
8034  -36.636  -41.126  -41.030 0.1000000015
8050  -37.070  -41.513  -41.856 0.1000000015
11144  -35.739  -37.715  -38.553 0.1000000015
9001  -36.201  -39.949  -39.595 0.1000000015
8033  -35.413  -41.211  -40.445 0.1000000015
8020  -36.137  -40.679  -40.296 0.1000000015
10054  -35.778  -38.659  -39.188 0.1000000015
8019  -35.557  -40.861  -39.553 0.1000000015
8049  -36.054  -40.823  -41.727 0.1000000015
7071  -33.847  -41.102  -38.847 0.1000000015
7086  -35.132  -41.428  -40.020 0.1000000015
8017  -33.879  -40.678  -39.281 0.1000000015
9949  -43.365  -38.289  -34.205 0.3000000119
10040  -43.074  -38.255  -38.030 0.2000000030
10060  -42.268  -38.895  -39.118 0.1000000015
11019  -43.186  -37.439  -31.915 0.2000000030
11037  -42.412  -37.383  -32.636 0.1000000015
11077  -44.072  -37.463  -34.337 0.3000000119
11187  -33.849  -37.886  -40.052 0.1000000015
11206  -34.425  -37.472  -41.561 0.1000000015
12100  -43.626  -36.294  -29.247 0.1000000015
12131  -45.211  -36.115  -31.111 0.2000000030
12209  -41.671  -36.911  -33.945 0.1000000015
12230  -43.170  -36.240  -35.986 0.2000000030
12307  -33.509  -37.425  -39.853 0.1000000015
13371  -43.492  -35.983  -35.052 0.3000000119
14329  -42.170  -34.662  -18.864 0.1000000015
14341  -39.771  -34.497  -19.833 0.1000000015
14352  -39.107  -34.194  -20.857 0.1000000015
14458  -43.748  -34.921  -26.486 0.1000000015
14467  -41.963  -34.089  -27.406 0.1000000015
14609  -41.345  -33.897  -37.178 0.1000000015
14617  -41.576  -33.845  -37.220 0.1000000015
14618  -41.838  -34.036  -37.328 0.1000000015
15682  -39.750  -32.959  -24.446 0.1000000015
15717  -46.218  -33.783  -26.840 0.1000000015
15733  -46.097  -33.868  -27.041 0.1000000015
15801  -46.100  -33.711  -31.139 0.3000000119
15802  -46.302  -33.636  -30.815 0.5000000000
15856  -41.604  -33.639  -37.123 0.1000000015
15858  -42.019  -33.248  -37.010 0.1000000015
15868  -41.416  -33.691  -37.100 0.1000000015
15871  -43.203  -33.572  -37.899 0.1000000015
17010  -47.263  -31.849  -23.811 0.1000000015
17013  -49.184  -31.610  -23.443 0.1000000015
17035  -49.282  -31.879  -23.788 0.2000000030
17055  -46.056  -33.639  -26.978 0.1000000015
17073  -40.095  -33.035  -26.682 0.1000000015
17074  -46.028  -33.715  -27.224 0.2000000030
17100  -46.677  -32.602  -29.823 0.5000000000
17121  -40.136  -32.232  -31.663 0.4000000060
17122  -40.407  -32.219  -31.691 0.4000000060
17140  -40.268  -32.431  -31.768 0.4000000060
17203  -45.280  -32.144  -36.606 0.2000000030
17257  -42.486  -32.924  -40.582 0.1000000015
18269  -39.501  -32.247  -21.451 0.1000000015
18284  -48.819  -30.953  -22.790 0.1000000015
18297  -49.045  -31.319  -23.095 0.1000000015
18357  -42.775  -30.762  -28.799 0.6000000238
18384  -46.438  -32.194  -30.109 0.5000000000
18385  -46.645  -32.366  -30.024 0.5000000000
18394  -40.280  -32.055  -31.579 0.4000000060
18442  -45.431  -31.562  -34.985 0.2000000030
18467  -45.192  -31.836  -35.418 0.1000000015
18469  -46.398  -31.177  -35.046 0.2000000030
18490  -45.725  -31.883  -36.308 0.2000000030
18503  -37.968  -32.184  -37.640 0.1000000015
18505  -45.240  -31.694  -37.845 0.2000000030
18528  -45.387  -31.285  -37.917 0.2000000030
19634  -50.295  -30.187  -25.459 0.3000000119
19640  -46.676  -30.701  -27.320 0.5000000000
19643  -49.071  -30.353  -26.082 0.3000000119
19675  -40.872  -30.089  -29.141 0.5000000000
19730  -44.579  -30.557  -34.500 0.1000000015
19731  -46.378  -30.254  -34.003 0.2000000030
19767  -46.616  -30.554  -35.307 0.1000000015
19768  -46.932  -30.196  -35.023 0.1000000015
19810  -45.227  -30.807  -37.759 0.1000000015
19811  -45.836  -30.986  -37.561 0.2000000030
20779  -51.118  -29.069  -16.519 0.1000000015
20788  -50.578  -29.117  -16.865 0.1000000015
20807  -52.977  -29.095  -18.177 0.2000000030
20933  -40.823  -29.274  -28.465 0.4000000060
20978  -41.405  -28.952  -31.971 0.3000000119
20996  -42.192  -29.221  -32.699 0.2000000030
21018  -48.131  -29.348  -33.161 0.1000000015
21027  -45.347  -30.528  -34.354 0.2000000030
21993  -48.461  -28.161  -16.524 0.1000000015
21997  -52.656  -28.461  -16.966 0.2000000030
22012  -52.528  -28.858  -17.328 0.2000000030
22027  -50.900  -28.717  -18.032 0.2000000030
22044  -52.748  -28.397  -19.357 0.3000000119
22057  -53.246  -27.792  -20.078 0.3000000119
22139  -41.762  -27.744  -26.868 0.5000000000
22142  -46.748  -28.273  -27.136 0.4000000060
22157  -40.842  -28.466  -28.099 0.4000000060
22162  -45.341  -28.822  -28.126 0.4000000060
22288  -43.051  -28.055  -35.913 0.1000000015
22289  -43.674  -28.365  -35.550 0.1000000015
22345  -40.454  -28.313  -40.357 0.1000000015
23218  -49.932  -28.428  -17.600 0.1000000015
23233  -48.430  -27.327  -18.154 0.1000000015
23257  -48.878  -27.266  -18.864 0.1000000015
23319  -53.274  -26.492  -22.239 0.3000000119
23351  -51.592  -27.270  -24.382 0.2000000030
23366  -51.635  -27.644  -25.146 0.2000000030
23395  -44.117  -28.212  -27.457 0.6000000238
23462  -42.128  -27.467  -31.531 0.3000000119
23467  -49.330  -27.076  -32.100 0.1000000015
23488  -48.948  -27.691  -32.181 0.1000000015
23489  -49.446  -26.997  -32.538 0.1000000015
23490  -51.702  -26.808  -32.943 0.1000000015
23508  -49.533  -26.896  -32.930 0.1000000015
23520  -43.990  -27.474  -35.159 0.1000000015
23521  -44.506  -27.465  -34.844 0.1000000015
23540  -51.988  -26.974  -33.290 0.1000000015
23555  -43.264  -27.242  -36.039 0.1000000015
23572  -42.473  -27.037  -37.837 0.1000000015
24410  -54.305  -26.315  -13.708 0.1000000015
24427  -55.114  -25.918  -14.035 0.1000000015
24446  -52.765  -26.711  -15.553 0.1000000015
24568  -53.367  -25.805  -21.788 0.3000000119
24569  -53.560  -26.201  -21.837 0.3000000119
24585  -47.291  -26.715  -22.266 0.1000000015
24602  -53.259  -25.873  -23.058 0.3000000119
24618  -50.141  -26.192  -24.878 0.4000000060
24634  -42.467  -26.063  -26.091 0.5000000000
24636  -46.666  -26.166  -25.887 0.5000000000
24655  -41.804  -26.536  -26.636 0.5000000000
24673  -41.432  -26.739  -27.045 0.5000000000
24712  -42.609  -26.193  -30.818 0.1000000015
24736  -48.662  -26.461  -31.891 0.1000000015
24740  -51.999  -26.177  -32.252 0.1000000015
24759  -52.005  -26.380  -32.551 0.1000000015
24800  -43.800  -27.283  -35.328 0.1000000015
24801  -44.074  -26.995  -35.115 0.1000000015
24807  -51.991  -26.724  -33.171 0.1000000015
24825  -45.836  -25.702  -35.401 0.1000000015
24826  -52.063  -27.050  -33.938 0.1000000015
24827  -52.247  -26.670  -33.788 0.1000000015
24828  -52.286  -26.351  -33.828 0.1000000015
24845  -43.494  -26.648  -36.521 0.1000000015
24865  -44.503  -25.852  -37.335 0.1000000015
24881  -44.510  -26.019  -38.093 0.1000000015
25756  -52.883  -26.151  -14.752 0.1000000015
25757  -53.153  -26.020  -14.695 0.1000000015
25758  -54.779  -25.961  -14.270 0.1000000015
25787  -50.902  -25.475  -16.830 0.2000000030
25838  -44.848  -25.350  -18.963 0.1000000015
25872  -48.240  -25.988  -20.207 0.1000000015
25874  -51.934  -24.614  -20.573 0.3000000119
25909  -52.402  -24.841  -22.868 0.3000000119
25911  -53.443  -25.678  -22.312 0.3000000119
25925  -53.293  -25.692  -22.843 0.3000000119
25972  -49.346  -25.998  -24.884 0.4000000060
25974  -51.596  -26.219  -25.199 0.2000000030
25990  -41.039  -25.777  -26.896 0.5000000000
25992  -42.070  -25.947  -26.351 0.4000000060
25996  -46.258  -26.031  -26.126 0.5000000000
26010  -40.908  -25.893  -27.309 0.5000000000
26023  -41.000  -25.215  -28.657 0.4000000060
26079  -50.665  -25.535  -32.168 0.1000000015
26080  -51.700  -25.960  -32.186 0.1000000015
26098  -51.347  -25.916  -32.488 0.1000000015
26099  -52.056  -25.900  -32.468 0.1000000015
26100  -52.126  -26.248  -32.723 0.1000000015
26124  -52.130  -25.972  -33.036 0.1000000015
26125  -52.113  -26.267  -33.037 0.1000000015
26146  -51.715  -26.023  -33.982 0.1000000015
26147  -52.304  -25.766  -33.535 0.1000000015
26148  -52.312  -26.184  -33.679 0.1000000015
26164  -44.632  -25.702  -36.023 0.1000000015
26170  -52.284  -26.500  -34.212 0.1000000015
26171  -52.383  -26.232  -34.015 0.1000000015
26172  -52.604  -26.097  -33.861 0.1000000015
26189  -44.852  -25.601  -36.770 0.1000000015
26217  -45.096  -25.791  -38.620 0.1000000015
27166  -52.960  -25.905  -14.678 0.1000000015
27167  -53.372  -25.661  -14.700 0.1000000015
27254  -51.928  -25.380  -18.641 0.3000000119
27276  -47.892  -23.890  -19.295 0.2000000030
27277  -48.508  -23.918  -19.433 0.2000000030
27308  -51.792  -24.370  -20.976 0.3000000119
27309  -52.144  -24.635  -20.826 0.3000000119
27329  -49.876  -24.156  -21.683 0.3000000119
27449  -40.825  -24.891  -28.044 0.5000000000
27481  -41.848  -24.652  -29.807 0.3000000119
27489  -50.133  -24.599  -30.545 0.1000000015
27490  -50.796  -25.010  -30.858 0.1000000015
27509  -50.118  -24.319  -30.957 0.1000000015
27510  -50.650  -24.816  -31.316 0.1000000015
28667  -49.895  -24.077  -21.923 0.3000000119
28704  -48.986  -23.369  -24.101 0.3000000119
28797  -42.210  -23.590  -29.563 0.2000000030
28844  -49.765  -23.929  -31.193 0.1000000015
28857  -50.364  -24.508  -31.872 0.1000000015
29952  -45.923  -21.541  -20.094 0.3000000119
30000  -42.552  -21.780  -23.917 0.4000000060
30007  -48.919  -23.257  -23.885 0.3000000119
30022  -41.110  -22.381  -24.944 0.4000000060
30023  -41.329  -22.574  -24.875 0.4000000060
30030  -48.275  -23.178  -24.294 0.4000000060
30169  -48.465  -23.227  -32.556 0.1000000015
31247  -44.506  -20.802  -21.913 0.3000000119
31248  -44.917  -20.891  -21.567 0.3000000119
31264  -44.707  -20.929  -22.242 0.3000000119
31306  -41.023  -21.990  -24.896 0.4000000060
31337  -41.494  -21.583  -27.197 0.3000000119
31386  -47.320  -21.475  -30.636 0.1000000015
31403  -46.793  -21.557  -31.327 0.1000000015
31416  -46.019  -20.883  -32.076 0.1000000015
31475  -48.233  -20.767  -37.872 0.1000000015
31476  -48.340  -21.061  -37.293 0.1000000015
32485  -43.642  -19.619  -20.748 0.2000000030
32533  -41.765  -20.150  -23.414 0.4000000060
32537  -45.042  -20.786  -22.904 0.3000000119
32596  -42.026  -20.241  -27.359 0.2000000030
32622  -47.354  -20.512  -30.063 0.1000000015
32668  -46.356  -20.394  -33.100 0.1000000015
32689  -47.219  -19.802  -34.427 0.1000000015
33760  -43.341  -19.232  -20.767 0.2000000030
33762  -44.418  -19.649  -20.219 0.1000000015
33782  -42.834  -19.138  -21.379 0.3000000119
33792  -41.901  -19.038  -22.795 0.3000000119
33856  -42.459  -19.131  -26.738 0.2000000030
33914  -45.660  -19.458  -31.019 0.1000000015
33915  -46.438  -19.660  -30.374 0.1000000015
33983  -48.426  -19.614  -35.777 0.1000000015
35152  -43.846  -18.452  -20.124 0.1000000015
35153  -44.104  -18.484  -19.985 0.1000000015
35155  -45.849  -18.516  -19.844 0.1000000015
35171  -43.571  -18.590  -20.300 0.2000000030
35172  -43.990  -18.860  -20.152 0.1000000015
35173  -45.645  -17.977  -19.978 0.1000000015
35193  -42.540  -18.252  -21.281 0.3000000119
35295  -41.778  -18.475  -25.790 0.2000000030
35308  -42.063  -18.553  -26.325 0.2000000030
35346  -47.222  -19.377  -29.852 0.1000000015
35360  -45.614  -18.704  -30.954 0.1000000015
35363  -47.981  -18.657  -30.039 0.1000000015
35403  -46.604  -18.405  -34.146 0.1000000015
35415  -48.163  -18.327  -35.246 0.1000000015
36689  -44.238  -17.939  -19.904 0.1000000015
36690  -44.694  -17.743  -19.878 0.1000000015
36692  -46.597  -17.960  -20.210 0.1000000015
36710  -43.571  -17.676  -20.326 0.1000000015
36735  -42.446  -17.484  -21.356 0.2000000030
36784  -41.582  -17.633  -23.372 0.2000000030
36807  -41.893  -17.264  -24.080 0.2000000030
36841  -45.120  -16.624  -26.516 0.1000000015
36944  -46.922  -17.441  -34.239 0.1000000015
36945  -47.535  -17.580  -34.524 0.1000000015
36981  -48.195  -17.896  -35.298 0.1000000015
38116  -46.396  -16.847  -20.769 0.1000000015
38133  -43.509  -16.340  -21.095 0.1000000015
38159  -46.739  -15.688  -22.157 0.1000000015
38184  -41.593  -17.054  -23.329 0.2000000030
38231  -43.980  -16.107  -25.835 0.1000000015
38319  -45.545  -17.038  -31.280 0.1000000015
38320  -45.832  -16.203  -31.696 0.1000000015
38391  -46.390  -16.881  -35.103 0.1000000015
39413  -42.752  -15.776  -21.679 0.2000000030
39440  -43.158  -15.089  -22.920 0.1000000015
39513  -43.497  -15.484  -25.388 0.1000000015
39524  -45.105  -15.457  -26.714 0.1000000015
40724  -43.001  -15.574  -21.613 0.1000000015
40725  -43.294  -15.326  -21.611 0.1000000015
40728  -45.627  -14.736  -21.824 0.1000000015
40755  -45.144  -14.150  -22.113 0.1000000015
40798  -49.753  -13.945  -24.055 0.1000000015
40869  -47.821  -14.524  -28.431 0.1000000015
40896  -47.290  -14.692  -30.974 0.1000000015
42077  -49.457  -13.734  -23.965 0.1000000015
42095  -43.097  -13.102  -23.895 0.1000000015
42096  -49.203  -13.162  -24.201 0.1000000015
42098  -50.225  -13.252  -24.438 0.1000000015
42099  -50.673  -13.155  -24.276 0.1000000015
42132  -43.629  -13.481  -25.494 0.1000000015
42182  -47.774  -13.318  -29.204 0.1000000015
42201  -47.324  -14.258  -31.119 0.1000000015
42246  -46.622  -13.872  -33.333 0.1000000015
42285  -46.174  -12.984  -35.427 0.1000000015
43414  -43.541  -13.039  -22.916 0.1000000015
43416  -45.002  -12.578  -22.366 0.1000000015
43433  -43.910  -12.261  -23.615 0.1000000015
43438  -50.155  -12.468  -23.716 0.1000000015
43456  -43.825  -12.168  -23.989 0.1000000015
43457  -48.978  -13.020  -24.120 0.1000000015
43539  -48.854  -12.077  -30.169 0.1000000015
44770  -44.717  -12.213  -22.722 0.1000000015
44788  -45.387  -11.400  -23.366 0.1000000015
44804  -43.794  -12.121  -24.327 0.1000000015
44817  -43.760  -12.084  -24.603 0.1000000015
44821  -44.277  -11.514  -25.728 0.1000000015
44865  -48.041  -11.853  -29.272 0.1000000015
44867  -49.263  -11.282  -29.906 0.1000000015
44946  -47.808  -11.025  -33.667 0.1000000015
44961  -45.566  -11.399  -35.168 0.1000000015
44973  -46.058  -11.906  -35.856 0.1000000015
44985  -46.628  -11.177  -36.261 0.1000000015
44986  -46.613  -11.373  -36.255 0.1000000015
46081  -44.651  -11.313  -23.714 0.1000000015
46082  -45.056  -10.908  -23.866 0.1000000015
46083  -46.645  -11.039  -23.796 0.1000000015
46097  -46.251  -10.486  -24.294 0.1000000015
46110  -45.756  -10.150  -25.686 0.1000000015
46196  -50.123  -11.232  -30.433 0.1000000015
46232  -48.875  -10.601  -33.345 0.1000000015
46266  -45.783  -11.402  -35.866 0.1000000015
46269  -48.255  -10.454  -35.353 0.1000000015
46284  -45.937  -11.685  -36.225 0.1000000015
46287  -47.505  -10.463  -36.073 0.1000000015
47361  -45.717  -9.845  -25.136 0.1000000015
47413  -48.245  -9.858  -28.711 0.1000000015
47414  -48.853  -9.779  -29.271 0.1000000015
47438  -49.000  -10.110  -29.484 0.1000000015
47517  -48.559  -10.141  -35.816 0.1000000015
47546  -48.024  -10.026  -36.737 0.1000000015
48748  -48.948  -8.431  -38.201 0.1000000015
49928  -48.615  -7.025  -37.420 0.1000000015
49941  -48.715  -7.703  -37.810 0.1000000015
51194  -49.593  -7.273  -38.238 0.1000000015
147469  -52.138  -27.255  -33.462 0.1000000015
147606  -48.813  -9.601  -37.091 0.1000000015
