#!ascii label  , from subject 3530 vox2ras=TkReg
1645
60544  -43.131  -36.902  45.500 0.0000000000
82729  -55.151  -17.604  41.429 0.0000000000
70124  -50.557  -28.572  41.349 0.0000000000
34004  -17.282  -58.730  65.779 0.0000000000
59243  -39.949  -37.046  50.584 0.0000000000
40717  -30.104  -53.705  64.217 0.0000000000
44436  -39.535  -50.586  60.712 0.0000000000
52700  -43.581  -44.150  55.042 0.0000000000
53819  -47.328  -41.487  53.525 0.0000000000
42094  -23.110  -52.738  61.115 0.0000000000
40684  -25.895  -53.339  65.648 0.0000000000
43323  -26.204  -51.500  59.996 0.0000000000
45622  -34.711  -49.368  56.672 0.0000000000
49221  -39.531  -46.961  56.287 0.0000000000
60426  -47.229  -37.133  51.692 0.0000000000
60489  -51.150  -36.909  48.278 0.0000000000
75745  -54.331  -23.401  40.992 0.0000000000
65362  -46.755  -32.844  44.081 0.0000000000
78157  -53.424  -21.081  36.846 0.0000000000
33966  -13.385  -58.891  68.600 0.0000000000
60342  -45.984  -36.494  55.099 0.0000000000
61744  -40.822  -35.915  49.030 0.0000000000
43393  -30.024  -51.958  57.693 0.0000000000
39381  -35.389  -54.799  61.708 0.0000000000
66409  -52.327  -31.035  47.724 0.0000000000
83967  -61.461  -16.200  32.199 0.0000000000
51636  -40.953  -44.236  52.833 0.0000000000
53837  -42.543  -42.894  52.295 0.0000000000
43304  -24.007  -51.400  61.172 0.0000000000
49270  -36.089  -46.476  54.457 0.0000000000
50482  -38.774  -45.643  53.309 0.0000000000
50445  -41.481  -46.183  55.828 0.0000000000
59270  -45.706  -38.113  49.220 0.0000000000
59250  -49.462  -38.582  50.450 0.0000000000
60502  -47.534  -37.198  46.911 0.0000000000
80422  -54.287  -20.083  41.856 0.0000000000
76960  -57.293  -22.522  42.042 0.0000000000
82732  -57.853  -17.719  41.331 0.0000000000
36627  -14.483  -56.186  64.744 0.0000000000
35280  -15.213  -58.297  67.040 0.0000000000
58097  -43.857  -38.823  51.774 0.0000000000
58062  -46.529  -38.724  53.820 0.0000000000
59203  -42.775  -36.954  52.627 0.0000000000
61702  -42.951  -35.351  52.012 0.0000000000
62986  -40.078  -35.122  50.994 0.0000000000
42028  -28.361  -53.466  65.008 0.0000000000
40663  -28.016  -53.862  67.569 0.0000000000
40677  -30.271  -54.004  66.679 0.0000000000
39284  -33.029  -54.951  66.479 0.0000000000
44479  -28.010  -51.060  56.785 0.0000000000
44519  -29.778  -50.635  55.394 0.0000000000
44467  -36.891  -50.714  58.906 0.0000000000
43344  -35.179  -52.398  59.110 0.0000000000
42102  -37.193  -52.445  61.462 0.0000000000
40722  -36.611  -53.645  63.771 0.0000000000
36668  -20.468  -56.863  62.044 0.0000000000
34018  -22.139  -58.483  64.078 0.0000000000
32709  -23.266  -60.292  65.832 0.0000000000
67567  -48.711  -30.637  42.850 0.0000000000
66430  -49.807  -32.059  45.938 0.0000000000
67539  -51.288  -30.117  45.119 0.0000000000
85115  -63.095  -15.284  30.928 0.0000000000
32671  -18.198  -59.945  68.676 0.0000000000
52664  -45.118  -43.359  57.952 0.0000000000
53741  -47.633  -42.703  57.338 0.0000000000
53783  -45.372  -42.942  54.771 0.0000000000
54878  -43.798  -40.919  51.094 0.0000000000
39331  -22.874  -54.899  63.408 0.0000000000
39294  -23.764  -54.603  65.893 0.0000000000
42057  -24.160  -52.759  63.245 0.0000000000
42078  -26.245  -52.040  62.582 0.0000000000
42080  -28.519  -52.818  62.301 0.0000000000
45660  -32.136  -48.990  54.659 0.0000000000
48022  -33.902  -48.058  55.067 0.0000000000
48004  -36.536  -47.939  56.411 0.0000000000
46773  -39.479  -48.881  58.400 0.0000000000
49192  -41.632  -46.976  58.005 0.0000000000
51554  -43.510  -45.619  58.257 0.0000000000
40765  -21.963  -53.972  59.813 0.0000000000
61662  -49.482  -35.399  55.110 0.0000000000
60331  -53.241  -36.338  56.560 0.0000000000
60382  -52.263  -36.068  53.545 0.0000000000
59230  -53.281  -37.654  51.376 0.0000000000
72380  -52.694  -26.728  40.892 0.0000000000
70101  -53.716  -28.314  43.677 0.0000000000
72363  -56.295  -26.271  42.796 0.0000000000
31278  -10.640  -60.106  73.446 0.0000000000
63101  -44.492  -34.733  44.298 0.0000000000
67594  -45.425  -30.290  41.124 0.0000000000
73503  -48.293  -25.542  40.909 0.0000000000
74629  -50.417  -24.207  40.613 0.0000000000
78123  -51.058  -21.239  40.186 0.0000000000
80438  -52.553  -19.231  39.809 0.0000000000
80456  -53.980  -19.806  38.995 0.0000000000
79307  -50.877  -20.255  37.450 0.0000000000
32659  -16.424  -59.699  69.816 0.0000000000
32649  -14.702  -59.611  71.081 0.0000000000
32625  -12.585  -59.768  73.384 0.0000000000
57999  -49.341  -38.460  58.078 0.0000000000
55830  -48.668  -40.455  56.475 0.0000000000
59133  -47.375  -37.942  57.000 0.0000000000
61619  -48.048  -36.165  56.996 0.0000000000
61684  -46.081  -36.009  53.705 0.0000000000
60443  -44.443  -36.738  50.599 0.0000000000
59313  -41.978  -37.496  47.498 0.0000000000
40650  -25.539  -54.486  68.141 0.0000000000
43340  -28.117  -51.850  59.384 0.0000000000
42117  -30.544  -53.181  60.669 0.0000000000
44481  -32.738  -51.185  56.989 0.0000000000
40791  -32.930  -53.818  59.533 0.0000000000
39338  -32.739  -54.878  62.873 0.0000000000
39321  -35.115  -54.990  64.768 0.0000000000
36647  -16.395  -56.547  63.528 0.0000000000
35353  -18.212  -57.242  62.725 0.0000000000
34016  -18.982  -59.150  64.285 0.0000000000
63066  -48.260  -34.731  46.656 0.0000000000
64218  -50.850  -34.083  48.111 0.0000000000
64210  -53.739  -33.391  49.827 0.0000000000
68782  -54.257  -29.308  47.033 0.0000000000
80458  -57.437  -19.688  38.781 0.0000000000
80478  -59.377  -19.226  36.987 0.0000000000
82765  -61.045  -16.744  36.067 0.0000000000
81657  -60.322  -17.715  33.235 0.0000000000
83914  -63.095  -15.443  34.965 0.0000000000
51635  -39.850  -44.489  52.349 0.0000000000
52738  -40.478  -43.894  52.074 0.0000000000
52767  -38.708  -43.300  50.462 0.0000000000
50508  -37.019  -45.526  52.451 0.0000000000
51634  -38.694  -44.945  52.332 0.0000000000
51608  -39.435  -45.153  53.000 0.0000000000
59317  -45.094  -37.974  47.437 0.0000000000
59294  -46.556  -38.491  48.348 0.0000000000
60523  -45.351  -36.999  46.192 0.0000000000
81540  -54.358  -18.728  42.014 0.0000000000
80413  -55.812  -19.624  42.467 0.0000000000
81529  -55.964  -18.314  42.988 0.0000000000
82711  -57.356  -17.355  42.930 0.0000000000
82731  -56.824  -17.551  41.411 0.0000000000
36614  -15.550  -56.964  64.966 0.0000000000
35303  -15.221  -57.237  65.616 0.0000000000
35292  -16.171  -58.198  66.154 0.0000000000
58095  -42.232  -38.239  51.168 0.0000000000
58082  -43.296  -38.067  52.197 0.0000000000
59223  -41.651  -37.189  51.761 0.0000000000
60398  -41.010  -35.621  51.985 0.0000000000
60420  -39.623  -35.794  50.992 0.0000000000
36600  -22.899  -56.881  66.436 0.0000000000
42044  -29.060  -53.477  64.424 0.0000000000
40687  -28.810  -53.681  65.722 0.0000000000
40689  -30.417  -53.987  65.633 0.0000000000
39283  -31.821  -54.627  66.599 0.0000000000
40705  -31.378  -54.348  64.367 0.0000000000
44451  -38.282  -50.696  59.906 0.0000000000
43346  -36.819  -51.655  59.846 0.0000000000
43329  -37.974  -51.404  61.023 0.0000000000
43290  -38.129  -51.748  62.830 0.0000000000
36631  -22.533  -56.620  64.336 0.0000000000
35306  -22.598  -57.603  64.709 0.0000000000
33993  -23.006  -58.697  66.083 0.0000000000
58032  -49.695  -38.399  55.363 0.0000000000
68841  -49.560  -29.733  42.131 0.0000000000
67553  -50.415  -30.291  43.981 0.0000000000
68829  -51.479  -29.337  43.263 0.0000000000
52693  -44.525  -43.785  56.292 0.0000000000
53739  -45.682  -42.894  56.434 0.0000000000
52702  -44.833  -43.184  55.064 0.0000000000
53838  -43.787  -42.310  52.164 0.0000000000
54893  -42.689  -40.973  50.442 0.0000000000
55899  -43.183  -40.270  50.633 0.0000000000
40745  -22.908  -53.690  61.762 0.0000000000
40731  -23.353  -53.587  62.802 0.0000000000
40746  -23.391  -52.912  61.916 0.0000000000
43322  -25.171  -51.127  60.524 0.0000000000
43286  -25.041  -51.772  62.279 0.0000000000
43306  -25.826  -51.545  61.152 0.0000000000
42079  -27.363  -52.376  62.107 0.0000000000
43289  -27.162  -52.058  61.369 0.0000000000
48074  -32.463  -47.359  53.872 0.0000000000
49244  -37.352  -46.858  55.518 0.0000000000
49243  -36.372  -46.887  55.328 0.0000000000
48026  -37.434  -47.197  56.075 0.0000000000
46788  -38.209  -48.640  57.688 0.0000000000
47992  -39.627  -48.040  57.669 0.0000000000
47979  -40.479  -48.090  58.246 0.0000000000
48008  -40.439  -47.049  57.062 0.0000000000
51591  -42.958  -45.202  55.640 0.0000000000
50428  -43.108  -45.580  56.984 0.0000000000
51584  -43.537  -45.058  56.552 0.0000000000
52663  -44.638  -44.141  58.246 0.0000000000
40766  -22.515  -53.535  60.382 0.0000000000
60379  -48.852  -36.221  53.145 0.0000000000
61688  -50.293  -35.548  54.010 0.0000000000
60405  -49.597  -36.684  52.422 0.0000000000
58113  -50.287  -38.546  49.364 0.0000000000
59228  -51.062  -37.971  51.112 0.0000000000
59252  -51.829  -37.977  50.273 0.0000000000
59254  -53.827  -37.406  50.493 0.0000000000
60467  -52.366  -36.787  49.067 0.0000000000
73516  -53.827  -25.028  40.605 0.0000000000
73509  -54.634  -25.949  41.141 0.0000000000
74633  -55.247  -24.811  40.978 0.0000000000
76940  -58.789  -22.157  44.348 0.0000000000
74608  -49.794  -24.877  40.817 0.0000000000
75761  -47.988  -23.587  39.888 0.0000000000
78133  -49.295  -21.368  39.606 0.0000000000
78134  -49.976  -20.742  39.619 0.0000000000
79283  -51.445  -20.080  40.219 0.0000000000
80436  -50.278  -20.059  38.735 0.0000000000
80454  -51.880  -19.859  38.774 0.0000000000
35278  -13.561  -57.816  67.045 0.0000000000
33965  -12.174  -58.429  68.417 0.0000000000
31313  -18.746  -60.520  69.556 0.0000000000
32670  -17.370  -59.672  68.783 0.0000000000
32653  -17.873  -60.263  70.495 0.0000000000
32634  -16.251  -60.407  71.952 0.0000000000
31296  -14.855  -60.562  72.595 0.0000000000
32639  -13.763  -59.617  72.238 0.0000000000
31288  -13.964  -60.614  72.866 0.0000000000
31286  -12.481  -60.994  73.338 0.0000000000
53786  -47.995  -42.430  55.731 0.0000000000
53768  -48.286  -42.465  56.601 0.0000000000
55848  -47.869  -40.504  54.628 0.0000000000
59168  -46.388  -37.710  55.172 0.0000000000
58030  -47.057  -38.148  55.888 0.0000000000
59151  -46.591  -37.129  55.803 0.0000000000
60310  -47.443  -37.126  57.180 0.0000000000
60343  -46.634  -36.597  55.653 0.0000000000
61643  -47.515  -36.071  55.596 0.0000000000
61641  -45.820  -36.258  54.797 0.0000000000
62989  -42.132  -35.465  50.728 0.0000000000
61715  -43.989  -36.045  51.513 0.0000000000
61747  -42.773  -36.526  49.790 0.0000000000
60485  -43.158  -37.465  48.926 0.0000000000
60483  -41.567  -36.999  48.351 0.0000000000
40683  -24.906  -53.662  65.920 0.0000000000
40671  -24.738  -54.161  66.831 0.0000000000
40672  -25.589  -53.752  66.717 0.0000000000
43414  -29.095  -51.340  56.701 0.0000000000
43391  -27.614  -51.203  57.588 0.0000000000
43366  -28.967  -51.825  58.568 0.0000000000
42116  -29.376  -52.555  60.336 0.0000000000
42134  -30.300  -52.630  59.369 0.0000000000
45621  -33.486  -49.712  56.158 0.0000000000
44522  -32.363  -50.124  55.793 0.0000000000
45606  -33.591  -50.245  56.703 0.0000000000
40794  -35.350  -53.873  60.075 0.0000000000
42162  -34.064  -52.817  58.609 0.0000000000
40770  -34.123  -54.367  60.151 0.0000000000
40749  -32.626  -54.416  61.048 0.0000000000
39357  -33.721  -55.165  62.160 0.0000000000
39339  -33.868  -55.320  63.281 0.0000000000
39340  -34.894  -55.220  63.627 0.0000000000
46731  -43.068  -48.735  61.064 0.0000000000
36667  -19.570  -56.877  61.978 0.0000000000
35341  -19.666  -58.064  63.083 0.0000000000
35340  -18.561  -58.014  63.422 0.0000000000
30115  -23.388  -61.663  66.386 0.0000000000
64282  -45.190  -33.774  44.073 0.0000000000
63085  -46.491  -34.837  45.432 0.0000000000
64268  -47.259  -33.820  45.429 0.0000000000
66407  -50.806  -31.985  47.063 0.0000000000
64232  -50.243  -33.410  47.597 0.0000000000
65302  -51.723  -32.488  48.346 0.0000000000
64209  -52.817  -33.852  49.277 0.0000000000
65290  -52.888  -32.643  49.336 0.0000000000
71257  -55.098  -28.057  45.027 0.0000000000
70076  -53.930  -28.737  45.516 0.0000000000
71235  -55.851  -28.220  46.471 0.0000000000
78140  -53.798  -21.205  38.045 0.0000000000
79297  -56.168  -20.112  39.023 0.0000000000
78149  -55.060  -21.401  37.254 0.0000000000
79336  -57.682  -20.666  36.461 0.0000000000
79352  -59.134  -19.994  35.840 0.0000000000
81605  -60.476  -17.636  36.463 0.0000000000
80492  -60.046  -18.880  35.371 0.0000000000
82839  -60.050  -16.866  31.728 0.0000000000
82822  -58.835  -17.314  32.469 0.0000000000
82803  -60.685  -17.068  32.992 0.0000000000
83912  -61.252  -16.378  34.299 0.0000000000
85076  -62.204  -15.525  33.549 0.0000000000
85077  -62.951  -15.372  33.226 0.0000000000
83969  -64.377  -15.809  31.488 0.0000000000
51611  -42.363  -44.313  53.938 0.0000000000
52719  -43.419  -43.409  53.650 0.0000000000
52739  -41.653  -43.626  52.479 0.0000000000
53852  -41.627  -42.673  51.216 0.0000000000
42114  -23.285  -52.081  60.870 0.0000000000
50480  -36.456  -45.974  53.553 0.0000000000
50457  -37.308  -46.247  54.103 0.0000000000
49273  -38.738  -46.455  54.826 0.0000000000
49247  -40.131  -46.549  55.611 0.0000000000
50460  -40.568  -45.900  54.684 0.0000000000
51600  -41.361  -45.225  54.189 0.0000000000
59247  -46.739  -38.082  50.327 0.0000000000
59226  -48.866  -37.969  51.178 0.0000000000
58110  -48.069  -38.782  49.879 0.0000000000
58142  -48.867  -38.654  48.420 0.0000000000
59297  -49.194  -37.902  47.916 0.0000000000
78112  -54.314  -21.583  41.551 0.0000000000
76973  -55.936  -22.582  41.202 0.0000000000
78114  -56.430  -21.846  41.550 0.0000000000
78092  -57.923  -21.426  42.747 0.0000000000
81564  -58.902  -18.076  40.279 0.0000000000
35290  -14.289  -57.305  66.172 0.0000000000
33977  -14.041  -58.527  67.761 0.0000000000
55870  -45.890  -40.183  52.066 0.0000000000
56922  -47.341  -39.675  53.788 0.0000000000
58085  -45.554  -38.728  52.986 0.0000000000
58059  -44.381  -37.801  53.171 0.0000000000
59166  -44.755  -36.576  54.120 0.0000000000
60375  -44.287  -36.038  53.755 0.0000000000
60373  -42.611  -36.015  52.928 0.0000000000
62978  -41.363  -35.194  51.628 0.0000000000
62999  -40.474  -35.198  50.293 0.0000000000
40685  -26.984  -53.418  65.751 0.0000000000
40673  -26.538  -53.629  66.647 0.0000000000
40675  -28.425  -53.754  66.674 0.0000000000
40664  -29.002  -53.962  67.694 0.0000000000
39273  -32.525  -55.093  67.582 0.0000000000
44518  -28.836  -50.586  55.421 0.0000000000
43416  -30.659  -51.600  56.686 0.0000000000
45608  -35.530  -49.853  57.460 0.0000000000
44483  -34.489  -50.909  57.775 0.0000000000
44466  -36.117  -51.160  58.726 0.0000000000
42140  -35.978  -52.754  60.061 0.0000000000
40751  -36.536  -53.579  61.567 0.0000000000
40735  -36.076  -54.184  63.268 0.0000000000
42065  -36.947  -52.937  63.136 0.0000000000
37974  -20.874  -55.769  61.248 0.0000000000
36669  -21.419  -56.513  62.270 0.0000000000
34017  -21.628  -58.862  63.870 0.0000000000
31364  -22.177  -60.188  64.775 0.0000000000
32717  -22.467  -59.425  64.692 0.0000000000
66466  -47.396  -31.874  43.374 0.0000000000
65364  -48.097  -32.522  44.672 0.0000000000
66456  -49.196  -31.331  44.112 0.0000000000
66445  -50.285  -31.239  45.353 0.0000000000
67520  -51.825  -30.194  46.059 0.0000000000
81603  -52.708  -18.607  36.173 0.0000000000
78159  -55.309  -21.090  36.424 0.0000000000
80487  -53.931  -19.160  35.802 0.0000000000
85093  -60.048  -16.110  31.129 0.0000000000
85095  -63.053  -15.366  32.151 0.0000000000
86221  -60.686  -14.913  30.569 0.0000000000
86222  -61.892  -14.699  30.038 0.0000000000
32704  -17.987  -59.293  66.004 0.0000000000
32694  -17.742  -59.366  66.732 0.0000000000
53720  -47.730  -42.507  58.554 0.0000000000
53719  -46.675  -42.607  58.060 0.0000000000
53766  -46.447  -42.836  55.818 0.0000000000
53802  -46.531  -42.521  54.000 0.0000000000
52720  -44.063  -42.994  53.650 0.0000000000
53839  -44.924  -42.008  52.353 0.0000000000
53840  -45.660  -41.643  52.361 0.0000000000
55883  -44.309  -40.218  51.277 0.0000000000
58109  -42.624  -38.856  50.767 0.0000000000
37920  -22.665  -55.727  63.866 0.0000000000
37905  -23.205  -55.311  65.727 0.0000000000
39313  -23.626  -54.397  64.734 0.0000000000
40715  -23.970  -53.509  64.119 0.0000000000
40716  -24.659  -52.904  63.937 0.0000000000
42096  -24.172  -51.996  62.049 0.0000000000
42058  -24.954  -52.390  63.373 0.0000000000
42041  -26.245  -52.683  64.088 0.0000000000
42042  -27.160  -52.839  64.115 0.0000000000
42061  -27.761  -52.822  63.214 0.0000000000
42081  -29.479  -53.141  62.519 0.0000000000
46838  -33.104  -48.404  54.882 0.0000000000
46800  -34.370  -48.824  56.056 0.0000000000
49241  -34.704  -46.887  54.763 0.0000000000
48024  -35.713  -47.657  55.851 0.0000000000
46785  -35.746  -48.985  56.970 0.0000000000
45609  -36.866  -49.535  57.787 0.0000000000
46771  -37.878  -49.136  57.981 0.0000000000
45578  -39.908  -49.977  59.632 0.0000000000
45564  -40.887  -50.155  60.820 0.0000000000
46755  -40.643  -49.128  59.135 0.0000000000
46757  -42.186  -48.401  59.601 0.0000000000
47969  -42.536  -47.607  59.547 0.0000000000
49224  -41.701  -46.480  56.979 0.0000000000
50391  -42.600  -46.471  58.407 0.0000000000
50376  -43.425  -46.065  59.439 0.0000000000
51535  -44.528  -44.899  59.811 0.0000000000
37975  -21.689  -55.383  61.392 0.0000000000
62924  -50.095  -35.201  56.713 0.0000000000
62943  -51.386  -34.949  56.290 0.0000000000
61665  -52.581  -35.179  55.229 0.0000000000
60383  -53.559  -36.074  54.178 0.0000000000
60429  -50.313  -37.390  51.828 0.0000000000
60408  -53.055  -36.796  53.004 0.0000000000
71294  -52.061  -27.641  41.107 0.0000000000
70111  -52.833  -28.455  42.421 0.0000000000
71296  -53.789  -27.639  41.787 0.0000000000
71281  -55.261  -27.325  42.853 0.0000000000
71259  -56.742  -26.935  44.565 0.0000000000
74597  -57.015  -24.234  42.676 0.0000000000
73475  -57.665  -25.431  44.012 0.0000000000
61837  -42.633  -36.018  44.317 0.0000000000
61815  -44.544  -35.895  45.062 0.0000000000
63100  -43.307  -35.087  44.027 0.0000000000
64296  -44.321  -33.680  43.275 0.0000000000
65373  -44.887  -32.842  42.876 0.0000000000
66482  -46.217  -31.657  42.503 0.0000000000
67580  -46.688  -30.740  41.959 0.0000000000
68856  -48.321  -29.513  41.321 0.0000000000
70122  -48.636  -28.577  40.895 0.0000000000
71292  -50.110  -27.585  40.868 0.0000000000
72378  -50.650  -26.625  40.799 0.0000000000
74609  -50.682  -24.820  40.868 0.0000000000
75743  -52.156  -23.553  40.926 0.0000000000
75775  -48.985  -22.496  39.640 0.0000000000
76984  -50.679  -22.351  40.056 0.0000000000
76970  -52.675  -22.313  41.055 0.0000000000
79273  -52.896  -20.375  41.083 0.0000000000
80420  -53.171  -19.302  41.117 0.0000000000
81573  -53.589  -18.549  40.414 0.0000000000
81574  -54.412  -18.282  40.215 0.0000000000
80439  -53.633  -18.955  39.631 0.0000000000
79309  -52.448  -20.503  38.248 0.0000000000
79330  -51.619  -20.058  36.614 0.0000000000
81602  -51.828  -18.592  36.345 0.0000000000
33980  -16.694  -59.007  67.402 0.0000000000
33968  -15.692  -59.162  68.368 0.0000000000
33967  -14.682  -59.136  68.716 0.0000000000
32643  -17.079  -60.259  71.206 0.0000000000
32650  -15.573  -59.700  70.844 0.0000000000
33957  -13.964  -59.346  69.464 0.0000000000
32655  -13.115  -59.447  70.847 0.0000000000
33946  -12.235  -59.233  72.039 0.0000000000
33940  -11.507  -58.850  72.511 0.0000000000
32620  -11.626  -59.846  73.644 0.0000000000
59134  -49.396  -37.241  56.649 0.0000000000
55812  -49.479  -40.738  57.975 0.0000000000
56901  -47.892  -39.684  55.235 0.0000000000
56879  -48.311  -39.292  57.038 0.0000000000
59111  -48.473  -38.192  58.026 0.0000000000
59123  -48.969  -37.485  57.460 0.0000000000
61621  -49.589  -35.792  56.864 0.0000000000
61644  -48.450  -35.755  55.801 0.0000000000
61686  -48.081  -36.097  53.994 0.0000000000
60377  -46.809  -36.350  53.157 0.0000000000
61683  -45.177  -35.939  53.588 0.0000000000
60401  -45.443  -36.376  52.253 0.0000000000
60425  -46.488  -37.010  51.484 0.0000000000
60465  -45.121  -37.388  49.880 0.0000000000
59291  -43.681  -37.847  48.289 0.0000000000
60520  -42.600  -37.366  46.189 0.0000000000
60440  -38.501  -35.989  50.433 0.0000000000
62997  -38.595  -35.051  50.214 0.0000000000
63013  -38.512  -35.030  49.534 0.0000000000
63034  -39.099  -35.677  48.630 0.0000000000
60481  -40.204  -36.654  47.860 0.0000000000
60517  -39.510  -36.809  46.179 0.0000000000
60542  -41.160  -36.860  45.522 0.0000000000
60565  -41.667  -36.636  44.732 0.0000000000
40652  -26.780  -54.400  68.313 0.0000000000
44448  -25.793  -50.961  58.983 0.0000000000
43364  -26.841  -51.153  58.303 0.0000000000
43324  -27.307  -51.891  60.099 0.0000000000
43325  -28.251  -52.183  60.338 0.0000000000
42099  -29.417  -52.858  61.476 0.0000000000
42082  -30.264  -53.455  62.609 0.0000000000
45639  -31.296  -49.863  55.006 0.0000000000
44501  -31.274  -50.971  56.121 0.0000000000
43368  -31.626  -52.208  57.589 0.0000000000
43371  -34.114  -52.015  58.207 0.0000000000
42160  -32.383  -52.842  58.383 0.0000000000
42159  -31.320  -52.629  58.252 0.0000000000
42118  -31.390  -53.492  60.311 0.0000000000
40733  -31.604  -53.994  62.352 0.0000000000
40719  -31.512  -54.256  63.279 0.0000000000
39318  -32.148  -54.708  63.839 0.0000000000
39299  -33.552  -55.063  65.401 0.0000000000
36629  -16.079  -56.901  64.327 0.0000000000
35321  -16.659  -57.442  64.430 0.0000000000
37971  -17.953  -55.631  61.477 0.0000000000
37951  -16.997  -55.753  62.328 0.0000000000
35352  -17.695  -57.100  62.865 0.0000000000
35322  -17.461  -57.880  64.218 0.0000000000
34014  -17.605  -58.576  64.993 0.0000000000
32706  -19.493  -60.125  65.447 0.0000000000
31352  -21.843  -60.847  65.211 0.0000000000
61816  -45.732  -36.013  45.579 0.0000000000
63049  -48.078  -35.979  46.641 0.0000000000
61780  -49.404  -36.189  47.315 0.0000000000
64247  -49.068  -33.148  46.622 0.0000000000
63052  -50.082  -34.286  47.687 0.0000000000
61769  -51.356  -35.987  48.199 0.0000000000
63017  -52.402  -35.279  48.770 0.0000000000
68815  -52.344  -29.164  44.421 0.0000000000
68780  -52.769  -29.673  46.290 0.0000000000
67495  -52.870  -30.274  47.287 0.0000000000
81576  -56.439  -18.594  40.032 0.0000000000
81577  -57.424  -18.673  39.919 0.0000000000
81587  -58.911  -18.619  39.037 0.0000000000
79323  -56.590  -21.028  37.201 0.0000000000
80467  -58.433  -19.459  37.975 0.0000000000
81588  -59.675  -18.229  38.602 0.0000000000
82749  -60.891  -17.066  38.267 0.0000000000
83880  -61.469  -16.673  37.335 0.0000000000
80517  -59.249  -18.959  33.910 0.0000000000
82773  -60.916  -16.925  34.895 0.0000000000
83901  -61.861  -15.773  35.421 0.0000000000
83951  -64.176  -15.781  32.591 0.0000000000
51653  -39.063  -44.296  51.671 0.0000000000
51654  -39.632  -44.140  51.768 0.0000000000
51633  -37.640  -45.048  52.060 0.0000000000
51652  -37.967  -44.414  51.432 0.0000000000
60521  -43.510  -37.349  46.118 0.0000000000
59336  -44.750  -37.704  46.715 0.0000000000
60522  -44.395  -37.219  46.136 0.0000000000
82708  -54.781  -18.065  42.161 0.0000000000
81541  -55.347  -18.578  42.570 0.0000000000
82709  -55.562  -17.832  42.442 0.0000000000
82710  -56.390  -17.523  42.703 0.0000000000
82719  -55.681  -17.501  42.021 0.0000000000
82720  -56.556  -17.412  42.191 0.0000000000
82730  -55.851  -17.512  41.445 0.0000000000
35304  -16.370  -57.803  65.305 0.0000000000
34003  -16.599  -58.457  66.139 0.0000000000
59244  -40.947  -37.473  50.714 0.0000000000
59222  -40.657  -36.714  51.294 0.0000000000
60422  -41.032  -36.458  51.838 0.0000000000
59221  -39.993  -36.325  51.055 0.0000000000
37889  -22.946  -55.994  66.028 0.0000000000
42045  -29.676  -53.610  64.253 0.0000000000
40703  -29.804  -53.753  64.874 0.0000000000
40704  -30.601  -53.958  64.714 0.0000000000
40690  -31.226  -54.354  65.469 0.0000000000
44452  -39.006  -50.493  60.055 0.0000000000
44434  -37.903  -51.148  60.372 0.0000000000
44435  -38.594  -50.903  60.767 0.0000000000
44421  -39.119  -50.884  61.576 0.0000000000
35293  -22.845  -57.733  65.748 0.0000000000
68842  -50.433  -29.388  42.155 0.0000000000
68828  -50.629  -29.720  43.125 0.0000000000
68843  -51.089  -29.263  42.547 0.0000000000
51593  -44.084  -44.084  55.916 0.0000000000
52701  -44.132  -43.775  55.324 0.0000000000
54891  -41.012  -41.555  49.844 0.0000000000
54876  -42.289  -41.737  50.665 0.0000000000
43288  -26.493  -51.894  61.707 0.0000000000
43307  -26.743  -51.838  60.864 0.0000000000
49245  -38.248  -46.778  55.477 0.0000000000
49219  -37.852  -47.039  56.032 0.0000000000
49220  -38.576  -47.074  56.163 0.0000000000
48006  -39.006  -47.566  56.810 0.0000000000
48007  -39.954  -47.303  56.980 0.0000000000
51592  -43.567  -44.486  55.542 0.0000000000
51585  -44.102  -44.336  56.489 0.0000000000
60404  -48.541  -36.691  52.395 0.0000000000
59299  -50.823  -37.613  48.457 0.0000000000
59274  -51.563  -37.675  49.068 0.0000000000
59275  -52.557  -37.569  49.696 0.0000000000
60466  -51.778  -36.698  48.529 0.0000000000
75766  -53.997  -24.061  40.737 0.0000000000
74632  -54.781  -24.948  40.794 0.0000000000
75767  -54.653  -24.182  40.713 0.0000000000
75709  -59.326  -23.464  45.109 0.0000000000
74627  -48.461  -24.229  40.368 0.0000000000
79294  -50.404  -20.205  39.420 0.0000000000
80435  -49.745  -20.008  38.483 0.0000000000
80452  -50.082  -19.980  37.920 0.0000000000
33976  -12.961  -58.226  67.778 0.0000000000
33975  -12.370  -58.025  67.805 0.0000000000
31306  -18.534  -60.635  70.437 0.0000000000
31303  -18.802  -61.021  70.896 0.0000000000
31295  -14.288  -60.333  72.794 0.0000000000
30022  -13.566  -61.193  72.783 0.0000000000
53803  -47.365  -42.005  54.091 0.0000000000
54812  -48.051  -41.629  55.061 0.0000000000
54824  -47.635  -41.205  54.037 0.0000000000
59167  -45.626  -37.078  54.824 0.0000000000
59150  -46.166  -36.781  55.378 0.0000000000
61642  -46.580  -36.277  55.280 0.0000000000
63001  -41.954  -35.685  50.196 0.0000000000
61728  -42.422  -35.953  50.120 0.0000000000
61745  -41.507  -35.979  49.289 0.0000000000
61766  -41.744  -36.619  48.906 0.0000000000
61765  -41.155  -36.439  48.697 0.0000000000
43392  -28.752  -51.474  57.381 0.0000000000
43367  -29.767  -52.212  58.835 0.0000000000
42158  -30.440  -52.396  58.374 0.0000000000
45607  -34.174  -50.095  57.032 0.0000000000
40771  -35.008  -54.378  60.282 0.0000000000
40793  -34.762  -53.847  59.771 0.0000000000
39410  -34.341  -54.712  60.775 0.0000000000
39379  -33.709  -54.853  61.311 0.0000000000
39380  -34.499  -54.961  61.536 0.0000000000
39358  -34.692  -55.222  62.489 0.0000000000
46732  -43.564  -48.105  61.369 0.0000000000
32715  -20.710  -59.929  64.411 0.0000000000
65361  -45.939  -33.075  43.794 0.0000000000
64283  -46.359  -33.670  44.624 0.0000000000
64284  -47.130  -33.120  44.701 0.0000000000
66408  -51.451  -31.761  47.487 0.0000000000
65317  -51.164  -32.415  47.824 0.0000000000
66383  -51.797  -31.953  48.179 0.0000000000
65303  -52.286  -32.460  48.819 0.0000000000
66384  -52.413  -31.746  48.536 0.0000000000
71249  -56.785  -27.399  45.575 0.0000000000
71248  -55.627  -28.102  45.837 0.0000000000
78148  -54.050  -21.333  37.359 0.0000000000
78141  -54.581  -21.302  37.955 0.0000000000
79365  -58.853  -20.129  35.325 0.0000000000
80506  -59.353  -19.581  34.797 0.0000000000
83966  -60.587  -16.569  31.692 0.0000000000
82824  -60.451  -16.997  32.286 0.0000000000
83949  -61.030  -16.582  32.607 0.0000000000
83929  -61.162  -16.488  33.453 0.0000000000
83950  -61.593  -16.000  33.050 0.0000000000
51610  -41.725  -44.456  53.549 0.0000000000
52717  -41.831  -43.978  53.140 0.0000000000
51637  -41.524  -44.049  53.019 0.0000000000
53850  -39.735  -43.137  50.733 0.0000000000
52754  -40.892  -43.371  51.596 0.0000000000
53851  -40.351  -42.970  50.885 0.0000000000
50507  -35.944  -45.578  52.589 0.0000000000
50481  -37.655  -45.881  53.331 0.0000000000
50458  -38.274  -46.161  54.078 0.0000000000
50459  -39.306  -46.019  54.256 0.0000000000
51609  -40.546  -45.004  53.453 0.0000000000
51601  -42.591  -44.755  54.616 0.0000000000
59248  -47.548  -38.343  50.531 0.0000000000
59271  -46.556  -38.474  49.454 0.0000000000
59319  -47.099  -38.008  47.371 0.0000000000
59295  -47.572  -38.517  47.924 0.0000000000
59296  -48.411  -38.328  47.851 0.0000000000
59321  -48.612  -37.713  47.438 0.0000000000
78113  -55.415  -21.397  41.579 0.0000000000
79276  -55.110  -20.790  41.841 0.0000000000
79258  -57.862  -20.579  42.801 0.0000000000
78093  -58.463  -21.368  43.461 0.0000000000
79246  -58.900  -20.517  44.130 0.0000000000
82733  -58.850  -17.853  41.132 0.0000000000
81563  -58.078  -18.109  40.463 0.0000000000
35291  -15.478  -57.976  66.407 0.0000000000
35279  -14.620  -58.095  67.010 0.0000000000
56968  -45.124  -39.598  51.904 0.0000000000
56947  -45.702  -39.456  52.307 0.0000000000
58098  -44.473  -38.900  52.098 0.0000000000
59204  -43.678  -37.564  52.812 0.0000000000
59183  -44.819  -37.336  53.915 0.0000000000
59182  -43.950  -36.739  53.509 0.0000000000
60355  -44.120  -36.226  53.791 0.0000000000
59181  -43.276  -36.352  53.148 0.0000000000
61699  -40.836  -35.400  51.634 0.0000000000
61700  -41.354  -35.382  52.006 0.0000000000
62987  -40.608  -35.196  51.169 0.0000000000
62988  -41.320  -35.168  50.944 0.0000000000
42027  -27.513  -53.219  64.956 0.0000000000
40686  -27.917  -53.577  65.776 0.0000000000
40676  -29.324  -53.852  66.658 0.0000000000
40665  -29.798  -54.024  67.418 0.0000000000
44499  -29.247  -51.070  56.121 0.0000000000
44500  -30.241  -51.109  56.050 0.0000000000
45593  -36.492  -50.303  58.253 0.0000000000
45592  -35.746  -50.633  58.109 0.0000000000
43328  -37.252  -51.874  60.589 0.0000000000
43327  -36.642  -52.070  60.135 0.0000000000
42121  -36.962  -52.528  60.896 0.0000000000
42120  -36.487  -52.763  60.450 0.0000000000
42101  -36.792  -52.956  61.203 0.0000000000
42083  -36.887  -52.974  62.069 0.0000000000
42066  -37.636  -52.363  63.593 0.0000000000
37953  -21.526  -55.814  61.737 0.0000000000
35324  -22.196  -57.381  63.845 0.0000000000
34006  -22.771  -58.604  65.072 0.0000000000
33981  -23.255  -58.590  66.748 0.0000000000
67566  -47.902  -30.921  42.772 0.0000000000
66467  -48.476  -31.310  43.459 0.0000000000
66468  -49.112  -30.855  43.421 0.0000000000
67554  -50.944  -30.033  44.446 0.0000000000
67538  -50.632  -30.581  44.874 0.0000000000
67519  -50.937  -30.807  45.739 0.0000000000
83964  -59.083  -15.933  31.705 0.0000000000
85092  -59.447  -15.518  31.414 0.0000000000
85113  -60.809  -16.000  30.891 0.0000000000
86220  -59.715  -14.650  31.142 0.0000000000
32695  -18.461  -59.745  66.588 0.0000000000
31314  -19.407  -61.097  69.410 0.0000000000
53703  -45.786  -42.843  58.642 0.0000000000
53718  -45.748  -42.823  57.493 0.0000000000
53765  -45.548  -42.939  55.487 0.0000000000
53784  -46.125  -42.837  54.836 0.0000000000
53801  -45.451  -42.789  54.006 0.0000000000
53814  -42.861  -43.271  53.064 0.0000000000
53815  -43.533  -42.883  53.021 0.0000000000
53854  -43.581  -41.694  51.438 0.0000000000
54860  -44.355  -41.560  51.695 0.0000000000
54861  -45.160  -41.322  51.925 0.0000000000
54880  -45.278  -40.825  51.762 0.0000000000
54879  -44.727  -40.862  51.503 0.0000000000
56981  -42.634  -39.521  50.402 0.0000000000
39312  -23.043  -54.977  64.322 0.0000000000
39332  -23.357  -54.309  63.735 0.0000000000
42095  -23.727  -52.044  61.492 0.0000000000
42077  -25.360  -51.955  62.760 0.0000000000
42040  -25.388  -52.734  64.062 0.0000000000
42059  -25.817  -52.326  63.387 0.0000000000
42060  -26.754  -52.514  63.251 0.0000000000
42062  -28.782  -53.114  63.367 0.0000000000
48047  -33.350  -47.759  54.552 0.0000000000
46818  -33.499  -48.474  55.174 0.0000000000
49303  -35.587  -46.202  53.899 0.0000000000
49269  -35.174  -46.538  54.387 0.0000000000
48025  -36.834  -47.304  56.030 0.0000000000
48003  -35.943  -48.164  56.342 0.0000000000
46801  -35.365  -48.617  56.390 0.0000000000
46802  -36.148  -48.495  56.705 0.0000000000
46786  -36.433  -48.987  57.198 0.0000000000
46803  -36.842  -48.345  56.905 0.0000000000
46789  -38.865  -48.511  57.901 0.0000000000
46772  -38.523  -49.097  58.245 0.0000000000
45595  -38.984  -49.574  58.868 0.0000000000
45596  -39.591  -49.417  58.945 0.0000000000
46754  -39.977  -49.227  58.927 0.0000000000
47980  -41.508  -47.617  58.630 0.0000000000
46775  -40.867  -48.423  58.802 0.0000000000
47968  -41.950  -48.075  59.265 0.0000000000
47981  -42.145  -47.225  58.925 0.0000000000
50444  -40.763  -46.312  55.503 0.0000000000
49223  -41.192  -46.610  56.591 0.0000000000
50426  -41.698  -46.358  56.536 0.0000000000
50410  -43.016  -45.818  57.690 0.0000000000
50392  -43.002  -46.116  58.598 0.0000000000
50393  -43.611  -45.672  58.885 0.0000000000
50377  -43.944  -45.525  59.547 0.0000000000
51555  -44.094  -45.025  58.607 0.0000000000
52644  -44.685  -44.371  59.117 0.0000000000
52645  -45.208  -43.640  59.116 0.0000000000
39371  -21.542  -54.996  60.746 0.0000000000
62959  -49.666  -35.166  55.755 0.0000000000
62942  -50.562  -34.919  56.249 0.0000000000
62960  -50.200  -34.979  55.617 0.0000000000
60381  -51.090  -36.015  53.224 0.0000000000
61689  -51.437  -35.457  54.101 0.0000000000
61690  -52.476  -35.499  54.447 0.0000000000
61691  -53.175  -35.470  54.866 0.0000000000
59227  -49.943  -38.059  51.128 0.0000000000
59229  -52.160  -37.743  51.309 0.0000000000
59205  -52.013  -37.368  51.970 0.0000000000
59206  -52.687  -37.371  52.101 0.0000000000
59207  -53.758  -37.425  52.367 0.0000000000
59231  -54.377  -37.564  51.611 0.0000000000
59255  -54.962  -37.324  50.969 0.0000000000
72379  -51.646  -26.652  40.822 0.0000000000
71295  -53.020  -27.791  41.432 0.0000000000
72381  -53.728  -26.879  41.151 0.0000000000
72383  -55.210  -26.533  41.792 0.0000000000
72361  -55.111  -27.082  42.245 0.0000000000
72362  -55.823  -26.528  42.460 0.0000000000
71269  -55.771  -27.160  43.391 0.0000000000
72352  -56.625  -26.202  43.245 0.0000000000
75748  -57.002  -23.012  41.777 0.0000000000
75747  -56.510  -23.663  41.540 0.0000000000
75730  -57.160  -23.536  42.394 0.0000000000
32619  -10.875  -59.612  73.634 0.0000000000
33926  -9.732  -58.927  73.339 0.0000000000
31277  -10.202  -60.064  73.176 0.0000000000
64313  -43.510  -33.417  42.444 0.0000000000
64314  -44.230  -33.009  42.541 0.0000000000
66481  -45.059  -31.849  42.039 0.0000000000
66497  -45.260  -31.179  41.631 0.0000000000
66498  -45.981  -30.826  41.714 0.0000000000
68855  -47.412  -29.442  41.002 0.0000000000
70121  -47.955  -28.921  40.819 0.0000000000
70140  -47.985  -28.348  40.640 0.0000000000
71291  -49.029  -27.525  40.730 0.0000000000
72377  -49.656  -26.577  40.781 0.0000000000
74628  -49.467  -24.205  40.421 0.0000000000
74630  -50.985  -24.243  40.789 0.0000000000
74610  -51.578  -24.440  40.876 0.0000000000
75764  -51.274  -23.474  40.607 0.0000000000
78122  -50.133  -21.436  39.862 0.0000000000
78121  -49.700  -21.677  39.767 0.0000000000
76985  -51.565  -22.190  40.432 0.0000000000
76986  -52.075  -22.112  40.733 0.0000000000
78110  -52.736  -21.334  41.063 0.0000000000
78124  -52.053  -21.190  40.694 0.0000000000
80427  -51.868  -19.504  40.013 0.0000000000
80428  -52.524  -19.448  40.511 0.0000000000
81572  -53.091  -18.819  40.547 0.0000000000
79308  -51.622  -20.498  37.867 0.0000000000
79320  -52.439  -20.933  37.437 0.0000000000
33955  -11.352  -58.387  69.281 0.0000000000
32682  -17.434  -59.474  67.713 0.0000000000
33992  -17.010  -58.900  66.763 0.0000000000
32660  -17.246  -59.831  69.697 0.0000000000
32669  -16.465  -59.514  68.863 0.0000000000
32668  -15.649  -59.474  69.179 0.0000000000
32636  -17.759  -60.525  71.673 0.0000000000
32641  -15.526  -59.835  71.697 0.0000000000
32642  -16.369  -59.985  71.452 0.0000000000
32657  -14.755  -59.566  70.079 0.0000000000
32656  -13.825  -59.505  70.419 0.0000000000
32648  -13.854  -59.531  71.389 0.0000000000
32631  -13.519  -59.818  72.846 0.0000000000
32638  -12.948  -59.472  72.502 0.0000000000
33936  -12.231  -59.469  73.289 0.0000000000
33929  -11.889  -59.512  73.492 0.0000000000
32621  -12.418  -59.983  73.570 0.0000000000
30030  -12.406  -61.871  72.642 0.0000000000
58009  -50.094  -38.828  57.201 0.0000000000
58018  -49.621  -38.293  56.350 0.0000000000
58008  -49.450  -38.195  57.314 0.0000000000
54797  -48.799  -41.638  56.802 0.0000000000
54780  -49.234  -41.676  57.612 0.0000000000
55822  -49.527  -41.256  57.938 0.0000000000
55821  -49.125  -40.826  57.439 0.0000000000
56908  -47.160  -39.129  54.105 0.0000000000
56909  -47.584  -39.697  54.360 0.0000000000
58017  -47.687  -38.537  56.742 0.0000000000
58031  -47.710  -38.947  55.785 0.0000000000
58007  -48.604  -39.306  57.652 0.0000000000
58006  -48.131  -38.608  57.633 0.0000000000
59103  -48.827  -38.512  58.272 0.0000000000
59110  -48.017  -38.223  57.924 0.0000000000
60311  -47.903  -36.644  57.324 0.0000000000
59122  -48.425  -37.438  57.678 0.0000000000
60312  -48.754  -36.582  57.200 0.0000000000
61620  -48.664  -36.058  57.040 0.0000000000
61632  -49.365  -35.597  56.584 0.0000000000
61631  -48.578  -35.878  56.551 0.0000000000
61660  -47.272  -36.019  54.741 0.0000000000
61685  -47.047  -36.130  53.913 0.0000000000
61682  -44.301  -35.863  53.375 0.0000000000
61657  -44.671  -35.996  53.856 0.0000000000
61703  -44.072  -35.744  52.495 0.0000000000
61730  -43.677  -36.316  50.782 0.0000000000
61716  -44.835  -36.225  52.038 0.0000000000
60423  -44.840  -36.591  51.325 0.0000000000
60424  -45.638  -36.726  51.594 0.0000000000
60444  -45.409  -36.998  50.676 0.0000000000
60464  -44.265  -37.190  49.741 0.0000000000
59290  -42.988  -37.679  48.267 0.0000000000
60486  -43.950  -37.644  49.048 0.0000000000
59314  -42.529  -37.640  47.716 0.0000000000
59315  -43.379  -37.793  47.570 0.0000000000
59333  -42.226  -37.566  46.983 0.0000000000
61724  -38.009  -35.309  50.135 0.0000000000
63012  -37.636  -34.981  49.620 0.0000000000
63032  -37.534  -34.906  48.630 0.0000000000
63033  -38.487  -35.525  48.409 0.0000000000
63048  -38.118  -35.529  47.881 0.0000000000
61776  -38.201  -35.828  47.390 0.0000000000
61777  -38.975  -36.494  46.886 0.0000000000
60497  -39.832  -36.745  47.151 0.0000000000
61792  -38.887  -36.708  46.251 0.0000000000
37890  -23.436  -55.363  66.548 0.0000000000
40659  -24.896  -54.353  67.399 0.0000000000
40662  -27.105  -53.867  67.545 0.0000000000
40653  -27.637  -54.231  68.383 0.0000000000
43365  -27.906  -51.527  58.409 0.0000000000
43339  -27.110  -51.568  59.216 0.0000000000
42100  -30.121  -53.237  61.813 0.0000000000
44502  -32.502  -50.696  56.357 0.0000000000
44521  -31.797  -50.309  55.640 0.0000000000
43417  -31.568  -51.438  56.659 0.0000000000
43395  -32.124  -51.651  57.116 0.0000000000
44464  -34.702  -51.500  58.188 0.0000000000
42137  -33.585  -53.383  58.960 0.0000000000
42161  -33.342  -52.817  58.437 0.0000000000
42136  -32.678  -53.372  58.974 0.0000000000
40790  -32.313  -53.613  59.532 0.0000000000
42135  -31.604  -53.261  59.440 0.0000000000
40734  -32.283  -54.418  62.014 0.0000000000
40748  -31.827  -53.944  61.400 0.0000000000
40720  -32.026  -54.425  62.733 0.0000000000
39337  -32.086  -54.574  63.175 0.0000000000
39320  -34.180  -55.263  64.464 0.0000000000
39300  -34.480  -55.052  65.435 0.0000000000
40721  -36.262  -54.188  64.339 0.0000000000
36630  -16.757  -57.128  63.932 0.0000000000
36681  -20.109  -56.375  61.562 0.0000000000
37973  -19.728  -55.847  61.020 0.0000000000
35354  -19.079  -57.425  62.559 0.0000000000
36666  -18.519  -56.576  62.011 0.0000000000
37952  -17.815  -56.138  62.100 0.0000000000
36665  -17.711  -56.652  62.491 0.0000000000
34026  -18.680  -58.675  63.988 0.0000000000
35323  -18.245  -58.359  64.056 0.0000000000
34015  -18.287  -58.865  64.643 0.0000000000
32705  -18.583  -59.563  65.596 0.0000000000
32713  -18.973  -59.513  64.846 0.0000000000
31365  -22.643  -60.012  65.044 0.0000000000
31353  -22.707  -60.669  65.499 0.0000000000
59155  -52.696  -37.272  55.861 0.0000000000
63083  -44.695  -35.309  44.720 0.0000000000
63084  -45.273  -35.183  44.980 0.0000000000
63086  -47.194  -34.505  45.789 0.0000000000
63065  -47.557  -35.154  46.191 0.0000000000
63050  -48.548  -35.401  46.971 0.0000000000
61779  -48.553  -36.386  47.061 0.0000000000
65353  -49.109  -32.489  45.625 0.0000000000
65334  -48.763  -32.936  45.955 0.0000000000
63036  -50.585  -35.181  47.929 0.0000000000
63037  -51.648  -34.957  48.398 0.0000000000
61748  -52.147  -35.963  48.524 0.0000000000
63019  -54.149  -34.615  49.599 0.0000000000
70112  -53.285  -28.429  43.039 0.0000000000
70100  -52.764  -28.704  43.549 0.0000000000
70066  -54.283  -28.806  46.073 0.0000000000
68799  -53.253  -29.070  45.777 0.0000000000
68781  -53.783  -29.250  46.460 0.0000000000
68760  -53.292  -29.722  46.901 0.0000000000
80440  -54.687  -19.063  39.583 0.0000000000
81575  -55.399  -18.346  40.071 0.0000000000
80441  -55.767  -19.303  39.584 0.0000000000
79298  -56.726  -19.986  38.943 0.0000000000
80442  -56.843  -19.460  39.349 0.0000000000
80444  -58.097  -18.977  39.256 0.0000000000
80459  -58.211  -19.140  38.841 0.0000000000
78160  -56.048  -21.136  36.402 0.0000000000
79337  -58.658  -20.035  36.754 0.0000000000
79325  -58.426  -19.831  37.437 0.0000000000
80477  -58.809  -19.518  37.397 0.0000000000
80460  -58.889  -18.898  38.474 0.0000000000
81595  -59.893  -18.407  37.658 0.0000000000
81589  -60.276  -17.740  38.148 0.0000000000
82757  -60.844  -16.846  37.091 0.0000000000
83889  -61.296  -16.529  36.770 0.0000000000
83881  -62.154  -16.679  37.409 0.0000000000
83890  -61.898  -16.239  36.439 0.0000000000
81669  -59.647  -17.733  32.718 0.0000000000
81668  -59.034  -17.999  32.918 0.0000000000
81655  -58.583  -18.395  33.454 0.0000000000
81656  -59.632  -18.359  33.416 0.0000000000
81636  -60.409  -18.029  34.207 0.0000000000
85050  -62.064  -15.434  35.003 0.0000000000
83900  -61.346  -16.167  34.969 0.0000000000
85037  -62.051  -15.509  35.244 0.0000000000
83902  -62.784  -15.712  35.580 0.0000000000
83903  -63.369  -16.359  35.669 0.0000000000
85096  -63.799  -15.298  31.817 0.0000000000
52737  -39.905  -44.049  51.857 0.0000000000
52753  -39.677  -43.665  51.250 0.0000000000
50519  -36.377  -45.177  51.953 0.0000000000
50520  -36.864  -45.168  51.974 0.0000000000
50509  -38.076  -45.452  52.666 0.0000000000
50510  -38.613  -45.341  52.771 0.0000000000
50483  -39.864  -45.584  53.737 0.0000000000
59293  -45.437  -38.224  48.271 0.0000000000
59318  -46.114  -37.984  47.272 0.0000000000
60501  -46.807  -37.496  46.850 0.0000000000
80411  -54.087  -19.303  41.871 0.0000000000
80412  -54.859  -19.594  42.171 0.0000000000
80402  -56.179  -18.967  42.985 0.0000000000
82702  -58.197  -17.608  43.572 0.0000000000
82712  -58.383  -17.420  42.992 0.0000000000
82721  -57.587  -17.417  42.215 0.0000000000
36613  -14.863  -56.662  65.123 0.0000000000
58096  -43.043  -38.660  51.360 0.0000000000
58083  -44.079  -38.318  52.463 0.0000000000
59224  -42.561  -37.857  51.870 0.0000000000
59202  -42.006  -36.648  52.419 0.0000000000
60400  -42.209  -36.383  52.628 0.0000000000
60399  -41.573  -36.053  52.334 0.0000000000
60421  -40.504  -35.851  51.574 0.0000000000
61711  -39.781  -35.338  50.949 0.0000000000
35281  -22.994  -57.846  66.841 0.0000000000
42029  -28.852  -53.576  65.070 0.0000000000
40702  -29.220  -53.669  65.163 0.0000000000
40688  -29.634  -53.823  65.780 0.0000000000
39282  -31.040  -54.384  67.057 0.0000000000
40678  -30.948  -54.276  66.291 0.0000000000
39298  -32.298  -54.792  65.204 0.0000000000
45576  -38.035  -50.436  59.370 0.0000000000
44450  -37.446  -50.954  59.612 0.0000000000
43310  -37.753  -51.884  61.666 0.0000000000
42084  -37.404  -52.376  62.456 0.0000000000
67583  -48.989  -30.158  42.373 0.0000000000
67568  -49.457  -30.312  42.931 0.0000000000
68827  -50.013  -29.850  42.743 0.0000000000
68813  -50.988  -29.775  43.836 0.0000000000
52681  -45.053  -43.263  56.905 0.0000000000
52694  -44.914  -43.225  55.937 0.0000000000
52711  -44.886  -42.992  54.443 0.0000000000
53853  -42.828  -42.146  51.431 0.0000000000
54877  -43.069  -41.404  50.957 0.0000000000
54894  -43.196  -40.901  50.755 0.0000000000
55898  -42.359  -40.307  50.128 0.0000000000
40730  -22.975  -53.919  62.354 0.0000000000
39351  -23.068  -54.324  63.108 0.0000000000
42075  -23.853  -52.516  62.380 0.0000000000
43321  -24.276  -51.052  60.670 0.0000000000
43305  -24.687  -51.540  61.611 0.0000000000
43287  -25.606  -51.743  62.041 0.0000000000
42097  -27.674  -52.255  61.273 0.0000000000
49271  -36.940  -46.548  54.732 0.0000000000
48005  -37.707  -47.742  56.644 0.0000000000
47991  -38.569  -48.139  57.316 0.0000000000
47978  -39.964  -48.437  58.204 0.0000000000
47993  -40.661  -47.350  57.634 0.0000000000
47994  -41.262  -47.166  57.937 0.0000000000
50446  -42.376  -45.716  55.773 0.0000000000
51583  -42.894  -45.553  56.336 0.0000000000
51572  -43.627  -45.336  57.569 0.0000000000
51573  -44.154  -44.665  57.436 0.0000000000
52680  -44.614  -43.916  57.222 0.0000000000
39402  -21.988  -54.375  60.390 0.0000000000
61687  -49.155  -35.815  54.019 0.0000000000
61663  -50.701  -35.125  54.851 0.0000000000
60380  -49.940  -36.013  53.103 0.0000000000
58112  -49.793  -38.700  49.595 0.0000000000
59251  -50.664  -38.503  50.014 0.0000000000
59253  -52.805  -37.704  50.513 0.0000000000
59276  -53.143  -37.480  50.050 0.0000000000
60468  -53.335  -36.868  49.580 0.0000000000
73508  -53.430  -25.604  40.698 0.0000000000
73517  -54.182  -25.262  40.687 0.0000000000
74613  -55.243  -25.222  41.132 0.0000000000
73510  -55.701  -25.709  41.730 0.0000000000
76939  -58.141  -22.839  43.897 0.0000000000
75722  -57.743  -23.464  43.416 0.0000000000
75718  -58.720  -23.471  44.548 0.0000000000
82750  -61.697  -17.116  38.727 0.0000000000
68853  -45.935  -29.729  40.959 0.0000000000
73504  -49.240  -25.632  40.845 0.0000000000
74607  -48.848  -24.861  40.770 0.0000000000
79282  -50.615  -20.550  39.897 0.0000000000
79295  -50.862  -20.044  39.786 0.0000000000
80437  -51.230  -19.812  39.409 0.0000000000
80453  -50.928  -20.114  38.335 0.0000000000
33964  -11.513  -58.198  68.605 0.0000000000
32661  -18.073  -60.034  69.649 0.0000000000
32652  -17.141  -59.987  70.520 0.0000000000
31298  -17.058  -60.933  72.251 0.0000000000
32633  -15.348  -60.150  72.308 0.0000000000
32640  -14.645  -59.702  71.992 0.0000000000
32632  -14.382  -59.985  72.639 0.0000000000
32627  -13.888  -60.149  72.930 0.0000000000
32626  -13.202  -60.044  73.339 0.0000000000
32622  -12.823  -60.236  73.474 0.0000000000
31287  -12.967  -60.647  73.277 0.0000000000
30021  -12.763  -61.319  72.949 0.0000000000
53767  -47.430  -42.758  56.216 0.0000000000
54813  -48.411  -41.958  55.994 0.0000000000
55842  -48.545  -41.252  55.945 0.0000000000
58043  -46.032  -38.036  54.427 0.0000000000
58044  -46.786  -38.416  54.717 0.0000000000
58016  -47.262  -38.023  56.662 0.0000000000
59121  -47.720  -37.721  57.487 0.0000000000
59132  -47.201  -37.483  56.814 0.0000000000
60325  -47.211  -36.664  56.631 0.0000000000
61629  -47.074  -36.344  55.979 0.0000000000
61630  -47.713  -36.130  56.460 0.0000000000
61659  -46.288  -36.070  54.530 0.0000000000
62980  -42.554  -35.442  51.307 0.0000000000
61714  -43.092  -35.786  51.100 0.0000000000
60442  -43.781  -36.701  50.230 0.0000000000
60463  -43.402  -36.966  49.637 0.0000000000
60462  -42.760  -36.943  49.319 0.0000000000
60484  -42.304  -37.268  48.699 0.0000000000
60500  -41.928  -37.433  48.014 0.0000000000
40699  -24.222  -53.878  65.274 0.0000000000
40670  -24.242  -54.388  66.466 0.0000000000
40660  -25.375  -54.242  67.609 0.0000000000
40654  -28.417  -54.137  68.367 0.0000000000
39258  -28.201  -54.499  69.191 0.0000000000
44480  -28.701  -51.194  56.603 0.0000000000
43341  -29.091  -52.214  59.594 0.0000000000
42133  -29.620  -52.447  59.669 0.0000000000
45640  -32.442  -49.498  55.267 0.0000000000
45620  -32.700  -50.002  55.899 0.0000000000
44503  -33.262  -50.374  56.558 0.0000000000
44482  -33.414  -50.820  57.063 0.0000000000
42139  -35.516  -53.175  59.793 0.0000000000
43343  -34.579  -52.466  58.690 0.0000000000
42138  -34.545  -53.180  59.143 0.0000000000
40792  -33.863  -53.894  59.552 0.0000000000
40769  -33.167  -54.270  60.249 0.0000000000
39408  -33.120  -54.518  60.753 0.0000000000
39378  -33.189  -54.662  61.095 0.0000000000
39356  -33.009  -54.786  61.730 0.0000000000
35355  -20.035  -57.441  62.486 0.0000000000
34027  -19.425  -58.840  63.729 0.0000000000
32714  -19.682  -59.651  64.455 0.0000000000
31354  -23.452  -60.938  66.217 0.0000000000
63102  -45.675  -34.385  44.755 0.0000000000
63103  -46.255  -34.215  45.036 0.0000000000
64267  -46.577  -34.107  45.163 0.0000000000
64245  -47.533  -34.313  45.990 0.0000000000
66431  -50.439  -31.822  46.350 0.0000000000
65336  -50.097  -32.407  46.711 0.0000000000
65316  -50.611  -32.458  47.275 0.0000000000
65301  -50.989  -33.054  48.060 0.0000000000
64219  -51.788  -33.710  48.579 0.0000000000
64220  -52.246  -33.020  48.935 0.0000000000
71268  -54.782  -27.836  43.801 0.0000000000
70102  -54.161  -28.251  44.224 0.0000000000
70089  -54.425  -28.339  44.800 0.0000000000
70077  -54.801  -28.471  45.683 0.0000000000
70067  -54.692  -28.855  46.620 0.0000000000
79311  -54.389  -20.740  38.506 0.0000000000
79296  -55.087  -20.102  39.128 0.0000000000
79312  -55.596  -20.964  38.220 0.0000000000
79313  -56.883  -20.330  38.424 0.0000000000
79351  -58.435  -20.409  35.777 0.0000000000
79338  -59.233  -19.678  36.398 0.0000000000
81604  -60.071  -18.476  36.773 0.0000000000
80491  -59.693  -19.264  36.021 0.0000000000
81617  -60.144  -18.443  35.996 0.0000000000
81618  -60.444  -17.916  35.386 0.0000000000
83947  -58.692  -16.325  32.095 0.0000000000
83948  -59.175  -16.872  31.977 0.0000000000
81670  -60.218  -17.403  32.610 0.0000000000
82782  -60.800  -17.109  33.841 0.0000000000
83930  -61.634  -15.863  33.909 0.0000000000
85062  -62.117  -15.402  34.367 0.0000000000
85052  -63.141  -15.355  34.533 0.0000000000
85116  -63.874  -15.048  30.749 0.0000000000
85097  -64.121  -15.398  31.565 0.0000000000
51602  -43.278  -44.355  54.895 0.0000000000
52709  -43.295  -43.977  54.433 0.0000000000
52708  -42.672  -44.211  54.119 0.0000000000
52718  -42.474  -43.860  53.457 0.0000000000
52740  -42.388  -43.420  52.817 0.0000000000
52755  -41.497  -43.188  51.817 0.0000000000
53836  -41.813  -43.068  51.975 0.0000000000
44432  -25.453  -50.957  59.629 0.0000000000
50478  -34.487  -45.877  53.184 0.0000000000
50479  -35.379  -45.884  53.265 0.0000000000
50456  -36.700  -46.326  54.202 0.0000000000
49272  -37.814  -46.534  54.774 0.0000000000
49246  -39.143  -46.716  55.538 0.0000000000
49274  -39.587  -46.344  54.965 0.0000000000
51599  -40.738  -45.421  54.054 0.0000000000
50461  -41.856  -45.595  54.998 0.0000000000
50462  -42.477  -45.352  55.227 0.0000000000
60446  -47.013  -37.637  51.021 0.0000000000
60427  -48.220  -37.210  51.719 0.0000000000
59225  -47.898  -37.767  51.098 0.0000000000
59249  -48.454  -38.503  50.569 0.0000000000
58111  -48.942  -38.827  49.801 0.0000000000
58140  -47.331  -38.704  48.675 0.0000000000
58127  -48.508  -38.871  49.133 0.0000000000
58129  -49.991  -38.570  48.900 0.0000000000
59298  -50.081  -37.889  48.302 0.0000000000
60488  -50.439  -37.048  48.030 0.0000000000
76971  -53.803  -22.513  41.382 0.0000000000
75746  -55.378  -23.613  40.924 0.0000000000
76972  -54.865  -22.506  41.234 0.0000000000
78115  -56.963  -22.188  41.733 0.0000000000
79267  -56.424  -20.422  42.206 0.0000000000
78105  -57.214  -21.382  42.100 0.0000000000
76946  -57.824  -22.354  42.939 0.0000000000
76947  -58.307  -22.187  43.661 0.0000000000
82713  -59.396  -17.687  42.896 0.0000000000
82734  -59.855  -17.911  40.556 0.0000000000
35302  -14.631  -56.896  65.586 0.0000000000
36599  -13.516  -56.758  65.914 0.0000000000
35289  -13.183  -57.170  66.463 0.0000000000
55871  -46.547  -40.217  52.455 0.0000000000
55855  -47.460  -40.377  53.626 0.0000000000
56948  -46.407  -39.548  52.685 0.0000000000
56920  -46.190  -39.051  53.065 0.0000000000
58060  -45.117  -38.136  53.429 0.0000000000
58061  -45.811  -38.398  53.625 0.0000000000
59184  -45.439  -37.785  54.078 0.0000000000
60357  -45.311  -36.384  54.541 0.0000000000
60356  -44.516  -36.157  53.996 0.0000000000
60374  -43.761  -36.047  53.527 0.0000000000
61681  -43.316  -35.747  52.855 0.0000000000
60372  -42.117  -35.765  52.604 0.0000000000
61680  -42.449  -35.511  52.567 0.0000000000
62979  -42.036  -35.213  51.518 0.0000000000
63000  -41.372  -35.509  50.039 0.0000000000
63015  -40.550  -35.598  49.537 0.0000000000
42026  -26.597  -52.989  64.908 0.0000000000
40674  -27.493  -53.661  66.658 0.0000000000
39259  -29.184  -54.418  68.876 0.0000000000
39272  -31.535  -54.739  67.770 0.0000000000
44498  -28.395  -50.862  56.075 0.0000000000
43415  -29.664  -51.501  56.737 0.0000000000
44484  -35.255  -50.631  57.918 0.0000000000
44465  -35.260  -51.209  58.281 0.0000000000
43373  -35.498  -51.725  58.860 0.0000000000
44449  -36.668  -51.300  59.336 0.0000000000
43345  -36.047  -52.053  59.646 0.0000000000
42119  -35.981  -53.153  60.241 0.0000000000
40772  -35.921  -53.925  60.704 0.0000000000
40750  -36.078  -54.249  62.086 0.0000000000
40736  -36.531  -53.609  62.634 0.0000000000
42046  -37.223  -53.134  64.184 0.0000000000
36682  -20.729  -56.392  61.777 0.0000000000
35343  -21.355  -57.436  63.017 0.0000000000
35356  -20.792  -57.255  62.538 0.0000000000
32724  -21.377  -59.003  63.818 0.0000000000
32716  -21.630  -59.458  64.206 0.0000000000
32708  -23.021  -59.623  65.523 0.0000000000
65376  -47.069  -32.420  43.732 0.0000000000
65363  -47.571  -32.510  44.221 0.0000000000
66454  -47.809  -32.175  43.960 0.0000000000
66455  -48.399  -32.069  44.330 0.0000000000
66444  -49.426  -31.927  45.251 0.0000000000
67552  -49.707  -30.679  43.714 0.0000000000
67537  -49.931  -30.994  44.564 0.0000000000
66432  -51.337  -31.072  46.519 0.0000000000
67494  -51.989  -30.721  46.986 0.0000000000
80475  -53.240  -19.551  36.121 0.0000000000
78158  -54.380  -21.057  36.614 0.0000000000
80476  -54.072  -19.787  35.940 0.0000000000
79347  -55.118  -19.759  35.460 0.0000000000
83965  -59.569  -16.472  31.631 0.0000000000
83985  -61.362  -16.161  31.515 0.0000000000
85094  -62.182  -15.701  32.488 0.0000000000
85114  -61.963  -15.711  31.148 0.0000000000
53740  -46.599  -42.752  56.895 0.0000000000
53785  -47.255  -42.668  55.031 0.0000000000
53818  -46.830  -41.911  53.289 0.0000000000
52710  -44.192  -43.337  54.355 0.0000000000
53800  -44.637  -42.934  53.932 0.0000000000
53816  -44.615  -42.632  53.154 0.0000000000
53817  -45.812  -42.234  53.061 0.0000000000
54837  -46.354  -41.502  52.623 0.0000000000
54862  -45.885  -40.874  52.085 0.0000000000
55884  -45.236  -40.184  51.715 0.0000000000
56967  -44.543  -39.490  51.641 0.0000000000
55882  -43.749  -40.251  50.982 0.0000000000
56966  -43.644  -39.561  51.073 0.0000000000
59245  -41.613  -37.984  50.821 0.0000000000
37904  -22.860  -55.744  64.980 0.0000000000
39293  -23.226  -54.962  65.146 0.0000000000
40700  -24.927  -53.193  64.846 0.0000000000
42076  -24.562  -52.061  62.576 0.0000000000
40701  -25.797  -52.928  64.730 0.0000000000
42043  -28.104  -53.118  64.187 0.0000000000
42063  -29.795  -53.480  63.534 0.0000000000
48046  -32.295  -48.071  54.158 0.0000000000
46837  -32.601  -48.596  54.674 0.0000000000
46817  -32.969  -48.798  55.108 0.0000000000
46799  -33.736  -48.861  55.694 0.0000000000
49268  -34.437  -46.627  54.259 0.0000000000
48048  -34.127  -47.100  54.625 0.0000000000
49242  -35.394  -46.895  55.084 0.0000000000
48023  -34.520  -47.591  55.165 0.0000000000
46820  -34.819  -48.183  55.807 0.0000000000
45623  -35.334  -49.184  56.890 0.0000000000
46787  -37.447  -48.774  57.380 0.0000000000
45610  -37.493  -49.348  57.921 0.0000000000
45594  -37.739  -49.937  58.610 0.0000000000
45577  -38.667  -50.195  59.385 0.0000000000
44437  -40.150  -50.496  61.052 0.0000000000
45563  -40.144  -50.363  60.520 0.0000000000
45579  -41.207  -49.572  59.757 0.0000000000
45580  -41.759  -49.214  59.796 0.0000000000
46742  -42.085  -48.918  59.833 0.0000000000
46743  -42.648  -48.595  60.227 0.0000000000
47957  -42.925  -47.965  60.242 0.0000000000
47958  -43.378  -47.459  60.515 0.0000000000
49222  -40.409  -46.829  56.507 0.0000000000
49205  -40.799  -46.910  57.043 0.0000000000
50427  -42.313  -46.054  56.837 0.0000000000
49207  -41.960  -46.587  57.575 0.0000000000
49193  -42.191  -46.846  58.399 0.0000000000
49194  -42.626  -46.601  58.759 0.0000000000
49179  -42.898  -46.680  59.365 0.0000000000
49165  -43.980  -46.243  60.569 0.0000000000
37999  -20.896  -55.124  60.391 0.0000000000
39372  -22.262  -54.613  61.291 0.0000000000
37954  -22.044  -55.514  62.088 0.0000000000
61623  -51.125  -35.682  57.002 0.0000000000
62963  -52.595  -35.166  55.855 0.0000000000
61646  -53.217  -35.710  56.258 0.0000000000
61667  -53.801  -35.908  55.992 0.0000000000
60428  -49.245  -37.345  51.796 0.0000000000
60406  -50.692  -36.704  52.485 0.0000000000
60430  -51.349  -37.379  51.893 0.0000000000
60407  -51.873  -36.842  52.603 0.0000000000
60409  -54.176  -36.960  53.320 0.0000000000
70125  -51.511  -28.404  41.465 0.0000000000
70110  -51.789  -28.830  42.316 0.0000000000
70126  -52.278  -28.318  41.663 0.0000000000
71278  -53.367  -28.026  42.027 0.0000000000
71279  -53.750  -28.035  42.590 0.0000000000
72382  -54.523  -27.143  41.736 0.0000000000
71280  -54.574  -27.634  42.608 0.0000000000
71267  -54.205  -27.964  43.157 0.0000000000
71258  -55.885  -27.478  44.557 0.0000000000
74615  -56.301  -24.418  41.683 0.0000000000
73492  -56.412  -25.628  42.492 0.0000000000
74588  -57.377  -24.213  43.153 0.0000000000
73481  -57.469  -24.894  43.456 0.0000000000
73480  -57.081  -25.559  43.417 0.0000000000
72342  -57.149  -26.178  44.047 0.0000000000
33934  -10.652  -58.455  73.013 0.0000000000
61813  -42.883  -36.533  45.028 0.0000000000
61814  -43.509  -36.278  44.992 0.0000000000
61838  -43.833  -35.586  44.521 0.0000000000
63118  -43.703  -34.424  43.593 0.0000000000
64281  -44.543  -34.054  43.905 0.0000000000
64297  -45.200  -33.200  43.444 0.0000000000
65374  -45.637  -32.647  43.172 0.0000000000
65393  -44.562  -32.350  42.124 0.0000000000
65394  -45.388  -32.260  42.607 0.0000000000
65395  -45.926  -32.213  42.920 0.0000000000
66465  -46.696  -31.952  43.080 0.0000000000
66483  -47.136  -31.138  42.547 0.0000000000
67581  -47.467  -30.525  42.077 0.0000000000
67595  -46.291  -30.243  41.350 0.0000000000
67597  -47.720  -29.991  41.576 0.0000000000
67582  -48.293  -30.238  42.111 0.0000000000
68840  -48.874  -29.792  41.866 0.0000000000
68857  -49.164  -29.250  41.427 0.0000000000
70123  -49.578  -28.469  41.081 0.0000000000
71310  -48.302  -27.871  40.607 0.0000000000
71293  -51.098  -27.605  41.013 0.0000000000
73505  -50.191  -25.674  40.860 0.0000000000
73506  -51.149  -25.620  40.875 0.0000000000
73507  -52.184  -25.589  40.809 0.0000000000
74611  -52.675  -24.532  40.827 0.0000000000
75744  -53.311  -23.565  41.023 0.0000000000
75762  -49.046  -23.353  39.838 0.0000000000
75763  -50.150  -23.385  40.087 0.0000000000
76983  -49.655  -22.265  39.780 0.0000000000
75765  -51.971  -22.742  40.757 0.0000000000
78111  -53.357  -21.473  41.351 0.0000000000
79274  -53.829  -20.683  41.574 0.0000000000
79284  -52.168  -20.175  40.643 0.0000000000
80421  -53.634  -19.748  41.518 0.0000000000
81549  -53.719  -18.882  41.436 0.0000000000
81550  -54.282  -18.200  41.542 0.0000000000
81559  -54.379  -17.936  41.027 0.0000000000
81560  -55.156  -17.749  40.778 0.0000000000
80455  -52.913  -19.661  38.905 0.0000000000
79310  -53.329  -20.705  38.348 0.0000000000
78147  -53.166  -21.214  37.610 0.0000000000
79331  -52.600  -20.522  36.657 0.0000000000
80474  -52.209  -19.501  36.330 0.0000000000
33991  -16.230  -58.561  66.793 0.0000000000
33990  -15.617  -58.480  67.101 0.0000000000
32681  -16.703  -59.308  68.096 0.0000000000
33979  -16.043  -58.903  67.659 0.0000000000
33978  -15.128  -58.659  67.654 0.0000000000
31302  -18.213  -60.807  71.355 0.0000000000
32644  -17.640  -60.413  71.084 0.0000000000
32635  -17.091  -60.652  71.777 0.0000000000
32651  -16.386  -59.836  70.657 0.0000000000
32667  -15.056  -59.468  69.456 0.0000000000
33958  -14.603  -59.408  69.407 0.0000000000
33956  -12.653  -59.159  69.762 0.0000000000
32647  -13.042  -59.409  71.692 0.0000000000
33951  -12.300  -59.266  71.038 0.0000000000
33928  -11.205  -59.131  73.604 0.0000000000
31279  -11.230  -60.439  73.551 0.0000000000
31280  -12.116  -60.571  73.559 0.0000000000
30015  -11.491  -60.841  73.475 0.0000000000
56890  -49.878  -39.102  55.844 0.0000000000
53721  -48.678  -42.481  58.939 0.0000000000
53742  -48.772  -42.418  57.775 0.0000000000
55829  -48.477  -40.165  56.058 0.0000000000
58045  -47.429  -38.954  54.981 0.0000000000
56888  -48.272  -39.627  56.175 0.0000000000
56889  -48.532  -39.803  56.720 0.0000000000
56880  -48.715  -39.937  57.259 0.0000000000
56871  -49.134  -39.975  58.123 0.0000000000
57989  -49.336  -38.754  58.575 0.0000000000
60313  -49.488  -36.370  56.891 0.0000000000
61645  -49.199  -35.369  56.033 0.0000000000
61661  -48.317  -35.825  54.881 0.0000000000
60378  -47.808  -36.402  53.188 0.0000000000
60403  -47.481  -36.708  52.421 0.0000000000
61658  -45.328  -36.080  54.251 0.0000000000
61704  -45.121  -35.965  52.792 0.0000000000
60376  -46.224  -36.198  53.126 0.0000000000
60402  -46.238  -36.522  52.435 0.0000000000
60445  -46.211  -37.356  50.861 0.0000000000
59246  -45.935  -37.775  50.095 0.0000000000
59269  -44.813  -37.833  49.108 0.0000000000
59292  -44.516  -37.988  48.289 0.0000000000
59316  -44.213  -37.897  47.503 0.0000000000
59335  -43.876  -37.708  46.777 0.0000000000
59242  -38.993  -36.857  50.213 0.0000000000
60419  -38.865  -35.967  50.843 0.0000000000
61710  -39.236  -35.407  50.758 0.0000000000
61726  -39.135  -35.154  50.640 0.0000000000
62998  -39.687  -34.870  50.434 0.0000000000
63014  -39.493  -35.483  49.297 0.0000000000
61743  -40.128  -35.829  48.882 0.0000000000
61763  -39.339  -36.042  48.112 0.0000000000
61764  -40.402  -36.320  48.478 0.0000000000
60498  -40.707  -37.014  47.286 0.0000000000
60499  -41.445  -37.304  47.586 0.0000000000
60540  -39.364  -36.794  45.264 0.0000000000
60518  -40.485  -36.931  46.361 0.0000000000
60519  -41.548  -37.271  46.536 0.0000000000
60543  -42.236  -36.874  45.357 0.0000000000
39280  -24.140  -54.724  67.087 0.0000000000
40661  -26.209  -53.931  67.553 0.0000000000
44433  -25.939  -51.193  59.437 0.0000000000
43308  -27.518  -52.067  60.818 0.0000000000
42098  -28.410  -52.456  61.160 0.0000000000
42115  -28.727  -52.386  60.511 0.0000000000
42064  -30.397  -53.621  63.172 0.0000000000
45638  -30.278  -50.021  54.837 0.0000000000
44520  -30.788  -50.520  55.479 0.0000000000
42177  -30.826  -52.324  57.829 0.0000000000
43397  -33.607  -51.490  57.687 0.0000000000
43396  -32.888  -51.597  57.413 0.0000000000
43370  -33.106  -52.158  57.976 0.0000000000
43369  -32.258  -52.233  57.738 0.0000000000
42178  -31.232  -52.317  57.722 0.0000000000
40767  -31.345  -53.631  60.882 0.0000000000
40768  -32.126  -53.836  60.285 0.0000000000
40747  -30.943  -53.579  61.795 0.0000000000
40732  -30.894  -53.766  62.823 0.0000000000
40718  -30.670  -53.835  63.731 0.0000000000
39319  -33.101  -55.088  64.179 0.0000000000
39359  -35.518  -54.834  62.839 0.0000000000
39341  -35.650  -54.682  63.989 0.0000000000
36628  -15.116  -56.331  64.383 0.0000000000
35305  -17.164  -58.265  65.056 0.0000000000
37933  -16.674  -56.261  63.029 0.0000000000
36648  -17.144  -56.903  63.150 0.0000000000
35339  -17.798  -57.457  63.246 0.0000000000
34005  -17.943  -59.005  65.393 0.0000000000
30114  -22.861  -61.584  66.149 0.0000000000
60546  -44.823  -36.602  45.660 0.0000000000
61793  -45.996  -36.569  46.084 0.0000000000
60525  -46.973  -36.882  46.509 0.0000000000
61817  -46.438  -35.604  45.712 0.0000000000
61795  -47.524  -36.351  46.433 0.0000000000
61778  -48.014  -36.604  46.824 0.0000000000
60504  -49.009  -37.096  47.342 0.0000000000
60487  -49.764  -37.142  47.645 0.0000000000
61767  -50.109  -36.490  47.626 0.0000000000
65351  -47.771  -32.910  45.003 0.0000000000
64269  -48.119  -33.210  45.599 0.0000000000
64246  -48.244  -33.921  46.361 0.0000000000
64231  -49.300  -33.826  47.214 0.0000000000
64230  -48.702  -34.534  47.038 0.0000000000
63051  -49.529  -35.015  47.396 0.0000000000
63035  -50.090  -35.811  47.572 0.0000000000
61749  -52.822  -35.952  49.060 0.0000000000
61750  -53.679  -35.784  49.319 0.0000000000
64208  -52.314  -34.557  48.858 0.0000000000
63018  -53.007  -35.003  49.176 0.0000000000
70099  -52.178  -28.887  43.053 0.0000000000
68830  -52.053  -29.120  43.721 0.0000000000
70087  -53.060  -28.730  44.474 0.0000000000
68798  -52.700  -29.239  45.296 0.0000000000
68797  -51.991  -29.657  45.160 0.0000000000
68779  -52.305  -29.680  45.713 0.0000000000
67521  -52.362  -30.223  46.653 0.0000000000
67496  -53.475  -30.346  47.926 0.0000000000
67471  -53.045  -30.785  48.236 0.0000000000
66360  -53.294  -31.796  49.346 0.0000000000
81561  -56.111  -17.844  40.672 0.0000000000
81562  -57.119  -17.999  40.588 0.0000000000
81578  -58.340  -18.610  39.600 0.0000000000
81579  -59.367  -18.160  39.586 0.0000000000
79322  -55.761  -21.263  37.406 0.0000000000
79314  -57.508  -20.019  38.293 0.0000000000
79324  -57.798  -20.221  37.633 0.0000000000
80466  -57.870  -19.709  38.296 0.0000000000
82740  -60.397  -17.660  39.308 0.0000000000
82748  -60.363  -17.610  38.613 0.0000000000
81596  -60.404  -17.618  37.417 0.0000000000
83871  -61.707  -16.840  38.018 0.0000000000
80516  -58.698  -19.173  34.063 0.0000000000
80507  -60.109  -18.736  34.756 0.0000000000
82774  -61.317  -16.324  35.458 0.0000000000
82766  -61.517  -16.207  35.866 0.0000000000
85078  -63.715  -15.394  32.839 0.0000000000
83952  -64.174  -15.571  31.992 0.0000000000
31281  -12.599  -60.344  73.502 0.0000000000
31284  -10.485  -60.593  73.171 0.0000000000
31290  -16.974  -61.090  72.542 0.0000000000
31291  -17.651  -60.944  72.867 0.0000000000
32618  -10.153  -59.495  73.399 0.0000000000
32624  -9.804  -59.757  73.074 0.0000000000
32630  -12.802  -59.618  73.094 0.0000000000
32658  -15.637  -59.619  69.998 0.0000000000
33930  -12.270  -59.696  73.455 0.0000000000
33935  -11.664  -58.998  73.258 0.0000000000
33941  -12.234  -59.253  72.839 0.0000000000
33969  -16.218  -59.242  68.227 0.0000000000
39269  -25.296  -54.490  68.088 0.0000000000
39409  -33.593  -54.602  60.698 0.0000000000
39411  -35.098  -54.689  60.928 0.0000000000
40682  -24.322  -54.077  66.094 0.0000000000
40773  -36.514  -53.362  60.922 0.0000000000
43309  -27.966  -52.231  60.905 0.0000000000
43326  -28.860  -52.348  60.195 0.0000000000
43342  -29.701  -52.373  59.369 0.0000000000
43372  -34.905  -51.889  58.532 0.0000000000
43394  -31.156  -52.003  57.273 0.0000000000
44410  -39.418  -50.834  62.043 0.0000000000
45565  -42.032  -49.432  60.481 0.0000000000
45641  -33.218  -49.053  55.499 0.0000000000
46744  -43.171  -48.207  60.653 0.0000000000
46756  -41.545  -48.692  59.324 0.0000000000
46774  -40.248  -48.714  58.586 0.0000000000
46819  -34.152  -48.335  55.485 0.0000000000
47970  -43.029  -47.058  59.914 0.0000000000
47990  -37.979  -48.295  57.273 0.0000000000
49178  -42.436  -46.948  59.031 0.0000000000
49206  -41.312  -46.844  57.397 0.0000000000
49248  -40.806  -46.505  55.993 0.0000000000
50360  -43.769  -45.964  60.057 0.0000000000
50409  -42.536  -46.327  57.902 0.0000000000
50484  -40.440  -45.495  53.961 0.0000000000
51607  -38.887  -45.284  52.838 0.0000000000
51632  -37.121  -45.145  51.994 0.0000000000
54838  -47.059  -41.016  52.952 0.0000000000
54839  -47.450  -41.052  53.483 0.0000000000
54863  -46.529  -40.930  52.443 0.0000000000
55841  -48.382  -40.453  55.589 0.0000000000
55854  -47.070  -40.295  52.998 0.0000000000
56921  -46.947  -39.571  53.220 0.0000000000
56946  -44.957  -39.227  52.093 0.0000000000
56965  -43.019  -39.258  50.843 0.0000000000
56982  -43.130  -39.657  50.710 0.0000000000
57988  -49.005  -38.720  58.527 0.0000000000
57997  -48.315  -38.420  57.941 0.0000000000
57998  -48.718  -38.838  58.149 0.0000000000
58084  -44.905  -38.638  52.622 0.0000000000
58125  -47.155  -38.698  49.215 0.0000000000
58126  -47.733  -38.820  49.204 0.0000000000
58128  -49.299  -38.803  49.032 0.0000000000
58139  -46.892  -38.639  48.920 0.0000000000
58141  -48.078  -38.768  48.501 0.0000000000
58143  -49.522  -38.447  48.462 0.0000000000
59104  -48.975  -38.430  58.353 0.0000000000
59112  -48.869  -38.172  58.075 0.0000000000
59120  -47.458  -37.377  57.194 0.0000000000
59135  -52.959  -36.726  56.447 0.0000000000
59165  -44.289  -36.355  53.894 0.0000000000
59272  -47.277  -38.631  49.808 0.0000000000
59273  -50.631  -38.245  48.962 0.0000000000
59320  -47.943  -37.869  47.364 0.0000000000
59332  -41.784  -37.455  47.154 0.0000000000
59334  -43.012  -37.670  46.868 0.0000000000
59337  -45.521  -37.680  46.725 0.0000000000
60315  -51.034  -36.083  56.923 0.0000000000
60326  -47.721  -36.383  56.917 0.0000000000
60358  -53.686  -35.641  54.983 0.0000000000
60482  -40.882  -36.852  48.087 0.0000000000
60503  -48.295  -37.148  47.124 0.0000000000
60516  -38.888  -36.807  45.797 0.0000000000
60524  -46.225  -37.168  46.454 0.0000000000
60545  -44.001  -36.744  45.536 0.0000000000
61624  -51.424  -35.888  57.007 0.0000000000
61633  -51.452  -35.486  56.927 0.0000000000
61635  -52.930  -35.834  56.579 0.0000000000
61636  -53.462  -36.124  56.489 0.0000000000
61664  -51.728  -35.063  54.939 0.0000000000
61666  -53.310  -35.516  55.625 0.0000000000
61679  -41.908  -35.557  52.342 0.0000000000
61701  -41.994  -35.219  52.095 0.0000000000
61705  -45.768  -36.056  53.150 0.0000000000
61712  -40.411  -35.382  51.197 0.0000000000
61713  -42.681  -35.788  50.663 0.0000000000
61725  -38.689  -35.344  50.437 0.0000000000
61727  -41.901  -35.880  49.814 0.0000000000
61729  -43.120  -36.282  50.342 0.0000000000
61746  -42.197  -36.446  49.433 0.0000000000
61762  -38.674  -35.792  47.981 0.0000000000
61768  -50.631  -36.225  47.934 0.0000000000
61794  -46.678  -36.153  46.062 0.0000000000
61839  -44.405  -35.390  44.630 0.0000000000
62909  -50.385  -35.355  56.899 0.0000000000
62910  -50.936  -35.358  56.957 0.0000000000
62911  -51.250  -35.389  56.960 0.0000000000
62925  -50.819  -35.071  56.777 0.0000000000
62941  -49.806  -35.057  56.212 0.0000000000
62945  -52.781  -35.384  56.231 0.0000000000
62961  -51.098  -34.905  55.590 0.0000000000
62962  -51.959  -34.968  55.708 0.0000000000
62977  -41.027  -35.231  51.656 0.0000000000
62990  -42.620  -35.584  50.964 0.0000000000
62996  -38.220  -35.083  50.142 0.0000000000
63016  -41.061  -35.740  49.493 0.0000000000
63064  -46.800  -35.423  45.849 0.0000000000
63119  -44.257  -34.200  43.790 0.0000000000
65315  -49.743  -32.878  47.028 0.0000000000
65335  -49.580  -32.478  46.173 0.0000000000
65352  -48.584  -32.549  45.158 0.0000000000
65375  -46.471  -32.352  43.320 0.0000000000
66443  -48.817  -32.190  44.911 0.0000000000
66480  -44.637  -31.967  41.875 0.0000000000
67569  -50.032  -30.154  43.315 0.0000000000
67596  -47.046  -30.128  41.460 0.0000000000
68814  -51.586  -29.616  44.282 0.0000000000
68858  -49.882  -29.137  41.575 0.0000000000
70068  -55.544  -28.494  46.753 0.0000000000
70075  -53.316  -28.829  45.152 0.0000000000
70078  -55.163  -28.486  46.211 0.0000000000
70088  -53.758  -28.530  44.638 0.0000000000
70109  -51.097  -28.948  41.926 0.0000000000
71247  -55.180  -28.234  45.497 0.0000000000
71297  -54.180  -27.654  42.143 0.0000000000
72341  -56.413  -26.788  43.797 0.0000000000
72351  -56.213  -26.624  43.107 0.0000000000
73474  -57.304  -25.735  43.809 0.0000000000
73491  -55.985  -25.964  42.210 0.0000000000
73511  -56.178  -24.962  41.857 0.0000000000
74587  -56.987  -24.821  42.901 0.0000000000
74596  -56.666  -24.393  42.190 0.0000000000
74612  -53.549  -24.566  40.711 0.0000000000
74614  -55.761  -24.623  41.267 0.0000000000
74631  -54.171  -24.674  40.651 0.0000000000
75717  -58.121  -23.525  43.991 0.0000000000
75729  -56.779  -23.865  42.033 0.0000000000
75742  -51.703  -23.844  40.851 0.0000000000
75768  -55.190  -24.442  40.850 0.0000000000
76941  -59.354  -22.076  44.904 0.0000000000
76974  -56.682  -22.647  41.514 0.0000000000
76975  -56.996  -22.594  41.755 0.0000000000
78078  -58.883  -21.325  44.201 0.0000000000
78103  -55.700  -20.995  41.775 0.0000000000
78104  -56.140  -21.062  41.789 0.0000000000
78139  -53.382  -21.150  38.070 0.0000000000
78146  -52.794  -21.139  37.356 0.0000000000
78150  -55.761  -21.332  36.905 0.0000000000
78156  -52.822  -21.147  37.085 0.0000000000
79259  -58.425  -20.327  43.427 0.0000000000
79266  -55.534  -20.544  42.006 0.0000000000
79275  -54.631  -20.824  41.752 0.0000000000
79321  -52.778  -21.005  37.984 0.0000000000
79332  -53.750  -20.437  36.340 0.0000000000
79333  -54.827  -20.335  35.890 0.0000000000
80443  -57.727  -19.113  39.309 0.0000000000
80457  -56.988  -19.905  38.900 0.0000000000
80468  -59.185  -18.972  37.858 0.0000000000
81530  -56.663  -18.363  43.204 0.0000000000
81539  -54.021  -18.942  41.817 0.0000000000
81548  -53.340  -18.967  41.160 0.0000000000
81557  -53.171  -18.858  40.970 0.0000000000
81558  -53.624  -18.404  40.975 0.0000000000
81635  -59.815  -18.813  34.179 0.0000000000
82699  -55.728  -18.071  42.822 0.0000000000
82700  -56.184  -17.862  43.005 0.0000000000
82718  -54.917  -17.731  41.786 0.0000000000
82823  -59.774  -17.168  32.074 0.0000000000
82840  -60.230  -16.933  31.926 0.0000000000
83872  -62.173  -17.086  38.141 0.0000000000
83913  -61.668  -15.757  34.680 0.0000000000
83986  -61.779  -15.945  31.842 0.0000000000
85038  -62.289  -15.468  35.260 0.0000000000
85051  -62.629  -15.311  34.870 0.0000000000
85063  -62.763  -15.284  34.099 0.0000000000
85079  -64.059  -15.453  32.181 0.0000000000
85112  -60.108  -15.472  30.936 0.0000000000
