#!ascii label  , from subject 3530 vox2ras=TkReg
520
101449  -30.290  -0.961  -12.285 0.0000000000
95345  -26.174  -5.934  -8.682 0.0000000000
97356  -32.150  -4.383  -13.063 0.0000000000
92148  -29.569  -10.208  -8.289 0.0000000000
113193  -30.661  11.219  -6.388 0.0000000000
109390  -28.237  7.671  -13.459 0.0000000000
105696  -31.066  2.684  -8.317 0.0000000000
86769  -25.691  -14.485  -7.565 0.0000000000
93263  -27.576  -8.265  -7.615 0.0000000000
91121  -25.096  -10.082  -8.974 0.0000000000
112203  -29.998  10.057  -9.484 0.0000000000
109342  -30.784  7.354  -7.893 0.0000000000
100331  -28.824  -1.964  -7.208 0.0000000000
101406  -26.803  -0.268  -7.730 0.0000000000
103626  -31.235  0.911  -10.220 0.0000000000
105735  -30.269  3.201  -14.503 0.0000000000
103659  -32.319  1.348  -16.216 0.0000000000
101484  -34.622  0.275  -16.326 0.0000000000
97311  -24.789  -4.523  -9.567 0.0000000000
98251  -30.934  -3.622  -7.351 0.0000000000
99366  -30.974  -2.759  -13.514 0.0000000000
96289  -31.290  -5.393  -8.780 0.0000000000
94367  -30.537  -7.361  -10.256 0.0000000000
92222  -29.371  -9.573  -12.084 0.0000000000
105649  -29.105  3.647  -5.337 0.0000000000
107580  -30.099  5.420  -11.649 0.0000000000
107618  -29.132  5.736  -16.118 0.0000000000
90095  -23.517  -11.880  -8.164 0.0000000000
88972  -27.924  -12.840  -7.801 0.0000000000
92187  -24.389  -9.090  -9.132 0.0000000000
91120  -24.237  -10.329  -8.853 0.0000000000
109333  -30.734  7.629  -6.629 0.0000000000
107513  -30.196  5.532  -5.436 0.0000000000
101421  -31.686  -1.049  -8.783 0.0000000000
102522  -31.553  -0.151  -8.196 0.0000000000
102558  -30.566  0.005  -11.750 0.0000000000
103647  -30.655  1.184  -14.335 0.0000000000
102573  -31.728  0.351  -15.225 0.0000000000
102586  -33.931  0.890  -17.306 0.0000000000
101477  -32.678  0.003  -15.528 0.0000000000
96308  -25.860  -5.321  -9.020 0.0000000000
98248  -27.619  -3.575  -7.788 0.0000000000
97271  -28.701  -4.606  -7.373 0.0000000000
97273  -31.145  -4.504  -7.715 0.0000000000
96265  -29.168  -5.486  -7.202 0.0000000000
92146  -28.202  -9.562  -7.305 0.0000000000
94331  -30.491  -7.710  -8.497 0.0000000000
93286  -30.111  -9.077  -8.782 0.0000000000
93314  -29.859  -8.500  -11.170 0.0000000000
92189  -29.504  -9.884  -10.304 0.0000000000
112167  -30.310  10.711  -4.892 0.0000000000
112165  -28.583  10.687  -4.182 0.0000000000
114156  -30.425  12.325  -5.325 0.0000000000
116165  -30.352  13.546  -6.044 0.0000000000
114188  -29.013  12.351  -9.503 0.0000000000
110362  -28.936  8.583  -11.420 0.0000000000
102509  -28.839  0.719  -6.389 0.0000000000
103593  -28.463  1.770  -6.018 0.0000000000
104646  -30.172  2.765  -5.816 0.0000000000
106611  -30.821  4.412  -7.513 0.0000000000
106632  -30.750  4.323  -9.686 0.0000000000
105743  -30.646  3.755  -15.996 0.0000000000
106678  -29.843  4.504  -15.787 0.0000000000
107620  -30.976  5.455  -16.487 0.0000000000
98332  -31.576  -3.628  -13.254 0.0000000000
100406  -34.062  -1.135  -13.593 0.0000000000
87903  -24.150  -13.762  -8.172 0.0000000000
87885  -24.695  -13.282  -8.187 0.0000000000
88970  -25.693  -12.371  -7.969 0.0000000000
87887  -26.217  -13.665  -7.584 0.0000000000
94366  -25.432  -7.353  -9.035 0.0000000000
94349  -27.337  -6.965  -7.830 0.0000000000
93283  -25.873  -8.282  -8.630 0.0000000000
92169  -26.361  -9.279  -8.245 0.0000000000
91097  -26.815  -10.404  -7.770 0.0000000000
111229  -30.424  9.597  -5.440 0.0000000000
113204  -30.145  10.858  -8.293 0.0000000000
111241  -30.745  9.458  -7.324 0.0000000000
110347  -30.345  8.481  -9.668 0.0000000000
109364  -29.619  7.594  -11.204 0.0000000000
100357  -25.679  -2.140  -9.100 0.0000000000
101408  -28.427  -0.737  -6.909 0.0000000000
102511  -30.632  0.260  -6.638 0.0000000000
104692  -31.230  1.763  -8.632 0.0000000000
105718  -30.591  3.207  -11.631 0.0000000000
104723  -30.267  2.150  -13.184 0.0000000000
104738  -31.099  2.348  -15.483 0.0000000000
105749  -33.218  2.867  -17.353 0.0000000000
104748  -33.404  2.074  -18.808 0.0000000000
85632  -26.726  -15.746  -8.623 0.0000000000
86771  -27.010  -14.931  -8.464 0.0000000000
99279  -27.204  -2.679  -8.058 0.0000000000
99271  -29.855  -2.651  -6.761 0.0000000000
100358  -31.474  -1.882  -9.429 0.0000000000
100403  -30.580  -1.914  -13.666 0.0000000000
99331  -31.261  -2.788  -10.133 0.0000000000
98314  -30.331  -3.752  -11.629 0.0000000000
96337  -30.699  -5.099  -11.074 0.0000000000
95301  -29.889  -6.448  -7.312 0.0000000000
95328  -31.060  -6.287  -9.115 0.0000000000
96344  -30.455  -5.698  -12.629 0.0000000000
95370  -30.365  -6.726  -12.438 0.0000000000
94404  -30.856  -7.775  -12.876 0.0000000000
112201  -28.738  11.101  -10.449 0.0000000000
107532  -30.604  5.365  -6.263 0.0000000000
108436  -30.400  6.323  -9.606 0.0000000000
108473  -28.900  6.554  -13.147 0.0000000000
106657  -30.155  4.295  -13.126 0.0000000000
107597  -29.205  5.629  -13.896 0.0000000000
108499  -27.854  6.402  -14.846 0.0000000000
101470  -33.174  -0.495  -14.766 0.0000000000
101472  -35.521  -0.562  -15.479 0.0000000000
91119  -23.458  -10.656  -8.182 0.0000000000
90097  -24.904  -11.136  -8.705 0.0000000000
90080  -26.401  -11.448  -7.856 0.0000000000
90082  -28.227  -11.712  -7.523 0.0000000000
87905  -27.752  -13.987  -8.781 0.0000000000
90099  -28.357  -12.813  -9.550 0.0000000000
90119  -28.550  -11.721  -10.139 0.0000000000
107512  -29.378  5.749  -4.854 0.0000000000
101439  -31.161  -0.853  -10.632 0.0000000000
102544  -31.542  -0.045  -10.009 0.0000000000
101460  -30.516  -0.752  -13.470 0.0000000000
102568  -30.767  0.201  -13.784 0.0000000000
101467  -30.847  -0.597  -14.117 0.0000000000
101476  -32.058  -0.058  -15.276 0.0000000000
101468  -31.525  -0.439  -14.678 0.0000000000
96307  -25.263  -5.451  -9.465 0.0000000000
96287  -26.408  -5.261  -8.591 0.0000000000
96288  -26.988  -5.269  -8.184 0.0000000000
96263  -27.624  -5.314  -7.817 0.0000000000
96264  -28.362  -5.429  -7.509 0.0000000000
95326  -27.313  -5.990  -7.961 0.0000000000
92147  -29.156  -9.893  -7.582 0.0000000000
93265  -29.734  -8.952  -7.976 0.0000000000
92171  -30.005  -9.340  -9.531 0.0000000000
113190  -30.574  11.443  -5.547 0.0000000000
114160  -30.413  12.156  -6.283 0.0000000000
114173  -29.263  12.626  -8.874 0.0000000000
113195  -30.111  11.853  -7.923 0.0000000000
110361  -28.506  8.422  -12.229 0.0000000000
111287  -27.786  9.131  -12.532 0.0000000000
110383  -27.774  8.069  -13.640 0.0000000000
109406  -27.017  7.697  -14.648 0.0000000000
103595  -30.335  1.510  -6.254 0.0000000000
103594  -29.462  1.420  -5.972 0.0000000000
103575  -30.259  2.205  -5.958 0.0000000000
103573  -29.222  2.129  -5.652 0.0000000000
105667  -30.750  2.899  -6.731 0.0000000000
105695  -30.940  3.570  -7.956 0.0000000000
105703  -31.036  3.452  -9.008 0.0000000000
106682  -31.706  4.489  -16.671 0.0000000000
106681  -30.733  4.530  -16.351 0.0000000000
98333  -32.298  -3.661  -12.981 0.0000000000
99356  -32.994  -2.870  -12.796 0.0000000000
98323  -33.716  -3.567  -12.606 0.0000000000
86784  -24.371  -14.616  -7.867 0.0000000000
86768  -24.878  -14.140  -7.815 0.0000000000
87886  -25.347  -13.443  -7.815 0.0000000000
94365  -24.774  -7.419  -9.335 0.0000000000
93300  -25.189  -8.288  -9.058 0.0000000000
91145  -24.759  -9.505  -9.120 0.0000000000
92168  -25.549  -9.227  -8.776 0.0000000000
91122  -25.988  -10.277  -8.421 0.0000000000
110302  -30.191  8.611  -5.118 0.0000000000
111234  -30.698  9.558  -6.342 0.0000000000
110315  -30.586  8.614  -5.911 0.0000000000
110339  -30.669  8.177  -8.543 0.0000000000
110355  -30.041  7.842  -10.467 0.0000000000
109349  -30.492  7.323  -9.018 0.0000000000
100344  -26.767  -2.123  -8.277 0.0000000000
100330  -28.367  -1.541  -7.230 0.0000000000
103618  -31.478  0.720  -9.091 0.0000000000
102512  -31.227  0.129  -7.294 0.0000000000
103607  -31.291  0.932  -7.937 0.0000000000
103596  -31.006  1.134  -6.959 0.0000000000
104698  -31.264  1.712  -9.580 0.0000000000
104706  -30.782  2.161  -11.314 0.0000000000
103632  -30.725  1.460  -11.963 0.0000000000
103653  -31.401  1.283  -15.238 0.0000000000
103658  -31.679  1.847  -15.699 0.0000000000
104743  -32.373  2.438  -16.523 0.0000000000
104744  -32.948  2.307  -17.094 0.0000000000
104747  -33.457  2.193  -17.707 0.0000000000
103669  -33.677  1.831  -17.903 0.0000000000
102582  -34.616  0.465  -16.718 0.0000000000
102592  -34.588  0.674  -17.753 0.0000000000
102583  -35.482  0.324  -16.620 0.0000000000
84485  -26.422  -16.743  -8.539 0.0000000000
85647  -26.797  -16.447  -9.227 0.0000000000
98286  -24.382  -3.558  -9.599 0.0000000000
99314  -25.416  -2.690  -9.317 0.0000000000
98288  -25.698  -3.570  -9.070 0.0000000000
98237  -29.472  -3.615  -6.965 0.0000000000
98236  -28.855  -3.385  -7.209 0.0000000000
99283  -31.224  -2.800  -7.514 0.0000000000
100345  -31.568  -1.951  -8.487 0.0000000000
99295  -31.547  -2.837  -8.193 0.0000000000
99315  -31.514  -2.841  -9.107 0.0000000000
96266  -30.853  -5.283  -7.631 0.0000000000
98289  -31.263  -3.880  -9.766 0.0000000000
97293  -31.373  -4.664  -9.180 0.0000000000
97337  -30.578  -4.587  -11.336 0.0000000000
96309  -31.102  -5.519  -9.606 0.0000000000
93285  -27.052  -7.643  -7.897 0.0000000000
94328  -28.281  -7.350  -7.468 0.0000000000
94329  -29.333  -7.598  -7.407 0.0000000000
94350  -30.672  -7.469  -9.204 0.0000000000
94351  -30.772  -6.920  -9.416 0.0000000000
96323  -30.493  -6.044  -11.207 0.0000000000
95346  -30.442  -6.852  -10.842 0.0000000000
94379  -30.164  -7.591  -11.381 0.0000000000
93313  -29.569  -9.147  -11.606 0.0000000000
93331  -30.114  -8.614  -12.017 0.0000000000
93344  -30.730  -8.678  -12.531 0.0000000000
112192  -29.765  10.781  -9.071 0.0000000000
112202  -29.338  10.382  -10.021 0.0000000000
101420  -26.070  -0.431  -8.244 0.0000000000
105665  -27.503  3.191  -6.266 0.0000000000
105648  -27.931  3.677  -5.771 0.0000000000
106580  -29.698  4.592  -5.274 0.0000000000
106581  -30.353  4.475  -5.815 0.0000000000
107572  -30.386  5.337  -10.291 0.0000000000
107563  -30.570  5.331  -9.060 0.0000000000
108462  -29.901  6.040  -11.420 0.0000000000
108449  -30.074  6.356  -10.839 0.0000000000
107579  -29.763  5.731  -12.062 0.0000000000
105724  -30.265  3.207  -12.688 0.0000000000
106647  -30.376  4.232  -12.127 0.0000000000
106665  -30.095  4.134  -14.124 0.0000000000
106677  -29.305  5.072  -15.650 0.0000000000
106664  -29.517  4.916  -14.493 0.0000000000
107614  -28.771  5.593  -15.636 0.0000000000
108500  -28.359  6.141  -14.690 0.0000000000
108516  -27.926  6.268  -15.901 0.0000000000
108526  -28.364  6.498  -16.431 0.0000000000
100404  -31.444  -1.825  -13.731 0.0000000000
100414  -32.414  -0.872  -14.463 0.0000000000
100405  -32.773  -1.406  -13.618 0.0000000000
101463  -35.082  -0.697  -14.755 0.0000000000
88989  -24.289  -12.663  -8.483 0.0000000000
90096  -24.207  -11.463  -8.584 0.0000000000
88971  -26.944  -12.853  -7.463 0.0000000000
90081  -27.369  -11.651  -7.490 0.0000000000
88973  -28.478  -12.402  -7.993 0.0000000000
87904  -27.349  -14.357  -8.390 0.0000000000
90100  -28.729  -12.076  -9.024 0.0000000000
93298  -23.963  -8.359  -9.068 0.0000000000
92186  -23.856  -9.015  -8.946 0.0000000000
92167  -24.061  -9.552  -9.026 0.0000000000
109322  -30.449  7.591  -5.458 0.0000000000
108396  -30.089  6.633  -4.980 0.0000000000
108410  -30.622  6.472  -5.868 0.0000000000
101409  -31.222  -1.485  -7.486 0.0000000000
101398  -30.927  -0.883  -7.167 0.0000000000
102533  -31.699  -0.274  -9.155 0.0000000000
103639  -30.648  0.717  -12.064 0.0000000000
103638  -30.494  1.103  -12.684 0.0000000000
102564  -30.544  0.086  -13.089 0.0000000000
103654  -31.942  0.820  -15.647 0.0000000000
103660  -32.893  0.943  -16.675 0.0000000000
103665  -33.217  1.384  -17.190 0.0000000000
102577  -32.916  0.565  -16.231 0.0000000000
102578  -33.499  0.520  -16.427 0.0000000000
101478  -33.586  0.149  -15.831 0.0000000000
96306  -24.487  -5.536  -9.695 0.0000000000
97312  -25.475  -4.478  -9.285 0.0000000000
98266  -26.277  -3.566  -8.632 0.0000000000
97291  -26.634  -4.426  -8.399 0.0000000000
97270  -27.977  -4.506  -7.646 0.0000000000
97258  -30.062  -4.480  -6.954 0.0000000000
98252  -31.399  -3.684  -7.909 0.0000000000
96250  -30.442  -5.194  -7.269 0.0000000000
95278  -30.377  -5.845  -7.394 0.0000000000
93264  -28.782  -8.616  -7.352 0.0000000000
93266  -30.204  -8.390  -8.398 0.0000000000
93287  -30.370  -8.534  -9.225 0.0000000000
93301  -30.344  -8.351  -10.157 0.0000000000
92190  -29.962  -9.094  -10.213 0.0000000000
92206  -29.366  -9.448  -11.234 0.0000000000
111216  -29.100  9.612  -4.359 0.0000000000
113184  -29.674  11.639  -4.303 0.0000000000
115155  -30.385  13.011  -5.792 0.0000000000
114187  -28.402  12.631  -9.911 0.0000000000
111268  -29.038  9.462  -10.880 0.0000000000
111267  -28.621  9.947  -11.168 0.0000000000
111276  -28.172  9.407  -11.816 0.0000000000
103605  -26.458  1.918  -7.493 0.0000000000
103592  -27.493  1.938  -6.446 0.0000000000
104644  -28.660  2.747  -5.613 0.0000000000
105666  -30.530  3.455  -6.207 0.0000000000
106596  -30.687  4.405  -6.614 0.0000000000
106624  -30.836  4.409  -8.520 0.0000000000
105738  -30.414  3.306  -15.345 0.0000000000
106673  -29.852  4.131  -14.938 0.0000000000
107619  -29.919  5.508  -16.226 0.0000000000
99367  -32.104  -2.693  -13.207 0.0000000000
100392  -33.248  -2.153  -12.971 0.0000000000
100394  -34.597  -1.548  -13.273 0.0000000000
88968  -24.633  -12.914  -8.391 0.0000000000
88990  -24.891  -12.028  -8.498 0.0000000000
88969  -24.926  -12.784  -8.265 0.0000000000
95343  -25.023  -6.460  -9.482 0.0000000000
95344  -25.722  -6.347  -8.995 0.0000000000
95325  -26.729  -6.164  -8.294 0.0000000000
94347  -26.109  -7.322  -8.594 0.0000000000
93284  -26.729  -8.216  -8.058 0.0000000000
93262  -27.156  -8.571  -7.758 0.0000000000
92145  -27.208  -9.258  -7.671 0.0000000000
91098  -27.733  -10.560  -7.364 0.0000000000
110299  -27.791  8.734  -4.830 0.0000000000
111217  -29.900  9.616  -4.761 0.0000000000
112176  -30.684  10.493  -5.863 0.0000000000
112179  -30.751  10.432  -6.868 0.0000000000
112193  -30.330  10.141  -8.779 0.0000000000
111259  -30.352  9.487  -9.336 0.0000000000
110331  -30.754  8.439  -7.604 0.0000000000
111250  -30.698  9.239  -8.485 0.0000000000
111258  -29.899  9.354  -10.048 0.0000000000
110354  -29.744  8.608  -10.563 0.0000000000
109377  -29.018  7.577  -12.255 0.0000000000
101407  -27.724  -0.608  -7.275 0.0000000000
101397  -30.071  -0.677  -6.610 0.0000000000
101396  -29.087  -0.422  -6.616 0.0000000000
101395  -28.212  0.049  -6.781 0.0000000000
102510  -29.797  0.442  -6.280 0.0000000000
104681  -31.046  1.914  -7.666 0.0000000000
105711  -31.044  3.062  -10.299 0.0000000000
105704  -31.174  2.522  -9.284 0.0000000000
104715  -30.558  2.224  -12.288 0.0000000000
105729  -30.240  3.197  -13.655 0.0000000000
103644  -30.404  1.122  -13.529 0.0000000000
104729  -30.181  2.139  -14.056 0.0000000000
105739  -31.068  3.069  -15.819 0.0000000000
105744  -31.546  3.463  -16.353 0.0000000000
105745  -32.581  3.395  -16.839 0.0000000000
105750  -33.716  2.878  -17.800 0.0000000000
103670  -33.791  1.423  -17.915 0.0000000000
96346  -32.582  -4.755  -12.988 0.0000000000
85631  -26.088  -15.631  -7.667 0.0000000000
86770  -26.513  -14.776  -7.745 0.0000000000
99293  -25.937  -2.704  -8.871 0.0000000000
99281  -28.579  -2.169  -7.323 0.0000000000
98267  -26.908  -3.563  -8.210 0.0000000000
99270  -28.948  -2.622  -7.142 0.0000000000
100332  -30.993  -1.935  -7.271 0.0000000000
100385  -30.815  -1.618  -11.169 0.0000000000
100402  -30.158  -1.610  -13.327 0.0000000000
100384  -30.335  -1.988  -12.035 0.0000000000
99344  -30.729  -2.665  -11.197 0.0000000000
99354  -29.759  -2.862  -12.643 0.0000000000
98268  -31.528  -3.748  -8.726 0.0000000000
98303  -30.914  -3.711  -10.803 0.0000000000
98321  -30.180  -3.695  -12.937 0.0000000000
97345  -30.367  -4.621  -12.698 0.0000000000
97354  -30.702  -4.592  -13.127 0.0000000000
95299  -27.938  -6.243  -7.640 0.0000000000
95302  -30.754  -6.430  -8.112 0.0000000000
94330  -30.140  -7.614  -7.871 0.0000000000
95303  -31.124  -5.878  -8.491 0.0000000000
96324  -30.776  -5.551  -10.631 0.0000000000
96336  -30.300  -5.641  -11.672 0.0000000000
96351  -30.669  -5.324  -13.017 0.0000000000
96345  -30.931  -6.026  -13.061 0.0000000000
95378  -31.572  -6.636  -13.231 0.0000000000
94393  -30.349  -7.682  -12.218 0.0000000000
113203  -29.822  11.658  -8.424 0.0000000000
113212  -29.171  11.688  -9.588 0.0000000000
112213  -28.330  10.621  -11.215 0.0000000000
106579  -28.654  4.690  -5.215 0.0000000000
108418  -30.770  6.225  -7.136 0.0000000000
107541  -30.707  5.144  -7.084 0.0000000000
108426  -30.683  6.315  -8.438 0.0000000000
109365  -29.965  7.191  -10.735 0.0000000000
108448  -29.833  6.884  -11.147 0.0000000000
108472  -28.529  7.124  -13.398 0.0000000000
106639  -30.593  4.283  -10.964 0.0000000000
107590  -30.225  4.896  -12.474 0.0000000000
106656  -29.797  4.896  -13.727 0.0000000000
107589  -29.742  5.476  -12.761 0.0000000000
108483  -28.319  6.922  -13.928 0.0000000000
109424  -27.081  7.002  -14.757 0.0000000000
100412  -31.019  -1.247  -14.143 0.0000000000
101479  -34.598  0.072  -15.899 0.0000000000
101462  -34.255  -0.689  -14.352 0.0000000000
101471  -34.355  -0.322  -15.244 0.0000000000
101480  -35.494  -0.158  -15.960 0.0000000000
88991  -25.270  -11.674  -8.433 0.0000000000
90098  -25.569  -11.163  -8.433 0.0000000000
91099  -28.634  -10.780  -7.494 0.0000000000
87888  -26.990  -14.074  -7.735 0.0000000000
87889  -27.447  -13.653  -7.907 0.0000000000
88992  -28.317  -13.059  -8.866 0.0000000000
88993  -28.630  -12.352  -8.407 0.0000000000
90083  -28.849  -11.817  -7.938 0.0000000000
91123  -29.293  -11.029  -9.135 0.0000000000
91146  -29.024  -10.779  -10.231 0.0000000000
91100  -29.269  -11.051  -8.097 0.0000000000
91144  -24.518  -9.717  -9.078 0.0000000000
92170  -29.763  -9.959  -9.146 0.0000000000
92188  -24.943  -9.100  -9.144 0.0000000000
92207  -29.858  -8.839  -10.720 0.0000000000
92223  -29.825  -9.304  -12.196 0.0000000000
93299  -24.574  -8.298  -9.204 0.0000000000
93330  -29.731  -9.043  -11.832 0.0000000000
94348  -26.686  -7.146  -8.204 0.0000000000
94364  -24.097  -7.512  -9.242 0.0000000000
94368  -30.771  -6.725  -9.703 0.0000000000
95279  -30.631  -5.692  -7.572 0.0000000000
95300  -28.813  -6.432  -7.314 0.0000000000
95324  -26.270  -6.584  -8.559 0.0000000000
95327  -30.872  -6.793  -8.928 0.0000000000
95342  -24.244  -6.560  -9.507 0.0000000000
95347  -30.767  -6.366  -10.129 0.0000000000
95358  -30.201  -6.675  -11.568 0.0000000000
95359  -30.566  -6.294  -10.877 0.0000000000
96249  -29.934  -5.372  -7.033 0.0000000000
96267  -31.189  -5.363  -8.117 0.0000000000
96352  -31.401  -5.575  -13.173 0.0000000000
96353  -32.453  -5.347  -13.127 0.0000000000
97259  -30.634  -4.443  -7.297 0.0000000000
97272  -29.382  -4.588  -7.113 0.0000000000
97274  -31.410  -4.568  -8.362 0.0000000000
97292  -27.251  -4.444  -7.957 0.0000000000
97313  -26.049  -4.439  -8.838 0.0000000000
97314  -31.088  -4.839  -9.925 0.0000000000
97328  -30.911  -4.608  -10.581 0.0000000000
97336  -30.164  -4.703  -12.085 0.0000000000
97346  -32.720  -4.308  -12.871 0.0000000000
97355  -31.455  -4.542  -13.202 0.0000000000
98238  -30.309  -3.593  -6.938 0.0000000000
98249  -28.392  -3.670  -7.453 0.0000000000
98250  -28.948  -3.972  -7.212 0.0000000000
98285  -23.672  -3.551  -9.505 0.0000000000
98287  -25.094  -3.563  -9.444 0.0000000000
98313  -30.044  -3.783  -12.361 0.0000000000
98322  -32.925  -3.675  -12.763 0.0000000000
98331  -30.721  -3.667  -13.307 0.0000000000
99269  -28.572  -3.065  -7.340 0.0000000000
99280  -28.115  -2.601  -7.549 0.0000000000
99282  -30.671  -2.724  -6.999 0.0000000000
99294  -26.543  -2.698  -8.474 0.0000000000
99343  -30.051  -3.026  -11.965 0.0000000000
99355  -32.544  -3.228  -12.897 0.0000000000
99357  -33.931  -2.618  -12.673 0.0000000000
99365  -30.057  -2.653  -13.308 0.0000000000
99368  -32.737  -2.253  -13.089 0.0000000000
100319  -28.805  -1.076  -6.897 0.0000000000
100320  -29.306  -1.583  -6.904 0.0000000000
100321  -30.340  -1.741  -6.875 0.0000000000
100333  -31.409  -2.017  -7.745 0.0000000000
100372  -31.218  -1.784  -10.400 0.0000000000
100391  -29.729  -1.826  -12.831 0.0000000000
100393  -33.929  -1.775  -13.049 0.0000000000
100411  -30.556  -1.269  -13.749 0.0000000000
100413  -31.806  -1.107  -14.377 0.0000000000
101399  -31.343  -0.502  -7.578 0.0000000000
101410  -31.497  -1.140  -7.851 0.0000000000
101419  -25.548  -0.571  -8.732 0.0000000000
101432  -31.514  -0.964  -9.730 0.0000000000
101450  -30.611  -0.869  -11.462 0.0000000000
101456  -30.290  -0.929  -12.881 0.0000000000
101461  -33.531  -0.855  -14.056 0.0000000000
101469  -32.219  -0.495  -14.893 0.0000000000
101483  -33.994  0.370  -16.317 0.0000000000
101485  -35.489  0.099  -16.219 0.0000000000
102549  -31.176  0.045  -10.982 0.0000000000
102557  -30.369  -0.007  -12.455 0.0000000000
102572  -31.144  0.297  -14.562 0.0000000000
102576  -32.290  0.481  -15.723 0.0000000000
102580  -33.257  0.785  -16.708 0.0000000000
102581  -33.808  0.673  -16.832 0.0000000000
102591  -34.093  0.948  -17.934 0.0000000000
102596  -33.940  0.319  -18.535 0.0000000000
102597  -34.664  0.235  -18.574 0.0000000000
103574  -29.899  2.105  -5.737 0.0000000000
103591  -26.917  2.167  -6.910 0.0000000000
103633  -30.934  1.042  -11.276 0.0000000000
103664  -32.749  1.816  -16.772 0.0000000000
103666  -33.667  1.088  -17.316 0.0000000000
103675  -33.407  0.917  -18.872 0.0000000000
104645  -29.540  2.820  -5.576 0.0000000000
104666  -30.490  2.491  -6.269 0.0000000000
104667  -30.793  2.126  -6.842 0.0000000000
104707  -31.097  1.893  -10.428 0.0000000000
104735  -30.523  2.208  -14.859 0.0000000000
104739  -31.717  2.421  -15.987 0.0000000000
104754  -33.892  2.201  -19.655 0.0000000000
105650  -29.988  3.604  -5.561 0.0000000000
105684  -30.871  3.598  -7.035 0.0000000000
105685  -30.926  2.807  -7.410 0.0000000000
105712  -31.207  2.326  -9.897 0.0000000000
106672  -29.336  4.996  -15.231 0.0000000000
107553  -30.765  5.312  -7.948 0.0000000000
107605  -28.225  6.038  -14.963 0.0000000000
107606  -28.660  5.753  -14.824 0.0000000000
107613  -28.245  5.983  -15.227 0.0000000000
107615  -29.326  5.224  -15.942 0.0000000000
108461  -29.626  6.386  -11.817 0.0000000000
108484  -28.594  6.262  -14.278 0.0000000000
108498  -27.081  6.739  -15.110 0.0000000000
108517  -28.631  6.059  -16.150 0.0000000000
109355  -30.234  7.260  -10.055 0.0000000000
109376  -28.520  7.961  -12.811 0.0000000000
109391  -28.613  7.360  -12.996 0.0000000000
109407  -27.610  7.442  -14.162 0.0000000000
109423  -26.802  7.333  -15.395 0.0000000000
109440  -27.906  6.704  -16.518 0.0000000000
110323  -30.696  8.740  -6.752 0.0000000000
110346  -30.081  8.843  -10.146 0.0000000000
110371  -27.924  8.616  -12.961 0.0000000000
111277  -28.686  9.133  -11.325 0.0000000000
112184  -30.552  10.275  -7.865 0.0000000000
112214  -28.814  10.291  -10.729 0.0000000000
113183  -29.149  11.157  -4.151 0.0000000000
113185  -30.342  11.716  -4.844 0.0000000000
113196  -30.344  11.485  -7.439 0.0000000000
113211  -28.632  11.828  -10.240 0.0000000000
116154  -30.304  13.702  -5.537 0.0000000000
116164  -30.132  14.227  -6.289 0.0000000000
