#!ascii label  , from subject 3530 vox2ras=TkReg
619
20979  -45.723  -69.020  -10.488 0.0000000000
27075  -38.174  -63.926  -9.645 0.0000000000
25807  -43.482  -65.341  -8.656 0.0000000000
24581  -41.755  -66.428  -11.647 0.0000000000
28430  -48.170  -63.711  -4.776 0.0000000000
20882  -45.813  -69.985  -4.177 0.0000000000
23240  -38.716  -67.144  -4.961 0.0000000000
22017  -40.679  -68.206  -0.734 0.0000000000
28443  -41.214  -63.492  -6.550 0.0000000000
27049  -46.115  -64.196  -7.685 0.0000000000
29728  -43.011  -62.402  -4.318 0.0000000000
22063  -41.742  -68.248  -4.777 0.0000000000
19718  -39.051  -70.878  -3.782 0.0000000000
25718  -41.339  -65.513  1.240 0.0000000000
26971  -38.273  -64.865  0.062 0.0000000000
21055  -42.331  -69.808  -14.581 0.0000000000
25822  -40.000  -65.617  -10.779 0.0000000000
22198  -37.661  -68.411  -13.429 0.0000000000
23342  -35.645  -66.895  -12.960 0.0000000000
23308  -46.694  -67.065  -9.651 0.0000000000
24594  -44.384  -66.677  -12.911 0.0000000000
29805  -45.182  -62.704  -9.554 0.0000000000
29786  -43.508  -62.385  -8.276 0.0000000000
23260  -45.263  -67.759  -6.783 0.0000000000
24543  -40.794  -66.353  -6.994 0.0000000000
28421  -38.345  -63.908  -6.137 0.0000000000
18450  -39.903  -71.382  -1.381 0.0000000000
22032  -37.776  -67.919  -1.889 0.0000000000
26995  -36.023  -64.725  -2.610 0.0000000000
32270  -36.369  -60.404  -2.397 0.0000000000
21034  -40.009  -69.600  -14.417 0.0000000000
35011  -43.695  -58.655  -7.439 0.0000000000
32359  -37.731  -60.287  -8.660 0.0000000000
32384  -36.074  -60.416  -11.278 0.0000000000
29746  -40.669  -62.570  -5.234 0.0000000000
28425  -42.481  -63.025  -5.381 0.0000000000
21017  -43.534  -69.243  -12.793 0.0000000000
27094  -38.529  -64.631  -10.128 0.0000000000
24577  -37.778  -66.390  -11.470 0.0000000000
25819  -36.972  -65.134  -10.548 0.0000000000
25848  -35.294  -65.644  -12.297 0.0000000000
28496  -36.317  -63.490  -9.960 0.0000000000
23306  -44.865  -66.438  -9.219 0.0000000000
25814  -45.696  -65.177  -9.734 0.0000000000
27034  -47.373  -64.223  -6.455 0.0000000000
28471  -47.611  -63.364  -8.482 0.0000000000
29774  -47.638  -62.952  -7.345 0.0000000000
29804  -43.929  -62.866  -9.203 0.0000000000
29772  -45.464  -62.436  -7.564 0.0000000000
23262  -47.390  -68.283  -6.075 0.0000000000
22079  -45.265  -68.406  -4.889 0.0000000000
23229  -39.897  -67.797  -4.854 0.0000000000
23243  -41.426  -67.436  -5.256 0.0000000000
24525  -39.698  -66.861  -5.644 0.0000000000
27030  -39.066  -65.054  -6.749 0.0000000000
25788  -38.047  -65.792  -5.840 0.0000000000
20829  -40.790  -69.182  -0.828 0.0000000000
19686  -38.777  -69.883  -1.992 0.0000000000
22034  -39.283  -68.286  -1.268 0.0000000000
28342  -36.528  -63.293  0.070 0.0000000000
25735  -36.775  -65.072  -0.977 0.0000000000
29681  -35.851  -63.010  -0.973 0.0000000000
29690  -35.894  -62.662  -2.475 0.0000000000
24582  -43.161  -66.693  -12.518 0.0000000000
23361  -42.550  -68.064  -13.720 0.0000000000
23347  -40.998  -67.687  -12.694 0.0000000000
21061  -37.066  -70.039  -15.296 0.0000000000
35033  -44.060  -58.290  -8.796 0.0000000000
35030  -40.357  -58.934  -8.111 0.0000000000
35052  -37.309  -58.401  -9.930 0.0000000000
27046  -42.818  -64.367  -7.658 0.0000000000
27062  -44.556  -64.638  -8.485 0.0000000000
28461  -44.084  -63.849  -6.916 0.0000000000
28446  -44.363  -63.661  -6.006 0.0000000000
28428  -45.857  -63.767  -4.841 0.0000000000
20880  -43.493  -69.612  -4.460 0.0000000000
20878  -41.000  -69.448  -4.728 0.0000000000
22061  -39.352  -68.615  -4.574 0.0000000000
24458  -40.867  -66.400  0.015 0.0000000000
25738  -39.505  -65.862  -0.313 0.0000000000
26960  -39.497  -64.872  0.788 0.0000000000
28333  -38.463  -64.021  1.338 0.0000000000
30934  -37.209  -61.658  1.888 0.0000000000
24568  -40.873  -65.991  -11.156 0.0000000000
23346  -39.749  -67.729  -12.549 0.0000000000
23329  -38.136  -67.034  -11.959 0.0000000000
23359  -36.483  -67.834  -13.277 0.0000000000
22217  -34.894  -68.537  -15.713 0.0000000000
23371  -34.586  -67.399  -15.615 0.0000000000
24610  -34.789  -66.440  -15.312 0.0000000000
27153  -35.657  -64.328  -14.393 0.0000000000
22151  -47.180  -67.999  -10.194 0.0000000000
23335  -45.267  -67.490  -12.144 0.0000000000
25851  -46.073  -65.906  -12.517 0.0000000000
27115  -45.013  -64.522  -11.736 0.0000000000
27083  -47.052  -64.121  -9.843 0.0000000000
28499  -46.544  -63.299  -10.940 0.0000000000
27099  -43.843  -64.371  -10.839 0.0000000000
27079  -42.349  -64.067  -9.874 0.0000000000
28484  -41.970  -63.346  -9.385 0.0000000000
29801  -40.484  -62.622  -8.881 0.0000000000
23294  -48.046  -67.846  -8.085 0.0000000000
23292  -45.805  -67.292  -8.601 0.0000000000
23290  -43.231  -66.757  -8.205 0.0000000000
22078  -44.004  -68.133  -4.986 0.0000000000
23258  -42.914  -67.417  -6.522 0.0000000000
24553  -42.211  -66.008  -8.240 0.0000000000
27044  -40.698  -64.806  -7.400 0.0000000000
28422  -39.412  -63.381  -6.167 0.0000000000
29724  -38.876  -62.197  -5.138 0.0000000000
18463  -38.966  -71.389  -2.842 0.0000000000
20870  -38.313  -69.306  -3.415 0.0000000000
22050  -37.667  -68.241  -3.491 0.0000000000
25748  -37.790  -65.898  -1.005 0.0000000000
24491  -36.643  -66.482  -2.472 0.0000000000
25782  -36.970  -66.207  -4.587 0.0000000000
28419  -36.744  -64.189  -4.903 0.0000000000
29722  -36.884  -62.521  -4.482 0.0000000000
23363  -43.290  -68.405  -13.746 0.0000000000
22212  -41.579  -69.654  -14.804 0.0000000000
21033  -38.918  -69.386  -14.159 0.0000000000
19900  -38.044  -70.659  -15.455 0.0000000000
29760  -45.023  -62.085  -6.610 0.0000000000
29769  -42.640  -61.729  -7.436 0.0000000000
29783  -40.099  -61.963  -8.464 0.0000000000
32347  -40.130  -60.451  -7.798 0.0000000000
29798  -37.492  -62.088  -8.909 0.0000000000
29796  -35.877  -62.529  -9.963 0.0000000000
29831  -35.672  -62.273  -12.167 0.0000000000
29725  -39.947  -62.045  -4.946 0.0000000000
29726  -40.948  -62.086  -4.651 0.0000000000
21000  -44.221  -69.095  -11.666 0.0000000000
25820  -37.913  -65.232  -10.543 0.0000000000
27093  -37.536  -64.524  -10.091 0.0000000000
25818  -36.230  -65.023  -10.793 0.0000000000
27074  -37.238  -63.793  -9.725 0.0000000000
24561  -44.288  -66.112  -9.133 0.0000000000
24562  -45.234  -65.944  -9.656 0.0000000000
25813  -44.567  -65.310  -9.067 0.0000000000
27021  -47.672  -64.196  -5.538 0.0000000000
28463  -48.015  -63.515  -6.706 0.0000000000
29773  -46.663  -62.616  -7.541 0.0000000000
29762  -47.075  -62.733  -6.278 0.0000000000
19740  -46.772  -70.850  -4.525 0.0000000000
22067  -46.534  -69.412  -4.507 0.0000000000
22080  -46.357  -68.744  -4.856 0.0000000000
22066  -45.538  -69.087  -4.426 0.0000000000
23228  -38.958  -67.772  -4.738 0.0000000000
23242  -40.360  -67.250  -5.265 0.0000000000
23241  -39.428  -67.187  -5.111 0.0000000000
24524  -38.775  -66.598  -5.533 0.0000000000
24523  -37.939  -66.364  -5.274 0.0000000000
23188  -41.806  -68.026  -0.235 0.0000000000
22019  -42.206  -68.623  -0.097 0.0000000000
22018  -41.419  -68.464  -0.448 0.0000000000
20830  -41.610  -69.425  -0.432 0.0000000000
22035  -40.038  -68.807  -1.079 0.0000000000
22016  -40.018  -68.027  -0.927 0.0000000000
29660  -36.573  -62.639  0.508 0.0000000000
29672  -36.134  -62.807  -0.322 0.0000000000
29671  -35.839  -62.230  -0.942 0.0000000000
32247  -35.974  -61.314  -0.577 0.0000000000
23334  -42.571  -67.305  -12.930 0.0000000000
23333  -41.962  -67.214  -12.454 0.0000000000
36359  -39.913  -58.154  -8.760 0.0000000000
35053  -38.184  -58.287  -9.334 0.0000000000
36376  -38.054  -57.647  -9.864 0.0000000000
28459  -42.015  -63.910  -7.111 0.0000000000
28460  -43.018  -63.847  -6.984 0.0000000000
28444  -42.216  -63.435  -6.308 0.0000000000
28404  -43.025  -62.888  -4.785 0.0000000000
28426  -43.569  -63.315  -5.266 0.0000000000
28405  -43.842  -63.055  -4.517 0.0000000000
28427  -44.654  -63.514  -5.080 0.0000000000
28406  -44.975  -63.203  -4.279 0.0000000000
20877  -39.824  -69.553  -4.629 0.0000000000
20876  -38.902  -69.603  -4.186 0.0000000000
24443  -41.950  -66.322  0.742 0.0000000000
25729  -41.255  -66.096  0.451 0.0000000000
25728  -40.319  -65.581  0.423 0.0000000000
26961  -40.126  -64.959  1.077 0.0000000000
28321  -37.533  -62.874  1.689 0.0000000000
19891  -41.424  -70.880  -15.183 0.0000000000
24579  -39.699  -66.401  -11.430 0.0000000000
25837  -39.088  -65.938  -11.055 0.0000000000
24591  -36.603  -66.732  -12.161 0.0000000000
24592  -37.342  -66.830  -11.930 0.0000000000
23343  -36.146  -67.188  -12.792 0.0000000000
23368  -35.187  -67.903  -14.414 0.0000000000
23367  -34.773  -67.411  -14.705 0.0000000000
25847  -34.981  -65.366  -12.843 0.0000000000
24607  -34.726  -66.311  -14.282 0.0000000000
25857  -34.829  -65.436  -13.711 0.0000000000
25862  -34.990  -65.416  -14.553 0.0000000000
27152  -35.004  -64.730  -13.937 0.0000000000
23321  -47.221  -67.367  -9.788 0.0000000000
23337  -46.647  -66.953  -11.165 0.0000000000
25841  -45.194  -65.192  -12.327 0.0000000000
27116  -45.886  -64.488  -12.041 0.0000000000
27048  -44.921  -64.239  -7.706 0.0000000000
27063  -45.773  -64.423  -8.591 0.0000000000
29807  -47.180  -62.948  -9.896 0.0000000000
28487  -45.718  -62.992  -10.471 0.0000000000
28498  -45.339  -63.725  -11.184 0.0000000000
28486  -44.356  -63.437  -10.281 0.0000000000
27098  -42.759  -64.655  -10.463 0.0000000000
29803  -42.703  -62.743  -8.910 0.0000000000
28483  -40.884  -63.317  -9.328 0.0000000000
29802  -41.549  -62.621  -8.860 0.0000000000
23261  -46.251  -67.942  -6.404 0.0000000000
23276  -46.103  -67.709  -7.549 0.0000000000
23275  -44.883  -67.482  -7.655 0.0000000000
22064  -43.110  -68.601  -4.711 0.0000000000
22077  -42.808  -67.868  -4.989 0.0000000000
23257  -41.643  -67.083  -6.321 0.0000000000
23244  -42.384  -67.532  -5.560 0.0000000000
23272  -41.601  -66.796  -7.001 0.0000000000
23273  -42.313  -66.923  -7.415 0.0000000000
24544  -41.394  -66.326  -7.393 0.0000000000
25801  -41.310  -65.502  -7.674 0.0000000000
25800  -40.539  -65.754  -7.288 0.0000000000
28440  -38.742  -64.507  -6.492 0.0000000000
28441  -39.255  -64.204  -6.630 0.0000000000
29744  -38.671  -62.976  -5.633 0.0000000000
29743  -37.994  -63.299  -5.577 0.0000000000
18449  -39.234  -71.305  -1.999 0.0000000000
20847  -38.632  -68.945  -1.777 0.0000000000
20860  -37.816  -68.784  -2.920 0.0000000000
20869  -37.959  -68.768  -3.351 0.0000000000
22043  -37.432  -68.002  -2.559 0.0000000000
25737  -38.435  -65.436  -0.401 0.0000000000
24469  -38.927  -66.147  -0.751 0.0000000000
26983  -36.297  -64.627  -1.465 0.0000000000
25761  -36.385  -65.561  -2.108 0.0000000000
25773  -36.220  -65.647  -3.099 0.0000000000
24504  -36.553  -66.432  -3.425 0.0000000000
25786  -36.732  -65.222  -4.819 0.0000000000
27005  -36.116  -64.702  -3.722 0.0000000000
30979  -36.242  -61.412  -2.766 0.0000000000
29704  -36.149  -62.536  -3.429 0.0000000000
30992  -37.123  -61.455  -3.972 0.0000000000
23351  -44.746  -67.371  -12.727 0.0000000000
22188  -44.117  -68.368  -12.733 0.0000000000
23350  -43.724  -67.816  -13.373 0.0000000000
22201  -41.062  -69.179  -14.313 0.0000000000
22202  -42.293  -68.617  -14.173 0.0000000000
21035  -40.662  -69.723  -14.709 0.0000000000
19890  -40.703  -70.697  -15.334 0.0000000000
19889  -39.808  -70.620  -15.281 0.0000000000
22183  -38.270  -68.173  -12.996 0.0000000000
22184  -39.212  -68.311  -13.064 0.0000000000
21032  -38.083  -69.034  -13.964 0.0000000000
19912  -36.486  -71.327  -16.447 0.0000000000
21062  -37.645  -70.146  -15.149 0.0000000000
29750  -46.777  -62.206  -5.596 0.0000000000
31033  -46.474  -61.576  -5.393 0.0000000000
31055  -41.673  -61.152  -7.214 0.0000000000
31068  -41.390  -61.549  -7.745 0.0000000000
31067  -40.614  -61.465  -7.960 0.0000000000
33668  -39.423  -59.641  -8.233 0.0000000000
33649  -39.875  -59.952  -7.893 0.0000000000
32360  -38.633  -60.400  -8.385 0.0000000000
31065  -38.865  -61.177  -8.354 0.0000000000
31064  -37.921  -61.238  -8.593 0.0000000000
29797  -36.467  -62.308  -9.488 0.0000000000
31075  -36.727  -61.276  -9.188 0.0000000000
32377  -36.272  -60.226  -10.346 0.0000000000
31091  -35.639  -61.504  -10.940 0.0000000000
31092  -35.817  -61.117  -11.417 0.0000000000
28423  -40.423  -63.082  -6.018 0.0000000000
28424  -41.422  -62.987  -5.718 0.0000000000
29747  -41.625  -62.561  -4.978 0.0000000000
29727  -41.952  -62.109  -4.512 0.0000000000
26951  -40.565  -64.836  1.630 0.0000000000
26941  -40.130  -64.204  2.443 0.0000000000
21037  -43.234  -69.314  -13.400 0.0000000000
27095  -39.560  -64.734  -10.194 0.0000000000
25821  -38.879  -65.336  -10.619 0.0000000000
25835  -37.388  -65.779  -11.020 0.0000000000
24575  -36.261  -66.108  -11.715 0.0000000000
24603  -35.379  -66.593  -13.056 0.0000000000
25833  -35.698  -65.370  -11.531 0.0000000000
27091  -35.800  -64.491  -10.877 0.0000000000
27113  -35.352  -64.338  -11.532 0.0000000000
23307  -45.527  -66.691  -9.355 0.0000000000
24563  -46.015  -66.310  -10.046 0.0000000000
24570  -46.036  -65.658  -10.167 0.0000000000
25827  -46.506  -64.981  -10.442 0.0000000000
27033  -46.356  -64.151  -6.663 0.0000000000
27050  -47.182  -64.145  -7.454 0.0000000000
27051  -47.866  -63.955  -7.111 0.0000000000
29790  -47.873  -63.011  -8.129 0.0000000000
29788  -46.002  -62.524  -8.655 0.0000000000
29787  -44.724  -62.505  -8.494 0.0000000000
29771  -44.321  -62.235  -7.537 0.0000000000
23247  -46.248  -68.259  -5.412 0.0000000000
23246  -44.962  -67.916  -5.732 0.0000000000
22076  -42.091  -67.688  -5.048 0.0000000000
23230  -40.789  -67.764  -4.872 0.0000000000
23256  -40.859  -67.065  -5.770 0.0000000000
24534  -39.942  -66.597  -6.172 0.0000000000
25794  -39.775  -65.936  -6.805 0.0000000000
24533  -39.382  -66.430  -6.116 0.0000000000
25793  -38.841  -65.860  -6.313 0.0000000000
27019  -37.624  -64.808  -5.766 0.0000000000
19671  -40.777  -70.487  -0.819 0.0000000000
19688  -40.015  -70.532  -1.243 0.0000000000
19687  -39.446  -70.434  -1.644 0.0000000000
20849  -40.056  -69.805  -1.181 0.0000000000
22033  -38.404  -68.068  -1.594 0.0000000000
28359  -36.959  -64.303  -0.127 0.0000000000
25736  -37.385  -65.242  -0.712 0.0000000000
28378  -35.898  -63.912  -2.269 0.0000000000
28387  -35.864  -63.519  -2.624 0.0000000000
28368  -35.809  -62.995  -2.008 0.0000000000
30978  -35.948  -62.057  -2.275 0.0000000000
30968  -36.073  -60.949  -2.093 0.0000000000
24593  -43.612  -67.181  -13.168 0.0000000000
23349  -42.996  -67.523  -13.401 0.0000000000
23348  -42.116  -67.771  -13.222 0.0000000000
22185  -40.372  -68.393  -13.299 0.0000000000
22211  -37.446  -68.858  -14.026 0.0000000000
36362  -42.979  -57.926  -8.905 0.0000000000
35032  -42.752  -58.283  -8.083 0.0000000000
35031  -41.547  -58.483  -7.952 0.0000000000
35029  -39.214  -58.672  -8.694 0.0000000000
33667  -38.489  -59.535  -8.580 0.0000000000
32369  -37.211  -59.942  -9.013 0.0000000000
33681  -36.667  -59.396  -10.047 0.0000000000
35051  -36.805  -58.927  -10.572 0.0000000000
27060  -42.727  -64.884  -8.185 0.0000000000
25808  -44.006  -64.938  -8.680 0.0000000000
27047  -43.809  -64.244  -7.686 0.0000000000
28445  -43.259  -63.558  -6.115 0.0000000000
28462  -45.214  -63.988  -6.817 0.0000000000
28447  -45.519  -63.832  -5.849 0.0000000000
28448  -46.665  -64.182  -5.647 0.0000000000
28429  -47.099  -64.059  -4.657 0.0000000000
20881  -44.696  -69.781  -4.224 0.0000000000
20879  -42.248  -69.464  -4.679 0.0000000000
19735  -41.511  -70.515  -4.711 0.0000000000
22062  -40.429  -68.522  -4.706 0.0000000000
24459  -41.607  -66.887  0.160 0.0000000000
24472  -41.111  -66.866  -0.154 0.0000000000
24470  -39.691  -66.687  -0.707 0.0000000000
25739  -40.229  -66.244  -0.234 0.0000000000
25726  -38.634  -65.068  0.092 0.0000000000
26950  -39.517  -64.372  1.637 0.0000000000
26949  -39.039  -64.492  1.064 0.0000000000
26958  -37.965  -64.510  0.328 0.0000000000
28343  -37.255  -63.844  0.482 0.0000000000
29661  -37.038  -63.094  0.953 0.0000000000
30933  -36.764  -61.560  1.297 0.0000000000
25838  -42.035  -65.896  -11.261 0.0000000000
23332  -41.093  -67.003  -12.048 0.0000000000
24580  -40.628  -66.507  -11.573 0.0000000000
23330  -39.164  -67.073  -11.965 0.0000000000
23345  -38.631  -67.650  -12.520 0.0000000000
22197  -36.923  -68.371  -13.674 0.0000000000
22218  -35.413  -68.785  -15.173 0.0000000000
24602  -34.968  -66.289  -13.472 0.0000000000
24615  -35.462  -66.519  -16.447 0.0000000000
24611  -35.303  -65.991  -15.664 0.0000000000
25868  -36.003  -65.416  -15.617 0.0000000000
22150  -46.174  -68.276  -10.708 0.0000000000
22169  -45.284  -68.261  -11.369 0.0000000000
22170  -46.020  -67.779  -11.171 0.0000000000
23336  -46.094  -67.110  -11.705 0.0000000000
23352  -45.560  -66.964  -12.426 0.0000000000
25852  -46.391  -65.987  -12.319 0.0000000000
24595  -45.401  -66.513  -12.646 0.0000000000
25849  -44.636  -65.860  -12.596 0.0000000000
24583  -44.077  -66.158  -12.595 0.0000000000
25840  -44.053  -65.505  -11.869 0.0000000000
27081  -45.386  -64.787  -9.154 0.0000000000
27082  -46.377  -64.526  -9.611 0.0000000000
27064  -47.062  -64.013  -8.717 0.0000000000
28489  -47.345  -63.511  -9.772 0.0000000000
28509  -45.663  -64.147  -11.676 0.0000000000
27114  -44.271  -64.713  -11.380 0.0000000000
25825  -43.240  -65.174  -11.073 0.0000000000
25824  -42.158  -65.410  -10.854 0.0000000000
27097  -41.708  -64.766  -10.249 0.0000000000
27096  -40.636  -64.798  -10.190 0.0000000000
28485  -43.110  -63.421  -9.595 0.0000000000
27078  -41.284  -64.076  -9.744 0.0000000000
27077  -40.220  -64.045  -9.726 0.0000000000
28482  -39.842  -63.307  -9.293 0.0000000000
28481  -38.828  -63.252  -9.267 0.0000000000
22131  -47.503  -68.319  -9.631 0.0000000000
22132  -47.686  -67.974  -9.473 0.0000000000
23309  -47.577  -67.628  -9.178 0.0000000000
23277  -47.272  -67.850  -7.256 0.0000000000
23293  -47.037  -67.578  -8.434 0.0000000000
23291  -44.477  -66.847  -8.575 0.0000000000
24555  -43.711  -66.380  -8.676 0.0000000000
22065  -44.361  -68.847  -4.582 0.0000000000
23245  -43.531  -67.709  -5.660 0.0000000000
23259  -44.182  -67.582  -6.627 0.0000000000
23274  -43.629  -67.252  -7.544 0.0000000000
24554  -42.985  -66.103  -8.575 0.0000000000
27059  -42.254  -65.085  -8.108 0.0000000000
27045  -41.848  -64.721  -7.685 0.0000000000
28458  -41.075  -64.089  -7.191 0.0000000000
27031  -39.877  -64.822  -7.138 0.0000000000
28442  -40.232  -63.867  -6.828 0.0000000000
29745  -39.673  -62.673  -5.515 0.0000000000
19703  -38.944  -70.682  -2.241 0.0000000000
19702  -38.575  -70.287  -2.830 0.0000000000
19717  -38.800  -70.343  -3.676 0.0000000000
22060  -38.338  -68.484  -4.122 0.0000000000
23227  -38.110  -67.471  -4.545 0.0000000000
24481  -38.985  -66.624  -0.906 0.0000000000
23197  -38.915  -67.272  -1.135 0.0000000000
23196  -38.008  -67.305  -1.557 0.0000000000
25747  -36.885  -65.609  -1.362 0.0000000000
24479  -37.262  -66.606  -1.723 0.0000000000
23207  -36.984  -67.108  -2.447 0.0000000000
23217  -37.050  -67.530  -3.184 0.0000000000
23226  -37.336  -67.404  -3.995 0.0000000000
24513  -37.508  -66.674  -4.687 0.0000000000
25787  -37.197  -65.730  -5.146 0.0000000000
27018  -36.937  -64.731  -5.169 0.0000000000
28420  -37.276  -63.752  -5.346 0.0000000000
28402  -36.452  -63.624  -4.391 0.0000000000
28403  -36.994  -63.093  -4.926 0.0000000000
31013  -37.421  -62.075  -4.579 0.0000000000
31014  -38.068  -61.749  -4.665 0.0000000000
22168  -44.510  -68.373  -11.999 0.0000000000
22204  -43.460  -68.792  -13.556 0.0000000000
22214  -42.578  -69.214  -14.398 0.0000000000
23362  -43.025  -68.192  -13.850 0.0000000000
21054  -41.838  -69.997  -14.983 0.0000000000
22200  -39.702  -68.975  -13.760 0.0000000000
21050  -37.872  -69.729  -14.742 0.0000000000
19887  -38.223  -70.291  -15.090 0.0000000000
21051  -39.288  -70.042  -14.733 0.0000000000
31017  -41.335  -61.407  -4.381 0.0000000000
29730  -45.200  -62.815  -3.784 0.0000000000
28407  -46.307  -63.366  -3.829 0.0000000000
28408  -47.614  -63.612  -3.891 0.0000000000
29752  -48.201  -62.954  -5.035 0.0000000000
29761  -46.104  -62.453  -6.514 0.0000000000
31045  -44.408  -61.615  -6.370 0.0000000000
29770  -43.276  -61.914  -7.381 0.0000000000
29785  -42.235  -61.989  -7.997 0.0000000000
29784  -41.058  -62.013  -8.351 0.0000000000
29800  -39.484  -62.587  -8.888 0.0000000000
35009  -41.111  -59.179  -7.599 0.0000000000
33651  -41.446  -59.794  -7.139 0.0000000000
32348  -40.788  -60.419  -7.433 0.0000000000
31066  -39.811  -61.205  -8.122 0.0000000000
29782  -39.173  -61.870  -8.559 0.0000000000
28480  -37.825  -63.138  -9.271 0.0000000000
28479  -36.831  -63.109  -9.487 0.0000000000
28478  -36.129  -62.994  -9.803 0.0000000000
28495  -35.670  -63.354  -10.572 0.0000000000
29813  -35.670  -62.165  -10.445 0.0000000000
28508  -35.300  -63.356  -11.820 0.0000000000
28519  -35.407  -63.129  -12.746 0.0000000000
18462  -38.753  -70.785  -3.209 0.0000000000
19732  -38.974  -70.177  -4.068 0.0000000000
19733  -39.327  -70.546  -4.217 0.0000000000
19888  -38.764  -70.442  -15.134 0.0000000000
19892  -42.019  -70.409  -14.780 0.0000000000
19899  -36.745  -70.699  -15.949 0.0000000000
20848  -39.348  -69.371  -1.476 0.0000000000
20861  -38.284  -69.334  -2.496 0.0000000000
20883  -46.667  -70.138  -4.398 0.0000000000
20958  -47.382  -68.809  -9.415 0.0000000000
20959  -47.810  -68.348  -9.179 0.0000000000
20981  -47.256  -68.479  -9.849 0.0000000000
21036  -42.875  -69.539  -13.924 0.0000000000
21052  -40.314  -70.144  -14.915 0.0000000000
21053  -41.149  -70.001  -15.025 0.0000000000
21059  -35.234  -69.226  -15.944 0.0000000000
22044  -37.976  -68.566  -2.152 0.0000000000
22051  -38.057  -68.710  -3.597 0.0000000000
22059  -37.812  -67.934  -4.070 0.0000000000
22068  -47.015  -69.687  -4.668 0.0000000000
22149  -45.697  -68.563  -10.840 0.0000000000
22152  -47.342  -67.603  -9.793 0.0000000000
22186  -41.509  -68.310  -13.580 0.0000000000
22187  -42.137  -68.185  -13.709 0.0000000000
22189  -44.747  -67.940  -12.253 0.0000000000
22196  -36.206  -68.236  -13.824 0.0000000000
22199  -38.623  -68.730  -13.542 0.0000000000
22203  -43.007  -68.786  -14.074 0.0000000000
22208  -35.077  -68.255  -14.869 0.0000000000
22213  -42.022  -69.381  -14.676 0.0000000000
23170  -41.677  -67.354  0.008 0.0000000000
23185  -39.677  -67.509  -0.953 0.0000000000
23186  -40.364  -67.412  -0.695 0.0000000000
23187  -41.295  -67.490  -0.295 0.0000000000
23195  -37.441  -67.417  -1.989 0.0000000000
23206  -36.775  -66.857  -2.634 0.0000000000
23216  -36.704  -66.959  -2.957 0.0000000000
23225  -36.853  -67.014  -3.551 0.0000000000
23289  -42.504  -66.507  -8.108 0.0000000000
23319  -46.539  -67.500  -10.902 0.0000000000
23331  -40.202  -67.076  -12.020 0.0000000000
23358  -35.452  -67.401  -13.663 0.0000000000
23360  -37.083  -68.064  -13.242 0.0000000000
24471  -40.629  -66.803  -0.391 0.0000000000
24478  -36.740  -66.093  -1.877 0.0000000000
24480  -38.336  -66.527  -1.113 0.0000000000
24492  -36.912  -66.761  -2.174 0.0000000000
24512  -36.883  -66.608  -4.117 0.0000000000
24514  -38.227  -66.833  -4.984 0.0000000000
24526  -40.289  -66.903  -5.828 0.0000000000
24535  -40.602  -66.614  -6.434 0.0000000000
24536  -41.193  -66.651  -6.818 0.0000000000
24545  -41.989  -66.385  -7.840 0.0000000000
24552  -41.686  -65.970  -7.925 0.0000000000
24560  -43.639  -65.930  -8.886 0.0000000000
24567  -40.278  -66.122  -11.231 0.0000000000
24569  -41.570  -65.831  -11.107 0.0000000000
24576  -36.962  -66.271  -11.550 0.0000000000
24578  -38.673  -66.461  -11.464 0.0000000000
24589  -35.198  -66.067  -12.784 0.0000000000
24590  -35.730  -66.353  -12.379 0.0000000000
24596  -46.109  -66.419  -12.321 0.0000000000
24597  -46.513  -66.117  -12.094 0.0000000000
25717  -40.614  -65.196  1.055 0.0000000000
25727  -39.182  -65.266  0.178 0.0000000000
25749  -38.405  -65.984  -0.825 0.0000000000
25781  -36.539  -65.688  -4.227 0.0000000000
25795  -40.384  -66.219  -6.919 0.0000000000
25799  -40.060  -65.439  -7.188 0.0000000000
25805  -41.947  -65.439  -8.038 0.0000000000
25806  -42.577  -65.456  -8.347 0.0000000000
25812  -43.971  -65.663  -8.962 0.0000000000
25823  -41.140  -65.431  -10.674 0.0000000000
25826  -43.846  -64.951  -11.270 0.0000000000
25832  -35.141  -64.995  -12.064 0.0000000000
25834  -36.547  -65.640  -11.162 0.0000000000
25836  -38.272  -65.870  -11.009 0.0000000000
25839  -42.735  -65.887  -11.501 0.0000000000
25842  -46.087  -65.196  -12.378 0.0000000000
25850  -45.342  -65.872  -12.657 0.0000000000
25863  -35.561  -65.096  -14.971 0.0000000000
25867  -35.263  -65.665  -15.226 0.0000000000
26926  -40.413  -64.111  2.893 0.0000000000
26959  -38.656  -64.668  0.543 0.0000000000
26969  -36.838  -64.657  -0.601 0.0000000000
26970  -37.607  -64.692  -0.144 0.0000000000
27014  -36.516  -64.692  -4.568 0.0000000000
27020  -38.368  -64.984  -6.330 0.0000000000
27022  -48.155  -64.033  -5.564 0.0000000000
27032  -40.316  -64.395  -7.163 0.0000000000
27035  -48.037  -64.059  -6.210 0.0000000000
27043  -40.268  -65.200  -7.308 0.0000000000
27061  -43.545  -64.687  -8.270 0.0000000000
27065  -47.614  -63.744  -7.890 0.0000000000
27073  -36.704  -63.665  -9.843 0.0000000000
27076  -39.182  -64.003  -9.682 0.0000000000
27080  -43.285  -63.997  -10.175 0.0000000000
27092  -36.519  -64.202  -10.277 0.0000000000
27100  -44.593  -64.223  -11.221 0.0000000000
27112  -35.159  -64.529  -12.023 0.0000000000
27117  -46.729  -64.478  -11.635 0.0000000000
27140  -34.972  -64.540  -13.206 0.0000000000
27141  -35.242  -64.076  -13.706 0.0000000000
28332  -37.531  -63.282  1.324 0.0000000000
28344  -38.068  -64.305  0.682 0.0000000000
28358  -36.382  -63.786  -0.524 0.0000000000
28369  -35.902  -63.479  -1.580 0.0000000000
28377  -35.838  -63.282  -2.291 0.0000000000
28388  -35.923  -63.737  -3.150 0.0000000000
28389  -46.646  -63.088  -3.524 0.0000000000
28391  -48.050  -63.023  -3.462 0.0000000000
28409  -48.463  -63.146  -3.872 0.0000000000
28449  -48.124  -63.623  -5.721 0.0000000000
28457  -40.567  -64.244  -7.172 0.0000000000
28472  -47.910  -63.399  -7.659 0.0000000000
28488  -46.433  -62.920  -10.455 0.0000000000
28497  -44.527  -63.907  -10.897 0.0000000000
28510  -46.233  -63.932  -11.560 0.0000000000
28518  -35.115  -63.913  -12.579 0.0000000000
28528  -35.204  -63.738  -13.196 0.0000000000
29650  -36.652  -62.058  0.960 0.0000000000
29651  -37.046  -62.473  1.376 0.0000000000
29680  -35.837  -62.565  -1.701 0.0000000000
29691  -36.022  -62.154  -2.750 0.0000000000
29703  -35.861  -63.132  -2.809 0.0000000000
29723  -37.739  -62.666  -5.102 0.0000000000
29733  -48.675  -62.643  -4.245 0.0000000000
29748  -42.397  -62.587  -4.748 0.0000000000
29749  -45.881  -62.030  -5.897 0.0000000000
29759  -44.085  -61.857  -6.882 0.0000000000
29763  -47.740  -63.076  -5.998 0.0000000000
29780  -37.888  -61.717  -8.679 0.0000000000
29781  -38.295  -61.780  -8.627 0.0000000000
29789  -47.291  -62.847  -8.755 0.0000000000
29799  -38.505  -62.475  -8.883 0.0000000000
29814  -46.855  -62.945  -10.366 0.0000000000
29815  -47.179  -63.184  -10.448 0.0000000000
29823  -35.475  -62.379  -11.225 0.0000000000
30958  -35.879  -61.606  -0.866 0.0000000000
31032  -45.217  -61.513  -5.829 0.0000000000
31042  -42.165  -61.048  -6.867 0.0000000000
31053  -40.439  -60.940  -7.707 0.0000000000
31054  -40.998  -61.057  -7.449 0.0000000000
31056  -42.280  -61.464  -7.259 0.0000000000
31063  -37.317  -60.953  -8.773 0.0000000000
31069  -41.878  -61.543  -7.556 0.0000000000
31074  -36.028  -61.771  -9.841 0.0000000000
31076  -37.335  -61.407  -8.815 0.0000000000
31104  -35.691  -61.668  -11.583 0.0000000000
32358  -37.069  -60.525  -8.953 0.0000000000
32361  -39.442  -60.479  -8.105 0.0000000000
32376  -35.905  -60.900  -10.631 0.0000000000
32383  -35.783  -60.957  -11.065 0.0000000000
33650  -40.514  -59.667  -7.654 0.0000000000
33669  -40.028  -59.541  -7.957 0.0000000000
33692  -36.465  -59.572  -10.838 0.0000000000
35008  -40.645  -59.244  -7.767 0.0000000000
35027  -37.707  -58.839  -9.260 0.0000000000
36375  -37.623  -57.880  -10.083 0.0000000000
