#!ascii label  , from subject 3530 vox2ras=TkReg
890
30576  25.618  -63.108  64.907 0.0000000000
63829  45.622  -38.258  53.981 0.0000000000
62647  53.538  -39.148  49.204 0.0000000000
46119  45.785  -51.213  56.392 0.0000000000
44634  28.079  -52.922  64.188 0.0000000000
33477  26.957  -59.894  63.516 0.0000000000
63869  50.317  -37.447  51.590 0.0000000000
61357  50.530  -39.309  56.690 0.0000000000
44685  42.836  -52.753  60.748 0.0000000000
39180  32.921  -56.178  64.418 0.0000000000
74844  58.146  -28.427  48.013 0.0000000000
67367  54.731  -35.510  48.075 0.0000000000
51507  44.590  -47.302  56.297 0.0000000000
56513  47.546  -43.422  57.656 0.0000000000
37803  25.461  -57.643  66.063 0.0000000000
30574  27.591  -62.231  64.591 0.0000000000
63841  47.414  -37.933  53.270 0.0000000000
63824  50.793  -37.749  54.893 0.0000000000
63793  48.773  -38.194  56.213 0.0000000000
39283  39.338  -56.918  58.351 0.0000000000
41914  26.947  -54.655  62.320 0.0000000000
43241  30.568  -54.352  64.753 0.0000000000
41933  29.185  -54.755  61.610 0.0000000000
74825  57.265  -29.140  49.252 0.0000000000
72512  56.513  -30.727  47.105 0.0000000000
70034  57.300  -32.024  49.357 0.0000000000
63956  51.372  -37.572  47.851 0.0000000000
66185  51.838  -35.710  46.734 0.0000000000
63953  54.359  -37.600  48.002 0.0000000000
63996  54.691  -36.921  46.346 0.0000000000
62683  52.858  -38.452  46.830 0.0000000000
44721  44.946  -52.300  59.369 0.0000000000
48900  44.022  -50.251  59.130 0.0000000000
50220  45.788  -48.972  58.654 0.0000000000
53947  45.879  -45.362  57.217 0.0000000000
51506  46.823  -47.807  56.888 0.0000000000
52730  49.641  -45.868  56.537 0.0000000000
47554  48.934  -50.611  55.160 0.0000000000
40489  25.676  -56.018  64.344 0.0000000000
63931  49.816  -37.726  48.640 0.0000000000
62649  52.063  -38.458  50.232 0.0000000000
62612  52.184  -38.968  52.554 0.0000000000
61404  50.695  -39.203  54.068 0.0000000000
40499  37.555  -56.326  62.882 0.0000000000
39232  40.520  -56.531  61.420 0.0000000000
40581  41.906  -55.562  59.275 0.0000000000
42004  44.070  -54.158  56.696 0.0000000000
43433  45.887  -53.941  54.645 0.0000000000
41907  35.172  -55.269  62.186 0.0000000000
37858  34.341  -57.250  62.705 0.0000000000
77250  56.985  -27.193  46.067 0.0000000000
68648  54.796  -33.287  49.776 0.0000000000
67365  56.597  -35.035  47.867 0.0000000000
67430  53.016  -35.175  44.899 0.0000000000
61340  46.380  -39.710  56.778 0.0000000000
60047  49.162  -41.117  57.594 0.0000000000
55216  50.817  -44.380  55.942 0.0000000000
30592  25.616  -62.995  64.021 0.0000000000
30575  26.427  -62.713  64.806 0.0000000000
30591  26.784  -62.721  63.757 0.0000000000
63842  46.411  -38.222  53.144 0.0000000000
63827  47.569  -37.957  54.233 0.0000000000
63815  46.627  -37.993  54.976 0.0000000000
41912  28.620  -54.486  62.489 0.0000000000
73704  55.651  -29.777  48.754 0.0000000000
72487  57.339  -30.409  49.398 0.0000000000
71246  56.642  -31.520  49.583 0.0000000000
62657  53.328  -38.664  49.073 0.0000000000
63954  53.468  -37.606  47.932 0.0000000000
62655  54.364  -38.409  48.348 0.0000000000
62681  54.566  -38.197  47.517 0.0000000000
44760  45.122  -52.090  57.917 0.0000000000
47501  45.709  -50.455  59.037 0.0000000000
47511  46.108  -49.923  58.176 0.0000000000
50249  46.385  -48.374  57.359 0.0000000000
48939  46.369  -49.353  56.251 0.0000000000
50287  48.194  -48.802  55.564 0.0000000000
47556  47.277  -50.677  55.487 0.0000000000
39157  25.360  -56.705  65.748 0.0000000000
36405  26.209  -58.759  63.960 0.0000000000
37861  25.766  -57.052  62.817 0.0000000000
63888  48.615  -37.662  50.470 0.0000000000
63909  48.152  -37.756  49.501 0.0000000000
63887  49.821  -37.632  50.527 0.0000000000
63907  50.475  -37.868  49.568 0.0000000000
63886  51.202  -37.943  50.598 0.0000000000
62624  52.104  -38.453  52.026 0.0000000000
63852  51.616  -37.801  52.947 0.0000000000
63810  51.036  -38.393  55.921 0.0000000000
62594  51.248  -38.553  55.294 0.0000000000
61390  50.944  -39.085  55.668 0.0000000000
60104  49.347  -40.168  55.284 0.0000000000
60087  49.979  -40.799  56.206 0.0000000000
37855  37.350  -57.497  62.335 0.0000000000
39212  38.861  -56.419  62.580 0.0000000000
36425  38.660  -57.788  61.256 0.0000000000
39280  40.947  -56.412  59.121 0.0000000000
40604  42.783  -54.993  57.770 0.0000000000
40467  31.636  -55.125  64.849 0.0000000000
41886  32.665  -54.656  63.643 0.0000000000
40503  33.730  -55.352  64.017 0.0000000000
39195  34.852  -56.473  63.491 0.0000000000
37837  33.413  -56.912  63.251 0.0000000000
76026  57.696  -27.744  48.586 0.0000000000
76047  57.926  -27.548  47.004 0.0000000000
71282  55.576  -32.128  46.879 0.0000000000
66177  53.504  -35.712  47.268 0.0000000000
67370  51.749  -34.305  47.463 0.0000000000
67346  53.875  -34.164  48.609 0.0000000000
68649  53.558  -33.350  49.394 0.0000000000
67323  54.963  -34.034  49.445 0.0000000000
67321  56.412  -34.252  48.899 0.0000000000
66164  56.258  -35.630  48.203 0.0000000000
63998  53.350  -37.307  45.876 0.0000000000
65078  54.341  -36.466  45.934 0.0000000000
43304  41.394  -53.561  61.072 0.0000000000
46069  42.118  -52.066  59.551 0.0000000000
50237  44.210  -49.015  57.785 0.0000000000
48925  43.238  -50.199  57.057 0.0000000000
55191  46.600  -44.468  57.283 0.0000000000
56532  45.486  -43.924  56.033 0.0000000000
57742  46.362  -42.976  56.802 0.0000000000
58821  45.501  -40.814  55.988 0.0000000000
58801  47.348  -41.777  57.546 0.0000000000
60059  47.772  -40.313  57.644 0.0000000000
57732  48.734  -42.773  57.685 0.0000000000
50284  50.193  -47.981  55.099 0.0000000000
55204  50.507  -44.952  56.277 0.0000000000
52775  50.654  -46.254  54.792 0.0000000000
53987  50.356  -45.362  54.533 0.0000000000
34913  26.944  -60.108  65.813 0.0000000000
33464  27.872  -60.897  64.654 0.0000000000
32053  28.700  -61.991  62.870 0.0000000000
30589  28.269  -62.355  63.444 0.0000000000
63854  49.407  -37.424  52.531 0.0000000000
63838  50.806  -37.475  53.837 0.0000000000
63839  49.649  -37.457  53.596 0.0000000000
63812  49.808  -37.888  55.596 0.0000000000
62572  49.661  -38.814  56.978 0.0000000000
41852  27.974  -54.136  64.812 0.0000000000
43242  29.685  -53.991  64.884 0.0000000000
41851  29.298  -54.438  64.541 0.0000000000
40487  29.925  -55.145  63.989 0.0000000000
40524  30.427  -55.529  62.241 0.0000000000
39234  32.013  -56.470  61.918 0.0000000000
40541  30.167  -55.439  61.061 0.0000000000
73702  57.984  -28.838  48.766 0.0000000000
73722  57.759  -29.331  47.814 0.0000000000
72501  57.721  -30.654  48.613 0.0000000000
71266  57.388  -31.657  48.550 0.0000000000
70053  56.426  -33.400  47.744 0.0000000000
65047  50.791  -36.991  47.299 0.0000000000
65046  51.766  -37.028  47.319 0.0000000000
65061  52.956  -36.304  47.132 0.0000000000
65043  54.797  -36.831  47.875 0.0000000000
65042  55.577  -36.606  47.957 0.0000000000
63952  54.908  -37.591  47.777 0.0000000000
63979  54.150  -37.837  46.639 0.0000000000
43301  43.938  -53.012  60.523 0.0000000000
46053  43.114  -51.752  60.378 0.0000000000
47490  44.536  -51.090  60.029 0.0000000000
48899  44.767  -49.643  59.101 0.0000000000
50236  44.776  -48.519  58.169 0.0000000000
52751  44.912  -46.371  56.695 0.0000000000
51479  45.554  -47.539  57.860 0.0000000000
52713  46.886  -46.465  57.449 0.0000000000
53946  47.570  -45.851  57.517 0.0000000000
55174  48.917  -44.646  57.482 0.0000000000
52750  48.658  -46.652  56.568 0.0000000000
51522  49.392  -47.693  55.699 0.0000000000
48971  49.601  -49.690  54.725 0.0000000000
43247  24.831  -54.036  65.345 0.0000000000
43224  25.958  -54.260  65.860 0.0000000000
43244  27.225  -53.952  65.415 0.0000000000
40506  25.949  -55.535  63.743 0.0000000000
39236  25.906  -56.094  62.128 0.0000000000
63930  50.975  -37.814  48.650 0.0000000000
63906  51.824  -38.266  49.511 0.0000000000
62648  52.976  -38.927  49.800 0.0000000000
62636  52.476  -39.116  51.087 0.0000000000
61440  52.245  -39.641  51.384 0.0000000000
61429  51.770  -39.689  52.001 0.0000000000
63837  51.579  -37.933  54.078 0.0000000000
61416  51.665  -39.087  53.249 0.0000000000
40560  37.401  -55.558  60.765 0.0000000000
41928  39.178  -55.168  61.590 0.0000000000
41905  40.243  -55.078  62.073 0.0000000000
41903  41.542  -54.829  61.435 0.0000000000
37893  40.015  -57.363  60.429 0.0000000000
39249  41.430  -55.787  60.847 0.0000000000
40534  42.546  -54.518  60.623 0.0000000000
41960  43.774  -53.977  60.005 0.0000000000
43353  44.094  -53.419  57.986 0.0000000000
44786  44.954  -53.330  56.629 0.0000000000
43394  47.018  -52.903  55.717 0.0000000000
42036  45.517  -54.164  55.669 0.0000000000
40521  36.482  -55.776  62.584 0.0000000000
37833  36.712  -57.038  62.890 0.0000000000
37880  35.669  -57.809  61.588 0.0000000000
39252  32.988  -56.966  61.247 0.0000000000
37916  34.201  -57.569  60.224 0.0000000000
77263  57.379  -26.319  45.693 0.0000000000
71247  55.439  -31.514  49.297 0.0000000000
70019  55.710  -32.488  49.737 0.0000000000
68666  56.727  -33.727  48.795 0.0000000000
68704  56.052  -34.302  47.292 0.0000000000
66182  56.139  -36.076  46.958 0.0000000000
67389  55.065  -35.000  46.276 0.0000000000
68724  53.819  -33.913  45.656 0.0000000000
47514  42.729  -51.209  58.368 0.0000000000
61361  44.878  -39.197  55.919 0.0000000000
62576  45.732  -38.563  56.023 0.0000000000
62554  47.214  -38.962  56.950 0.0000000000
62552  48.759  -39.167  57.426 0.0000000000
61335  49.881  -40.263  57.293 0.0000000000
56510  49.641  -43.824  57.408 0.0000000000
57740  50.413  -43.168  57.087 0.0000000000
58818  50.255  -41.836  56.473 0.0000000000
56544  50.224  -43.482  55.519 0.0000000000
43430  48.013  -52.676  55.027 0.0000000000
47572  48.586  -51.281  54.364 0.0000000000
30608  24.949  -63.040  63.201 0.0000000000
29158  25.028  -63.420  64.575 0.0000000000
63828  46.575  -38.154  54.102 0.0000000000
63816  45.754  -38.092  54.793 0.0000000000
72488  56.498  -30.617  49.373 0.0000000000
71256  55.275  -30.937  48.873 0.0000000000
62656  53.861  -38.778  48.662 0.0000000000
62668  54.293  -39.049  48.056 0.0000000000
61478  53.828  -39.337  48.189 0.0000000000
46102  45.556  -51.331  57.494 0.0000000000
47512  45.839  -50.692  58.185 0.0000000000
47527  45.895  -50.378  57.333 0.0000000000
48923  46.083  -49.857  57.301 0.0000000000
47540  45.934  -50.434  56.434 0.0000000000
48958  46.819  -49.886  55.624 0.0000000000
46138  46.561  -51.282  55.693 0.0000000000
34943  26.839  -59.649  64.175 0.0000000000
37821  26.045  -58.171  64.630 0.0000000000
34954  26.495  -59.370  63.295 0.0000000000
33490  26.981  -60.011  62.852 0.0000000000
63870  49.051  -37.502  51.475 0.0000000000
63868  51.476  -37.773  51.815 0.0000000000
63853  50.650  -37.332  52.719 0.0000000000
62570  50.652  -39.123  56.574 0.0000000000
62586  50.925  -38.799  56.103 0.0000000000
61376  50.335  -39.771  56.194 0.0000000000
37878  37.470  -57.815  61.619 0.0000000000
37877  38.196  -57.745  61.823 0.0000000000
36426  38.057  -57.820  61.180 0.0000000000
39181  32.002  -56.017  64.448 0.0000000000
41867  32.292  -54.826  64.425 0.0000000000
41866  33.126  -55.064  64.305 0.0000000000
41885  33.725  -54.951  63.482 0.0000000000
40483  33.509  -55.769  64.284 0.0000000000
39179  33.716  -56.324  64.094 0.0000000000
39197  33.373  -56.638  63.838 0.0000000000
76025  57.973  -27.739  48.367 0.0000000000
77228  57.911  -27.154  48.183 0.0000000000
76034  58.164  -27.599  48.074 0.0000000000
76046  58.129  -27.449  47.534 0.0000000000
74857  58.018  -27.992  47.486 0.0000000000
67368  54.179  -35.086  47.749 0.0000000000
67345  55.100  -35.003  48.606 0.0000000000
67344  56.038  -34.952  48.606 0.0000000000
66165  55.756  -35.752  48.267 0.0000000000
65080  52.806  -36.763  45.358 0.0000000000
44686  42.118  -53.179  60.917 0.0000000000
44704  41.835  -52.706  60.339 0.0000000000
50251  44.242  -48.626  57.413 0.0000000000
50268  44.225  -48.390  56.454 0.0000000000
55190  47.159  -44.064  57.511 0.0000000000
56521  46.482  -43.620  57.038 0.0000000000
56520  47.002  -43.471  57.491 0.0000000000
57741  46.852  -42.632  57.260 0.0000000000
57734  47.442  -42.619  57.638 0.0000000000
58800  47.946  -41.809  57.672 0.0000000000
56512  48.126  -43.529  57.703 0.0000000000
50303  50.366  -48.121  54.621 0.0000000000
51541  50.453  -47.217  54.960 0.0000000000
51559  50.463  -47.305  54.299 0.0000000000
52789  50.365  -46.541  53.985 0.0000000000
32018  26.896  -61.339  65.862 0.0000000000
34896  26.186  -59.599  66.347 0.0000000000
34912  27.297  -60.639  65.566 0.0000000000
34926  27.385  -60.441  65.229 0.0000000000
32028  27.815  -61.528  64.931 0.0000000000
30573  28.194  -62.053  64.083 0.0000000000
63856  47.187  -37.946  52.285 0.0000000000
63872  46.903  -37.969  51.308 0.0000000000
63855  48.249  -37.704  52.396 0.0000000000
63840  48.495  -37.705  53.408 0.0000000000
63813  48.726  -37.927  55.356 0.0000000000
63792  49.770  -38.297  56.378 0.0000000000
41890  27.559  -54.453  63.268 0.0000000000
41870  28.293  -54.395  64.007 0.0000000000
41934  28.530  -54.528  61.699 0.0000000000
41888  29.042  -54.576  62.918 0.0000000000
40505  29.693  -55.065  62.939 0.0000000000
40504  30.607  -55.578  63.349 0.0000000000
74826  56.507  -29.217  49.138 0.0000000000
74836  56.739  -28.463  49.013 0.0000000000
74835  57.519  -28.435  48.958 0.0000000000
73703  57.812  -29.294  49.013 0.0000000000
73696  57.426  -29.663  49.339 0.0000000000
71245  57.363  -31.521  49.373 0.0000000000
71255  57.672  -31.453  49.113 0.0000000000
70051  57.408  -32.170  49.040 0.0000000000
71267  56.591  -31.949  47.647 0.0000000000
70052  56.895  -32.830  48.558 0.0000000000
65045  52.742  -36.973  47.410 0.0000000000
65044  53.785  -36.736  47.551 0.0000000000
62682  53.845  -38.476  47.180 0.0000000000
63980  53.126  -37.904  46.384 0.0000000000
63981  52.411  -37.967  46.268 0.0000000000
44702  44.348  -52.671  60.218 0.0000000000
46038  44.242  -52.185  60.338 0.0000000000
46050  44.938  -51.702  59.911 0.0000000000
47500  46.008  -49.964  58.702 0.0000000000
48891  45.123  -50.317  59.736 0.0000000000
48898  45.524  -49.606  59.130 0.0000000000
50222  44.891  -49.066  58.726 0.0000000000
50221  45.257  -49.013  58.727 0.0000000000
51480  45.017  -47.370  57.719 0.0000000000
50235  45.643  -48.346  58.229 0.0000000000
51478  46.152  -47.482  57.657 0.0000000000
51492  46.815  -47.352  57.262 0.0000000000
52733  47.487  -46.394  57.324 0.0000000000
52732  48.160  -46.329  57.019 0.0000000000
51505  47.706  -47.344  56.372 0.0000000000
48956  48.746  -49.759  55.472 0.0000000000
51523  48.622  -47.919  55.755 0.0000000000
50286  49.152  -48.724  55.584 0.0000000000
48955  49.474  -49.384  55.258 0.0000000000
40456  24.678  -55.881  66.138 0.0000000000
41855  24.667  -54.743  65.051 0.0000000000
40455  25.053  -55.526  66.290 0.0000000000
39168  25.601  -56.729  64.919 0.0000000000
40453  25.665  -55.082  65.836 0.0000000000
40470  25.739  -55.153  65.517 0.0000000000
43223  26.539  -54.162  65.709 0.0000000000
40488  25.864  -55.280  64.749 0.0000000000
41872  26.440  -54.722  64.402 0.0000000000
40507  25.757  -55.912  63.903 0.0000000000
63908  49.254  -37.706  49.544 0.0000000000
63958  49.275  -37.478  47.814 0.0000000000
63905  52.780  -38.438  49.121 0.0000000000
62623  52.257  -39.053  52.110 0.0000000000
61428  52.103  -39.244  52.342 0.0000000000
61403  51.287  -38.984  54.658 0.0000000000
61417  50.866  -39.513  52.882 0.0000000000
40520  37.610  -55.843  62.544 0.0000000000
40537  38.183  -55.514  61.461 0.0000000000
40519  38.785  -55.710  62.312 0.0000000000
39211  39.915  -56.239  62.117 0.0000000000
40518  39.670  -55.723  62.216 0.0000000000
40517  40.472  -55.539  61.943 0.0000000000
41904  40.998  -54.819  61.868 0.0000000000
40516  41.228  -55.442  61.530 0.0000000000
37910  39.172  -57.678  59.769 0.0000000000
37927  39.608  -57.234  58.954 0.0000000000
40558  41.230  -56.174  59.942 0.0000000000
40557  41.565  -55.702  60.168 0.0000000000
40556  42.507  -54.976  60.029 0.0000000000
41943  43.337  -54.092  60.339 0.0000000000
41961  43.342  -54.369  59.435 0.0000000000
42005  43.610  -54.343  57.137 0.0000000000
43354  43.680  -53.986  58.193 0.0000000000
43374  44.266  -53.747  56.943 0.0000000000
44761  44.689  -52.908  57.411 0.0000000000
43397  44.907  -53.869  56.379 0.0000000000
43396  45.561  -53.639  56.169 0.0000000000
42021  44.500  -54.255  56.284 0.0000000000
43261  29.619  -53.514  64.134 0.0000000000
43260  30.469  -53.897  64.370 0.0000000000
41909  34.081  -54.845  62.472 0.0000000000
41930  34.575  -54.930  61.657 0.0000000000
40540  35.472  -55.349  61.776 0.0000000000
40539  36.147  -55.552  61.816 0.0000000000
40522  35.384  -55.515  62.640 0.0000000000
37835  34.704  -56.997  63.273 0.0000000000
39194  36.173  -56.609  63.165 0.0000000000
37834  35.674  -57.028  63.117 0.0000000000
37856  36.234  -57.449  62.460 0.0000000000
39233  32.738  -56.786  62.393 0.0000000000
37933  34.441  -57.636  59.681 0.0000000000
77249  57.624  -26.749  46.244 0.0000000000
77264  56.632  -26.721  45.436 0.0000000000
73712  57.620  -29.991  48.040 0.0000000000
66186  51.024  -35.612  46.675 0.0000000000
66187  50.130  -35.527  46.639 0.0000000000
67392  50.870  -34.777  46.886 0.0000000000
70021  53.286  -32.654  49.292 0.0000000000
70020  54.479  -32.591  49.549 0.0000000000
71248  54.046  -31.928  49.050 0.0000000000
67343  56.455  -34.758  48.334 0.0000000000
68686  56.710  -34.085  48.213 0.0000000000
68687  56.496  -34.431  47.737 0.0000000000
63977  55.659  -36.956  47.096 0.0000000000
65059  56.010  -36.596  47.272 0.0000000000
65060  55.640  -36.669  46.833 0.0000000000
66199  53.814  -35.690  45.463 0.0000000000
66198  54.664  -35.759  46.006 0.0000000000
67409  54.270  -34.865  45.685 0.0000000000
67410  53.360  -34.771  45.163 0.0000000000
47502  43.560  -50.799  59.357 0.0000000000
47503  42.946  -51.115  59.119 0.0000000000
47513  43.347  -50.592  58.458 0.0000000000
53948  45.344  -45.742  56.891 0.0000000000
56546  45.683  -43.279  56.025 0.0000000000
60074  45.883  -40.297  56.421 0.0000000000
60075  45.242  -40.165  55.961 0.0000000000
61360  45.869  -39.331  56.436 0.0000000000
62577  44.895  -38.437  55.530 0.0000000000
62575  46.768  -38.678  56.451 0.0000000000
61359  46.631  -39.201  56.834 0.0000000000
60048  48.516  -41.109  57.662 0.0000000000
61338  47.909  -39.741  57.635 0.0000000000
61314  48.936  -40.686  57.645 0.0000000000
62551  49.517  -39.454  57.370 0.0000000000
60058  49.602  -40.752  57.412 0.0000000000
53943  49.374  -45.344  56.899 0.0000000000
55173  49.431  -44.289  57.382 0.0000000000
55188  49.720  -44.492  57.090 0.0000000000
55203  50.639  -44.604  56.259 0.0000000000
56517  50.560  -44.158  56.631 0.0000000000
57746  50.662  -43.531  56.782 0.0000000000
58807  50.304  -42.006  56.967 0.0000000000
57747  50.578  -42.932  56.583 0.0000000000
57754  50.387  -42.657  56.012 0.0000000000
56543  50.672  -43.631  55.927 0.0000000000
55230  49.783  -44.681  54.534 0.0000000000
43432  46.796  -53.476  54.946 0.0000000000
43415  47.424  -52.939  55.361 0.0000000000
43454  46.900  -53.136  54.571 0.0000000000
30556  26.720  -62.007  65.578 0.0000000000
30555  27.273  -61.974  65.199 0.0000000000
63814  47.640  -38.030  55.153 0.0000000000
63794  47.706  -38.252  55.992 0.0000000000
40544  26.398  -55.281  61.574 0.0000000000
41913  27.915  -54.413  62.390 0.0000000000
41936  26.904  -54.787  61.540 0.0000000000
41935  27.547  -54.590  61.423 0.0000000000
63929  52.122  -37.968  48.594 0.0000000000
63955  52.437  -37.625  47.876 0.0000000000
63928  53.235  -38.180  48.564 0.0000000000
63927  54.099  -38.168  48.349 0.0000000000
63926  54.546  -38.135  48.186 0.0000000000
62667  54.510  -38.378  48.168 0.0000000000
44741  45.159  -52.032  58.846 0.0000000000
46067  45.222  -51.596  59.432 0.0000000000
46084  45.506  -51.366  58.548 0.0000000000
48897  46.032  -49.510  58.625 0.0000000000
50234  46.133  -48.489  57.984 0.0000000000
48908  46.267  -49.125  57.995 0.0000000000
50266  46.718  -48.399  56.460 0.0000000000
50265  47.490  -48.247  55.851 0.0000000000
50288  47.144  -49.020  55.657 0.0000000000
48957  47.808  -49.853  55.498 0.0000000000
47555  48.217  -50.753  55.417 0.0000000000
37813  25.815  -57.768  65.408 0.0000000000
37822  25.753  -57.348  64.444 0.0000000000
39183  25.677  -56.653  64.210 0.0000000000
37862  25.730  -56.675  63.330 0.0000000000
36416  26.007  -58.419  62.959 0.0000000000
63889  47.541  -37.808  50.411 0.0000000000
62637  52.091  -38.507  50.959 0.0000000000
62613  52.028  -38.592  53.027 0.0000000000
63823  51.427  -38.055  55.152 0.0000000000
61391  50.521  -39.340  55.200 0.0000000000
61392  49.656  -39.647  54.745 0.0000000000
61377  49.873  -40.014  55.619 0.0000000000
60088  49.415  -40.807  55.623 0.0000000000
58833  49.316  -41.699  55.525 0.0000000000
37832  37.615  -56.978  62.752 0.0000000000
39213  38.173  -56.162  62.762 0.0000000000
37854  38.364  -57.130  62.394 0.0000000000
37853  39.427  -56.922  62.075 0.0000000000
37875  39.908  -57.160  61.360 0.0000000000
37926  40.060  -57.008  58.982 0.0000000000
40605  42.084  -55.566  58.280 0.0000000000
40580  42.684  -55.064  58.889 0.0000000000
40622  42.971  -54.931  56.721 0.0000000000
41849  31.097  -54.707  64.805 0.0000000000
43259  31.001  -54.352  64.530 0.0000000000
41868  31.594  -54.615  64.417 0.0000000000
43288  32.157  -54.357  62.735 0.0000000000
41910  33.184  -54.635  62.615 0.0000000000
41884  34.409  -55.109  63.043 0.0000000000
40502  34.504  -55.624  63.578 0.0000000000
39196  34.126  -56.642  63.750 0.0000000000
77237  58.333  -26.426  47.562 0.0000000000
76048  57.218  -27.715  46.518 0.0000000000
71281  56.076  -31.375  47.008 0.0000000000
67390  52.268  -35.242  46.883 0.0000000000
67391  51.775  -34.996  46.856 0.0000000000
67369  52.876  -34.781  47.328 0.0000000000
67347  52.615  -34.023  48.262 0.0000000000
68668  52.510  -33.483  48.868 0.0000000000
68667  53.096  -33.759  48.884 0.0000000000
67324  54.321  -33.657  49.395 0.0000000000
68647  55.812  -33.341  49.615 0.0000000000
67322  55.866  -34.209  49.170 0.0000000000
66163  56.521  -35.717  47.973 0.0000000000
63997  54.234  -37.131  46.181 0.0000000000
65079  53.535  -36.533  45.540 0.0000000000
66200  53.232  -35.914  45.197 0.0000000000
43322  40.556  -53.413  60.367 0.0000000000
48910  44.071  -49.544  58.319 0.0000000000
47528  43.421  -50.169  57.633 0.0000000000
48924  43.746  -49.411  57.117 0.0000000000
48941  43.577  -49.312  55.853 0.0000000000
53928  46.463  -45.389  57.449 0.0000000000
53962  45.551  -45.119  56.742 0.0000000000
55205  45.964  -44.454  56.905 0.0000000000
56531  45.925  -43.632  56.512 0.0000000000
57749  46.045  -42.619  56.406 0.0000000000
58835  45.491  -41.995  55.576 0.0000000000
58819  46.340  -42.014  56.617 0.0000000000
58809  46.629  -40.990  56.922 0.0000000000
60061  46.513  -40.406  56.870 0.0000000000
61339  47.059  -39.588  57.211 0.0000000000
60050  47.285  -41.191  57.488 0.0000000000
58799  48.619  -41.891  57.667 0.0000000000
51502  49.913  -46.509  55.870 0.0000000000
52729  50.057  -45.749  56.292 0.0000000000
52747  50.278  -46.028  55.931 0.0000000000
52762  50.706  -45.706  55.303 0.0000000000
53985  50.746  -45.381  55.305 0.0000000000
55217  50.590  -44.448  55.281 0.0000000000
53998  50.479  -45.867  54.421 0.0000000000
37792  24.911  -57.600  66.458 0.0000000000
36375  25.525  -58.541  66.402 0.0000000000
36385  26.278  -58.902  65.805 0.0000000000
34927  26.991  -59.677  65.148 0.0000000000
34942  27.362  -60.239  64.613 0.0000000000
33476  27.543  -60.500  63.708 0.0000000000
33475  28.250  -61.304  63.204 0.0000000000
33463  28.134  -61.228  63.970 0.0000000000
30590  27.643  -62.620  63.450 0.0000000000
63871  47.920  -37.739  51.392 0.0000000000
63825  49.764  -37.641  54.627 0.0000000000
63826  48.645  -37.768  54.405 0.0000000000
63811  50.739  -37.979  55.849 0.0000000000
63791  50.493  -38.542  56.434 0.0000000000
62571  50.295  -39.140  56.870 0.0000000000
36457  37.960  -57.772  59.990 0.0000000000
43243  28.491  -53.917  64.982 0.0000000000
44618  28.763  -53.502  64.587 0.0000000000
41889  28.429  -54.445  63.146 0.0000000000
41869  29.132  -54.625  63.655 0.0000000000
40469  30.230  -55.044  64.596 0.0000000000
40486  30.873  -55.488  64.240 0.0000000000
39182  31.395  -55.856  64.117 0.0000000000
39199  31.513  -56.037  63.759 0.0000000000
39215  32.117  -56.472  63.010 0.0000000000
39216  31.281  -56.044  62.647 0.0000000000
39235  31.146  -55.951  61.480 0.0000000000
39254  30.964  -55.972  60.293 0.0000000000
74834  57.974  -28.387  48.555 0.0000000000
74845  58.013  -28.957  47.922 0.0000000000
73711  57.899  -29.468  48.456 0.0000000000
72502  57.279  -30.798  47.857 0.0000000000
72494  57.820  -30.497  49.109 0.0000000000
71268  56.083  -32.684  47.399 0.0000000000
70067  55.730  -33.310  47.145 0.0000000000
65064  50.387  -36.335  46.851 0.0000000000
65063  51.296  -36.387  46.871 0.0000000000
65062  52.176  -36.378  46.960 0.0000000000
66184  52.613  -35.665  46.915 0.0000000000
66176  54.440  -35.946  47.659 0.0000000000
66175  55.133  -35.972  48.106 0.0000000000
63951  55.598  -36.913  47.475 0.0000000000
63978  55.088  -37.346  46.896 0.0000000000
63999  52.037  -37.326  45.518 0.0000000000
44684  43.664  -52.701  60.603 0.0000000000
46040  43.557  -52.202  60.588 0.0000000000
46052  43.958  -51.692  60.326 0.0000000000
48893  43.961  -50.612  59.585 0.0000000000
47489  45.080  -51.158  59.848 0.0000000000
48909  44.653  -49.184  58.625 0.0000000000
50250  44.576  -47.951  57.322 0.0000000000
51493  44.781  -47.161  57.104 0.0000000000
52715  45.523  -46.961  57.640 0.0000000000
52735  45.415  -46.409  57.352 0.0000000000
52714  46.130  -46.440  57.574 0.0000000000
52734  45.946  -45.891  57.476 0.0000000000
53927  47.240  -45.356  57.520 0.0000000000
55176  47.544  -44.251  57.599 0.0000000000
55175  48.125  -44.461  57.661 0.0000000000
53926  48.066  -45.252  57.606 0.0000000000
53944  48.735  -45.490  57.257 0.0000000000
52749  49.330  -46.483  56.404 0.0000000000
51524  47.973  -47.972  55.673 0.0000000000
51504  48.948  -47.165  56.168 0.0000000000
51503  49.571  -46.841  55.947 0.0000000000
50285  49.790  -48.345  55.356 0.0000000000
48954  50.154  -48.862  55.009 0.0000000000
44635  27.194  -52.903  64.448 0.0000000000
40454  25.328  -55.582  65.960 0.0000000000
43245  26.485  -53.822  65.637 0.0000000000
44620  26.924  -53.384  65.166 0.0000000000
44619  27.821  -53.426  64.939 0.0000000000
41853  26.951  -54.250  65.014 0.0000000000
41871  27.297  -54.388  64.204 0.0000000000
41891  26.683  -54.756  63.441 0.0000000000
39217  25.800  -56.057  63.085 0.0000000000
40526  26.217  -55.314  62.700 0.0000000000
63957  50.312  -37.509  47.848 0.0000000000
61452  53.266  -39.356  49.405 0.0000000000
61453  52.760  -39.674  50.078 0.0000000000
60179  52.278  -39.897  50.915 0.0000000000
62603  51.623  -38.492  54.271 0.0000000000
40559  38.189  -55.387  60.355 0.0000000000
41944  39.530  -54.665  61.024 0.0000000000
41906  39.594  -55.278  62.048 0.0000000000
43306  39.925  -54.346  61.195 0.0000000000
43287  40.970  -54.185  61.674 0.0000000000
43286  41.521  -54.302  61.423 0.0000000000
43303  42.233  -53.773  61.006 0.0000000000
36440  38.536  -57.835  60.524 0.0000000000
37894  39.298  -57.761  60.885 0.0000000000
37874  40.567  -56.723  60.862 0.0000000000
37908  40.512  -56.770  59.629 0.0000000000
37892  40.535  -56.809  60.089 0.0000000000
39231  41.167  -55.934  61.219 0.0000000000
40535  41.726  -55.235  60.975 0.0000000000
41925  42.341  -54.365  60.902 0.0000000000
43302  43.235  -53.596  60.635 0.0000000000
43320  43.569  -53.768  60.468 0.0000000000
43319  43.936  -53.568  60.261 0.0000000000
44722  44.520  -52.874  59.672 0.0000000000
43337  43.621  -54.182  58.839 0.0000000000
43336  44.044  -53.703  59.198 0.0000000000
44742  44.676  -52.758  58.670 0.0000000000
44785  45.532  -52.444  56.519 0.0000000000
46118  46.246  -51.936  55.957 0.0000000000
43395  46.325  -53.184  55.928 0.0000000000
43417  46.118  -53.711  55.750 0.0000000000
42058  46.033  -54.070  55.107 0.0000000000
42037  44.576  -54.545  55.496 0.0000000000
42060  44.509  -54.350  54.559 0.0000000000
43276  29.500  -53.246  63.331 0.0000000000
43275  30.340  -53.584  63.262 0.0000000000
40561  36.578  -55.577  60.992 0.0000000000
40538  37.073  -55.661  61.719 0.0000000000
40500  36.816  -56.269  62.964 0.0000000000
40501  35.729  -56.057  63.218 0.0000000000
39193  37.150  -56.649  62.985 0.0000000000
37879  36.669  -57.798  61.793 0.0000000000
36443  36.374  -57.994  60.745 0.0000000000
39214  32.871  -56.743  63.244 0.0000000000
37883  33.313  -57.062  62.143 0.0000000000
37882  33.859  -57.315  62.057 0.0000000000
39251  33.452  -57.150  60.930 0.0000000000
37881  34.597  -57.575  61.863 0.0000000000
37897  34.758  -57.832  60.918 0.0000000000
29144  25.009  -63.343  65.300 0.0000000000
78415  57.259  -26.000  45.357 0.0000000000
70018  56.800  -32.399  49.533 0.0000000000
68646  56.508  -33.464  49.258 0.0000000000
70035  56.992  -32.755  49.158 0.0000000000
65035  56.098  -36.199  48.098 0.0000000000
65040  56.452  -36.138  47.835 0.0000000000
66173  56.487  -35.838  47.478 0.0000000000
65077  54.991  -36.547  46.421 0.0000000000
66183  55.455  -35.909  46.490 0.0000000000
67388  55.883  -35.191  46.850 0.0000000000
68723  54.603  -34.044  46.194 0.0000000000
63830  44.701  -38.200  53.958 0.0000000000
46054  42.460  -52.050  60.134 0.0000000000
46085  42.444  -51.640  58.919 0.0000000000
60090  44.622  -40.132  55.404 0.0000000000
62578  44.236  -38.489  55.163 0.0000000000
62587  44.522  -38.200  55.039 0.0000000000
63796  45.745  -38.151  55.471 0.0000000000
63795  46.646  -38.198  55.761 0.0000000000
62574  47.831  -38.570  56.715 0.0000000000
62553  47.889  -38.983  57.301 0.0000000000
62573  48.784  -38.587  56.924 0.0000000000
62550  49.933  -39.747  57.253 0.0000000000
61358  50.317  -39.783  56.862 0.0000000000
56511  48.844  -43.687  57.636 0.0000000000
57731  49.456  -42.936  57.549 0.0000000000
55187  50.351  -44.601  56.549 0.0000000000
56509  50.165  -43.590  57.231 0.0000000000
58797  49.913  -42.232  57.322 0.0000000000
60057  49.915  -41.009  57.129 0.0000000000
60073  50.107  -40.849  56.730 0.0000000000
58832  49.933  -41.700  55.930 0.0000000000
57755  49.812  -42.513  55.607 0.0000000000
55218  50.171  -44.098  55.099 0.0000000000
56558  49.795  -43.788  55.070 0.0000000000
44811  46.935  -52.021  55.719 0.0000000000
46137  47.555  -51.558  55.542 0.0000000000
46136  48.331  -51.663  55.272 0.0000000000
44849  46.954  -52.614  54.283 0.0000000000
46156  48.116  -52.072  54.465 0.0000000000
46154  48.804  -51.252  55.028 0.0000000000
47571  48.940  -50.671  54.493 0.0000000000
29168  25.007  -63.376  64.100 0.0000000000
30593  24.983  -63.286  63.821 0.0000000000
32004  26.341  -61.404  66.194 0.0000000000
32017  27.342  -61.609  65.352 0.0000000000
32027  28.079  -61.657  64.362 0.0000000000
32040  28.403  -61.791  63.710 0.0000000000
33440  26.664  -60.650  66.206 0.0000000000
33453  27.613  -61.012  65.338 0.0000000000
33454  27.195  -60.911  65.760 0.0000000000
36374  26.023  -59.018  66.256 0.0000000000
36376  25.108  -57.974  66.472 0.0000000000
36386  25.820  -58.203  65.995 0.0000000000
36427  37.468  -57.848  61.069 0.0000000000
36428  36.899  -57.905  61.206 0.0000000000
36429  36.316  -57.956  61.278 0.0000000000
36441  37.751  -57.805  60.588 0.0000000000
36444  35.983  -58.040  61.054 0.0000000000
36456  38.509  -57.773  59.924 0.0000000000
37804  25.171  -57.597  66.358 0.0000000000
37812  26.168  -58.436  65.221 0.0000000000
37831  38.084  -56.885  62.728 0.0000000000
37836  33.948  -56.991  63.372 0.0000000000
37838  25.876  -57.790  63.750 0.0000000000
37839  25.714  -56.957  63.693 0.0000000000
37852  40.146  -56.633  61.789 0.0000000000
37857  35.213  -57.380  62.580 0.0000000000
37859  33.671  -57.110  62.748 0.0000000000
37860  33.188  -56.953  62.774 0.0000000000
37876  39.021  -57.552  61.691 0.0000000000
37898  33.862  -57.329  61.154 0.0000000000
37899  33.501  -57.161  61.641 0.0000000000
37909  40.143  -57.101  59.505 0.0000000000
37912  37.333  -57.749  59.452 0.0000000000
37915  34.888  -57.854  60.068 0.0000000000
39144  25.122  -56.326  66.165 0.0000000000
39145  24.924  -56.840  66.325 0.0000000000
39158  25.129  -57.025  66.146 0.0000000000
39178  34.169  -56.400  63.858 0.0000000000
39191  38.301  -56.760  62.697 0.0000000000
39192  37.973  -56.611  62.837 0.0000000000
39198  32.465  -56.397  63.887 0.0000000000
39200  25.793  -55.923  63.483 0.0000000000
39201  25.731  -56.235  63.656 0.0000000000
39209  41.046  -55.797  61.494 0.0000000000
39210  40.676  -56.037  61.665 0.0000000000
39218  25.747  -56.468  63.192 0.0000000000
39230  41.437  -55.651  61.070 0.0000000000
39250  41.090  -56.267  60.434 0.0000000000
39267  40.925  -56.469  59.723 0.0000000000
39268  40.571  -56.687  59.354 0.0000000000
39269  33.508  -57.212  60.438 0.0000000000
39281  40.466  -56.688  58.908 0.0000000000
39282  39.985  -56.797  58.548 0.0000000000
40441  25.205  -55.956  66.083 0.0000000000
40442  25.050  -56.035  66.263 0.0000000000
40443  24.895  -56.156  66.333 0.0000000000
40466  32.010  -55.131  64.871 0.0000000000
40468  30.937  -55.112  64.767 0.0000000000
40471  25.548  -55.892  65.237 0.0000000000
40482  34.136  -56.184  63.969 0.0000000000
40484  32.323  -55.400  64.655 0.0000000000
40485  31.531  -55.521  64.628 0.0000000000
40515  41.586  -55.063  61.297 0.0000000000
40523  34.780  -55.320  62.970 0.0000000000
40525  29.676  -55.092  61.896 0.0000000000
40536  41.378  -55.546  61.274 0.0000000000
40582  41.319  -56.086  59.483 0.0000000000
40583  38.135  -55.288  59.778 0.0000000000
40585  36.767  -55.531  60.198 0.0000000000
41833  26.635  -54.217  65.541 0.0000000000
41834  26.201  -54.832  65.853 0.0000000000
41836  24.829  -54.941  65.971 0.0000000000
41837  24.543  -55.542  65.851 0.0000000000
41848  31.845  -54.965  64.818 0.0000000000
41850  30.317  -54.615  64.753 0.0000000000
41854  26.224  -54.647  65.203 0.0000000000
41902  41.823  -54.795  61.086 0.0000000000
41908  34.782  -55.145  62.423 0.0000000000
41911  29.156  -54.681  62.264 0.0000000000
41924  42.862  -54.131  60.660 0.0000000000
41926  40.555  -54.550  61.799 0.0000000000
41927  39.914  -54.683  61.673 0.0000000000
41929  35.038  -55.168  61.830 0.0000000000
41942  43.726  -53.886  60.265 0.0000000000
41946  35.194  -55.227  61.111 0.0000000000
41949  28.968  -54.722  60.995 0.0000000000
41983  43.242  -54.489  58.389 0.0000000000
42020  45.166  -54.074  56.121 0.0000000000
42035  46.245  -53.802  55.380 0.0000000000
42059  45.380  -54.372  54.979 0.0000000000
43222  26.829  -54.071  65.668 0.0000000000
43240  30.869  -54.503  64.731 0.0000000000
43285  41.894  -54.454  61.152 0.0000000000
43305  40.453  -54.070  61.297 0.0000000000
43321  41.221  -53.140  60.550 0.0000000000
43375  43.859  -53.871  57.541 0.0000000000
43414  48.019  -52.792  55.241 0.0000000000
43416  46.676  -53.359  55.518 0.0000000000
43431  47.670  -52.922  55.000 0.0000000000
44683  44.134  -52.448  60.403 0.0000000000
44701  44.807  -52.178  59.877 0.0000000000
44703  42.584  -52.300  60.451 0.0000000000
44783  46.946  -52.736  56.024 0.0000000000
44784  46.705  -52.596  55.866 0.0000000000
44809  47.966  -52.500  55.364 0.0000000000
44810  47.461  -52.443  55.627 0.0000000000
44831  48.207  -52.377  55.103 0.0000000000
44832  48.009  -52.502  54.801 0.0000000000
44833  47.375  -52.892  54.689 0.0000000000
44848  47.666  -52.409  54.472 0.0000000000
46039  44.036  -52.186  60.471 0.0000000000
46051  44.487  -51.922  60.190 0.0000000000
46068  42.699  -51.610  59.673 0.0000000000
46135  48.656  -51.161  55.185 0.0000000000
46139  46.019  -50.784  55.930 0.0000000000
46155  48.489  -51.735  54.738 0.0000000000
46170  48.339  -51.616  54.284 0.0000000000
47491  43.824  -51.033  59.973 0.0000000000
47492  43.193  -51.195  59.762 0.0000000000
47526  46.129  -49.872  57.584 0.0000000000
47539  46.172  -50.031  56.072 0.0000000000
47557  46.467  -50.513  55.727 0.0000000000
47558  46.068  -50.414  55.989 0.0000000000
48892  44.411  -50.473  59.668 0.0000000000
48922  46.189  -49.314  57.291 0.0000000000
48940  46.033  -49.868  56.799 0.0000000000
50267  44.514  -47.694  56.822 0.0000000000
51491  47.493  -46.789  57.021 0.0000000000
51521  49.995  -47.100  55.486 0.0000000000
52731  49.019  -46.044  56.825 0.0000000000
52746  50.591  -45.675  55.671 0.0000000000
52748  49.837  -46.244  56.181 0.0000000000
52763  50.481  -46.317  55.355 0.0000000000
52774  50.747  -45.663  55.089 0.0000000000
53925  48.420  -45.290  57.489 0.0000000000
53942  49.927  -45.212  56.547 0.0000000000
53945  48.075  -45.780  57.476 0.0000000000
53960  50.579  -45.294  56.042 0.0000000000
53961  50.334  -45.308  56.265 0.0000000000
53972  50.749  -45.144  55.702 0.0000000000
53973  50.780  -44.984  55.460 0.0000000000
53986  50.721  -45.373  54.962 0.0000000000
55177  47.012  -44.717  57.487 0.0000000000
55186  50.526  -44.414  56.461 0.0000000000
55189  49.193  -44.997  57.222 0.0000000000
55229  50.490  -44.971  54.815 0.0000000000
56518  50.393  -43.917  57.012 0.0000000000
56519  50.062  -43.907  57.208 0.0000000000
56529  50.747  -43.988  56.509 0.0000000000
56530  50.752  -43.624  56.472 0.0000000000
56542  50.826  -43.922  56.258 0.0000000000
56545  49.601  -43.151  55.290 0.0000000000
57730  49.991  -43.148  57.334 0.0000000000
57733  48.044  -42.661  57.716 0.0000000000
57739  50.568  -43.766  56.953 0.0000000000
57748  46.485  -42.371  56.825 0.0000000000
57757  45.638  -42.595  55.796 0.0000000000
58798  49.290  -42.027  57.582 0.0000000000
58808  46.778  -41.613  57.074 0.0000000000
58820  45.953  -41.465  56.309 0.0000000000
60046  49.605  -41.398  57.413 0.0000000000
60049  47.824  -40.899  57.646 0.0000000000
60060  47.192  -40.561  57.427 0.0000000000
61315  48.596  -40.452  57.668 0.0000000000
61316  48.152  -40.202  57.691 0.0000000000
61336  49.353  -40.240  57.563 0.0000000000
61337  48.733  -39.830  57.648 0.0000000000
61362  44.381  -38.865  55.404 0.0000000000
61375  50.653  -39.211  56.425 0.0000000000
61415  52.088  -38.984  52.744 0.0000000000
63790  50.766  -38.766  56.417 0.0000000000
63797  45.130  -38.134  55.184 0.0000000000
63817  44.977  -38.125  54.659 0.0000000000
65033  56.588  -35.981  47.965 0.0000000000
65034  56.371  -36.108  48.009 0.0000000000
65041  56.158  -36.505  47.810 0.0000000000
65058  56.335  -36.322  47.531 0.0000000000
65097  52.897  -36.239  45.144 0.0000000000
66174  56.296  -35.572  47.095 0.0000000000
66181  56.296  -36.262  47.272 0.0000000000
66221  53.220  -35.439  45.099 0.0000000000
67366  56.357  -35.080  47.372 0.0000000000
68705  55.412  -34.176  46.690 0.0000000000
68725  53.122  -33.830  45.190 0.0000000000
70017  57.164  -31.948  49.556 0.0000000000
72489  55.731  -30.523  49.057 0.0000000000
73697  56.967  -29.793  49.439 0.0000000000
73698  56.253  -29.873  49.178 0.0000000000
73710  58.054  -28.879  48.572 0.0000000000
77229  57.373  -27.036  48.435 0.0000000000
