#!ascii label  , from subject 4096 vox2ras=TkReg
1068
104680  40.330  27.114  26.031 0.0000000000
105371  45.730  28.484  21.562 0.0000000000
103853  48.093  26.775  34.367 0.0000000000
104614  36.756  27.602  29.750 0.0000000000
101627  40.575  22.876  31.682 0.0000000000
103305  40.412  25.822  19.612 0.0000000000
108810  43.625  33.820  20.964 0.0000000000
110090  44.672  35.432  18.179 0.0000000000
104522  48.917  27.581  39.882 0.0000000000
100108  45.778  21.837  39.346 0.0000000000
103260  45.582  24.871  22.554 0.0000000000
103166  45.660  25.182  29.527 0.0000000000
104640  48.552  26.901  26.996 0.0000000000
106631  48.338  30.489  32.699 0.0000000000
110102  39.893  35.554  17.605 0.0000000000
105397  42.746  27.445  17.376 0.0000000000
101573  41.971  23.641  35.299 0.0000000000
104648  38.755  27.424  27.584 0.0000000000
103863  39.184  26.349  31.562 0.0000000000
103920  40.919  26.623  29.548 0.0000000000
102419  39.151  24.640  22.736 0.0000000000
103212  37.382  25.353  24.947 0.0000000000
111341  45.895  37.586  21.153 0.0000000000
103766  47.902  26.651  43.057 0.0000000000
101510  49.118  23.283  42.284 0.0000000000
99274  50.245  21.075  43.976 0.0000000000
110134  42.093  35.589  14.166 0.0000000000
102445  47.040  24.507  20.900 0.0000000000
103208  48.182  25.027  24.730 0.0000000000
105356  47.442  27.672  23.798 0.0000000000
108046  44.417  32.436  28.866 0.0000000000
107359  47.157  31.284  29.168 0.0000000000
106648  46.429  30.369  31.664 0.0000000000
105938  47.363  29.730  35.066 0.0000000000
107507  45.412  31.483  18.524 0.0000000000
107519  44.333  31.195  16.871 0.0000000000
105385  44.050  28.325  19.164 0.0000000000
102481  43.850  24.836  19.559 0.0000000000
103108  46.893  25.092  32.146 0.0000000000
102341  44.589  23.940  32.130 0.0000000000
103094  44.872  25.476  34.626 0.0000000000
100881  38.185  22.291  32.455 0.0000000000
99404  38.843  20.167  33.770 0.0000000000
104749  40.397  27.320  15.768 0.0000000000
105378  39.364  28.715  19.378 0.0000000000
107472  44.135  30.852  21.516 0.0000000000
106054  45.942  29.836  23.788 0.0000000000
112667  40.198  39.329  21.958 0.0000000000
110683  42.031  36.426  20.109 0.0000000000
109481  46.065  34.501  19.595 0.0000000000
103825  49.262  27.045  36.953 0.0000000000
103829  46.611  25.934  37.406 0.0000000000
101544  47.596  24.166  40.936 0.0000000000
99341  48.672  21.005  39.154 0.0000000000
104008  42.744  26.416  24.030 0.0000000000
103954  43.855  26.553  28.041 0.0000000000
103969  46.364  26.141  26.194 0.0000000000
103164  48.070  25.318  28.703 0.0000000000
103877  48.618  26.835  30.838 0.0000000000
106709  46.826  30.284  26.801 0.0000000000
105995  48.174  29.842  30.411 0.0000000000
104569  48.922  28.295  33.500 0.0000000000
105922  48.615  29.260  36.092 0.0000000000
105882  47.591  29.305  39.248 0.0000000000
111412  41.323  37.539  16.095 0.0000000000
108878  40.903  33.398  15.513 0.0000000000
107521  42.145  31.504  17.206 0.0000000000
105411  41.451  28.681  15.037 0.0000000000
103321  41.961  25.386  17.795 0.0000000000
102449  42.206  24.521  21.017 0.0000000000
102398  43.223  24.400  29.883 0.0000000000
101590  41.578  22.643  33.475 0.0000000000
98536  40.393  19.536  35.602 0.0000000000
101566  43.575  23.276  37.807 0.0000000000
104664  39.687  27.146  26.370 0.0000000000
104629  39.723  27.441  28.418 0.0000000000
104646  40.727  27.368  27.604 0.0000000000
104010  40.201  25.632  24.094 0.0000000000
103227  38.261  25.023  24.225 0.0000000000
103992  38.454  25.886  25.174 0.0000000000
103973  37.578  26.586  26.358 0.0000000000
103753  47.060  26.329  43.710 0.0000000000
102204  48.745  24.356  43.626 0.0000000000
100753  48.425  22.627  43.919 0.0000000000
96809  37.328  18.344  32.263 0.0000000000
104713  46.373  26.786  21.370 0.0000000000
104037  47.357  25.987  22.318 0.0000000000
104696  46.961  27.839  22.767 0.0000000000
107362  44.147  32.015  29.654 0.0000000000
107347  46.169  31.290  30.020 0.0000000000
106075  44.596  29.484  20.601 0.0000000000
106789  44.964  30.122  19.009 0.0000000000
104715  45.011  27.935  20.681 0.0000000000
104059  44.987  26.274  20.638 0.0000000000
103098  47.587  25.787  32.759 0.0000000000
103100  45.887  25.267  33.366 0.0000000000
103086  46.527  26.066  34.998 0.0000000000
104596  35.868  27.184  30.700 0.0000000000
103882  36.997  26.871  31.629 0.0000000000
103132  40.012  24.889  31.556 0.0000000000
102343  39.400  24.639  32.217 0.0000000000
101606  39.537  23.256  32.235 0.0000000000
100161  38.692  21.570  32.603 0.0000000000
100879  40.326  22.299  32.195 0.0000000000
104736  40.660  26.826  17.419 0.0000000000
105398  39.490  28.164  17.105 0.0000000000
104721  39.742  27.514  19.607 0.0000000000
104651  36.042  27.320  28.321 0.0000000000
104634  35.091  27.198  29.232 0.0000000000
107487  44.035  32.302  20.728 0.0000000000
107459  43.672  30.961  22.116 0.0000000000
107474  42.863  32.223  21.542 0.0000000000
110050  44.964  35.635  21.276 0.0000000000
110680  46.129  36.717  20.490 0.0000000000
109471  44.680  34.586  20.779 0.0000000000
108181  44.649  32.666  20.170 0.0000000000
103814  49.315  26.756  37.999 0.0000000000
103815  48.612  26.155  38.321 0.0000000000
103040  48.736  25.867  39.597 0.0000000000
100077  49.891  21.052  41.927 0.0000000000
99309  48.790  21.194  40.830 0.0000000000
99340  49.776  20.724  39.049 0.0000000000
104022  44.492  25.839  23.589 0.0000000000
103987  44.420  26.584  25.037 0.0000000000
104005  45.970  25.681  24.537 0.0000000000
103967  48.540  25.805  25.775 0.0000000000
103192  47.925  25.390  26.789 0.0000000000
103931  48.886  26.219  27.672 0.0000000000
103145  48.772  25.611  29.248 0.0000000000
104609  48.380  27.369  29.297 0.0000000000
107432  45.535  31.331  24.920 0.0000000000
106726  46.468  30.621  24.855 0.0000000000
107399  46.248  31.576  26.101 0.0000000000
107332  47.760  30.916  30.945 0.0000000000
106670  47.849  30.605  30.028 0.0000000000
105987  48.609  29.983  31.310 0.0000000000
105290  48.871  29.121  31.846 0.0000000000
105968  48.787  30.002  33.263 0.0000000000
105267  48.945  29.124  34.983 0.0000000000
105937  48.525  29.761  34.784 0.0000000000
105913  46.264  29.143  36.140 0.0000000000
105900  47.039  29.358  37.426 0.0000000000
110734  39.983  36.452  16.982 0.0000000000
110122  40.977  35.334  15.614 0.0000000000
109515  40.337  34.405  16.626 0.0000000000
110076  43.427  35.767  19.096 0.0000000000
110078  41.590  35.460  19.682 0.0000000000
109495  43.263  34.574  18.542 0.0000000000
106104  44.051  29.799  16.798 0.0000000000
107520  43.172  31.376  17.333 0.0000000000
106815  42.522  30.044  16.868 0.0000000000
106816  41.808  30.512  16.420 0.0000000000
106115  42.270  29.241  16.342 0.0000000000
104095  41.677  26.715  15.877 0.0000000000
104742  42.563  26.892  16.977 0.0000000000
102447  44.665  24.738  21.370 0.0000000000
102468  42.676  24.380  20.258 0.0000000000
103280  43.725  24.908  21.708 0.0000000000
104040  42.218  25.636  22.824 0.0000000000
103935  44.809  26.176  28.777 0.0000000000
103184  43.387  25.445  29.444 0.0000000000
102396  44.478  24.695  29.707 0.0000000000
102328  43.622  24.072  33.372 0.0000000000
101588  43.044  23.386  32.741 0.0000000000
101579  42.069  23.409  34.123 0.0000000000
100851  40.391  21.766  35.130 0.0000000000
100129  40.922  21.507  36.181 0.0000000000
102284  45.232  24.021  39.273 0.0000000000
103071  44.822  24.887  37.911 0.0000000000
100837  44.618  22.600  38.667 0.0000000000
104631  37.740  27.647  28.599 0.0000000000
104579  38.280  27.252  31.218 0.0000000000
104592  39.331  27.244  29.860 0.0000000000
103921  40.418  26.662  29.931 0.0000000000
103151  41.100  24.549  30.530 0.0000000000
102452  39.497  24.970  21.638 0.0000000000
103957  37.288  26.834  26.936 0.0000000000
104503  48.702  27.542  40.972 0.0000000000
102267  48.958  25.082  41.267 0.0000000000
102995  48.925  25.265  42.581 0.0000000000
100784  50.354  21.941  42.971 0.0000000000
102428  45.801  24.534  21.961 0.0000000000
103239  47.132  24.743  23.272 0.0000000000
102416  47.288  24.731  22.515 0.0000000000
104686  48.220  26.050  24.428 0.0000000000
104674  48.021  27.330  25.285 0.0000000000
108059  45.495  32.493  27.854 0.0000000000
108072  46.322  32.241  27.052 0.0000000000
107360  46.286  31.921  28.894 0.0000000000
107333  47.099  30.890  31.140 0.0000000000
107324  47.557  30.760  31.892 0.0000000000
106620  47.951  30.385  33.567 0.0000000000
106621  47.221  30.150  33.642 0.0000000000
105940  45.892  29.448  34.701 0.0000000000
105927  45.147  29.296  35.197 0.0000000000
110720  39.777  36.403  18.043 0.0000000000
108844  45.985  33.736  17.837 0.0000000000
108860  44.640  33.314  17.707 0.0000000000
107517  45.479  31.469  17.783 0.0000000000
106103  44.767  30.008  17.408 0.0000000000
105396  43.089  27.837  18.123 0.0000000000
104075  43.302  26.034  18.481 0.0000000000
104065  44.352  26.312  19.911 0.0000000000
102466  44.817  25.116  20.631 0.0000000000
103147  46.645  24.876  30.043 0.0000000000
102365  45.272  24.297  30.808 0.0000000000
102339  46.022  24.764  31.465 0.0000000000
103101  45.050  25.043  33.663 0.0000000000
102314  43.324  24.682  35.462 0.0000000000
99365  47.086  20.675  37.546 0.0000000000
99366  45.780  20.698  37.632 0.0000000000
101609  36.399  23.441  32.140 0.0000000000
103111  38.509  25.620  32.369 0.0000000000
102345  37.495  24.335  32.562 0.0000000000
100882  37.217  22.424  32.325 0.0000000000
99421  37.545  20.922  32.571 0.0000000000
99410  38.055  20.290  32.986 0.0000000000
97683  38.384  18.719  33.618 0.0000000000
105412  39.476  28.409  15.276 0.0000000000
106106  39.042  28.567  16.892 0.0000000000
106069  45.123  29.403  21.710 0.0000000000
106061  45.895  29.423  22.782 0.0000000000
106747  44.863  30.215  22.981 0.0000000000
106738  44.295  30.522  23.822 0.0000000000
107417  44.757  31.572  25.322 0.0000000000
108108  44.495  31.949  25.917 0.0000000000
108075  43.812  32.615  27.472 0.0000000000
111344  41.146  37.963  21.165 0.0000000000
111357  42.720  37.491  20.531 0.0000000000
110694  45.095  36.396  18.784 0.0000000000
110088  45.804  35.269  18.328 0.0000000000
108831  45.985  33.547  19.126 0.0000000000
107498  44.999  31.835  19.758 0.0000000000
103847  48.144  26.718  35.403 0.0000000000
103848  47.320  26.390  35.696 0.0000000000
103827  47.936  26.131  37.497 0.0000000000
103042  47.308  25.391  39.073 0.0000000000
101546  46.231  23.543  40.278 0.0000000000
101527  48.224  23.893  41.343 0.0000000000
100080  47.696  22.131  41.018 0.0000000000
99342  47.438  21.252  39.302 0.0000000000
103990  41.113  26.708  24.911 0.0000000000
104662  41.935  27.353  26.788 0.0000000000
104677  43.109  27.190  25.680 0.0000000000
103953  44.941  26.715  27.487 0.0000000000
103934  45.945  26.290  28.260 0.0000000000
103984  46.972  25.432  25.171 0.0000000000
103932  47.601  25.531  27.239 0.0000000000
103165  46.916  25.318  28.952 0.0000000000
103146  47.879  25.261  29.656 0.0000000000
103878  48.424  26.043  31.342 0.0000000000
103862  48.198  26.380  32.339 0.0000000000
105349  47.174  29.076  24.047 0.0000000000
106045  47.305  29.240  25.280 0.0000000000
105335  47.472  28.547  26.681 0.0000000000
106681  46.803  31.054  28.049 0.0000000000
106025  47.426  29.671  28.070 0.0000000000
105321  48.078  27.995  28.954 0.0000000000
104591  48.447  27.698  30.327 0.0000000000
104572  48.789  28.214  32.410 0.0000000000
103852  48.694  27.383  33.985 0.0000000000
104559  49.117  27.575  35.719 0.0000000000
104553  49.137  27.695  36.487 0.0000000000
105228  49.152  28.296  38.300 0.0000000000
105923  48.194  29.716  35.766 0.0000000000
105898  48.162  29.428  37.815 0.0000000000
105199  48.652  28.379  39.842 0.0000000000
105179  47.533  28.944  40.944 0.0000000000
110744  41.503  36.644  15.537 0.0000000000
109522  41.424  34.537  14.713 0.0000000000
107555  41.268  31.396  14.707 0.0000000000
108862  42.944  33.315  18.205 0.0000000000
108217  40.752  32.833  17.560 0.0000000000
107533  41.013  32.141  16.475 0.0000000000
106830  41.363  30.373  15.229 0.0000000000
106130  41.217  29.326  14.689 0.0000000000
104756  40.969  27.297  14.893 0.0000000000
104084  41.089  26.458  16.990 0.0000000000
103314  41.416  25.404  18.463 0.0000000000
102499  42.715  24.804  18.439 0.0000000000
102494  41.556  24.574  18.939 0.0000000000
102470  40.728  24.720  20.549 0.0000000000
103264  40.901  24.810  22.266 0.0000000000
104025  40.960  25.471  23.556 0.0000000000
103956  42.422  26.545  28.607 0.0000000000
103170  42.280  25.232  29.924 0.0000000000
102387  41.758  23.779  30.575 0.0000000000
101623  43.905  23.465  30.685 0.0000000000
101625  42.540  23.065  31.247 0.0000000000
100878  41.044  22.285  31.946 0.0000000000
100867  40.234  21.612  33.190 0.0000000000
99395  39.367  20.127  34.663 0.0000000000
103079  45.702  25.803  36.385 0.0000000000
103081  43.955  24.803  37.203 0.0000000000
101567  42.989  23.289  37.341 0.0000000000
99367  44.572  20.634  37.386 0.0000000000
100844  41.922  21.983  37.232 0.0000000000
98440  48.851  19.840  43.464 0.0000000000
97586  50.183  19.356  41.015 0.0000000000
104647  39.731  27.417  27.526 0.0000000000
104663  40.911  27.310  26.771 0.0000000000
103991  39.827  26.558  25.262 0.0000000000
104011  39.020  25.627  24.529 0.0000000000
103971  39.064  26.652  25.597 0.0000000000
102178  47.952  23.918  43.942 0.0000000000
104708  46.217  27.981  21.573 0.0000000000
104707  46.678  27.330  21.981 0.0000000000
105372  45.038  28.510  21.058 0.0000000000
105377  44.575  28.515  20.265 0.0000000000
104714  45.760  27.382  21.078 0.0000000000
103858  47.428  26.137  33.713 0.0000000000
103092  46.635  25.781  34.038 0.0000000000
103854  47.355  26.354  34.695 0.0000000000
104615  35.870  27.429  29.916 0.0000000000
104581  36.558  27.049  31.233 0.0000000000
104595  36.667  27.383  30.597 0.0000000000
102369  40.057  23.746  31.774 0.0000000000
101628  40.075  23.138  31.913 0.0000000000
101605  40.131  22.833  31.982 0.0000000000
104068  40.363  26.573  19.006 0.0000000000
104727  40.160  27.374  18.472 0.0000000000
104632  36.801  27.632  28.847 0.0000000000
104633  35.921  27.514  29.048 0.0000000000
108171  43.480  32.882  21.043 0.0000000000
107473  43.557  31.681  21.311 0.0000000000
109472  43.997  34.195  20.793 0.0000000000
108182  44.092  32.838  20.608 0.0000000000
104537  49.337  27.470  38.734 0.0000000000
103806  49.000  26.537  39.321 0.0000000000
99308  49.543  20.723  41.075 0.0000000000
103242  44.161  25.464  22.920 0.0000000000
104021  45.385  25.663  23.815 0.0000000000
103949  48.879  26.006  26.651 0.0000000000
103914  48.877  26.376  28.739 0.0000000000
104625  48.227  27.355  28.177 0.0000000000
108106  45.677  31.963  25.583 0.0000000000
107414  46.263  31.455  25.532 0.0000000000
108089  46.282  32.003  26.525 0.0000000000
106646  48.407  30.700  31.665 0.0000000000
105980  48.895  30.082  32.288 0.0000000000
105952  48.589  29.956  33.982 0.0000000000
106619  48.398  30.201  33.551 0.0000000000
105248  45.914  28.724  36.955 0.0000000000
111414  40.071  37.220  17.167 0.0000000000
110111  40.036  35.608  16.970 0.0000000000
110110  40.495  35.473  16.323 0.0000000000
109507  40.092  34.352  17.248 0.0000000000
110091  43.787  35.264  18.539 0.0000000000
110092  43.054  35.163  18.804 0.0000000000
109494  44.074  34.598  18.143 0.0000000000
105403  43.346  29.052  17.527 0.0000000000
106105  42.884  29.491  17.146 0.0000000000
105404  42.596  28.115  16.868 0.0000000000
102429  45.167  24.654  22.031 0.0000000000
103261  44.556  25.020  22.268 0.0000000000
103262  43.319  25.439  22.364 0.0000000000
103917  45.226  25.715  29.251 0.0000000000
103167  44.618  25.438  29.419 0.0000000000
102395  44.987  25.012  29.742 0.0000000000
102320  42.669  24.096  34.804 0.0000000000
102329  42.824  23.775  33.714 0.0000000000
101580  41.434  22.911  34.628 0.0000000000
101574  41.590  22.978  35.791 0.0000000000
100831  45.310  22.688  39.343 0.0000000000
101554  44.949  23.468  39.162 0.0000000000
100836  45.199  22.182  38.980 0.0000000000
104649  37.676  27.354  27.613 0.0000000000
104612  38.725  27.537  29.365 0.0000000000
104630  38.760  27.556  28.462 0.0000000000
104610  40.361  27.250  29.021 0.0000000000
104611  39.805  27.223  29.378 0.0000000000
103899  40.902  25.902  30.390 0.0000000000
103898  41.443  25.895  29.998 0.0000000000
102432  39.252  24.798  22.217 0.0000000000
102453  38.789  25.083  22.064 0.0000000000
102420  38.340  24.519  22.906 0.0000000000
103211  37.986  25.208  24.726 0.0000000000
103248  37.552  24.705  23.642 0.0000000000
104666  37.983  27.081  27.019 0.0000000000
104478  48.353  27.062  42.304 0.0000000000
103764  48.872  25.870  42.062 0.0000000000
102996  48.489  25.677  42.920 0.0000000000
101470  49.013  22.819  44.030 0.0000000000
101486  49.483  23.121  43.563 0.0000000000
100749  50.561  21.845  43.370 0.0000000000
100059  50.301  21.369  42.599 0.0000000000
99292  50.380  20.691  43.110 0.0000000000
110758  42.228  36.621  14.449 0.0000000000
111431  42.481  37.418  14.722 0.0000000000
102427  46.843  24.454  22.096 0.0000000000
102426  47.262  24.738  21.801 0.0000000000
104695  47.275  27.058  23.020 0.0000000000
104020  47.792  25.807  23.290 0.0000000000
104687  47.784  26.754  24.216 0.0000000000
104673  48.331  26.196  25.042 0.0000000000
108045  45.359  32.292  28.515 0.0000000000
108044  45.884  32.383  28.284 0.0000000000
107334  45.951  30.794  30.840 0.0000000000
106647  47.197  30.546  31.983 0.0000000000
106632  47.627  30.540  32.629 0.0000000000
106633  46.732  30.094  32.678 0.0000000000
105954  45.841  29.417  33.955 0.0000000000
105926  45.916  29.280  35.497 0.0000000000
108200  45.443  32.123  18.255 0.0000000000
108212  45.275  32.259  17.768 0.0000000000
106095  44.559  29.566  18.551 0.0000000000
105395  44.013  29.028  17.984 0.0000000000
105386  43.621  27.530  18.840 0.0000000000
104725  43.968  27.080  19.358 0.0000000000
103295  46.352  25.397  20.547 0.0000000000
103296  45.505  25.551  20.624 0.0000000000
102465  46.122  24.919  20.624 0.0000000000
102446  45.936  24.579  21.198 0.0000000000
103130  46.887  24.927  31.132 0.0000000000
103109  45.998  24.932  32.428 0.0000000000
103093  45.762  25.621  34.316 0.0000000000
102318  44.206  24.817  33.979 0.0000000000
103095  44.073  25.092  35.028 0.0000000000
102346  36.516  24.309  32.373 0.0000000000
103881  38.997  26.742  31.156 0.0000000000
104573  38.050  27.183  31.682 0.0000000000
103864  38.525  26.654  31.859 0.0000000000
101607  38.415  23.261  32.511 0.0000000000
102344  38.511  24.427  32.559 0.0000000000
101608  37.375  23.350  32.417 0.0000000000
100163  37.056  21.570  32.335 0.0000000000
100150  39.159  20.950  33.120 0.0000000000
100151  38.489  20.755  32.996 0.0000000000
99409  38.634  20.544  33.245 0.0000000000
98553  38.202  19.451  33.327 0.0000000000
98546  38.585  19.437  33.837 0.0000000000
104757  40.364  27.651  14.973 0.0000000000
104750  39.874  27.897  15.523 0.0000000000
105387  39.699  28.255  18.267 0.0000000000
106096  39.095  28.859  17.512 0.0000000000
106086  39.110  29.254  18.507 0.0000000000
106765  44.478  30.332  21.019 0.0000000000
106756  44.733  30.269  21.980 0.0000000000
106748  44.061  30.674  22.880 0.0000000000
106729  44.743  30.684  24.494 0.0000000000
108109  43.527  31.865  26.011 0.0000000000
108092  44.172  32.288  26.646 0.0000000000
112002  39.694  38.387  21.533 0.0000000000
112001  40.702  38.632  21.573 0.0000000000
111343  42.160  38.172  21.019 0.0000000000
111356  43.887  37.639  20.056 0.0000000000
110681  43.766  37.077  19.895 0.0000000000
110062  46.082  35.527  20.064 0.0000000000
110061  46.334  35.805  19.416 0.0000000000
110708  46.042  35.970  18.676 0.0000000000
109480  46.311  34.467  18.912 0.0000000000
108830  46.189  33.823  18.421 0.0000000000
107486  44.399  31.483  20.599 0.0000000000
103838  48.963  26.953  36.161 0.0000000000
103839  48.123  26.489  36.433 0.0000000000
103826  48.797  26.545  37.211 0.0000000000
103026  47.762  25.155  39.817 0.0000000000
103027  47.055  25.041  39.690 0.0000000000
102282  46.604  24.691  39.864 0.0000000000
101545  46.985  23.746  40.770 0.0000000000
102247  49.182  24.579  41.942 0.0000000000
102248  48.772  24.504  41.410 0.0000000000
101526  48.904  23.714  41.884 0.0000000000
100079  48.260  21.919  41.139 0.0000000000
99323  48.179  21.122  40.105 0.0000000000
100106  47.285  21.433  39.885 0.0000000000
99357  47.923  21.018  38.276 0.0000000000
103989  42.310  26.798  24.874 0.0000000000
104678  42.049  27.127  25.794 0.0000000000
103986  45.406  26.303  25.511 0.0000000000
104659  44.724  26.832  26.331 0.0000000000
103970  45.565  26.527  26.564 0.0000000000
103952  46.250  26.367  27.229 0.0000000000
103222  47.785  24.753  24.159 0.0000000000
103223  47.147  25.106  24.468 0.0000000000
103209  47.843  24.906  25.068 0.0000000000
103180  48.010  25.358  27.787 0.0000000000
103933  47.099  25.869  27.955 0.0000000000
103181  47.586  25.419  28.360 0.0000000000
103897  48.724  26.547  29.790 0.0000000000
103128  48.587  25.789  30.292 0.0000000000
103861  48.538  27.133  31.875 0.0000000000
106060  46.669  29.010  23.106 0.0000000000
106053  46.604  29.407  23.746 0.0000000000
106040  47.147  30.010  25.497 0.0000000000
106039  47.159  29.479  26.141 0.0000000000
105342  47.517  28.401  25.685 0.0000000000
106034  47.197  29.516  27.157 0.0000000000
107374  46.662  31.731  27.970 0.0000000000
107373  46.887  31.257  28.503 0.0000000000
105996  47.812  29.848  29.636 0.0000000000
106011  47.547  29.817  28.927 0.0000000000
105308  47.773  29.276  29.229 0.0000000000
105322  47.763  28.696  28.581 0.0000000000
105307  48.113  28.707  29.679 0.0000000000
105295  48.429  28.918  30.863 0.0000000000
105285  48.874  29.230  32.902 0.0000000000
103856  48.528  27.365  32.915 0.0000000000
103846  48.787  27.218  35.056 0.0000000000
104565  49.069  28.224  34.765 0.0000000000
105266  48.962  28.961  35.610 0.0000000000
104558  49.086  28.293  35.670 0.0000000000
105256  48.917  28.642  36.288 0.0000000000
105245  48.873  28.470  37.247 0.0000000000
105909  48.655  29.045  36.746 0.0000000000
106612  47.595  30.045  34.466 0.0000000000
106603  47.997  30.012  35.000 0.0000000000
105924  47.546  29.661  35.619 0.0000000000
105894  47.612  29.447  38.435 0.0000000000
105899  47.593  29.477  37.560 0.0000000000
105893  48.201  29.276  38.669 0.0000000000
105881  48.146  29.029  39.508 0.0000000000
105871  48.026  28.834  40.249 0.0000000000
112051  40.470  38.413  16.818 0.0000000000
112722  40.305  39.576  16.660 0.0000000000
112050  41.228  38.463  16.085 0.0000000000
110732  41.300  36.918  16.006 0.0000000000
109523  40.883  34.474  15.538 0.0000000000
108877  41.371  33.590  14.640 0.0000000000
108232  41.128  32.485  15.268 0.0000000000
108213  44.790  32.256  17.503 0.0000000000
108861  43.693  33.150  18.015 0.0000000000
108214  43.914  32.269  17.554 0.0000000000
108215  42.646  32.485  17.830 0.0000000000
108216  41.508  32.389  17.497 0.0000000000
108224  41.013  32.339  17.015 0.0000000000
108225  40.692  32.806  16.669 0.0000000000
107532  41.423  31.733  16.752 0.0000000000
106116  41.658  29.326  15.529 0.0000000000
105423  41.046  28.233  14.609 0.0000000000
105422  41.345  27.612  15.059 0.0000000000
104088  42.040  26.458  16.517 0.0000000000
104089  41.421  26.487  16.276 0.0000000000
104083  41.725  26.142  17.102 0.0000000000
103322  41.510  25.982  17.706 0.0000000000
103311  43.482  25.282  18.926 0.0000000000
103319  43.066  25.479  18.349 0.0000000000
102491  43.500  24.889  19.098 0.0000000000
102483  42.069  24.249  19.540 0.0000000000
102469  41.660  24.390  20.358 0.0000000000
102484  41.215  24.547  19.760 0.0000000000
102451  40.342  24.727  21.334 0.0000000000
103283  41.103  24.647  21.698 0.0000000000
104024  42.039  25.773  23.194 0.0000000000
104009  41.542  26.147  24.105 0.0000000000
104644  42.913  27.121  27.586 0.0000000000
104645  41.911  27.177  27.962 0.0000000000
103955  42.956  26.522  28.355 0.0000000000
103169  42.903  25.143  29.733 0.0000000000
102386  42.684  24.256  30.137 0.0000000000
103150  41.836  25.042  30.197 0.0000000000
102366  44.644  23.731  31.139 0.0000000000
101601  43.934  23.452  31.546 0.0000000000
101589  42.303  23.003  33.072 0.0000000000
101602  43.187  23.237  31.842 0.0000000000
101603  42.473  22.752  32.052 0.0000000000
101604  41.686  22.456  32.395 0.0000000000
100866  40.979  22.173  32.818 0.0000000000
100859  40.896  22.214  33.949 0.0000000000
100136  40.032  21.176  35.265 0.0000000000
99394  39.772  20.241  35.368 0.0000000000
98537  39.625  19.511  35.000 0.0000000000
97661  40.084  18.971  35.057 0.0000000000
103841  46.500  26.058  36.902 0.0000000000
103849  46.485  26.133  35.992 0.0000000000
103070  45.938  25.634  37.551 0.0000000000
102295  44.184  23.767  38.435 0.0000000000
103072  44.212  24.587  37.772 0.0000000000
102305  43.821  24.113  37.865 0.0000000000
103082  43.436  24.570  37.035 0.0000000000
102306  43.367  23.716  37.500 0.0000000000
98504  45.431  20.049  36.955 0.0000000000
98516  45.266  19.347  36.172 0.0000000000
104628  40.811  27.218  28.617 0.0000000000
103225  39.642  25.089  23.634 0.0000000000
103246  39.116  24.777  23.330 0.0000000000
104012  38.429  25.398  24.685 0.0000000000
103993  37.503  25.939  25.617 0.0000000000
103972  38.448  26.644  25.898 0.0000000000
104665  38.668  27.155  26.729 0.0000000000
103752  47.660  26.125  43.435 0.0000000000
102979  48.345  25.242  43.446 0.0000000000
102980  47.732  25.509  43.664 0.0000000000
101471  48.491  23.099  44.064 0.0000000000
100765  49.182  21.867  43.744 0.0000000000
104057  46.478  25.830  20.833 0.0000000000
103278  47.322  25.234  21.747 0.0000000000
104038  47.037  26.360  21.895 0.0000000000
104706  47.098  26.685  22.296 0.0000000000
107361  45.239  31.800  29.277 0.0000000000
107348  44.969  31.010  30.126 0.0000000000
106777  45.148  30.938  19.298 0.0000000000
106788  45.252  30.796  18.884 0.0000000000
106085  44.594  29.457  19.564 0.0000000000
104720  44.721  27.323  20.270 0.0000000000
104058  45.869  26.208  20.722 0.0000000000
103107  47.734  25.466  31.772 0.0000000000
103099  46.744  25.486  33.079 0.0000000000
103087  45.685  25.821  35.327 0.0000000000
103880  39.785  26.110  31.196 0.0000000000
103110  39.320  25.765  31.917 0.0000000000
100880  39.308  21.938  32.461 0.0000000000
100868  39.681  21.326  32.946 0.0000000000
104743  40.526  27.067  16.635 0.0000000000
104744  39.964  27.719  16.418 0.0000000000
104737  40.191  27.497  17.454 0.0000000000
103959  35.643  26.800  27.520 0.0000000000
103940  35.236  27.080  28.357 0.0000000000
104616  35.058  27.219  30.150 0.0000000000
110667  45.532  36.606  21.249 0.0000000000
110049  45.702  35.939  20.774 0.0000000000
110063  45.484  35.224  20.671 0.0000000000
109470  45.569  34.562  20.188 0.0000000000
108819  45.713  33.859  19.791 0.0000000000
108820  45.016  33.753  20.101 0.0000000000
103807  48.691  26.053  39.068 0.0000000000
103025  48.498  25.330  40.057 0.0000000000
100060  49.643  21.767  42.280 0.0000000000
100804  49.096  22.184  41.953 0.0000000000
100078  49.179  21.643  41.660 0.0000000000
99322  49.209  20.707  40.057 0.0000000000
103988  43.423  26.772  24.893 0.0000000000
104007  43.916  26.385  24.158 0.0000000000
104006  44.959  26.116  24.424 0.0000000000
103985  46.425  25.768  25.334 0.0000000000
103198  48.186  25.314  25.483 0.0000000000
103199  47.924  25.220  25.896 0.0000000000
103191  48.358  25.546  26.312 0.0000000000
103179  48.544  25.637  27.247 0.0000000000
103163  48.659  25.660  28.235 0.0000000000
106736  45.594  30.266  24.277 0.0000000000
106047  46.236  30.116  24.402 0.0000000000
106719  46.621  30.782  25.518 0.0000000000
106710  46.480  30.945  26.453 0.0000000000
107345  47.679  31.088  30.125 0.0000000000
107358  47.593  31.012  29.703 0.0000000000
106661  48.129  30.639  30.777 0.0000000000
105277  48.776  29.273  34.030 0.0000000000
105936  48.669  29.425  35.434 0.0000000000
105925  46.839  29.468  35.590 0.0000000000
105912  46.841  29.331  36.534 0.0000000000
112039  40.098  38.181  17.347 0.0000000000
111413  40.500  37.336  16.794 0.0000000000
110733  40.906  36.609  16.231 0.0000000000
108870  40.552  33.587  16.255 0.0000000000
110064  41.139  35.944  19.998 0.0000000000
110697  42.233  35.861  19.680 0.0000000000
109482  42.539  34.606  18.958 0.0000000000
106800  44.137  30.492  16.687 0.0000000000
106801  43.421  30.425  17.009 0.0000000000
106802  42.567  30.721  17.056 0.0000000000
105410  41.853  28.108  15.498 0.0000000000
104748  42.227  27.112  16.028 0.0000000000
104082  42.327  26.077  17.423 0.0000000000
102467  43.773  24.516  20.345 0.0000000000
102448  43.302  24.650  21.015 0.0000000000
103281  42.709  25.045  21.624 0.0000000000
103282  41.685  24.802  21.695 0.0000000000
104023  43.332  25.944  23.249 0.0000000000
103936  43.770  26.064  28.775 0.0000000000
103182  44.252  25.819  29.089 0.0000000000
103168  43.824  25.095  29.542 0.0000000000
102397  43.727  24.434  29.710 0.0000000000
102342  43.829  23.659  32.459 0.0000000000
100850  40.835  22.264  35.289 0.0000000000
100130  40.565  20.943  36.108 0.0000000000
103056  45.744  25.004  38.518 0.0000000000
103057  45.139  24.653  38.508 0.0000000000
101560  44.461  23.394  38.770 0.0000000000
101561  44.039  23.300  38.316 0.0000000000
104594  37.613  27.562  30.518 0.0000000000
104613  37.751  27.724  29.577 0.0000000000
104593  38.790  27.295  30.371 0.0000000000
103901  39.356  26.697  30.745 0.0000000000
103900  39.855  26.655  30.318 0.0000000000
103879  40.343  26.026  30.773 0.0000000000
103131  40.516  25.213  30.937 0.0000000000
102368  40.703  23.845  31.038 0.0000000000
103298  40.160  25.339  20.385 0.0000000000
104060  39.696  26.298  20.249 0.0000000000
103285  38.695  25.439  21.755 0.0000000000
102421  37.632  24.518  23.095 0.0000000000
103994  36.649  26.028  25.914 0.0000000000
103974  36.633  26.426  26.522 0.0000000000
103958  36.605  26.837  27.185 0.0000000000
104650  36.718  27.386  27.948 0.0000000000
111342  45.340  37.245  21.762 0.0000000000
110668  44.708  36.510  21.879 0.0000000000
109460  44.338  35.104  21.352 0.0000000000
104502  48.856  27.321  40.453 0.0000000000
103791  48.907  26.858  40.540 0.0000000000
103776  48.835  26.329  41.465 0.0000000000
103009  48.974  25.488  41.635 0.0000000000
101525  49.165  23.797  42.325 0.0000000000
102978  48.993  24.585  43.206 0.0000000000
102228  49.528  23.517  43.006 0.0000000000
101509  49.391  23.227  42.673 0.0000000000
99307  50.079  20.349  41.498 0.0000000000
103240  46.214  25.186  23.557 0.0000000000
103259  46.365  24.674  22.662 0.0000000000
103258  47.451  25.167  22.498 0.0000000000
104019  48.126  25.243  23.791 0.0000000000
104002  48.256  25.494  24.455 0.0000000000
104657  48.608  26.640  25.981 0.0000000000
108073  45.734  32.518  27.079 0.0000000000
108058  46.155  32.372  27.859 0.0000000000
107346  47.119  31.344  30.054 0.0000000000
107323  47.915  31.015  31.877 0.0000000000
106613  47.121  29.950  34.284 0.0000000000
105953  46.638  29.728  34.168 0.0000000000
105939  46.823  29.656  34.815 0.0000000000
105257  45.564  28.907  36.249 0.0000000000
109505  45.482  34.046  17.466 0.0000000000
109493  44.874  34.456  17.518 0.0000000000
108859  45.362  33.319  17.647 0.0000000000
107518  45.180  31.408  17.067 0.0000000000
106094  45.128  30.265  18.256 0.0000000000
106799  45.403  30.750  17.382 0.0000000000
106113  44.815  30.309  16.877 0.0000000000
105402  44.105  29.418  17.350 0.0000000000
104735  42.825  27.034  17.592 0.0000000000
104726  43.466  26.867  18.660 0.0000000000
104066  43.764  26.157  19.166 0.0000000000
103303  44.088  25.530  19.625 0.0000000000
103302  44.625  25.640  20.318 0.0000000000
102480  44.382  25.218  19.993 0.0000000000
103148  45.872  24.810  29.879 0.0000000000
102383  45.325  24.588  29.994 0.0000000000
102364  45.989  24.712  30.582 0.0000000000
102340  45.279  24.365  31.775 0.0000000000
102326  45.233  24.578  32.758 0.0000000000
102327  44.429  24.326  33.059 0.0000000000
102319  43.443  24.439  34.378 0.0000000000
102315  42.562  24.342  35.976 0.0000000000
99358  46.711  21.050  38.346 0.0000000000
99359  45.807  21.144  38.449 0.0000000000
99379  46.497  20.297  37.069 0.0000000000
104580  37.418  27.198  31.408 0.0000000000
103865  37.492  26.523  32.108 0.0000000000
103112  37.540  25.406  32.545 0.0000000000
100162  38.063  21.313  32.621 0.0000000000
97684  37.942  18.984  33.135 0.0000000000
105405  39.256  28.408  16.232 0.0000000000
104061  39.217  26.955  20.540 0.0000000000
104722  39.260  27.476  20.373 0.0000000000
106068  45.785  28.985  22.009 0.0000000000
106062  45.150  29.842  22.372 0.0000000000
106746  45.423  29.970  23.617 0.0000000000
107458  44.321  30.621  22.286 0.0000000000
106737  44.964  30.267  24.064 0.0000000000
106728  45.280  30.754  24.636 0.0000000000
107433  45.009  31.200  24.889 0.0000000000
108091  45.122  32.255  26.462 0.0000000000
108074  44.865  32.398  27.290 0.0000000000
108060  44.620  32.583  28.070 0.0000000000
111358  41.585  37.265  20.715 0.0000000000
110682  43.246  36.899  19.997 0.0000000000
110075  44.266  35.886  18.840 0.0000000000
110710  45.196  35.763  18.302 0.0000000000
111353  46.378  37.345  19.853 0.0000000000
110693  45.903  36.647  18.797 0.0000000000
110709  45.565  35.887  18.483 0.0000000000
110089  45.317  35.268  18.012 0.0000000000
108845  45.702  33.036  18.270 0.0000000000
108189  45.467  32.364  19.057 0.0000000000
108832  45.356  33.117  19.640 0.0000000000
107497  45.229  31.345  19.219 0.0000000000
106778  44.891  30.653  19.785 0.0000000000
103840  47.263  26.255  36.650 0.0000000000
103069  46.894  25.865  37.800 0.0000000000
103816  48.139  25.967  38.113 0.0000000000
103054  47.622  25.823  38.266 0.0000000000
103055  46.638  25.532  38.434 0.0000000000
103043  46.426  25.014  39.208 0.0000000000
100823  45.938  22.762  40.080 0.0000000000
100094  45.820  22.310  39.736 0.0000000000
103024  48.879  25.805  40.575 0.0000000000
102268  48.678  25.013  40.841 0.0000000000
102269  48.065  24.758  40.700 0.0000000000
100805  48.713  22.724  41.729 0.0000000000
100806  47.759  22.797  41.170 0.0000000000
101528  47.576  23.569  41.088 0.0000000000
100822  46.858  22.723  40.716 0.0000000000
100107  46.744  21.557  39.725 0.0000000000
99343  46.333  21.284  39.047 0.0000000000
104679  41.001  27.146  25.881 0.0000000000
104661  42.947  27.386  26.617 0.0000000000
104643  43.835  27.137  27.262 0.0000000000
104676  44.095  27.069  25.619 0.0000000000
104660  43.884  27.285  26.423 0.0000000000
103916  45.851  25.825  28.972 0.0000000000
103224  46.535  25.325  24.340 0.0000000000
104004  46.638  25.424  24.781 0.0000000000
103200  47.543  25.449  26.234 0.0000000000
103951  47.164  25.767  26.781 0.0000000000
103915  46.462  25.841  28.571 0.0000000000
103129  47.810  25.233  30.724 0.0000000000
103857  48.073  26.666  33.343 0.0000000000
105364  46.655  28.462  22.660 0.0000000000
105357  47.106  28.407  23.436 0.0000000000
106046  47.004  29.795  24.675 0.0000000000
105348  47.504  28.379  24.527 0.0000000000
104658  48.069  27.603  26.300 0.0000000000
104641  47.969  27.862  27.260 0.0000000000
107385  46.415  31.665  26.914 0.0000000000
106696  46.539  31.028  27.351 0.0000000000
106695  46.947  30.375  27.684 0.0000000000
106680  47.177  30.635  28.565 0.0000000000
105329  47.583  28.733  27.600 0.0000000000
104626  47.830  28.131  27.901 0.0000000000
104578  48.535  28.000  31.387 0.0000000000
104554  49.156  27.311  36.209 0.0000000000
103837  49.182  27.204  36.437 0.0000000000
104546  49.281  27.592  37.601 0.0000000000
105214  49.177  28.161  39.263 0.0000000000
106611  48.217  30.131  34.238 0.0000000000
105911  47.574  29.499  36.607 0.0000000000
105910  48.173  29.418  36.831 0.0000000000
105229  48.679  28.985  38.049 0.0000000000
105215  48.806  28.817  38.964 0.0000000000
105198  48.985  28.055  39.660 0.0000000000
104523  48.691  28.002  40.395 0.0000000000
105159  48.201  27.991  41.565 0.0000000000
104490  47.882  27.839  42.124 0.0000000000
105147  47.392  27.828  42.402 0.0000000000
110121  41.537  35.463  14.948 0.0000000000
110745  41.076  35.910  15.724 0.0000000000
108243  41.554  32.377  14.150 0.0000000000
107572  41.297  31.400  13.622 0.0000000000
110094  39.982  35.451  18.647 0.0000000000
109508  39.978  34.497  17.896 0.0000000000
108846  44.221  33.879  17.970 0.0000000000
108847  43.495  33.891  18.285 0.0000000000
108864  40.077  33.799  18.078 0.0000000000
108863  40.233  33.645  17.369 0.0000000000
107543  40.862  32.338  16.042 0.0000000000
107542  41.159  31.521  15.864 0.0000000000
106846  41.085  30.374  14.187 0.0000000000
106143  40.550  29.345  13.882 0.0000000000
104097  40.725  27.036  15.355 0.0000000000
104755  41.555  27.163  15.401 0.0000000000
104096  41.186  26.701  15.497 0.0000000000
104090  40.827  26.705  16.013 0.0000000000
104076  40.958  26.285  18.081 0.0000000000
104067  40.851  25.837  18.933 0.0000000000
104741  42.721  26.488  17.563 0.0000000000
103320  42.589  25.344  18.118 0.0000000000
102500  42.316  24.884  18.249 0.0000000000
102482  43.026  24.376  19.500 0.0000000000
102493  42.403  24.433  18.733 0.0000000000
103313  41.898  24.801  18.334 0.0000000000
103304  40.878  25.142  19.417 0.0000000000
102471  40.000  24.943  20.985 0.0000000000
102431  40.062  24.551  21.990 0.0000000000
103265  40.203  24.683  22.478 0.0000000000
103263  42.030  25.439  22.449 0.0000000000
103244  41.298  25.337  22.915 0.0000000000
104026  40.439  25.326  23.617 0.0000000000
104627  41.351  27.185  28.330 0.0000000000
103939  41.400  26.592  29.203 0.0000000000
103937  42.950  25.966  29.093 0.0000000000
103918  42.413  25.873  29.368 0.0000000000
103919  41.891  25.859  29.624 0.0000000000
102388  41.150  23.835  30.618 0.0000000000
102367  41.239  23.467  30.774 0.0000000000
102384  44.429  23.850  30.069 0.0000000000
101635  43.775  23.623  30.200 0.0000000000
101624  43.231  23.422  31.075 0.0000000000
101637  42.588  23.556  30.700 0.0000000000
101638  42.099  23.196  30.848 0.0000000000
101626  41.498  22.789  31.246 0.0000000000
100893  40.953  22.471  31.602 0.0000000000
100145  39.825  21.239  33.924 0.0000000000
100860  40.352  21.727  34.450 0.0000000000
100146  39.515  20.672  34.278 0.0000000000
98545  39.080  19.488  34.364 0.0000000000
103080  44.863  25.335  36.821 0.0000000000
103088  44.843  25.512  35.714 0.0000000000
103089  44.027  25.102  36.127 0.0000000000
103090  43.322  24.719  36.504 0.0000000000
101570  42.200  23.419  36.550 0.0000000000
100122  45.349  21.151  38.135 0.0000000000
100123  44.801  21.308  37.875 0.0000000000
100119  43.816  22.221  37.866 0.0000000000
98505  44.519  19.834  36.946 0.0000000000
100124  43.626  21.626  37.635 0.0000000000
100843  42.446  22.491  37.295 0.0000000000
100846  41.975  22.846  36.733 0.0000000000
100126  41.703  21.530  36.911 0.0000000000
99382  41.321  20.533  36.463 0.0000000000
100041  48.606  21.335  43.572 0.0000000000
99281  49.367  20.429  43.549 0.0000000000
98449  49.438  19.617  43.057 0.0000000000
98448  49.982  20.152  42.920 0.0000000000
97672  39.420  18.734  34.499 0.0000000000
97673  38.808  18.949  34.160 0.0000000000
97697  37.435  18.810  32.651 0.0000000000
98439  49.236  19.922  43.419 0.0000000000
98447  50.342  20.202  42.942 0.0000000000
98457  50.295  20.312  42.685 0.0000000000
98459  49.773  19.199  42.337 0.0000000000
98503  46.008  20.219  36.982 0.0000000000
99273  50.389  21.129  43.980 0.0000000000
99275  49.777  20.995  43.768 0.0000000000
99279  50.528  21.078  43.717 0.0000000000
99280  50.129  20.703  43.687 0.0000000000
99293  49.855  20.282  43.319 0.0000000000
99294  49.609  20.080  43.355 0.0000000000
99306  50.311  20.582  42.340 0.0000000000
99324  47.574  21.342  39.966 0.0000000000
99344  45.747  21.455  38.850 0.0000000000
99369  42.071  20.798  37.010 0.0000000000
99370  41.485  21.094  36.687 0.0000000000
99378  47.344  20.235  36.847 0.0000000000
99383  40.422  20.377  35.957 0.0000000000
99405  38.444  19.825  33.475 0.0000000000
100029  50.464  21.446  43.707 0.0000000000
100030  50.034  21.310  43.752 0.0000000000
100031  49.675  21.437  43.747 0.0000000000
100039  50.628  21.516  43.297 0.0000000000
100040  49.257  21.354  43.694 0.0000000000
100061  49.295  21.945  42.006 0.0000000000
100076  50.125  20.896  41.996 0.0000000000
100091  48.178  21.441  40.683 0.0000000000
100092  47.408  21.704  40.519 0.0000000000
100093  46.348  22.063  40.126 0.0000000000
100117  45.185  21.692  38.544 0.0000000000
100118  44.325  22.016  38.095 0.0000000000
100135  40.532  21.712  35.480 0.0000000000
100137  39.640  20.573  34.926 0.0000000000
100149  39.746  21.255  33.266 0.0000000000
100750  50.083  21.926  43.482 0.0000000000
100751  49.446  22.034  43.702 0.0000000000
100752  48.865  22.420  43.917 0.0000000000
100763  50.464  22.020  43.199 0.0000000000
100764  50.177  22.289  43.210 0.0000000000
100766  48.730  22.024  43.766 0.0000000000
100785  49.867  22.346  42.806 0.0000000000
100786  49.256  22.553  42.268 0.0000000000
100787  48.957  23.076  42.092 0.0000000000
100807  47.281  23.202  40.997 0.0000000000
100821  47.407  22.296  40.925 0.0000000000
100832  44.775  23.024  39.041 0.0000000000
100838  43.949  22.661  38.073 0.0000000000
100842  43.379  22.590  37.703 0.0000000000
100847  41.572  22.373  36.542 0.0000000000
100894  40.752  22.434  31.837 0.0000000000
101468  49.873  22.324  43.382 0.0000000000
101469  49.520  22.584  43.639 0.0000000000
101485  49.771  22.701  43.251 0.0000000000
101487  47.956  23.153  43.942 0.0000000000
101508  49.621  22.987  42.955 0.0000000000
101553  45.553  23.463  39.673 0.0000000000
101571  41.825  22.931  36.405 0.0000000000
101636  43.260  23.643  30.407 0.0000000000
102176  49.114  23.232  43.951 0.0000000000
102177  48.697  23.674  43.932 0.0000000000
102202  49.603  23.242  43.244 0.0000000000
102203  49.276  23.783  43.480 0.0000000000
102229  49.285  24.125  42.740 0.0000000000
102249  48.472  24.583  41.107 0.0000000000
102270  47.202  24.622  40.365 0.0000000000
102271  46.539  24.227  40.258 0.0000000000
102283  45.901  24.341  39.662 0.0000000000
102293  45.410  24.496  38.945 0.0000000000
102294  44.620  24.207  38.642 0.0000000000
102304  44.338  24.473  38.069 0.0000000000
102310  43.563  24.413  37.283 0.0000000000
102311  43.055  24.163  37.078 0.0000000000
102382  45.937  24.727  30.108 0.0000000000
102385  43.501  23.921  29.929 0.0000000000
102417  47.316  24.618  22.786 0.0000000000
102418  39.755  24.652  22.507 0.0000000000
102422  37.200  24.676  23.211 0.0000000000
102430  40.694  24.627  21.682 0.0000000000
102433  38.387  24.821  22.328 0.0000000000
102444  47.312  24.860  21.325 0.0000000000
102450  41.183  24.547  21.174 0.0000000000
102464  46.733  24.922  20.467 0.0000000000
102492  43.209  24.676  18.873 0.0000000000
102960  48.263  24.444  43.828 0.0000000000
102961  47.512  25.021  43.826 0.0000000000
103041  48.210  25.733  39.077 0.0000000000
103044  45.857  24.735  39.088 0.0000000000
103053  48.187  25.912  38.430 0.0000000000
103068  47.422  25.970  37.724 0.0000000000
103149  42.435  24.897  30.002 0.0000000000
103183  43.806  25.598  29.224 0.0000000000
103193  47.581  25.509  26.655 0.0000000000
103210  47.453  25.275  25.440 0.0000000000
103221  48.138  24.932  24.025 0.0000000000
103226  39.094  25.105  23.910 0.0000000000
103228  37.382  25.021  24.220 0.0000000000
103237  48.058  24.949  23.714 0.0000000000
103238  47.732  24.908  23.342 0.0000000000
103241  45.099  25.338  23.087 0.0000000000
103243  41.785  25.515  22.867 0.0000000000
103245  40.166  24.971  23.138 0.0000000000
103247  38.329  24.682  23.551 0.0000000000
103266  38.314  25.180  22.101 0.0000000000
103279  47.242  25.255  21.150 0.0000000000
103284  39.509  25.268  21.163 0.0000000000
103294  46.921  25.303  20.711 0.0000000000
103297  40.723  24.891  20.008 0.0000000000
103312  43.048  25.039  18.467 0.0000000000
103738  47.418  25.645  43.722 0.0000000000
103739  46.844  25.898  43.822 0.0000000000
103751  48.260  25.870  43.133 0.0000000000
103765  48.436  26.341  42.580 0.0000000000
103777  48.633  26.981  41.757 0.0000000000
103792  48.826  26.940  41.184 0.0000000000
103828  47.119  26.070  37.338 0.0000000000
103938  41.884  26.533  28.871 0.0000000000
103950  47.594  25.522  26.881 0.0000000000
103968  47.015  25.636  25.852 0.0000000000
103983  48.325  25.519  25.114 0.0000000000
104003  48.146  25.838  24.019 0.0000000000
104039  42.581  25.711  22.789 0.0000000000
104049  47.175  25.751  21.652 0.0000000000
104050  46.773  26.084  21.322 0.0000000000
104051  46.266  26.426  21.059 0.0000000000
104077  40.507  26.919  18.075 0.0000000000
104081  42.859  25.964  17.948 0.0000000000
104469  47.585  26.728  43.214 0.0000000000
104479  47.804  27.228  42.767 0.0000000000
104489  48.296  27.484  41.939 0.0000000000
104564  49.057  28.671  35.251 0.0000000000
104574  37.868  26.993  31.878 0.0000000000
104642  44.367  27.049  26.916 0.0000000000
104675  44.675  26.710  25.634 0.0000000000
104719  45.338  26.780  20.737 0.0000000000
104734  43.040  26.675  18.044 0.0000000000
105178  48.271  28.388  40.856 0.0000000000
105246  48.522  29.126  37.329 0.0000000000
105365  46.243  28.502  22.045 0.0000000000
105941  44.871  29.237  34.513 0.0000000000
106102  45.262  30.443  17.740 0.0000000000
106114  44.609  30.156  16.878 0.0000000000
106604  47.693  29.876  35.010 0.0000000000
106671  47.533  30.612  29.368 0.0000000000
106718  46.897  30.347  26.060 0.0000000000
106720  46.304  31.174  25.136 0.0000000000
106727  45.928  30.908  24.759 0.0000000000
106798  45.512  30.825  18.076 0.0000000000
106813  45.052  30.634  16.882 0.0000000000
106814  44.599  30.558  16.713 0.0000000000
107400  46.133  31.796  25.727 0.0000000000
107415  45.960  31.690  25.296 0.0000000000
107416  45.397  31.705  25.267 0.0000000000
107530  44.844  30.960  16.653 0.0000000000
107531  44.608  30.899  16.616 0.0000000000
108190  45.147  32.492  19.660 0.0000000000
108233  40.789  32.906  15.949 0.0000000000
108821  44.190  33.546  20.549 0.0000000000
108858  45.700  33.837  17.595 0.0000000000
109491  46.100  34.508  18.181 0.0000000000
109492  45.621  34.635  17.768 0.0000000000
109504  45.844  34.156  17.668 0.0000000000
109506  45.129  33.797  17.398 0.0000000000
110073  46.298  35.397  18.806 0.0000000000
110074  46.234  35.145  19.348 0.0000000000
110077  42.489  35.386  19.306 0.0000000000
110101  40.095  34.969  17.103 0.0000000000
110695  44.075  36.706  19.536 0.0000000000
110696  42.893  36.196  19.587 0.0000000000
111399  40.140  37.792  17.312 0.0000000000
111421  42.711  37.977  15.008 0.0000000000
112005  46.303  37.850  19.899 0.0000000000
