#!ascii label  , from subject 4093 vox2ras=TkReg
1025
68250  -33.397  -12.419  38.265 0.0000000000
65415  -16.772  -14.501  40.414 0.0000000000
68228  -24.669  -12.666  39.573 0.0000000000
94723  -43.539  7.071  17.391 0.0000000000
96038  -50.883  7.151  10.544 0.0000000000
66688  -9.943  -13.009  45.850 0.0000000000
93430  -39.535  5.257  20.785 0.0000000000
72787  -35.107  -9.931  35.153 0.0000000000
65433  -28.538  -14.502  39.266 0.0000000000
65354  -12.683  -14.495  43.031 0.0000000000
62635  -14.047  -16.914  47.559 0.0000000000
66917  -28.501  -13.453  34.126 0.0000000000
69796  -29.860  -11.441  31.934 0.0000000000
69617  -20.887  -12.383  39.744 0.0000000000
69714  -24.963  -12.094  35.823 0.0000000000
81056  -36.322  -4.050  20.945 0.0000000000
84149  -41.005  -1.210  18.016 0.0000000000
90760  -42.512  3.518  16.728 0.0000000000
65242  -6.176  -14.226  52.918 0.0000000000
69306  -5.211  -11.531  57.539 0.0000000000
75725  -29.500  -8.147  29.143 0.0000000000
78384  -30.442  -6.177  25.963 0.0000000000
80970  -33.787  -4.426  24.326 0.0000000000
62595  -8.797  -16.854  49.234 0.0000000000
65355  -17.221  -15.185  43.112 0.0000000000
65375  -19.216  -14.454  42.708 0.0000000000
66842  -31.048  -13.852  38.081 0.0000000000
69613  -15.076  -11.427  40.901 0.0000000000
65394  -14.233  -14.470  41.249 0.0000000000
64040  -15.234  -16.549  43.401 0.0000000000
68291  -28.496  -12.448  35.643 0.0000000000
65517  -26.394  -13.931  34.750 0.0000000000
85573  -35.902  -1.029  20.466 0.0000000000
81094  -38.914  -3.381  19.455 0.0000000000
85590  -38.366  -0.298  19.442 0.0000000000
92145  -40.217  4.194  17.658 0.0000000000
93473  -42.053  5.435  15.800 0.0000000000
89443  -45.538  2.893  15.618 0.0000000000
92192  -45.404  4.477  14.503 0.0000000000
92205  -47.505  4.749  13.775 0.0000000000
74302  -27.586  -9.382  32.755 0.0000000000
72863  -29.572  -9.850  30.506 0.0000000000
74329  -26.130  -7.851  30.963 0.0000000000
78364  -27.715  -5.296  26.621 0.0000000000
80966  -29.342  -3.507  25.083 0.0000000000
78402  -32.254  -5.482  25.494 0.0000000000
82456  -31.312  -2.775  23.922 0.0000000000
84049  -32.256  -1.246  22.957 0.0000000000
69639  -22.065  -11.367  39.141 0.0000000000
66664  -7.610  -13.603  49.059 0.0000000000
63985  -9.051  -15.205  46.892 0.0000000000
66549  -5.421  -13.855  59.116 0.0000000000
66540  -4.267  -13.508  59.890 0.0000000000
88185  -38.674  1.421  20.442 0.0000000000
75667  -34.947  -8.064  34.124 0.0000000000
66823  -26.367  -14.090  38.936 0.0000000000
66714  -11.771  -13.283  44.246 0.0000000000
64002  -10.995  -15.458  45.663 0.0000000000
62662  -12.703  -16.223  44.961 0.0000000000
94812  -53.116  6.426  9.711 0.0000000000
66880  -30.212  -13.825  36.096 0.0000000000
68315  -31.480  -12.321  34.045 0.0000000000
66934  -29.505  -12.823  33.302 0.0000000000
69615  -16.405  -11.751  39.901 0.0000000000
66819  -18.858  -13.409  39.697 0.0000000000
69657  -18.750  -10.551  38.460 0.0000000000
72732  -20.552  -9.729  37.567 0.0000000000
71190  -22.337  -10.259  36.964 0.0000000000
71192  -24.081  -10.209  36.372 0.0000000000
66838  -23.468  -12.742  36.534 0.0000000000
65460  -25.775  -14.228  36.710 0.0000000000
65484  -28.930  -14.663  36.719 0.0000000000
79700  -38.752  -6.007  24.301 0.0000000000
89399  -39.016  2.364  18.468 0.0000000000
89402  -41.882  2.177  18.090 0.0000000000
92214  -49.432  4.446  12.208 0.0000000000
67924  -5.369  -12.124  55.208 0.0000000000
66561  -6.119  -14.628  57.447 0.0000000000
71238  -32.532  -10.655  33.013 0.0000000000
74303  -32.058  -9.246  31.704 0.0000000000
77002  -32.224  -8.190  30.347 0.0000000000
78333  -26.529  -5.721  28.805 0.0000000000
77048  -29.245  -7.011  27.896 0.0000000000
78336  -33.357  -7.497  29.615 0.0000000000
77071  -34.438  -6.716  27.581 0.0000000000
77087  -35.640  -6.129  26.620 0.0000000000
79670  -36.703  -5.560  24.786 0.0000000000
81015  -34.904  -4.434  22.481 0.0000000000
84085  -34.134  -1.102  21.486 0.0000000000
68170  -21.067  -13.334  42.314 0.0000000000
67980  -6.781  -12.318  51.160 0.0000000000
63936  -7.139  -15.190  50.980 0.0000000000
62615  -10.837  -16.919  48.041 0.0000000000
66547  -2.393  -13.495  59.552 0.0000000000
65372  -16.890  -15.107  42.011 0.0000000000
65356  -18.156  -14.866  43.281 0.0000000000
65398  -18.130  -14.854  41.378 0.0000000000
66834  -31.960  -13.318  38.597 0.0000000000
66799  -15.405  -13.325  40.272 0.0000000000
66781  -14.818  -12.822  40.507 0.0000000000
65414  -15.850  -14.325  40.436 0.0000000000
64066  -15.936  -15.401  41.657 0.0000000000
85562  -36.913  0.096  20.757 0.0000000000
85589  -37.333  -0.869  19.639 0.0000000000
85575  -37.640  0.018  20.166 0.0000000000
94707  -42.570  7.207  18.208 0.0000000000
94721  -41.544  6.183  17.009 0.0000000000
94741  -43.441  6.372  16.243 0.0000000000
93501  -43.584  4.804  14.671 0.0000000000
94756  -44.265  6.469  15.707 0.0000000000
93491  -45.334  6.310  14.981 0.0000000000
74315  -26.401  -8.663  31.751 0.0000000000
82443  -28.482  -2.789  26.020 0.0000000000
80988  -29.918  -3.184  24.407 0.0000000000
84027  -30.789  -1.336  24.735 0.0000000000
84028  -31.375  -0.860  24.629 0.0000000000
69661  -22.748  -11.657  38.739 0.0000000000
69620  -23.294  -11.758  40.961 0.0000000000
68210  -24.012  -11.926  40.612 0.0000000000
66676  -8.414  -13.729  47.503 0.0000000000
65318  -9.187  -14.264  46.543 0.0000000000
93538  -50.558  5.442  10.494 0.0000000000
66541  -4.872  -13.579  59.896 0.0000000000
72751  -35.982  -10.483  37.223 0.0000000000
74272  -35.301  -8.922  34.673 0.0000000000
65432  -27.747  -14.442  39.012 0.0000000000
65419  -28.696  -14.453  40.185 0.0000000000
68166  -13.458  -12.305  42.130 0.0000000000
68144  -12.534  -12.499  43.260 0.0000000000
68122  -12.084  -12.426  43.933 0.0000000000
66737  -12.229  -13.594  43.480 0.0000000000
64021  -12.192  -15.176  43.961 0.0000000000
64022  -12.683  -15.661  43.670 0.0000000000
64024  -16.384  -16.240  44.469 0.0000000000
64023  -15.579  -16.934  44.843 0.0000000000
66902  -29.390  -13.890  34.504 0.0000000000
66903  -30.089  -13.731  34.734 0.0000000000
66933  -29.008  -13.193  33.535 0.0000000000
71116  -17.505  -9.700  39.549 0.0000000000
71130  -17.512  -10.744  39.009 0.0000000000
72701  -18.112  -8.906  39.265 0.0000000000
74221  -20.143  -8.551  37.524 0.0000000000
74240  -21.157  -8.950  37.019 0.0000000000
71168  -21.684  -10.164  37.339 0.0000000000
72764  -21.872  -9.623  36.805 0.0000000000
71171  -25.797  -11.018  37.308 0.0000000000
69696  -24.510  -11.291  36.104 0.0000000000
69695  -23.568  -11.339  36.159 0.0000000000
68286  -23.797  -12.366  35.707 0.0000000000
66840  -24.890  -14.005  36.393 0.0000000000
65500  -24.968  -13.744  35.504 0.0000000000
66900  -27.223  -13.682  34.668 0.0000000000
65503  -27.230  -14.529  35.370 0.0000000000
65519  -28.057  -14.144  34.743 0.0000000000
65506  -29.407  -14.341  36.003 0.0000000000
79743  -37.314  -4.853  21.816 0.0000000000
79745  -39.438  -5.394  22.313 0.0000000000
79762  -38.040  -4.777  21.114 0.0000000000
82560  -39.704  -1.951  18.619 0.0000000000
81096  -40.670  -3.387  19.719 0.0000000000
90693  -38.643  3.297  20.327 0.0000000000
89398  -38.593  2.310  19.043 0.0000000000
92124  -38.783  3.745  18.896 0.0000000000
92147  -41.502  3.973  16.777 0.0000000000
90742  -40.727  3.519  17.617 0.0000000000
89415  -42.354  2.947  18.082 0.0000000000
89403  -42.913  2.259  18.324 0.0000000000
92206  -48.338  4.691  13.269 0.0000000000
94782  -47.724  6.497  12.424 0.0000000000
94789  -48.696  6.426  11.764 0.0000000000
67949  -5.819  -12.287  53.336 0.0000000000
69331  -5.909  -11.096  54.336 0.0000000000
66590  -5.743  -13.285  54.120 0.0000000000
65198  -6.450  -14.839  57.122 0.0000000000
66551  -6.640  -14.520  58.757 0.0000000000
68349  -30.661  -11.985  32.790 0.0000000000
69760  -31.898  -11.549  33.486 0.0000000000
69798  -30.925  -11.146  32.151 0.0000000000
74332  -29.434  -9.546  29.860 0.0000000000
74334  -30.824  -9.260  30.584 0.0000000000
75713  -31.230  -8.849  30.500 0.0000000000
75702  -32.586  -8.425  31.288 0.0000000000
77001  -31.525  -8.274  29.922 0.0000000000
79617  -26.497  -4.570  28.639 0.0000000000
78382  -28.425  -5.292  26.101 0.0000000000
78350  -27.967  -6.699  27.229 0.0000000000
78351  -29.930  -7.085  27.352 0.0000000000
77050  -31.144  -7.204  28.296 0.0000000000
77068  -31.508  -6.835  27.740 0.0000000000
77053  -34.036  -6.969  28.561 0.0000000000
77084  -32.687  -6.587  26.960 0.0000000000
79666  -32.700  -4.666  24.885 0.0000000000
78387  -34.088  -5.604  25.843 0.0000000000
79644  -34.236  -5.267  25.161 0.0000000000
79646  -35.894  -5.607  25.469 0.0000000000
79669  -35.314  -5.226  24.286 0.0000000000
80993  -33.974  -4.052  23.701 0.0000000000
86908  -32.750  0.757  23.590 0.0000000000
84069  -33.480  -1.408  21.924 0.0000000000
86888  -34.052  1.743  23.571 0.0000000000
68226  -19.270  -12.582  39.350 0.0000000000
68189  -20.177  -13.680  41.532 0.0000000000
68190  -21.070  -13.238  41.072 0.0000000000
63956  -7.668  -15.376  49.112 0.0000000000
63945  -7.199  -14.863  50.471 0.0000000000
62580  -8.232  -16.440  50.259 0.0000000000
62633  -11.683  -16.433  46.898 0.0000000000
62616  -12.061  -17.070  48.133 0.0000000000
65337  -17.052  -15.362  44.278 0.0000000000
65338  -17.859  -14.749  44.173 0.0000000000
66716  -19.126  -14.090  44.477 0.0000000000
66717  -19.676  -13.630  44.267 0.0000000000
65448  -29.999  -14.575  38.825 0.0000000000
65421  -30.258  -14.464  40.580 0.0000000000
69589  -14.768  -11.183  41.657 0.0000000000
66779  -13.674  -13.074  41.435 0.0000000000
65393  -13.533  -13.875  41.642 0.0000000000
64052  -13.680  -15.543  42.251 0.0000000000
64053  -14.531  -15.757  42.092 0.0000000000
64041  -16.452  -15.869  43.294 0.0000000000
68331  -27.740  -13.377  34.651 0.0000000000
68332  -28.326  -12.808  34.261 0.0000000000
69715  -25.836  -12.439  35.980 0.0000000000
68288  -25.392  -12.784  35.524 0.0000000000
68313  -27.361  -13.249  34.978 0.0000000000
81073  -35.756  -3.063  20.132 0.0000000000
81075  -37.219  -3.677  20.289 0.0000000000
82543  -37.312  -2.585  19.693 0.0000000000
82544  -38.615  -2.288  19.024 0.0000000000
84137  -39.257  -0.936  18.459 0.0000000000
93449  -39.627  5.209  18.487 0.0000000000
94705  -40.555  6.075  17.704 0.0000000000
93471  -41.000  4.997  16.615 0.0000000000
92160  -42.471  3.770  16.074 0.0000000000
89427  -43.926  3.311  16.306 0.0000000000
92190  -43.523  4.033  14.954 0.0000000000
90796  -45.227  3.562  14.893 0.0000000000
90797  -46.158  3.659  14.393 0.0000000000
92193  -46.505  4.667  14.123 0.0000000000
93504  -46.499  5.777  14.091 0.0000000000
65232  -6.546  -15.101  53.539 0.0000000000
65220  -6.746  -15.067  54.647 0.0000000000
63891  -7.360  -15.820  55.205 0.0000000000
71271  -28.574  -10.529  31.750 0.0000000000
72846  -29.863  -10.261  31.141 0.0000000000
72844  -28.024  -10.114  31.453 0.0000000000
72883  -27.301  -9.648  30.043 0.0000000000
74351  -27.356  -9.023  29.549 0.0000000000
80943  -26.878  -3.586  27.838 0.0000000000
80951  -27.384  -3.623  26.940 0.0000000000
79642  -28.456  -4.432  25.839 0.0000000000
78399  -29.590  -5.293  25.371 0.0000000000
78401  -31.178  -5.569  25.344 0.0000000000
79664  -30.741  -4.570  24.726 0.0000000000
79694  -31.182  -3.955  24.448 0.0000000000
82457  -32.175  -3.073  23.882 0.0000000000
82473  -32.884  -2.733  23.112 0.0000000000
82472  -31.847  -2.172  23.471 0.0000000000
69638  -21.213  -11.858  38.988 0.0000000000
69591  -22.107  -12.239  41.101 0.0000000000
69619  -22.502  -11.763  40.443 0.0000000000
65300  -7.898  -14.307  48.363 0.0000000000
62613  -8.377  -16.210  48.429 0.0000000000
67903  -5.037  -12.935  58.375 0.0000000000
70853  -5.161  -10.949  58.494 0.0000000000
67895  -4.776  -12.729  59.358 0.0000000000
67894  -4.391  -12.546  59.694 0.0000000000
67893  -3.750  -12.454  59.925 0.0000000000
76979  -34.939  -7.455  33.413 0.0000000000
66821  -25.041  -13.007  39.175 0.0000000000
68212  -25.322  -12.866  40.670 0.0000000000
69514  -11.691  -11.455  44.962 0.0000000000
66699  -10.677  -12.923  45.485 0.0000000000
65327  -10.453  -14.358  45.626 0.0000000000
64012  -11.268  -15.015  44.974 0.0000000000
62661  -12.068  -15.995  45.171 0.0000000000
62649  -12.769  -16.775  46.099 0.0000000000
62695  -14.093  -16.726  43.652 0.0000000000
62664  -14.811  -17.088  45.649 0.0000000000
62651  -14.879  -17.063  46.736 0.0000000000
94800  -52.154  6.846  10.146 0.0000000000
66858  -32.056  -13.308  36.405 0.0000000000
68271  -32.715  -12.775  36.046 0.0000000000
66881  -31.401  -13.401  35.443 0.0000000000
66919  -30.289  -12.934  33.600 0.0000000000
68365  -29.751  -11.754  32.210 0.0000000000
69759  -28.906  -11.690  33.451 0.0000000000
69775  -29.147  -11.628  32.675 0.0000000000
71252  -28.807  -10.775  32.568 0.0000000000
74290  -27.907  -9.244  33.817 0.0000000000
68207  -16.743  -12.798  39.641 0.0000000000
66801  -17.322  -13.846  39.836 0.0000000000
68224  -17.475  -12.963  39.402 0.0000000000
69635  -18.468  -11.439  38.796 0.0000000000
69636  -19.544  -11.740  38.896 0.0000000000
72716  -18.941  -8.906  37.814 0.0000000000
71150  -19.217  -10.274  38.089 0.0000000000
71132  -20.744  -11.388  38.588 0.0000000000
71152  -21.179  -10.409  37.864 0.0000000000
69660  -22.329  -11.213  38.039 0.0000000000
68242  -22.873  -11.763  38.071 0.0000000000
72766  -23.359  -9.207  36.760 0.0000000000
71191  -23.092  -10.244  36.554 0.0000000000
69678  -23.091  -11.575  36.639 0.0000000000
68257  -23.922  -12.737  37.963 0.0000000000
66831  -24.642  -13.291  38.192 0.0000000000
65443  -26.049  -14.227  37.709 0.0000000000
65445  -27.615  -14.507  38.102 0.0000000000
65501  -25.586  -13.861  35.239 0.0000000000
65482  -27.458  -14.827  36.383 0.0000000000
65463  -28.243  -14.755  37.354 0.0000000000
65485  -29.651  -14.270  36.943 0.0000000000
66857  -31.213  -13.693  36.781 0.0000000000
69614  -15.662  -11.640  40.400 0.0000000000
81058  -39.780  -4.284  20.606 0.0000000000
86952  -38.607  0.659  19.775 0.0000000000
86970  -39.027  0.717  18.977 0.0000000000
86971  -39.778  0.411  18.173 0.0000000000
90741  -39.960  3.347  18.035 0.0000000000
88223  -40.300  2.080  18.085 0.0000000000
86973  -41.673  0.437  17.933 0.0000000000
86974  -42.573  0.203  18.217 0.0000000000
92222  -49.755  4.615  11.617 0.0000000000
93531  -49.640  5.442  11.276 0.0000000000
97206  -49.909  7.663  11.575 0.0000000000
69313  -5.739  -10.790  55.466 0.0000000000
67911  -5.258  -12.391  56.280 0.0000000000
65219  -6.029  -14.331  54.996 0.0000000000
66560  -5.473  -14.148  57.060 0.0000000000
67906  -5.049  -12.766  57.342 0.0000000000
66550  -5.831  -14.066  58.887 0.0000000000
69720  -33.042  -12.140  35.531 0.0000000000
69742  -33.499  -11.123  34.648 0.0000000000
71225  -33.519  -10.614  34.087 0.0000000000
72847  -30.828  -10.095  31.325 0.0000000000
72830  -32.467  -9.695  32.307 0.0000000000
72815  -33.586  -9.609  33.449 0.0000000000
74293  -33.646  -8.841  33.169 0.0000000000
75690  -33.687  -8.031  32.513 0.0000000000
76990  -34.075  -7.478  32.145 0.0000000000
77027  -26.309  -6.725  29.521 0.0000000000
75734  -27.297  -7.564  28.405 0.0000000000
78349  -27.283  -5.953  27.618 0.0000000000
77047  -28.130  -6.952  27.767 0.0000000000
77029  -28.839  -7.533  28.331 0.0000000000
77015  -31.131  -8.100  29.229 0.0000000000
77017  -32.535  -7.866  29.986 0.0000000000
78386  -32.951  -6.075  26.039 0.0000000000
77072  -35.601  -6.562  27.450 0.0000000000
79699  -37.583  -5.646  23.985 0.0000000000
79698  -36.422  -5.402  23.557 0.0000000000
81016  -35.542  -4.721  22.062 0.0000000000
82474  -33.518  -3.203  22.863 0.0000000000
81036  -34.323  -3.648  21.793 0.0000000000
82509  -34.854  -3.090  20.647 0.0000000000
84086  -34.761  -1.388  20.974 0.0000000000
86912  -36.565  0.769  22.692 0.0000000000
66783  -19.357  -14.220  41.397 0.0000000000
68169  -20.222  -13.516  42.932 0.0000000000
69567  -21.660  -12.745  41.729 0.0000000000
66611  -6.242  -13.343  52.330 0.0000000000
68000  -7.149  -12.916  50.253 0.0000000000
65262  -6.586  -14.007  51.372 0.0000000000
65243  -6.439  -15.049  52.471 0.0000000000
63928  -7.738  -16.354  52.193 0.0000000000
63986  -9.931  -15.613  46.794 0.0000000000
62631  -9.871  -16.049  47.344 0.0000000000
62596  -10.044  -17.363  49.235 0.0000000000
65175  -4.029  -14.386  60.126 0.0000000000
66548  -3.441  -13.456  59.777 0.0000000000
69302  -2.511  -11.705  59.883 0.0000000000
68261  -33.201  -12.361  37.284 0.0000000000
65397  -17.251  -14.925  41.283 0.0000000000
68249  -32.630  -12.847  37.948 0.0000000000
66800  -16.310  -13.596  40.014 0.0000000000
65396  -16.367  -15.040  41.151 0.0000000000
86928  -37.645  0.537  21.377 0.0000000000
85563  -37.522  0.315  20.733 0.0000000000
86941  -37.957  0.500  20.771 0.0000000000
94722  -42.526  6.561  17.210 0.0000000000
94755  -43.797  6.225  15.713 0.0000000000
84026  -30.036  -1.639  24.892 0.0000000000
68227  -24.088  -12.251  39.636 0.0000000000
68085  -9.687  -12.466  46.614 0.0000000000
66687  -9.373  -13.341  46.374 0.0000000000
94798  -50.456  6.445  10.711 0.0000000000
93539  -51.671  5.367  9.907 0.0000000000
94799  -51.275  6.434  10.168 0.0000000000
74262  -35.737  -9.296  35.462 0.0000000000
72802  -34.820  -9.338  34.572 0.0000000000
66738  -12.765  -13.490  42.723 0.0000000000
68145  -13.037  -12.491  42.695 0.0000000000
64037  -12.536  -15.136  43.392 0.0000000000
65534  -29.139  -13.946  34.419 0.0000000000
66918  -29.323  -13.582  33.961 0.0000000000
74223  -22.098  -7.660  37.729 0.0000000000
74222  -21.123  -7.961  37.426 0.0000000000
74241  -21.888  -8.303  36.908 0.0000000000
74257  -21.564  -9.321  36.831 0.0000000000
74258  -21.862  -9.045  36.602 0.0000000000
71193  -25.010  -10.698  36.585 0.0000000000
69713  -24.211  -11.880  35.685 0.0000000000
68287  -24.524  -12.591  35.560 0.0000000000
66876  -24.172  -13.041  35.564 0.0000000000
66901  -27.730  -13.787  34.537 0.0000000000
65533  -28.806  -13.933  34.377 0.0000000000
65520  -29.069  -14.242  35.021 0.0000000000
79742  -36.658  -4.521  21.466 0.0000000000
79761  -37.241  -4.310  20.987 0.0000000000
84139  -40.502  -1.609  18.307 0.0000000000
82562  -41.051  -2.405  18.984 0.0000000000
84150  -41.445  -1.089  18.090 0.0000000000
92112  -39.068  4.456  20.274 0.0000000000
92111  -38.767  3.855  19.607 0.0000000000
90759  -41.855  3.745  16.854 0.0000000000
90744  -42.101  3.396  17.445 0.0000000000
90745  -43.131  3.261  17.805 0.0000000000
89416  -42.910  2.951  18.295 0.0000000000
96016  -47.557  7.241  12.795 0.0000000000
66601  -6.065  -13.272  53.185 0.0000000000
69797  -30.471  -11.452  32.164 0.0000000000
69778  -31.126  -11.527  32.591 0.0000000000
75711  -29.769  -8.917  29.619 0.0000000000
74333  -30.131  -9.268  30.180 0.0000000000
75712  -30.778  -8.510  29.884 0.0000000000
78366  -29.654  -6.496  26.631 0.0000000000
78367  -30.773  -6.802  27.028 0.0000000000
77067  -30.857  -7.003  27.791 0.0000000000
78368  -31.493  -6.661  27.096 0.0000000000
77083  -31.950  -6.627  27.220 0.0000000000
80969  -33.111  -4.300  24.565 0.0000000000
79667  -33.620  -4.990  24.925 0.0000000000
79668  -34.353  -5.029  24.638 0.0000000000
80971  -34.385  -4.664  24.059 0.0000000000
69616  -20.043  -12.248  39.440 0.0000000000
68208  -20.255  -13.131  40.112 0.0000000000
68209  -20.976  -12.866  40.366 0.0000000000
62594  -7.959  -16.135  49.313 0.0000000000
62581  -9.269  -17.164  50.394 0.0000000000
62634  -12.963  -16.749  47.291 0.0000000000
71197  -34.865  -10.725  36.118 0.0000000000
65330  -17.700  -15.078  45.173 0.0000000000
65374  -18.652  -14.805  42.398 0.0000000000
65339  -18.460  -14.465  43.983 0.0000000000
65357  -19.012  -14.473  43.474 0.0000000000
66739  -19.241  -14.141  43.860 0.0000000000
66740  -19.566  -13.928  43.591 0.0000000000
65466  -30.422  -14.255  38.349 0.0000000000
65449  -30.708  -14.354  39.010 0.0000000000
71094  -15.182  -10.654  41.432 0.0000000000
65412  -14.562  -13.821  40.756 0.0000000000
66780  -14.323  -13.125  40.893 0.0000000000
65371  -13.898  -15.125  41.847 0.0000000000
64065  -15.122  -15.478  41.517 0.0000000000
64055  -16.485  -15.474  42.347 0.0000000000
64054  -15.672  -15.851  42.348 0.0000000000
68314  -28.292  -12.639  34.949 0.0000000000
68290  -27.492  -12.761  35.519 0.0000000000
84103  -35.855  -1.649  20.234 0.0000000000
82527  -36.274  -2.527  19.951 0.0000000000
84104  -36.504  -1.660  19.866 0.0000000000
84122  -37.820  -1.458  19.218 0.0000000000
84123  -38.684  -1.133  18.821 0.0000000000
85609  -39.124  -0.294  18.685 0.0000000000
94688  -40.000  6.073  18.669 0.0000000000
94689  -40.721  6.758  18.739 0.0000000000
94740  -42.298  6.010  16.359 0.0000000000
94739  -41.582  5.604  16.423 0.0000000000
93472  -41.514  5.027  16.175 0.0000000000
92159  -41.835  4.201  16.176 0.0000000000
92175  -42.250  4.530  15.507 0.0000000000
92176  -42.829  4.051  15.448 0.0000000000
93500  -43.066  4.398  14.932 0.0000000000
93502  -44.564  5.195  14.636 0.0000000000
92191  -44.408  4.243  14.660 0.0000000000
93503  -45.599  5.696  14.572 0.0000000000
94757  -45.348  7.016  15.526 0.0000000000
94767  -45.612  6.440  14.921 0.0000000000
74316  -27.163  -9.445  31.650 0.0000000000
74330  -26.204  -8.257  31.019 0.0000000000
74331  -26.746  -9.224  30.662 0.0000000000
74350  -26.382  -8.423  30.123 0.0000000000
80965  -28.677  -3.514  25.667 0.0000000000
80952  -28.013  -3.570  26.214 0.0000000000
79662  -28.942  -4.039  25.422 0.0000000000
79643  -28.912  -5.006  25.782 0.0000000000
79663  -29.450  -4.676  25.262 0.0000000000
78400  -30.088  -5.440  25.248 0.0000000000
80967  -29.994  -3.914  24.685 0.0000000000
82455  -30.451  -2.303  24.204 0.0000000000
80989  -30.715  -3.501  24.257 0.0000000000
80990  -31.602  -3.577  24.228 0.0000000000
82471  -31.161  -1.927  23.852 0.0000000000
85525  -31.777  -0.350  24.467 0.0000000000
69618  -21.722  -12.048  40.005 0.0000000000
68191  -23.872  -11.885  41.308 0.0000000000
65310  -8.569  -14.389  47.052 0.0000000000
63984  -8.367  -15.074  47.388 0.0000000000
63969  -7.971  -15.242  48.215 0.0000000000
63970  -8.708  -15.799  47.608 0.0000000000
67900  -5.244  -13.542  58.829 0.0000000000
67899  -5.037  -12.886  58.916 0.0000000000
75654  -36.352  -8.129  35.261 0.0000000000
75653  -35.826  -8.179  34.564 0.0000000000
76967  -35.757  -7.354  34.259 0.0000000000
75681  -34.441  -7.920  33.550 0.0000000000
66822  -25.685  -13.769  38.722 0.0000000000
66805  -25.553  -13.186  40.048 0.0000000000
66806  -26.548  -13.889  39.703 0.0000000000
68121  -11.624  -12.198  44.586 0.0000000000
66713  -11.204  -13.044  44.843 0.0000000000
65328  -10.890  -14.007  45.201 0.0000000000
65335  -11.464  -14.113  44.604 0.0000000000
64014  -12.487  -15.782  44.248 0.0000000000
64013  -11.962  -15.611  44.683 0.0000000000
62663  -13.692  -16.802  45.336 0.0000000000
64039  -13.942  -16.313  42.804 0.0000000000
64015  -15.620  -16.987  45.586 0.0000000000
62665  -15.547  -17.021  46.118 0.0000000000
66935  -30.007  -12.517  32.938 0.0000000000
68347  -29.619  -12.124  32.609 0.0000000000
69738  -28.910  -11.690  34.418 0.0000000000
71236  -28.782  -10.227  34.390 0.0000000000
71235  -28.810  -10.632  33.725 0.0000000000
72812  -28.363  -9.913  33.148 0.0000000000
69634  -17.183  -11.902  38.986 0.0000000000
71131  -18.057  -10.058  38.632 0.0000000000
69658  -19.348  -11.022  38.511 0.0000000000
72731  -19.603  -9.525  37.754 0.0000000000
71151  -20.210  -10.803  38.135 0.0000000000
71133  -21.183  -11.117  38.477 0.0000000000
71169  -22.209  -10.616  37.487 0.0000000000
71153  -21.830  -10.596  37.828 0.0000000000
68255  -22.781  -11.563  37.651 0.0000000000
71170  -24.873  -9.868  37.461 0.0000000000
72767  -24.170  -9.483  36.827 0.0000000000
72747  -23.769  -8.386  37.534 0.0000000000
68266  -23.307  -12.245  36.246 0.0000000000
68256  -23.254  -12.157  37.280 0.0000000000
66839  -24.006  -13.357  36.928 0.0000000000
66832  -25.149  -13.837  37.434 0.0000000000
65444  -26.851  -14.404  37.880 0.0000000000
65461  -26.666  -14.532  36.987 0.0000000000
66878  -25.815  -13.364  35.206 0.0000000000
65502  -26.333  -14.291  35.232 0.0000000000
65504  -28.138  -14.634  35.602 0.0000000000
65483  -28.205  -14.851  36.490 0.0000000000
64102  -27.886  -14.928  36.904 0.0000000000
65464  -29.069  -14.525  37.641 0.0000000000
71115  -16.799  -10.595  39.778 0.0000000000
71114  -15.959  -10.805  40.344 0.0000000000
79746  -40.406  -5.105  22.729 0.0000000000
81093  -37.940  -3.194  19.693 0.0000000000
81076  -38.252  -3.883  20.065 0.0000000000
81077  -39.258  -4.014  20.233 0.0000000000
88173  -38.969  1.083  21.117 0.0000000000
86942  -38.418  0.636  20.475 0.0000000000
88196  -38.594  1.459  19.430 0.0000000000
88211  -38.824  1.647  18.743 0.0000000000
88212  -39.464  1.581  18.289 0.0000000000
93459  -39.828  4.810  17.823 0.0000000000
92138  -39.441  4.073  18.346 0.0000000000
89414  -41.397  2.966  17.841 0.0000000000
89413  -40.436  2.603  18.020 0.0000000000
89401  -40.986  2.139  18.085 0.0000000000
88214  -41.337  1.361  18.049 0.0000000000
88215  -42.335  1.261  18.124 0.0000000000
88217  -44.007  1.498  18.914 0.0000000000
89442  -44.713  3.133  15.962 0.0000000000
90810  -48.189  3.866  13.634 0.0000000000
93515  -48.496  5.080  12.823 0.0000000000
90825  -49.267  3.857  12.832 0.0000000000
93524  -49.375  4.962  11.795 0.0000000000
96026  -48.412  7.238  11.933 0.0000000000
94790  -49.327  6.273  11.492 0.0000000000
96027  -49.338  7.188  11.609 0.0000000000
94791  -49.877  6.414  11.229 0.0000000000
69309  -5.322  -11.386  56.594 0.0000000000
65197  -5.909  -14.516  56.812 0.0000000000
66555  -5.488  -14.110  58.202 0.0000000000
68294  -32.321  -12.645  35.138 0.0000000000
69703  -33.138  -12.330  36.118 0.0000000000
68316  -32.036  -12.232  34.489 0.0000000000
69761  -32.552  -11.203  33.635 0.0000000000
69741  -32.774  -11.621  34.382 0.0000000000
71224  -32.910  -10.890  33.710 0.0000000000
72829  -31.768  -9.922  31.733 0.0000000000
72814  -32.989  -9.858  32.956 0.0000000000
74292  -33.055  -9.036  32.732 0.0000000000
74283  -33.993  -8.867  33.788 0.0000000000
75689  -33.083  -8.410  32.203 0.0000000000
76989  -33.362  -8.005  31.742 0.0000000000
77003  -33.083  -8.108  30.812 0.0000000000
78319  -26.123  -5.521  30.197 0.0000000000
75723  -26.757  -7.881  29.166 0.0000000000
77028  -26.642  -6.964  28.515 0.0000000000
79630  -27.136  -4.601  27.309 0.0000000000
79618  -26.904  -4.936  27.989 0.0000000000
77065  -28.569  -6.859  27.313 0.0000000000
77030  -29.827  -7.452  28.615 0.0000000000
75726  -30.389  -7.898  29.113 0.0000000000
77031  -30.697  -7.571  28.689 0.0000000000
78353  -32.585  -7.453  29.068 0.0000000000
77033  -32.216  -7.699  29.235 0.0000000000
78335  -32.780  -7.628  29.578 0.0000000000
78302  -33.561  -7.739  30.837 0.0000000000
78321  -33.786  -7.560  30.398 0.0000000000
77086  -34.810  -6.288  26.636 0.0000000000
79647  -37.103  -5.862  26.065 0.0000000000
79648  -38.354  -5.822  26.228 0.0000000000
79671  -37.914  -5.760  25.165 0.0000000000
79697  -35.451  -5.015  23.098 0.0000000000
79721  -35.502  -4.874  22.502 0.0000000000
84050  -32.913  -1.737  22.494 0.0000000000
85559  -33.915  -0.683  21.672 0.0000000000
84070  -34.037  -1.844  21.478 0.0000000000
82508  -34.387  -2.612  21.033 0.0000000000
82525  -34.807  -2.074  20.630 0.0000000000
85560  -34.588  -0.182  21.490 0.0000000000
86926  -35.656  0.586  21.781 0.0000000000
66818  -18.057  -13.491  39.602 0.0000000000
66802  -18.511  -14.261  40.431 0.0000000000
68147  -20.964  -13.117  43.571 0.0000000000
69568  -22.255  -12.263  42.253 0.0000000000
68193  -25.184  -12.706  41.154 0.0000000000
67963  -6.350  -12.276  52.368 0.0000000000
67979  -6.458  -12.819  51.889 0.0000000000
68022  -7.668  -12.859  49.294 0.0000000000
69405  -7.483  -12.250  49.955 0.0000000000
66650  -7.324  -13.611  49.695 0.0000000000
65263  -6.918  -14.354  50.802 0.0000000000
65253  -6.675  -14.754  51.570 0.0000000000
63927  -7.082  -15.569  51.880 0.0000000000
64011  -10.774  -14.814  45.463 0.0000000000
64001  -10.271  -15.090  45.963 0.0000000000
63987  -10.768  -15.850  46.410 0.0000000000
62632  -10.449  -16.236  47.246 0.0000000000
62614  -9.538  -16.542  47.981 0.0000000000
94811  -52.461  6.350  9.740 0.0000000000
65184  -3.249  -14.413  59.715 0.0000000000
67898  -2.879  -12.478  59.834 0.0000000000
67897  -2.096  -12.394  59.702 0.0000000000
65373  -17.722  -15.089  42.252 0.0000000000
68205  -15.171  -12.265  40.373 0.0000000000
65413  -15.001  -14.126  40.587 0.0000000000
65395  -15.364  -14.993  40.916 0.0000000000
64067  -16.430  -15.246  41.802 0.0000000000
85574  -36.573  -0.832  20.205 0.0000000000
85576  -38.269  0.257  19.930 0.0000000000
94706  -41.585  6.750  17.946 0.0000000000
93474  -42.787  5.759  15.681 0.0000000000
93488  -42.600  5.035  15.057 0.0000000000
93489  -43.706  5.794  15.252 0.0000000000
93490  -44.810  6.072  15.084 0.0000000000
74301  -26.780  -8.906  32.474 0.0000000000
75687  -26.442  -7.884  32.631 0.0000000000
77000  -26.300  -6.929  31.847 0.0000000000
82444  -29.026  -2.724  25.488 0.0000000000
82454  -29.591  -2.501  24.832 0.0000000000
82470  -30.878  -1.755  24.226 0.0000000000
84047  -31.195  -1.440  24.289 0.0000000000
69640  -23.185  -11.715  39.748 0.0000000000
68192  -24.480  -12.327  41.607 0.0000000000
66686  -8.859  -13.573  46.946 0.0000000000
92229  -50.574  4.418  10.839 0.0000000000
92230  -51.207  4.587  10.340 0.0000000000
66542  -5.278  -13.871  59.495 0.0000000000
74273  -35.966  -8.724  35.147 0.0000000000
65417  -27.227  -14.269  39.516 0.0000000000
66807  -27.182  -14.103  39.986 0.0000000000
65418  -27.790  -14.339  39.965 0.0000000000
65400  -28.904  -14.365  41.036 0.0000000000
69564  -13.292  -11.919  42.700 0.0000000000
69540  -13.118  -11.487  43.373 0.0000000000
69539  -12.507  -11.711  43.848 0.0000000000
65336  -11.967  -14.295  44.047 0.0000000000
64020  -11.732  -14.884  44.413 0.0000000000
62674  -12.965  -16.103  44.043 0.0000000000
64016  -16.317  -16.581  45.774 0.0000000000
68346  -28.966  -12.569  33.349 0.0000000000
74204  -19.858  -7.637  38.009 0.0000000000
75609  -20.474  -7.594  37.903 0.0000000000
74239  -20.724  -9.198  37.359 0.0000000000
72733  -21.122  -9.932  37.322 0.0000000000
72746  -21.422  -9.657  37.019 0.0000000000
71189  -21.805  -9.924  36.990 0.0000000000
66853  -23.605  -13.061  35.930 0.0000000000
66854  -24.456  -13.673  35.808 0.0000000000
66855  -24.899  -14.067  35.847 0.0000000000
65518  -27.110  -14.134  34.751 0.0000000000
65505  -28.783  -14.660  35.934 0.0000000000
65521  -29.698  -14.062  35.436 0.0000000000
79723  -37.369  -5.391  22.799 0.0000000000
79724  -38.479  -5.833  23.087 0.0000000000
79744  -38.300  -5.266  22.008 0.0000000000
79763  -39.277  -4.825  21.098 0.0000000000
82545  -39.689  -2.744  19.017 0.0000000000
81095  -39.884  -3.448  19.575 0.0000000000
82546  -40.548  -2.845  19.231 0.0000000000
89368  -38.740  2.367  20.793 0.0000000000
89382  -38.507  2.313  19.897 0.0000000000
90709  -38.618  3.104  19.403 0.0000000000
90726  -38.867  3.031  18.781 0.0000000000
92146  -41.004  4.276  16.922 0.0000000000
90743  -41.417  3.660  17.235 0.0000000000
90728  -43.371  2.836  18.401 0.0000000000
93505  -47.188  5.759  13.672 0.0000000000
93514  -47.948  5.612  12.996 0.0000000000
93522  -48.136  5.950  12.419 0.0000000000
93523  -48.776  5.449  12.181 0.0000000000
94783  -48.236  6.223  12.131 0.0000000000
96025  -47.769  7.187  12.156 0.0000000000
67938  -5.457  -12.184  54.211 0.0000000000
66578  -5.547  -13.255  55.115 0.0000000000
66556  -6.493  -14.706  57.999 0.0000000000
68334  -30.975  -12.214  33.309 0.0000000000
69740  -31.999  -11.875  34.144 0.0000000000
71237  -31.794  -10.977  32.694 0.0000000000
72864  -30.251  -9.700  30.751 0.0000000000
74318  -32.061  -8.815  31.341 0.0000000000
74304  -32.474  -8.845  31.996 0.0000000000
75701  -31.690  -8.558  30.534 0.0000000000
78365  -28.371  -6.347  26.580 0.0000000000
77066  -29.139  -6.879  27.116 0.0000000000
77049  -30.311  -7.204  28.068 0.0000000000
77051  -32.037  -7.236  28.555 0.0000000000
77052  -33.054  -7.185  28.743 0.0000000000
77034  -33.794  -7.258  29.247 0.0000000000
77069  -32.420  -6.833  27.852 0.0000000000
77070  -33.390  -6.830  27.727 0.0000000000
78403  -33.138  -5.357  25.443 0.0000000000
78388  -35.246  -5.769  26.027 0.0000000000
78389  -36.146  -5.861  26.276 0.0000000000
79645  -34.873  -5.356  25.277 0.0000000000
80994  -34.656  -4.516  23.436 0.0000000000
85544  -32.677  0.013  22.812 0.0000000000
84068  -32.888  -0.882  22.305 0.0000000000
85545  -33.592  0.002  22.045 0.0000000000
85546  -34.318  0.485  21.960 0.0000000000
66820  -19.495  -13.267  39.836 0.0000000000
66803  -19.497  -13.765  40.447 0.0000000000
65287  -7.634  -14.689  48.853 0.0000000000
65274  -7.275  -14.437  50.024 0.0000000000
65275  -7.465  -14.847  49.470 0.0000000000
63946  -7.531  -15.437  50.091 0.0000000000
63937  -7.664  -15.983  51.120 0.0000000000
62567  -8.438  -16.728  51.331 0.0000000000
63988  -11.424  -15.955  46.017 0.0000000000
71212  -34.558  -10.570  35.382 0.0000000000
65329  -16.958  -15.709  45.375 0.0000000000
66700  -18.375  -14.504  44.958 0.0000000000
66715  -18.428  -14.457  44.392 0.0000000000
65447  -29.220  -14.512  38.578 0.0000000000
65434  -29.357  -14.537  39.486 0.0000000000
69566  -14.328  -10.941  42.489 0.0000000000
68188  -14.564  -12.038  40.980 0.0000000000
68187  -14.070  -12.280  41.407 0.0000000000
68167  -13.955  -11.808  42.011 0.0000000000
68186  -13.760  -12.321  41.699 0.0000000000
66758  -13.189  -13.294  42.049 0.0000000000
65370  -13.311  -14.516  42.156 0.0000000000
64038  -13.069  -15.568  42.961 0.0000000000
66916  -27.923  -13.489  34.530 0.0000000000
69717  -28.910  -12.223  35.030 0.0000000000
69697  -25.524  -11.649  36.440 0.0000000000
66879  -26.294  -13.321  35.069 0.0000000000
68312  -26.640  -13.298  35.090 0.0000000000
81074  -36.284  -3.378  20.253 0.0000000000
81057  -36.906  -4.022  20.881 0.0000000000
82528  -36.768  -3.060  20.033 0.0000000000
81092  -37.473  -3.161  19.885 0.0000000000
84121  -37.044  -1.648  19.558 0.0000000000
84138  -39.785  -1.214  18.195 0.0000000000
84148  -40.398  -1.104  17.955 0.0000000000
92125  -39.113  4.525  19.182 0.0000000000
94704  -39.962  5.767  18.127 0.0000000000
93460  -40.374  5.078  17.201 0.0000000000
94720  -40.955  5.613  16.805 0.0000000000
92158  -41.328  4.644  16.468 0.0000000000
90761  -43.606  3.315  16.776 0.0000000000
90776  -42.942  3.511  16.125 0.0000000000
90794  -43.782  3.623  15.330 0.0000000000
90779  -44.787  3.298  15.406 0.0000000000
90795  -44.301  3.650  15.079 0.0000000000
92204  -47.068  4.214  13.878 0.0000000000
92194  -46.948  5.238  13.965 0.0000000000
65231  -6.137  -14.262  53.907 0.0000000000
71272  -29.304  -10.882  31.721 0.0000000000
72845  -28.989  -10.324  31.055 0.0000000000
72862  -28.635  -10.124  30.206 0.0000000000
72861  -27.524  -10.023  30.605 0.0000000000
72884  -27.881  -9.878  29.704 0.0000000000
74352  -28.730  -9.251  29.319 0.0000000000
79641  -27.730  -4.410  26.486 0.0000000000
82433  -27.932  -2.685  26.797 0.0000000000
78381  -28.083  -4.860  26.291 0.0000000000
78383  -29.314  -5.684  25.748 0.0000000000
79665  -31.798  -4.812  24.951 0.0000000000
79696  -32.183  -4.384  24.719 0.0000000000
80991  -32.492  -3.939  24.397 0.0000000000
82458  -32.698  -3.385  23.844 0.0000000000
80992  -33.223  -3.771  23.911 0.0000000000
84048  -31.662  -1.137  23.915 0.0000000000
85526  -32.143  -0.008  23.812 0.0000000000
86868  -33.388  1.329  25.081 0.0000000000
69592  -22.711  -11.785  41.597 0.0000000000
68043  -7.857  -13.286  48.836 0.0000000000
68064  -8.418  -13.385  47.906 0.0000000000
66675  -8.179  -13.758  48.082 0.0000000000
65299  -7.669  -14.096  48.803 0.0000000000
62612  -7.888  -15.802  48.734 0.0000000000
69305  -5.099  -11.778  58.387 0.0000000000
69303  -5.080  -11.691  58.964 0.0000000000
69299  -4.663  -11.517  59.406 0.0000000000
69298  -4.172  -11.435  59.985 0.0000000000
69297  -3.257  -11.365  60.071 0.0000000000
88186  -38.993  1.428  21.104 0.0000000000
90676  -38.842  2.990  21.188 0.0000000000
90694  -38.986  3.803  21.007 0.0000000000
92096  -39.419  4.603  21.279 0.0000000000
68244  -24.306  -12.685  38.860 0.0000000000
66785  -26.224  -13.530  40.831 0.0000000000
65420  -29.504  -14.472  40.370 0.0000000000
68102  -11.275  -11.848  45.410 0.0000000000
65320  -10.385  -13.678  45.612 0.0000000000
64003  -11.609  -15.751  45.353 0.0000000000
62648  -12.052  -16.191  45.757 0.0000000000
62650  -13.872  -16.907  46.457 0.0000000000
62694  -13.372  -16.326  43.507 0.0000000000
62675  -13.528  -16.586  44.334 0.0000000000
62676  -14.488  -16.923  44.520 0.0000000000
96039  -51.690  7.313  10.573 0.0000000000
68260  -32.608  -12.860  36.970 0.0000000000
66882  -32.171  -13.115  35.728 0.0000000000
68293  -31.683  -12.782  34.653 0.0000000000
66904  -30.973  -12.984  34.363 0.0000000000
66920  -30.910  -12.615  33.825 0.0000000000
68333  -30.419  -12.352  33.016 0.0000000000
68348  -30.266  -12.051  32.555 0.0000000000
71253  -29.066  -11.167  32.219 0.0000000000
72828  -28.257  -10.116  32.307 0.0000000000
68225  -18.199  -12.685  39.144 0.0000000000
69637  -20.357  -11.736  38.836 0.0000000000
72715  -18.517  -9.084  38.388 0.0000000000
71149  -18.593  -9.950  38.163 0.0000000000
74220  -19.389  -8.689  37.723 0.0000000000
72730  -18.889  -9.568  37.890 0.0000000000
69659  -19.858  -11.360  38.545 0.0000000000
71134  -21.726  -10.884  38.288 0.0000000000
68243  -23.462  -12.144  38.622 0.0000000000
74242  -22.868  -8.119  37.085 0.0000000000
74259  -22.484  -8.804  36.668 0.0000000000
72765  -22.467  -9.528  36.669 0.0000000000
69694  -22.938  -10.914  36.657 0.0000000000
69677  -22.719  -11.158  37.225 0.0000000000
65431  -26.932  -14.349  38.822 0.0000000000
66877  -24.948  -13.322  35.472 0.0000000000
65480  -25.519  -14.213  35.813 0.0000000000
65481  -26.453  -14.556  36.032 0.0000000000
65462  -27.477  -14.744  37.210 0.0000000000
65446  -28.411  -14.518  38.327 0.0000000000
65465  -29.891  -14.317  37.933 0.0000000000
66841  -30.443  -14.104  37.909 0.0000000000
66856  -30.394  -13.972  37.292 0.0000000000
66843  -31.920  -13.323  37.466 0.0000000000
71113  -15.401  -10.918  40.765 0.0000000000
71095  -15.598  -10.177  41.017 0.0000000000
68206  -15.926  -12.582  40.037 0.0000000000
79725  -39.647  -5.659  23.448 0.0000000000
79776  -37.751  -4.264  20.548 0.0000000000
81059  -40.377  -4.397  20.895 0.0000000000
81078  -40.195  -3.900  20.221 0.0000000000
85610  -39.619  -0.479  18.185 0.0000000000
86983  -40.369  -0.105  17.859 0.0000000000
92137  -39.080  3.504  18.592 0.0000000000
89412  -39.678  2.518  18.188 0.0000000000
88222  -40.013  2.056  18.044 0.0000000000
88213  -40.390  1.538  18.109 0.0000000000
86972  -40.763  0.579  17.960 0.0000000000
85611  -41.096  -0.191  17.818 0.0000000000
88216  -43.446  1.076  18.687 0.0000000000
92223  -50.286  4.224  11.491 0.0000000000
93537  -50.039  4.928  10.725 0.0000000000
93532  -50.116  5.936  10.920 0.0000000000
96028  -50.280  7.245  11.181 0.0000000000
97207  -50.419  8.004  11.590 0.0000000000
70867  -5.690  -10.623  56.187 0.0000000000
65206  -5.817  -14.342  56.161 0.0000000000
66567  -5.389  -13.262  55.975 0.0000000000
68272  -33.069  -12.451  36.564 0.0000000000
69721  -33.569  -11.463  35.259 0.0000000000
71211  -34.074  -10.730  34.898 0.0000000000
72786  -34.568  -10.290  34.899 0.0000000000
71273  -30.183  -10.859  31.617 0.0000000000
71254  -31.333  -10.714  32.072 0.0000000000
71255  -32.009  -10.403  32.339 0.0000000000
71239  -33.127  -10.327  33.433 0.0000000000
72801  -34.326  -9.772  34.336 0.0000000000
74284  -34.561  -8.820  34.244 0.0000000000
75666  -34.288  -8.301  33.871 0.0000000000
75680  -34.001  -8.325  33.215 0.0000000000
76978  -34.313  -7.807  32.910 0.0000000000
76991  -34.601  -7.496  32.725 0.0000000000
76999  -26.173  -6.812  31.425 0.0000000000
77014  -26.174  -6.589  30.623 0.0000000000
75722  -26.226  -7.519  30.152 0.0000000000
75724  -28.068  -8.316  28.575 0.0000000000
78348  -26.795  -5.301  28.264 0.0000000000
78334  -26.974  -6.394  28.258 0.0000000000
75735  -27.934  -7.479  28.128 0.0000000000
77016  -31.867  -8.029  29.557 0.0000000000
77032  -31.510  -7.710  28.829 0.0000000000
77004  -33.624  -7.729  31.386 0.0000000000
78280  -34.488  -7.313  31.850 0.0000000000
78281  -35.078  -7.244  32.469 0.0000000000
78385  -31.715  -6.339  26.336 0.0000000000
77085  -33.739  -6.485  26.709 0.0000000000
79722  -36.275  -5.000  22.351 0.0000000000
81038  -36.002  -4.596  21.608 0.0000000000
81013  -33.526  -3.506  23.313 0.0000000000
81014  -34.053  -3.734  22.851 0.0000000000
82492  -33.233  -2.151  22.424 0.0000000000
82493  -33.656  -2.696  22.151 0.0000000000
81054  -34.694  -3.538  21.001 0.0000000000
81055  -35.428  -3.536  20.552 0.0000000000
82526  -35.265  -2.546  20.380 0.0000000000
84102  -35.198  -1.771  20.513 0.0000000000
84087  -35.464  -1.229  20.573 0.0000000000
86925  -34.859  0.828  21.961 0.0000000000
85561  -35.780  -0.414  20.926 0.0000000000
86927  -36.660  0.454  21.606 0.0000000000
86913  -37.536  0.647  22.385 0.0000000000
65416  -17.607  -14.578  40.586 0.0000000000
66782  -18.813  -14.591  41.517 0.0000000000
66759  -19.169  -14.443  42.093 0.0000000000
66760  -19.608  -14.060  42.482 0.0000000000
69590  -21.462  -12.608  40.650 0.0000000000
69544  -22.458  -12.349  43.426 0.0000000000
69543  -21.848  -12.958  42.962 0.0000000000
68211  -24.801  -12.588  40.393 0.0000000000
69362  -6.246  -11.587  52.898 0.0000000000
66636  -7.078  -13.745  50.347 0.0000000000
66621  -6.820  -13.438  50.932 0.0000000000
66620  -6.500  -13.334  51.622 0.0000000000
65252  -6.332  -14.132  52.036 0.0000000000
63916  -6.947  -15.934  52.947 0.0000000000
65319  -9.857  -14.107  45.970 0.0000000000
64000  -9.638  -14.888  46.392 0.0000000000
63971  -9.426  -15.875  47.299 0.0000000000
62617  -13.191  -16.986  48.417 0.0000000000
61188  -10.724  -17.693  49.456 0.0000000000
62582  -9.838  -17.526  50.016 0.0000000000
94810  -51.891  6.212  9.805 0.0000000000
65176  -4.840  -14.459  60.283 0.0000000000
66553  -1.509  -13.586  58.928 0.0000000000
66546  -1.783  -12.942  59.454 0.0000000000
62693  -13.001  -15.961  43.529 0.0000000000
64101  -27.651  -14.884  36.759 0.0000000000
64108  -27.628  -14.908  36.535 0.0000000000
64109  -27.843  -14.920  36.626 0.0000000000
65286  -7.446  -14.217  49.299 0.0000000000
65309  -8.154  -14.413  47.728 0.0000000000
65353  -12.295  -14.567  43.557 0.0000000000
65358  -19.415  -14.273  43.088 0.0000000000
65430  -26.358  -14.210  38.431 0.0000000000
65479  -25.031  -13.979  35.588 0.0000000000
65516  -26.036  -13.664  34.890 0.0000000000
66665  -7.918  -13.674  48.588 0.0000000000
66798  -14.824  -13.455  40.548 0.0000000000
66804  -25.038  -12.845  39.800 0.0000000000
66898  -26.139  -13.466  34.929 0.0000000000
66899  -26.549  -13.541  34.869 0.0000000000
67902  -5.066  -12.513  58.606 0.0000000000
68168  -14.365  -11.641  41.727 0.0000000000
68289  -26.437  -12.955  35.474 0.0000000000
68366  -30.045  -11.842  32.244 0.0000000000
69776  -29.439  -11.499  32.192 0.0000000000
69777  -30.613  -11.757  32.518 0.0000000000
71274  -30.747  -10.850  31.853 0.0000000000
72745  -21.008  -9.513  37.278 0.0000000000
74317  -31.543  -9.250  31.059 0.0000000000
74349  -26.173  -7.911  30.646 0.0000000000
75679  -33.476  -8.480  32.772 0.0000000000
75698  -26.198  -7.267  31.356 0.0000000000
75699  -26.227  -7.555  31.641 0.0000000000
75700  -31.357  -8.426  30.082 0.0000000000
75709  -26.161  -7.416  30.999 0.0000000000
75710  -26.117  -7.775  31.199 0.0000000000
76953  -36.185  -7.626  34.754 0.0000000000
77046  -27.288  -6.943  27.991 0.0000000000
78320  -33.176  -7.739  30.226 0.0000000000
78352  -30.498  -7.068  27.590 0.0000000000
78354  -32.926  -7.443  29.259 0.0000000000
79631  -37.354  -6.026  26.525 0.0000000000
79695  -31.678  -4.204  24.571 0.0000000000
79760  -36.785  -4.208  21.091 0.0000000000
79775  -37.379  -4.105  20.606 0.0000000000
79777  -38.518  -4.419  20.553 0.0000000000
80968  -32.790  -4.261  24.649 0.0000000000
81037  -35.238  -4.248  21.417 0.0000000000
82542  -36.746  -2.120  19.705 0.0000000000
82559  -39.221  -1.504  18.658 0.0000000000
82561  -40.527  -2.247  18.731 0.0000000000
85588  -36.820  -1.229  19.765 0.0000000000
85622  -40.095  -0.634  17.901 0.0000000000
85623  -40.690  -0.670  17.821 0.0000000000
85624  -41.229  -0.766  17.875 0.0000000000
86982  -39.939  -0.198  17.959 0.0000000000
89369  -38.999  1.775  21.098 0.0000000000
89400  -40.517  2.098  18.093 0.0000000000
89441  -44.145  3.248  16.044 0.0000000000
90727  -39.338  3.143  18.420 0.0000000000
90777  -43.568  3.438  15.832 0.0000000000
90778  -44.203  3.376  15.594 0.0000000000
92177  -43.404  3.763  15.357 0.0000000000
92189  -43.112  4.154  15.059 0.0000000000
92213  -48.816  4.577  12.729 0.0000000000
92228  -49.972  4.663  11.127 0.0000000000
93421  -39.570  5.099  21.210 0.0000000000
93450  -39.969  5.440  17.798 0.0000000000
93487  -41.967  4.868  15.647 0.0000000000
93530  -49.095  5.886  11.661 0.0000000000
93546  -52.119  5.840  9.642 0.0000000000
94738  -41.254  5.316  16.500 0.0000000000
94788  -48.006  6.725  11.861 0.0000000000
