#!ascii label  , from subject 4093 vox2ras=TkReg
1574
79649  -39.437  -5.474  26.515 0.0000000000
93462  -54.740  5.374  17.658 0.0000000000
86935  -46.379  0.202  21.612 0.0000000000
61102  -11.172  -18.340  55.063 0.0000000000
78257  -35.872  -6.922  33.638 0.0000000000
70972  -24.130  -11.301  50.877 0.0000000000
71005  -33.085  -10.903  48.515 0.0000000000
74155  -36.740  -8.993  42.534 0.0000000000
78160  -38.776  -6.084  39.789 0.0000000000
65322  -17.590  -15.478  46.422 0.0000000000
69411  -19.936  -12.344  51.005 0.0000000000
68108  -20.414  -12.685  45.483 0.0000000000
66720  -28.847  -14.282  44.253 0.0000000000
68152  -33.735  -12.646  43.949 0.0000000000
82322  -42.979  -3.629  34.366 0.0000000000
85416  -45.575  -1.150  31.062 0.0000000000
90698  -49.921  3.582  19.930 0.0000000000
81018  -43.863  -3.644  23.873 0.0000000000
90815  -52.824  2.668  14.012 0.0000000000
65193  -8.906  -15.406  58.250 0.0000000000
80808  -40.303  -3.937  37.749 0.0000000000
77021  -37.660  -7.209  30.139 0.0000000000
69523  -24.222  -11.952  44.857 0.0000000000
68014  -29.081  -12.597  50.259 0.0000000000
88081  -48.405  1.472  28.250 0.0000000000
90897  -61.293  3.916  8.025 0.0000000000
71140  -35.846  -11.284  40.139 0.0000000000
71160  -36.524  -10.448  38.631 0.0000000000
66701  -19.027  -14.238  45.652 0.0000000000
66808  -31.568  -14.216  41.251 0.0000000000
68215  -33.097  -12.853  40.422 0.0000000000
71081  -35.351  -11.169  43.161 0.0000000000
79600  -42.330  -5.523  30.994 0.0000000000
83866  -44.374  -2.067  33.139 0.0000000000
82387  -43.816  -4.419  29.199 0.0000000000
92130  -51.646  4.036  19.287 0.0000000000
93427  -51.957  5.635  21.394 0.0000000000
94759  -56.659  6.071  16.412 0.0000000000
63917  -7.888  -16.635  53.458 0.0000000000
62494  -9.004  -16.760  56.099 0.0000000000
78203  -37.777  -6.835  36.475 0.0000000000
80791  -38.053  -4.364  38.936 0.0000000000
79511  -38.603  -5.832  35.214 0.0000000000
79541  -38.881  -5.575  33.871 0.0000000000
78306  -36.707  -7.208  31.822 0.0000000000
70970  -22.441  -11.211  50.569 0.0000000000
70904  -21.757  -10.501  54.132 0.0000000000
72509  -23.638  -10.912  53.885 0.0000000000
72512  -26.365  -11.357  53.495 0.0000000000
69569  -22.911  -11.911  42.681 0.0000000000
68192  -24.480  -12.327  41.607 0.0000000000
68098  -31.608  -12.953  47.059 0.0000000000
68077  -28.702  -13.970  47.255 0.0000000000
70991  -31.361  -11.572  49.501 0.0000000000
72527  -31.425  -10.995  52.125 0.0000000000
62585  -14.722  -17.317  50.602 0.0000000000
62572  -16.486  -16.637  51.725 0.0000000000
59798  -18.221  -18.110  54.780 0.0000000000
82496  -45.303  -2.137  22.640 0.0000000000
84016  -46.620  -1.789  25.979 0.0000000000
86857  -48.354  -0.024  25.298 0.0000000000
90899  -62.216  3.629  7.549 0.0000000000
62477  -13.296  -17.757  58.094 0.0000000000
76848  -37.047  -6.363  44.894 0.0000000000
78132  -38.467  -5.570  43.501 0.0000000000
75561  -37.766  -7.770  41.734 0.0000000000
74228  -37.852  -8.973  37.599 0.0000000000
65288  -17.943  -15.160  49.662 0.0000000000
67989  -18.395  -13.416  51.390 0.0000000000
68052  -18.820  -13.676  48.974 0.0000000000
69465  -20.331  -12.783  47.937 0.0000000000
69468  -22.339  -11.698  47.465 0.0000000000
66762  -26.599  -13.594  41.789 0.0000000000
65377  -29.067  -14.363  41.837 0.0000000000
66746  -31.426  -13.978  43.857 0.0000000000
69506  -33.205  -12.287  46.348 0.0000000000
71029  -34.935  -10.718  45.593 0.0000000000
74118  -36.067  -8.705  44.818 0.0000000000
62652  -15.892  -16.989  46.869 0.0000000000
83786  -42.956  -1.424  38.039 0.0000000000
87919  -45.076  0.724  39.835 0.0000000000
85343  -44.284  -0.344  36.473 0.0000000000
88014  -45.262  0.837  34.847 0.0000000000
90681  -47.622  3.059  21.023 0.0000000000
89336  -49.109  2.413  23.589 0.0000000000
92086  -49.853  4.531  22.529 0.0000000000
61065  -5.242  -17.586  59.940 0.0000000000
79703  -41.712  -4.832  25.039 0.0000000000
82530  -42.714  -3.036  20.372 0.0000000000
89384  -44.898  1.934  19.451 0.0000000000
89407  -46.944  2.673  18.533 0.0000000000
89422  -49.045  2.615  17.180 0.0000000000
90765  -51.915  3.324  16.659 0.0000000000
90784  -53.822  3.206  15.759 0.0000000000
89475  -50.244  2.712  13.892 0.0000000000
63871  -10.868  -16.455  58.654 0.0000000000
62462  -9.444  -16.930  59.804 0.0000000000
62460  -7.629  -16.663  60.306 0.0000000000
85219  -42.005  -1.138  42.916 0.0000000000
80764  -38.894  -3.703  41.964 0.0000000000
83749  -39.547  -1.806  40.788 0.0000000000
83770  -41.326  -1.990  39.646 0.0000000000
80839  -41.932  -4.068  36.011 0.0000000000
78287  -41.451  -6.272  32.770 0.0000000000
78356  -38.824  -6.166  28.257 0.0000000000
69356  -19.297  -11.927  54.360 0.0000000000
69521  -22.593  -11.933  44.523 0.0000000000
69455  -24.478  -12.286  47.904 0.0000000000
68110  -26.571  -13.360  45.181 0.0000000000
68075  -26.189  -13.225  47.457 0.0000000000
68011  -26.482  -12.878  50.412 0.0000000000
70921  -28.765  -11.093  52.861 0.0000000000
61151  -9.763  -17.787  52.004 0.0000000000
61178  -11.339  -18.140  50.449 0.0000000000
59808  -12.553  -18.476  53.397 0.0000000000
82423  -44.614  -3.783  27.665 0.0000000000
86802  -46.752  -0.133  29.484 0.0000000000
89240  -48.527  2.879  31.070 0.0000000000
89287  -50.317  2.442  27.108 0.0000000000
92197  -55.937  3.785  15.498 0.0000000000
92207  -58.129  4.001  13.690 0.0000000000
92218  -60.004  4.970  11.869 0.0000000000
89514  -59.519  3.103  9.889 0.0000000000
93552  -62.547  4.799  10.508 0.0000000000
69647  -34.425  -12.081  39.406 0.0000000000
69669  -34.944  -11.759  38.584 0.0000000000
69685  -34.000  -11.775  37.504 0.0000000000
66825  -32.188  -13.445  39.753 0.0000000000
68233  -32.759  -12.806  39.060 0.0000000000
69601  -34.589  -12.075  40.815 0.0000000000
79621  -40.616  -5.461  28.773 0.0000000000
79610  -42.716  -4.791  30.180 0.0000000000
79636  -42.100  -4.981  27.880 0.0000000000
92141  -53.589  4.672  18.439 0.0000000000
93445  -53.603  5.222  19.622 0.0000000000
94712  -54.591  5.534  18.711 0.0000000000
94728  -56.060  6.646  17.841 0.0000000000
94744  -55.367  5.702  16.889 0.0000000000
62524  -9.263  -17.698  53.829 0.0000000000
62507  -8.568  -16.772  55.316 0.0000000000
62508  -9.512  -17.559  55.166 0.0000000000
78238  -36.506  -6.870  34.571 0.0000000000
79510  -37.897  -6.405  35.402 0.0000000000
79520  -37.370  -6.531  34.558 0.0000000000
78259  -37.554  -6.398  33.625 0.0000000000
78282  -36.254  -6.826  32.754 0.0000000000
63918  -17.965  -15.785  53.365 0.0000000000
70971  -23.266  -10.990  50.748 0.0000000000
70933  -22.996  -10.605  52.449 0.0000000000
70934  -23.864  -10.914  52.500 0.0000000000
70917  -25.034  -11.326  53.260 0.0000000000
70955  -25.201  -11.637  51.903 0.0000000000
69474  -32.400  -11.955  47.888 0.0000000000
69472  -31.034  -12.705  48.158 0.0000000000
71004  -32.294  -11.362  48.767 0.0000000000
70977  -32.080  -10.523  50.045 0.0000000000
63948  -17.154  -15.837  51.016 0.0000000000
63938  -17.034  -16.223  51.471 0.0000000000
62544  -18.027  -16.671  53.420 0.0000000000
85233  -44.232  -1.121  41.788 0.0000000000
85569  -46.236  -0.496  21.914 0.0000000000
84076  -46.713  -0.939  23.262 0.0000000000
86895  -47.515  0.107  23.302 0.0000000000
74138  -36.771  -8.204  43.386 0.0000000000
75540  -37.011  -7.213  43.148 0.0000000000
74172  -36.985  -8.847  41.618 0.0000000000
72739  -37.439  -9.531  38.088 0.0000000000
72771  -36.318  -9.363  36.634 0.0000000000
75642  -36.589  -7.943  35.989 0.0000000000
65311  -17.922  -15.356  47.575 0.0000000000
66653  -18.200  -14.491  49.038 0.0000000000
66677  -18.385  -14.856  47.104 0.0000000000
68123  -19.488  -13.630  45.503 0.0000000000
68092  -19.953  -13.271  47.137 0.0000000000
69481  -20.489  -12.640  46.938 0.0000000000
69451  -21.505  -11.946  48.508 0.0000000000
69482  -21.024  -12.108  46.735 0.0000000000
66807  -27.182  -14.103  39.986 0.0000000000
68194  -32.986  -13.371  42.009 0.0000000000
66767  -31.178  -14.300  42.721 0.0000000000
68151  -33.032  -13.171  44.504 0.0000000000
68130  -33.001  -13.139  45.411 0.0000000000
68131  -33.604  -12.651  45.036 0.0000000000
71028  -34.295  -11.077  45.985 0.0000000000
69527  -34.915  -11.340  44.695 0.0000000000
72671  -36.293  -9.845  42.661 0.0000000000
72657  -36.056  -10.003  43.465 0.0000000000
74137  -36.266  -9.112  43.642 0.0000000000
75526  -36.368  -8.072  44.734 0.0000000000
65321  -16.959  -16.008  46.118 0.0000000000
83834  -42.906  -2.644  35.751 0.0000000000
85342  -43.935  -1.079  36.574 0.0000000000
85358  -44.112  -1.698  35.942 0.0000000000
83898  -44.937  -1.653  31.378 0.0000000000
85385  -44.700  -0.923  33.560 0.0000000000
86773  -45.675  -0.377  32.405 0.0000000000
88024  -46.381  1.298  33.504 0.0000000000
86774  -46.113  0.029  32.162 0.0000000000
92114  -48.371  3.470  20.517 0.0000000000
92085  -49.107  4.078  21.980 0.0000000000
92101  -49.582  4.184  21.422 0.0000000000
95918  -53.681  7.239  22.193 0.0000000000
90730  -45.005  3.137  18.577 0.0000000000
90746  -44.322  3.253  17.667 0.0000000000
89431  -47.543  2.103  16.368 0.0000000000
88236  -48.182  2.001  15.888 0.0000000000
90763  -50.319  2.903  16.840 0.0000000000
89447  -49.963  2.344  15.377 0.0000000000
89448  -50.979  2.791  15.654 0.0000000000
65199  -7.832  -15.476  57.328 0.0000000000
65185  -8.207  -14.935  58.838 0.0000000000
61068  -13.682  -18.227  58.626 0.0000000000
62476  -12.156  -17.570  58.249 0.0000000000
61060  -12.891  -18.260  59.042 0.0000000000
61058  -10.753  -17.898  59.494 0.0000000000
59750  -9.546  -18.439  59.829 0.0000000000
62461  -8.428  -16.629  60.111 0.0000000000
59749  -8.496  -18.393  59.951 0.0000000000
59748  -7.596  -17.929  60.184 0.0000000000
76871  -38.750  -6.048  42.142 0.0000000000
79427  -38.806  -4.612  43.323 0.0000000000
78144  -38.971  -5.132  41.140 0.0000000000
82253  -38.934  -3.857  38.838 0.0000000000
82226  -38.813  -3.680  40.096 0.0000000000
82254  -39.790  -3.530  38.922 0.0000000000
83750  -40.090  -1.718  40.481 0.0000000000
82255  -40.571  -3.079  38.990 0.0000000000
82266  -41.713  -2.987  38.133 0.0000000000
80823  -41.189  -4.048  37.034 0.0000000000
78308  -38.641  -6.779  31.921 0.0000000000
79564  -39.711  -6.127  33.025 0.0000000000
76992  -39.433  -6.693  31.768 0.0000000000
78325  -40.159  -6.423  30.399 0.0000000000
77039  -38.483  -6.722  29.292 0.0000000000
67991  -19.428  -12.629  51.496 0.0000000000
69379  -19.072  -12.299  53.037 0.0000000000
69380  -19.667  -12.016  52.488 0.0000000000
69546  -23.889  -11.915  43.985 0.0000000000
69544  -22.458  -12.349  43.426 0.0000000000
69522  -23.443  -11.824  44.705 0.0000000000
69485  -23.502  -11.783  46.459 0.0000000000
69486  -24.271  -11.943  46.444 0.0000000000
66742  -27.788  -14.064  42.991 0.0000000000
68128  -26.552  -13.510  43.855 0.0000000000
68111  -27.288  -13.889  44.708 0.0000000000
68058  -29.274  -13.437  48.731 0.0000000000
68076  -27.268  -13.751  47.373 0.0000000000
66656  -27.799  -13.836  49.185 0.0000000000
68034  -26.238  -12.997  49.417 0.0000000000
68012  -27.534  -13.047  50.422 0.0000000000
69384  -27.679  -12.003  52.085 0.0000000000
70957  -28.821  -11.965  51.638 0.0000000000
75457  -35.810  -9.272  48.018 0.0000000000
62583  -13.023  -17.739  49.858 0.0000000000
61168  -13.383  -18.069  51.568 0.0000000000
61154  -12.826  -18.290  52.477 0.0000000000
59791  -18.826  -18.310  55.424 0.0000000000
81017  -43.030  -4.055  24.550 0.0000000000
80972  -43.611  -4.832  26.466 0.0000000000
80974  -44.661  -3.788  25.701 0.0000000000
85458  -47.199  -0.574  27.402 0.0000000000
85457  -46.407  -1.171  27.661 0.0000000000
86803  -47.196  0.238  29.023 0.0000000000
88055  -47.668  1.193  30.375 0.0000000000
89267  -48.127  2.030  29.498 0.0000000000
90639  -50.418  3.751  24.482 0.0000000000
89308  -50.146  2.065  25.723 0.0000000000
90612  -50.824  3.329  25.972 0.0000000000
89467  -52.682  2.660  14.729 0.0000000000
92195  -54.727  3.530  15.194 0.0000000000
90801  -54.971  3.247  14.558 0.0000000000
90818  -56.696  3.143  13.567 0.0000000000
90833  -57.866  3.293  12.829 0.0000000000
92209  -59.112  4.738  12.885 0.0000000000
90844  -59.043  3.542  12.117 0.0000000000
89547  -59.445  3.131  7.792 0.0000000000
89528  -58.510  2.744  8.463 0.0000000000
90874  -60.139  3.762  9.364 0.0000000000
90863  -60.609  4.287  9.904 0.0000000000
92249  -61.589  4.669  9.327 0.0000000000
90877  -62.457  4.150  8.711 0.0000000000
89530  -62.301  2.617  7.735 0.0000000000
71123  -36.235  -10.567  40.851 0.0000000000
72706  -36.819  -9.967  40.477 0.0000000000
71141  -36.421  -10.644  39.741 0.0000000000
71176  -35.139  -11.096  37.435 0.0000000000
66689  -18.342  -14.736  45.979 0.0000000000
66824  -31.574  -14.032  40.317 0.0000000000
66809  -32.296  -13.742  40.929 0.0000000000
68175  -33.848  -12.875  42.830 0.0000000000
69552  -34.760  -11.820  43.634 0.0000000000
68196  -34.634  -12.103  42.069 0.0000000000
71122  -35.686  -11.259  41.223 0.0000000000
79568  -43.170  -4.686  32.395 0.0000000000
82323  -43.523  -3.280  33.526 0.0000000000
80898  -43.555  -3.937  31.422 0.0000000000
82356  -43.977  -3.071  31.160 0.0000000000
83909  -44.705  -2.699  30.040 0.0000000000
92129  -50.778  3.737  19.759 0.0000000000
93435  -51.497  4.972  20.915 0.0000000000
93443  -51.904  4.789  20.205 0.0000000000
94683  -53.992  6.244  20.675 0.0000000000
94748  -58.345  7.221  16.062 0.0000000000
63882  -8.343  -16.051  56.446 0.0000000000
63875  -8.730  -15.847  57.200 0.0000000000
78187  -38.420  -6.823  37.822 0.0000000000
78150  -38.401  -5.245  39.714 0.0000000000
79476  -38.549  -5.694  37.854 0.0000000000
79487  -38.745  -5.741  37.071 0.0000000000
80821  -39.557  -5.031  36.225 0.0000000000
80837  -39.829  -5.016  35.460 0.0000000000
79523  -38.760  -5.321  34.403 0.0000000000
79562  -38.335  -6.193  33.502 0.0000000000
77005  -37.390  -7.238  31.162 0.0000000000
70950  -21.024  -11.645  51.031 0.0000000000
70931  -20.781  -11.347  52.147 0.0000000000
70932  -21.941  -10.829  52.649 0.0000000000
72508  -22.858  -10.459  53.875 0.0000000000
72484  -26.239  -11.537  54.075 0.0000000000
69593  -23.573  -11.875  41.979 0.0000000000
69571  -24.346  -12.137  43.389 0.0000000000
66704  -30.030  -14.126  45.449 0.0000000000
66692  -29.291  -14.041  46.189 0.0000000000
66680  -30.453  -13.863  47.207 0.0000000000
68059  -30.057  -13.338  48.302 0.0000000000
69439  -30.079  -12.074  49.607 0.0000000000
70974  -29.728  -11.881  50.661 0.0000000000
70976  -31.457  -10.929  50.471 0.0000000000
62619  -15.282  -17.080  48.821 0.0000000000
62601  -15.424  -16.859  49.832 0.0000000000
62558  -15.918  -17.178  52.448 0.0000000000
62527  -16.131  -17.414  53.635 0.0000000000
61158  -17.356  -17.226  53.146 0.0000000000
81042  -44.581  -2.946  22.890 0.0000000000
80998  -45.345  -3.307  25.038 0.0000000000
84056  -46.077  -1.923  24.232 0.0000000000
85495  -47.264  -1.231  25.716 0.0000000000
86824  -48.498  0.359  26.787 0.0000000000
90840  -51.420  3.572  11.913 0.0000000000
90829  -53.203  2.879  12.608 0.0000000000
90841  -52.339  3.285  11.682 0.0000000000
90912  -60.437  3.646  7.095 0.0000000000
90898  -61.945  3.891  7.847 0.0000000000
90913  -61.585  3.956  6.862 0.0000000000
92290  -62.341  4.189  6.244 0.0000000000
61089  -12.609  -18.140  56.009 0.0000000000
62496  -11.576  -17.741  56.457 0.0000000000
79412  -37.639  -5.127  45.180 0.0000000000
78131  -37.932  -5.975  44.035 0.0000000000
75550  -38.229  -6.835  42.046 0.0000000000
75579  -38.628  -7.531  40.339 0.0000000000
72707  -37.292  -9.327  40.103 0.0000000000
74211  -38.435  -8.404  39.060 0.0000000000
75616  -38.533  -7.843  38.293 0.0000000000
76939  -37.588  -7.494  36.593 0.0000000000
76954  -36.494  -7.340  35.328 0.0000000000
65276  -17.673  -15.031  50.807 0.0000000000
66612  -18.025  -13.897  52.275 0.0000000000
66640  -18.196  -14.339  50.053 0.0000000000
66641  -18.551  -13.703  50.233 0.0000000000
68032  -19.363  -12.980  49.789 0.0000000000
66690  -18.964  -14.346  46.713 0.0000000000
68073  -19.708  -13.367  48.154 0.0000000000
69433  -20.611  -12.292  49.645 0.0000000000
69434  -21.244  -11.996  49.398 0.0000000000
70987  -22.356  -11.595  49.721 0.0000000000
69435  -23.091  -11.697  49.353 0.0000000000
66763  -27.617  -14.050  41.910 0.0000000000
66743  -28.613  -14.183  43.290 0.0000000000
65402  -30.367  -14.525  41.386 0.0000000000
66766  -30.113  -14.433  42.818 0.0000000000
66722  -30.738  -14.179  44.685 0.0000000000
66706  -32.042  -13.790  46.061 0.0000000000
68113  -32.670  -12.960  46.232 0.0000000000
71012  -33.530  -10.926  47.702 0.0000000000
72576  -33.640  -10.056  48.641 0.0000000000
71013  -34.065  -10.478  47.261 0.0000000000
74086  -35.125  -9.222  47.228 0.0000000000
74087  -35.889  -8.987  46.748 0.0000000000
71063  -35.242  -10.998  44.044 0.0000000000
72623  -35.806  -9.392  45.493 0.0000000000
75499  -36.272  -8.075  46.480 0.0000000000
75500  -36.647  -7.256  46.327 0.0000000000
62637  -16.212  -16.946  47.951 0.0000000000
85277  -42.812  -0.517  39.222 0.0000000000
86689  -43.734  0.071  38.527 0.0000000000
86710  -44.287  0.323  37.685 0.0000000000
87993  -44.980  1.000  37.114 0.0000000000
85384  -44.237  -1.492  34.148 0.0000000000
86738  -44.634  0.051  35.497 0.0000000000
89360  -47.356  2.285  21.469 0.0000000000
88151  -48.078  1.379  23.082 0.0000000000
89350  -48.411  2.484  22.590 0.0000000000
90654  -49.693  3.769  23.169 0.0000000000
93401  -50.494  5.182  23.962 0.0000000000
93413  -50.929  5.645  22.355 0.0000000000
94652  -50.942  5.877  23.255 0.0000000000
79672  -39.086  -5.763  25.447 0.0000000000
79674  -41.096  -4.982  25.880 0.0000000000
79701  -39.846  -5.522  24.594 0.0000000000
79727  -41.496  -4.852  24.024 0.0000000000
81039  -42.075  -4.401  22.260 0.0000000000
81062  -43.339  -3.424  21.790 0.0000000000
82532  -44.205  -2.274  21.181 0.0000000000
84106  -44.787  -1.605  20.940 0.0000000000
86944  -45.403  0.111  20.764 0.0000000000
88187  -45.523  1.284  20.291 0.0000000000
90695  -45.705  2.467  19.769 0.0000000000
90712  -47.227  2.793  19.534 0.0000000000
90713  -48.185  3.167  19.395 0.0000000000
89429  -45.308  3.024  16.610 0.0000000000
89408  -47.753  2.628  18.225 0.0000000000
90734  -49.491  3.356  18.401 0.0000000000
90735  -50.388  3.413  18.197 0.0000000000
92139  -52.137  3.754  17.902 0.0000000000
92149  -52.908  4.136  17.351 0.0000000000
92163  -53.926  4.339  16.792 0.0000000000
90782  -52.740  2.990  16.347 0.0000000000
89466  -52.320  2.670  15.139 0.0000000000
90814  -51.628  2.929  13.502 0.0000000000
90827  -51.109  3.415  12.676 0.0000000000
62485  -10.926  -16.924  57.377 0.0000000000
63877  -10.277  -16.338  57.821 0.0000000000
63869  -9.790  -15.896  58.235 0.0000000000
61059  -11.689  -18.160  59.216 0.0000000000
63863  -10.234  -16.323  59.143 0.0000000000
65186  -9.141  -15.430  58.989 0.0000000000
65180  -8.065  -15.172  59.543 0.0000000000
63852  -7.525  -15.711  60.031 0.0000000000
62454  -6.503  -15.991  60.080 0.0000000000
61053  -6.527  -17.215  60.294 0.0000000000
87876  -42.603  0.054  42.003 0.0000000000
83706  -39.334  -2.559  43.415 0.0000000000
80773  -38.632  -3.922  40.343 0.0000000000
83735  -39.241  -2.250  41.746 0.0000000000
86621  -40.540  -1.219  41.780 0.0000000000
86623  -41.417  0.052  41.562 0.0000000000
86665  -42.174  -0.191  39.954 0.0000000000
85297  -42.279  -1.715  39.038 0.0000000000
82277  -42.418  -2.872  36.812 0.0000000000
80840  -42.452  -3.755  35.492 0.0000000000
80848  -40.553  -5.039  35.075 0.0000000000
79527  -41.738  -4.925  34.449 0.0000000000
79545  -42.169  -4.853  33.808 0.0000000000
78311  -42.219  -5.949  31.708 0.0000000000
78340  -40.771  -5.922  29.688 0.0000000000
79620  -39.452  -5.670  28.115 0.0000000000
78303  -34.103  -7.460  31.252 0.0000000000
78322  -34.501  -7.312  30.509 0.0000000000
77019  -35.729  -7.249  30.290 0.0000000000
75736  -36.645  -7.251  29.290 0.0000000000
77056  -37.289  -6.692  28.273 0.0000000000
77074  -37.413  -6.299  27.564 0.0000000000
79632  -37.798  -6.015  26.706 0.0000000000
79648  -38.354  -5.822  26.228 0.0000000000
70902  -20.064  -11.266  54.175 0.0000000000
68147  -20.964  -13.117  43.571 0.0000000000
69520  -21.669  -12.463  44.342 0.0000000000
69500  -21.055  -12.092  45.583 0.0000000000
69484  -22.630  -11.709  46.480 0.0000000000
69469  -23.196  -11.807  47.414 0.0000000000
69437  -24.514  -12.254  48.969 0.0000000000
68172  -25.496  -12.924  42.007 0.0000000000
68149  -25.621  -12.893  43.258 0.0000000000
68127  -25.571  -12.867  44.536 0.0000000000
68095  -27.645  -13.963  46.001 0.0000000000
68094  -26.511  -13.327  46.348 0.0000000000
68093  -25.578  -12.895  46.520 0.0000000000
68074  -25.138  -12.739  47.461 0.0000000000
68033  -25.287  -12.729  49.315 0.0000000000
69415  -24.975  -11.971  50.327 0.0000000000
69382  -26.314  -11.938  52.134 0.0000000000
70920  -27.853  -11.109  52.872 0.0000000000
62554  -8.560  -17.093  52.419 0.0000000000
61134  -9.928  -18.030  53.052 0.0000000000
61189  -11.299  -17.929  49.635 0.0000000000
61177  -10.407  -17.804  50.160 0.0000000000
61165  -10.578  -18.015  51.200 0.0000000000
61136  -11.514  -18.612  53.595 0.0000000000
61118  -11.790  -18.608  54.316 0.0000000000
61105  -14.112  -18.065  55.345 0.0000000000
61124  -17.428  -17.969  55.037 0.0000000000
79652  -42.743  -5.348  27.129 0.0000000000
82422  -44.300  -4.271  28.217 0.0000000000
83928  -45.206  -2.113  29.733 0.0000000000
82436  -45.526  -2.708  26.850 0.0000000000
83944  -45.715  -1.667  28.490 0.0000000000
85430  -46.114  -1.099  29.974 0.0000000000
88042  -46.808  0.261  31.205 0.0000000000
86876  -48.785  0.807  24.203 0.0000000000
88102  -49.232  1.038  25.775 0.0000000000
89286  -49.810  2.050  27.596 0.0000000000
93493  -55.187  5.015  16.125 0.0000000000
93494  -56.396  5.300  16.171 0.0000000000
93495  -57.756  5.250  15.272 0.0000000000
90817  -55.493  2.811  13.484 0.0000000000
92183  -57.374  4.238  14.815 0.0000000000
93507  -58.805  5.310  14.168 0.0000000000
93508  -59.951  5.894  13.912 0.0000000000
93519  -61.406  5.818  13.382 0.0000000000
89504  -58.890  2.610  10.600 0.0000000000
90854  -59.880  3.943  11.028 0.0000000000
93533  -61.119  5.320  11.106 0.0000000000
89531  -62.803  3.317  8.454 0.0000000000
68250  -33.397  -12.419  38.265 0.0000000000
69668  -34.158  -12.093  38.493 0.0000000000
68234  -33.623  -12.400  39.326 0.0000000000
79634  -39.936  -5.348  27.553 0.0000000000
79622  -41.732  -5.050  28.680 0.0000000000
79635  -41.021  -5.018  27.756 0.0000000000
93461  -54.259  4.880  18.013 0.0000000000
93451  -54.162  5.106  18.786 0.0000000000
93452  -54.580  5.374  18.294 0.0000000000
94713  -55.146  5.916  18.486 0.0000000000
94727  -55.291  5.860  17.377 0.0000000000
61101  -10.434  -18.123  54.880 0.0000000000
62509  -10.635  -17.949  55.731 0.0000000000
79509  -37.230  -6.703  35.018 0.0000000000
78258  -37.039  -6.577  33.785 0.0000000000
78281  -35.078  -7.244  32.469 0.0000000000
63919  -18.203  -15.570  54.058 0.0000000000
65254  -17.902  -14.748  52.889 0.0000000000
70989  -23.651  -11.414  50.276 0.0000000000
70953  -23.571  -10.856  51.631 0.0000000000
70954  -24.439  -11.070  51.755 0.0000000000
70935  -24.718  -11.187  52.575 0.0000000000
70973  -24.789  -11.555  51.225 0.0000000000
71011  -32.881  -11.359  48.101 0.0000000000
72575  -32.822  -10.716  49.110 0.0000000000
63929  -17.732  -15.540  52.514 0.0000000000
85554  -46.630  -0.581  22.573 0.0000000000
86919  -47.198  0.283  22.796 0.0000000000
74156  -37.067  -7.983  42.168 0.0000000000
72770  -35.877  -10.028  36.359 0.0000000000
68124  -19.916  -13.283  44.933 0.0000000000
68107  -20.058  -13.087  46.071 0.0000000000
69499  -20.546  -12.431  46.153 0.0000000000
68174  -33.011  -13.247  43.404 0.0000000000
69526  -34.268  -12.042  44.638 0.0000000000
69551  -34.242  -12.226  43.896 0.0000000000
64005  -17.524  -15.834  47.243 0.0000000000
82290  -42.903  -2.828  35.361 0.0000000000
83835  -43.436  -2.287  35.496 0.0000000000
82305  -43.185  -2.907  34.677 0.0000000000
85408  -45.424  -1.035  31.924 0.0000000000
86783  -45.901  -0.521  31.699 0.0000000000
92115  -49.234  3.688  20.449 0.0000000000
95909  -53.606  7.665  23.238 0.0000000000
89446  -48.780  2.162  15.513 0.0000000000
89462  -49.128  2.504  14.582 0.0000000000
65192  -7.811  -15.053  58.267 0.0000000000
66557  -7.242  -14.868  58.259 0.0000000000
61067  -13.064  -18.126  58.746 0.0000000000
59754  -13.477  -18.716  59.378 0.0000000000
61056  -9.006  -17.536  59.992 0.0000000000
58456  -8.587  -19.148  59.793 0.0000000000
76879  -38.997  -6.126  41.299 0.0000000000
78139  -38.908  -5.308  42.028 0.0000000000
80799  -39.548  -4.004  38.202 0.0000000000
80800  -39.952  -3.765  38.342 0.0000000000
82264  -40.290  -3.572  38.470 0.0000000000
80809  -40.927  -3.802  37.745 0.0000000000
77006  -38.170  -6.988  31.130 0.0000000000
77007  -38.987  -6.828  31.099 0.0000000000
77022  -38.633  -6.824  30.298 0.0000000000
69394  -19.819  -12.129  51.741 0.0000000000
67974  -19.481  -12.364  51.994 0.0000000000
69503  -23.849  -11.834  45.616 0.0000000000
69504  -24.554  -12.122  45.692 0.0000000000
66719  -27.869  -14.133  43.993 0.0000000000
66702  -28.205  -14.205  45.000 0.0000000000
68037  -29.046  -12.923  49.770 0.0000000000
68057  -27.955  -13.869  48.570 0.0000000000
68036  -28.160  -13.550  49.633 0.0000000000
66655  -27.560  -13.700  49.368 0.0000000000
68013  -28.509  -12.792  50.531 0.0000000000
67994  -28.337  -12.542  51.074 0.0000000000
69417  -28.660  -12.382  51.033 0.0000000000
75473  -36.137  -8.868  47.729 0.0000000000
62541  -15.022  -17.468  53.836 0.0000000000
80996  -43.945  -3.922  25.065 0.0000000000
88080  -48.107  0.750  27.846 0.0000000000
86813  -47.403  0.125  28.209 0.0000000000
88068  -47.719  0.994  29.177 0.0000000000
88069  -48.140  1.732  28.858 0.0000000000
92043  -51.160  4.183  25.497 0.0000000000
90624  -50.684  3.582  25.070 0.0000000000
90800  -54.082  3.063  14.943 0.0000000000
89485  -57.245  2.816  12.253 0.0000000000
89486  -58.325  2.989  12.207 0.0000000000
90896  -60.363  3.622  8.372 0.0000000000
89529  -59.477  3.083  8.888 0.0000000000
90875  -60.967  4.376  9.018 0.0000000000
92250  -62.119  4.621  9.364 0.0000000000
90876  -61.794  4.389  8.715 0.0000000000
69686  -34.574  -11.735  37.964 0.0000000000
66833  -31.436  -13.934  39.268 0.0000000000
68195  -34.130  -12.525  41.557 0.0000000000
69628  -35.151  -11.714  40.581 0.0000000000
79588  -42.823  -5.241  31.739 0.0000000000
79589  -43.328  -4.536  31.845 0.0000000000
80897  -43.121  -4.608  31.239 0.0000000000
80921  -43.219  -4.576  29.662 0.0000000000
80910  -43.606  -3.780  30.482 0.0000000000
80922  -43.767  -3.763  29.938 0.0000000000
82367  -44.116  -3.201  30.294 0.0000000000
82388  -44.206  -3.706  29.492 0.0000000000
93444  -52.611  4.934  19.885 0.0000000000
95929  -54.072  7.129  21.447 0.0000000000
95930  -54.751  7.312  21.065 0.0000000000
95989  -57.564  7.584  17.012 0.0000000000
95990  -58.373  7.666  16.577 0.0000000000
94747  -57.792  7.033  16.314 0.0000000000
62493  -8.485  -16.443  55.880 0.0000000000
63883  -9.242  -16.343  56.898 0.0000000000
78186  -38.322  -6.500  37.466 0.0000000000
78171  -38.317  -6.220  37.802 0.0000000000
79486  -38.383  -6.215  37.147 0.0000000000
79501  -38.529  -5.725  36.087 0.0000000000
80806  -39.264  -5.356  36.793 0.0000000000
80820  -38.867  -5.247  35.832 0.0000000000
80836  -39.050  -4.982  35.435 0.0000000000
79522  -38.510  -5.884  34.470 0.0000000000
78283  -37.486  -6.676  33.041 0.0000000000
78307  -37.783  -6.969  32.026 0.0000000000
70951  -21.728  -11.190  51.349 0.0000000000
72524  -23.331  -10.734  53.231 0.0000000000
70918  -25.953  -11.458  53.225 0.0000000000
72499  -25.788  -11.403  53.896 0.0000000000
69594  -24.171  -12.105  42.562 0.0000000000
66694  -31.163  -13.715  46.755 0.0000000000
66693  -30.282  -14.070  46.403 0.0000000000
66681  -30.835  -13.522  47.260 0.0000000000
69458  -31.297  -12.222  48.741 0.0000000000
69457  -30.397  -12.770  48.800 0.0000000000
70990  -30.696  -11.903  49.751 0.0000000000
70975  -30.389  -11.626  50.371 0.0000000000
72534  -32.217  -11.064  51.243 0.0000000000
62543  -16.233  -17.357  53.006 0.0000000000
62559  -16.774  -17.024  52.534 0.0000000000
62545  -18.383  -16.529  54.060 0.0000000000
61142  -18.442  -17.337  54.136 0.0000000000
82476  -45.539  -2.352  23.548 0.0000000000
85515  -47.931  -0.377  24.559 0.0000000000
85514  -47.385  -0.991  24.681 0.0000000000
85496  -47.854  -0.624  25.489 0.0000000000
86839  -48.166  -0.080  26.211 0.0000000000
89557  -59.332  3.300  6.748 0.0000000000
90930  -60.815  4.094  6.156 0.0000000000
62498  -13.634  -17.977  56.713 0.0000000000
61069  -14.945  -18.263  58.628 0.0000000000
78110  -37.448  -5.647  45.274 0.0000000000
76860  -37.459  -6.611  43.997 0.0000000000
75549  -37.789  -7.202  42.347 0.0000000000
75562  -38.518  -7.316  41.352 0.0000000000
74174  -38.274  -7.850  40.662 0.0000000000
72721  -37.025  -10.079  39.453 0.0000000000
72753  -37.223  -9.284  37.495 0.0000000000
74210  -38.017  -9.099  38.631 0.0000000000
74229  -38.329  -8.583  38.228 0.0000000000
75615  -38.328  -8.327  37.635 0.0000000000
75629  -38.388  -7.790  37.509 0.0000000000
75628  -37.877  -8.151  36.953 0.0000000000
66667  -18.477  -14.038  48.566 0.0000000000
66654  -18.519  -13.930  49.398 0.0000000000
68031  -18.886  -13.433  49.614 0.0000000000
68053  -19.232  -13.247  48.964 0.0000000000
69449  -20.045  -12.878  49.064 0.0000000000
69450  -20.781  -12.345  48.701 0.0000000000
69467  -21.587  -11.850  47.530 0.0000000000
71000  -21.960  -11.784  48.745 0.0000000000
71001  -22.327  -11.755  48.981 0.0000000000
71002  -22.745  -11.678  49.322 0.0000000000
69453  -22.904  -11.794  48.573 0.0000000000
65399  -28.095  -14.196  40.914 0.0000000000
66786  -27.154  -13.923  40.732 0.0000000000
65376  -28.422  -14.235  41.630 0.0000000000
66764  -28.452  -14.211  42.390 0.0000000000
66765  -29.245  -14.290  42.645 0.0000000000
65422  -30.961  -14.385  40.834 0.0000000000
65421  -30.258  -14.464  40.580 0.0000000000
65403  -31.010  -14.509  41.591 0.0000000000
66745  -30.463  -14.275  43.690 0.0000000000
66723  -31.750  -14.149  44.937 0.0000000000
68114  -33.317  -12.629  45.794 0.0000000000
69489  -32.700  -12.221  46.979 0.0000000000
69490  -33.414  -11.698  46.871 0.0000000000
71018  -33.970  -11.095  46.714 0.0000000000
71019  -34.519  -10.485  46.585 0.0000000000
72607  -35.258  -9.727  46.348 0.0000000000
72641  -35.913  -9.863  44.448 0.0000000000
74102  -35.953  -8.639  45.858 0.0000000000
75512  -36.332  -7.837  45.460 0.0000000000
75527  -36.769  -7.446  44.433 0.0000000000
75513  -36.799  -6.904  45.524 0.0000000000
76840  -37.057  -6.160  45.616 0.0000000000
63972  -17.590  -15.904  49.221 0.0000000000
85278  -43.322  -0.162  38.900 0.0000000000
85299  -43.351  -0.647  38.276 0.0000000000
85324  -44.163  0.025  36.999 0.0000000000
86726  -44.579  0.324  36.636 0.0000000000
82340  -43.839  -3.062  32.246 0.0000000000
83853  -43.839  -2.280  34.353 0.0000000000
86750  -44.924  0.014  34.201 0.0000000000
88006  -45.043  0.951  36.006 0.0000000000
88007  -45.705  1.533  35.481 0.0000000000
88015  -45.895  1.503  34.399 0.0000000000
89199  -46.663  1.868  34.183 0.0000000000
89349  -47.816  2.417  22.077 0.0000000000
90666  -48.011  2.875  21.750 0.0000000000
90668  -49.316  3.804  22.486 0.0000000000
92075  -50.118  4.483  23.606 0.0000000000
93411  -50.109  4.975  23.337 0.0000000000
93434  -50.842  4.931  21.397 0.0000000000
94672  -51.854  5.933  21.810 0.0000000000
94653  -51.732  6.178  23.472 0.0000000000
61052  -5.626  -16.974  60.287 0.0000000000
62457  -5.136  -16.230  60.392 0.0000000000
61051  -4.940  -16.939  60.215 0.0000000000
79746  -40.406  -5.105  22.729 0.0000000000
79747  -41.492  -4.765  22.862 0.0000000000
79765  -40.917  -4.865  22.212 0.0000000000
81061  -42.453  -3.936  21.736 0.0000000000
81081  -42.861  -3.375  21.089 0.0000000000
82510  -43.981  -2.737  21.720 0.0000000000
82531  -43.543  -2.640  20.866 0.0000000000
84126  -43.809  -1.615  20.228 0.0000000000
85593  -44.222  -0.771  20.102 0.0000000000
85577  -44.789  -0.588  20.505 0.0000000000
86943  -44.897  -0.104  20.424 0.0000000000
88199  -44.819  1.045  19.877 0.0000000000
89370  -45.546  2.005  20.045 0.0000000000
89371  -46.217  2.069  20.486 0.0000000000
90731  -45.687  3.236  18.352 0.0000000000
90711  -46.024  2.940  19.139 0.0000000000
89386  -46.523  2.810  18.970 0.0000000000
90732  -47.759  2.785  18.882 0.0000000000
89421  -48.251  2.485  17.497 0.0000000000
89420  -47.133  2.501  17.507 0.0000000000
90733  -48.509  3.023  18.520 0.0000000000
90749  -49.022  2.919  17.833 0.0000000000
90750  -49.787  3.018  17.479 0.0000000000
90764  -51.052  3.136  16.573 0.0000000000
90751  -50.713  3.272  17.400 0.0000000000
90752  -51.563  3.442  17.277 0.0000000000
92161  -52.404  3.453  16.805 0.0000000000
92162  -52.963  3.582  16.775 0.0000000000
90766  -52.428  3.259  16.596 0.0000000000
89464  -50.619  2.552  14.728 0.0000000000
89465  -51.469  2.610  14.940 0.0000000000
89477  -51.966  2.671  14.359 0.0000000000
66545  -7.497  -14.694  59.040 0.0000000000
62486  -12.143  -17.401  57.681 0.0000000000
63879  -11.436  -16.991  58.159 0.0000000000
63878  -11.012  -16.681  58.126 0.0000000000
63870  -10.449  -16.092  58.451 0.0000000000
59753  -12.403  -18.675  59.426 0.0000000000
62463  -10.289  -17.196  59.526 0.0000000000
63859  -10.503  -16.935  59.286 0.0000000000
63858  -9.940  -16.557  59.349 0.0000000000
65187  -10.106  -16.010  59.016 0.0000000000
65181  -9.324  -15.954  59.229 0.0000000000
63857  -8.860  -16.184  59.668 0.0000000000
61055  -8.079  -17.384  60.259 0.0000000000
63856  -8.094  -15.815  59.988 0.0000000000
62456  -7.798  -16.165  60.154 0.0000000000
63851  -6.853  -15.672  59.922 0.0000000000
62455  -7.210  -16.115  60.140 0.0000000000
62459  -6.869  -16.567  60.275 0.0000000000
61054  -7.307  -17.238  60.378 0.0000000000
59761  -7.771  -18.699  59.842 0.0000000000
85231  -42.957  -1.633  42.511 0.0000000000
85221  -42.828  -1.036  42.435 0.0000000000
86591  -42.325  -0.795  42.583 0.0000000000
78122  -37.976  -5.335  44.364 0.0000000000
79413  -37.863  -4.619  44.910 0.0000000000
79421  -38.396  -4.683  44.103 0.0000000000
80753  -38.850  -3.777  42.936 0.0000000000
80752  -38.760  -3.960  43.800 0.0000000000
82178  -38.939  -3.120  43.562 0.0000000000
83680  -39.267  -2.717  43.952 0.0000000000
82199  -38.909  -2.965  42.398 0.0000000000
79464  -38.258  -5.204  38.673 0.0000000000
79442  -38.460  -4.383  40.044 0.0000000000
80783  -38.292  -4.089  39.680 0.0000000000
83767  -39.205  -2.453  40.525 0.0000000000
82227  -38.887  -2.932  40.613 0.0000000000
83748  -38.864  -2.153  41.001 0.0000000000
85244  -39.534  -1.727  41.574 0.0000000000
85230  -40.182  -1.503  41.981 0.0000000000
85245  -39.950  -1.241  41.329 0.0000000000
85275  -41.160  -1.636  40.046 0.0000000000
85260  -40.757  -1.187  40.570 0.0000000000
85261  -41.451  -0.845  40.361 0.0000000000
86642  -41.417  -0.429  40.731 0.0000000000
85276  -41.856  -1.232  39.735 0.0000000000
82276  -41.905  -3.397  37.257 0.0000000000
82267  -42.262  -2.766  37.557 0.0000000000
82288  -42.163  -3.457  36.554 0.0000000000
82289  -42.483  -3.122  35.890 0.0000000000
79524  -39.454  -5.141  34.503 0.0000000000
80847  -39.982  -5.045  34.852 0.0000000000
78260  -40.456  -6.148  33.249 0.0000000000
79543  -40.770  -5.759  33.989 0.0000000000
79565  -41.436  -5.891  33.603 0.0000000000
79544  -41.506  -5.313  33.935 0.0000000000
79566  -41.965  -5.513  33.291 0.0000000000
78288  -42.327  -5.710  32.542 0.0000000000
78310  -41.214  -6.435  31.535 0.0000000000
78339  -39.770  -6.216  29.607 0.0000000000
78357  -39.671  -5.915  28.842 0.0000000000
79619  -39.015  -5.793  27.904 0.0000000000
78337  -33.998  -7.399  29.852 0.0000000000
77054  -35.044  -6.913  28.513 0.0000000000
77036  -35.454  -7.173  29.430 0.0000000000
77072  -35.601  -6.562  27.450 0.0000000000
77073  -36.672  -6.454  27.580 0.0000000000
78369  -36.319  -6.147  26.875 0.0000000000
66625  -18.075  -13.769  51.136 0.0000000000
67957  -18.466  -13.344  52.574 0.0000000000
69369  -18.937  -12.344  53.770 0.0000000000
70915  -20.975  -11.072  53.387 0.0000000000
70903  -21.096  -10.655  54.484 0.0000000000
69501  -22.080  -11.851  45.489 0.0000000000
69470  -24.018  -11.878  47.272 0.0000000000
69454  -23.822  -11.949  48.266 0.0000000000
68173  -26.090  -13.241  41.994 0.0000000000
68096  -28.554  -14.076  46.304 0.0000000000
68109  -25.775  -12.980  45.600 0.0000000000
68010  -25.724  -12.667  50.038 0.0000000000
69416  -25.776  -12.495  50.588 0.0000000000
69397  -26.069  -12.250  51.428 0.0000000000
70939  -28.549  -11.750  52.296 0.0000000000
70938  -27.385  -11.673  52.637 0.0000000000
70959  -30.433  -11.066  51.347 0.0000000000
70958  -29.501  -11.761  51.358 0.0000000000
70941  -30.655  -10.989  52.240 0.0000000000
72577  -34.337  -9.473  48.224 0.0000000000
62540  -9.199  -17.575  52.821 0.0000000000
62599  -13.458  -17.234  49.415 0.0000000000
61179  -12.450  -18.159  50.439 0.0000000000
61190  -11.874  -18.145  49.895 0.0000000000
61188  -10.724  -17.693  49.456 0.0000000000
61166  -11.546  -18.366  51.388 0.0000000000
59820  -12.697  -18.334  53.003 0.0000000000
61153  -11.785  -18.582  52.590 0.0000000000
59807  -12.054  -18.599  53.350 0.0000000000
59797  -12.225  -18.591  53.797 0.0000000000
61104  -13.174  -18.287  55.230 0.0000000000
61119  -12.859  -18.531  54.141 0.0000000000
61123  -16.474  -17.598  54.429 0.0000000000
87899  -45.443  0.132  40.304 0.0000000000
79651  -41.562  -5.196  26.907 0.0000000000
79675  -42.098  -4.993  26.073 0.0000000000
80955  -44.218  -4.429  26.939 0.0000000000
80946  -44.177  -4.550  27.677 0.0000000000
82409  -44.767  -3.734  28.729 0.0000000000
82410  -45.161  -3.253  28.365 0.0000000000
84036  -46.130  -2.293  25.290 0.0000000000
82446  -45.509  -3.026  25.743 0.0000000000
84015  -46.012  -2.296  26.319 0.0000000000
85442  -46.427  -0.764  28.685 0.0000000000
85456  -45.980  -1.311  28.337 0.0000000000
85431  -46.314  -0.770  29.443 0.0000000000
86801  -46.442  -0.488  29.980 0.0000000000
86792  -46.425  -0.403  30.696 0.0000000000
88053  -46.767  0.034  30.617 0.0000000000
89253  -48.022  1.787  30.459 0.0000000000
89239  -48.091  2.041  31.605 0.0000000000
88152  -48.584  1.838  23.290 0.0000000000
86897  -48.556  1.204  23.599 0.0000000000
88136  -49.074  1.726  24.112 0.0000000000
88119  -49.667  1.593  25.272 0.0000000000
89295  -50.128  1.965  26.696 0.0000000000
88091  -49.716  1.609  26.944 0.0000000000
92179  -53.658  3.587  16.342 0.0000000000
93492  -54.681  4.856  16.203 0.0000000000
92180  -54.607  4.006  15.996 0.0000000000
92196  -55.298  3.769  15.264 0.0000000000
92181  -55.651  4.336  15.839 0.0000000000
92182  -56.661  4.142  15.484 0.0000000000
90816  -54.169  2.810  13.670 0.0000000000
90819  -57.576  3.552  13.566 0.0000000000
90803  -57.096  3.653  14.341 0.0000000000
92198  -57.764  4.069  14.171 0.0000000000
93506  -58.002  4.668  14.488 0.0000000000
93516  -58.996  4.982  13.299 0.0000000000
93525  -59.908  5.099  12.285 0.0000000000
93518  -60.689  5.641  13.172 0.0000000000
93526  -60.575  5.423  12.083 0.0000000000
94784  -61.998  6.045  12.969 0.0000000000
94794  -62.085  6.043  12.152 0.0000000000
89513  -58.696  2.553  9.532 0.0000000000
89503  -57.870  2.295  10.305 0.0000000000
89505  -59.523  3.287  10.780 0.0000000000
92235  -61.465  4.982  10.303 0.0000000000
92234  -60.852  4.812  10.559 0.0000000000
93542  -61.901  5.387  10.649 0.0000000000
94807  -62.413  5.519  11.287 0.0000000000
93535  -62.827  4.987  11.288 0.0000000000
69648  -35.183  -11.749  39.602 0.0000000000
66834  -31.960  -13.318  38.597 0.0000000000
68216  -34.029  -12.230  40.286 0.0000000000
69627  -34.663  -11.982  40.139 0.0000000000
79609  -41.860  -5.309  29.813 0.0000000000
80920  -42.370  -5.052  29.203 0.0000000000
80934  -42.652  -5.099  28.755 0.0000000000
92140  -52.790  4.341  18.242 0.0000000000
92132  -53.630  4.820  18.998 0.0000000000
94696  -54.454  5.754  19.343 0.0000000000
94714  -55.770  6.745  18.916 0.0000000000
95968  -56.356  7.164  18.635 0.0000000000
95958  -57.238  8.021  18.527 0.0000000000
94729  -56.668  7.056  17.567 0.0000000000
94745  -55.856  6.092  16.986 0.0000000000
62523  -8.620  -17.060  54.324 0.0000000000
62495  -10.115  -17.087  56.600 0.0000000000
78217  -37.192  -6.847  35.638 0.0000000000
78218  -37.723  -6.561  35.961 0.0000000000
79521  -38.008  -6.253  34.594 0.0000000000
79539  -37.837  -6.193  34.022 0.0000000000
78305  -35.642  -7.095  31.760 0.0000000000
70952  -22.647  -10.852  51.547 0.0000000000
72525  -24.135  -11.202  53.260 0.0000000000
72510  -24.486  -11.256  53.838 0.0000000000
70936  -25.512  -11.545  52.699 0.0000000000
69488  -32.102  -12.439  47.305 0.0000000000
68080  -31.200  -12.919  47.624 0.0000000000
69473  -31.655  -12.454  47.885 0.0000000000
69459  -31.943  -12.012  48.486 0.0000000000
71003  -31.780  -11.822  48.942 0.0000000000
70992  -32.136  -10.868  49.626 0.0000000000
63947  -16.707  -16.196  51.170 0.0000000000
62573  -17.093  -16.476  52.007 0.0000000000
62560  -17.556  -16.616  52.758 0.0000000000
85553  -46.079  -0.959  22.119 0.0000000000
84075  -46.077  -1.467  23.006 0.0000000000
85533  -47.391  -0.423  23.586 0.0000000000
85534  -47.927  -0.057  24.010 0.0000000000
74173  -37.620  -8.350  40.907 0.0000000000
72751  -35.982  -10.483  37.223 0.0000000000
72738  -37.094  -9.993  38.507 0.0000000000
72752  -36.658  -9.804  37.401 0.0000000000
74246  -37.085  -8.820  36.979 0.0000000000
74264  -36.709  -8.521  36.409 0.0000000000
74263  -36.252  -8.845  36.036 0.0000000000
65301  -17.960  -15.252  48.592 0.0000000000
66666  -18.073  -14.534  48.071 0.0000000000
66678  -18.675  -14.218  47.724 0.0000000000
68106  -19.508  -13.749  46.394 0.0000000000
69466  -20.915  -12.202  47.712 0.0000000000
66788  -31.948  -13.974  41.976 0.0000000000
66787  -31.430  -14.400  41.940 0.0000000000
66768  -32.192  -13.834  43.016 0.0000000000
66747  -32.339  -13.697  44.139 0.0000000000
66724  -32.537  -13.689  45.137 0.0000000000
69507  -33.807  -11.850  45.828 0.0000000000
69508  -34.523  -11.467  45.388 0.0000000000
71082  -35.845  -10.572  42.841 0.0000000000
71064  -35.754  -10.582  43.730 0.0000000000
74119  -36.414  -8.307  44.210 0.0000000000
63989  -16.886  -16.555  47.843 0.0000000000
64004  -16.883  -16.329  47.015 0.0000000000
63990  -17.449  -16.113  48.102 0.0000000000
83817  -42.902  -2.465  36.299 0.0000000000
83803  -43.409  -1.251  37.361 0.0000000000
83818  -43.495  -1.860  36.539 0.0000000000
85359  -44.337  -0.929  35.723 0.0000000000
83879  -44.406  -2.273  31.826 0.0000000000
83867  -44.800  -1.347  32.940 0.0000000000
83880  -44.876  -1.538  32.312 0.0000000000
85395  -45.137  -0.875  32.716 0.0000000000
86761  -45.352  -0.190  33.207 0.0000000000
88032  -45.952  0.186  32.776 0.0000000000
88033  -46.558  0.774  32.387 0.0000000000
92099  -48.138  3.385  20.931 0.0000000000
90682  -48.196  3.366  21.399 0.0000000000
92100  -48.714  3.718  21.256 0.0000000000
92087  -50.230  5.040  22.263 0.0000000000
94673  -52.777  6.232  21.771 0.0000000000
95917  -53.046  7.033  22.731 0.0000000000
94773  -61.169  5.897  14.452 0.0000000000
82549  -43.063  -2.330  20.071 0.0000000000
89405  -44.615  2.678  18.923 0.0000000000
90710  -45.219  2.709  19.217 0.0000000000
90748  -45.658  3.351  18.007 0.0000000000
88228  -47.971  1.989  16.181 0.0000000000
89432  -48.513  2.177  16.484 0.0000000000
89433  -49.596  2.436  16.490 0.0000000000
89434  -50.407  2.691  16.203 0.0000000000
90780  -51.567  3.035  16.153 0.0000000000
89463  -49.874  2.533  14.467 0.0000000000
66552  -7.355  -14.775  58.618 0.0000000000
62471  -12.984  -17.946  58.444 0.0000000000
62470  -11.879  -17.693  58.574 0.0000000000
59752  -11.210  -18.666  59.486 0.0000000000
61057  -9.941  -17.694  59.767 0.0000000000
78138  -38.785  -5.749  42.680 0.0000000000
78133  -38.923  -5.164  42.843 0.0000000000
79428  -38.923  -4.493  42.456 0.0000000000
79434  -38.882  -4.464  41.557 0.0000000000
82252  -38.334  -4.041  38.687 0.0000000000
82239  -38.517  -3.893  39.323 0.0000000000
82240  -39.334  -3.403  39.950 0.0000000000
83768  -39.791  -2.384  40.311 0.0000000000
82241  -40.224  -3.021  39.764 0.0000000000
82242  -40.642  -2.679  39.519 0.0000000000
83783  -40.985  -2.443  39.266 0.0000000000
83784  -41.767  -2.208  38.896 0.0000000000
82256  -41.181  -2.823  38.723 0.0000000000
82275  -41.341  -3.564  37.720 0.0000000000
79563  -39.024  -6.109  33.305 0.0000000000
79542  -39.759  -5.723  33.806 0.0000000000
78285  -39.216  -6.488  32.551 0.0000000000
78286  -40.221  -6.529  32.256 0.0000000000
78309  -40.369  -6.556  31.236 0.0000000000
77008  -39.705  -6.681  31.073 0.0000000000
77040  -39.069  -6.479  29.749 0.0000000000
78338  -39.176  -6.304  29.138 0.0000000000
67990  -18.701  -13.124  51.224 0.0000000000
67973  -18.977  -12.739  52.226 0.0000000000
69370  -19.550  -11.895  53.484 0.0000000000
72495  -22.113  -10.593  54.518 0.0000000000
72494  -21.422  -10.597  55.055 0.0000000000
69568  -22.255  -12.263  42.253 0.0000000000
69545  -23.126  -11.902  43.722 0.0000000000
69502  -23.007  -11.756  45.541 0.0000000000
69471  -24.598  -12.140  47.118 0.0000000000
66741  -26.955  -13.828  42.805 0.0000000000
68150  -26.217  -13.314  42.626 0.0000000000
66718  -27.225  -13.959  43.550 0.0000000000
68129  -27.186  -13.933  44.061 0.0000000000
68056  -26.876  -13.516  48.643 0.0000000000
68035  -27.129  -13.418  49.639 0.0000000000
67992  -27.029  -12.798  51.098 0.0000000000
69398  -27.296  -12.394  51.647 0.0000000000
67993  -27.850  -12.704  51.105 0.0000000000
69399  -28.287  -12.277  51.569 0.0000000000
62584  -13.607  -17.685  50.475 0.0000000000
61180  -13.035  -18.148  50.978 0.0000000000
61167  -12.523  -18.337  51.562 0.0000000000
61138  -13.741  -18.081  53.459 0.0000000000
61120  -13.868  -18.172  54.385 0.0000000000
79704  -42.578  -4.701  25.259 0.0000000000
79676  -42.960  -5.029  26.196 0.0000000000
80995  -43.382  -4.529  25.586 0.0000000000
80973  -44.110  -4.358  26.012 0.0000000000
80956  -44.493  -4.013  26.453 0.0000000000
85475  -46.908  -1.196  26.686 0.0000000000
83990  -46.361  -1.755  26.884 0.0000000000
85443  -46.857  -0.501  28.131 0.0000000000
88067  -47.202  0.382  29.497 0.0000000000
88054  -47.132  0.439  30.268 0.0000000000
89266  -47.869  1.509  29.880 0.0000000000
89254  -48.409  2.568  30.385 0.0000000000
89322  -50.281  3.208  24.675 0.0000000000
89321  -49.763  2.396  24.483 0.0000000000
89309  -50.435  2.822  25.359 0.0000000000
89296  -50.506  2.577  26.346 0.0000000000
90832  -57.234  3.162  13.019 0.0000000000
90820  -58.182  3.748  13.227 0.0000000000
92208  -58.650  4.391  13.326 0.0000000000
90834  -58.631  3.658  12.629 0.0000000000
90835  -59.075  4.010  12.272 0.0000000000
90845  -59.411  3.888  11.730 0.0000000000
90862  -59.994  3.787  10.232 0.0000000000
92241  -61.221  4.717  9.790 0.0000000000
93550  -62.035  4.900  9.930 0.0000000000
92251  -62.569  4.454  9.659 0.0000000000
89549  -62.616  3.266  7.149 0.0000000000
72689  -36.528  -9.681  41.552 0.0000000000
71159  -35.723  -11.084  38.854 0.0000000000
71177  -36.069  -10.676  37.880 0.0000000000
65330  -17.700  -15.078  45.173 0.0000000000
66715  -18.428  -14.457  44.392 0.0000000000
65435  -30.135  -14.505  39.700 0.0000000000
65436  -30.878  -14.328  39.944 0.0000000000
68153  -34.248  -12.420  43.397 0.0000000000
68176  -34.501  -12.321  42.666 0.0000000000
69577  -34.946  -11.733  42.539 0.0000000000
69602  -34.923  -11.786  41.560 0.0000000000
71103  -35.396  -11.133  42.188 0.0000000000
71104  -35.973  -10.496  41.877 0.0000000000
80860  -42.921  -4.239  33.657 0.0000000000
80861  -43.274  -3.973  33.158 0.0000000000
80880  -43.479  -4.003  32.511 0.0000000000
80909  -43.128  -4.402  30.600 0.0000000000
83897  -44.481  -2.395  30.833 0.0000000000
83910  -44.997  -1.818  30.502 0.0000000000
90699  -50.413  3.653  19.890 0.0000000000
92116  -50.573  4.143  20.543 0.0000000000
92117  -51.414  4.475  20.244 0.0000000000
93436  -52.409  5.440  20.758 0.0000000000
94682  -53.039  5.915  20.849 0.0000000000
94674  -53.630  6.712  21.516 0.0000000000
95919  -54.461  7.917  21.947 0.0000000000
95970  -57.516  8.008  17.857 0.0000000000
96002  -58.729  7.406  16.010 0.0000000000
94761  -58.550  6.597  15.491 0.0000000000
63905  -7.924  -16.416  54.692 0.0000000000
63881  -7.648  -15.823  55.979 0.0000000000
65208  -7.667  -15.666  56.480 0.0000000000
65200  -8.725  -15.654  57.653 0.0000000000
76896  -38.659  -6.481  39.176 0.0000000000
78151  -38.743  -5.365  40.197 0.0000000000
78159  -38.438  -5.596  39.346 0.0000000000
79500  -38.194  -6.257  36.338 0.0000000000
80798  -38.926  -4.792  38.146 0.0000000000
80807  -39.704  -4.624  37.331 0.0000000000
80822  -40.237  -4.583  36.656 0.0000000000
79513  -39.093  -4.987  34.911 0.0000000000
79540  -38.350  -5.848  33.974 0.0000000000
78284  -38.390  -6.553  32.775 0.0000000000
75715  -36.977  -7.422  30.038 0.0000000000
69412  -20.565  -12.051  50.535 0.0000000000
69395  -20.377  -11.885  51.428 0.0000000000
70916  -21.691  -10.654  53.665 0.0000000000
72523  -22.565  -10.499  53.232 0.0000000000
72507  -22.173  -10.402  53.802 0.0000000000
72496  -23.184  -10.721  54.448 0.0000000000
72498  -24.852  -11.290  54.170 0.0000000000
69592  -22.711  -11.785  41.597 0.0000000000
69570  -23.647  -11.929  43.053 0.0000000000
69547  -24.534  -12.224  44.228 0.0000000000
66703  -29.128  -14.225  45.199 0.0000000000
66679  -29.729  -14.079  46.989 0.0000000000
68079  -30.652  -13.305  47.821 0.0000000000
68078  -29.836  -13.759  47.762 0.0000000000
69456  -29.706  -12.750  49.418 0.0000000000
69438  -29.502  -12.425  50.005 0.0000000000
69418  -29.211  -12.230  50.673 0.0000000000
69419  -29.766  -11.999  50.243 0.0000000000
70960  -31.220  -10.893  51.393 0.0000000000
72543  -31.696  -10.843  50.939 0.0000000000
72528  -32.132  -11.285  52.234 0.0000000000
62618  -14.242  -17.011  48.615 0.0000000000
62600  -14.431  -17.090  49.641 0.0000000000
62586  -15.557  -16.841  50.791 0.0000000000
62557  -14.851  -17.393  52.686 0.0000000000
62542  -15.594  -17.371  53.293 0.0000000000
61140  -16.839  -17.409  53.310 0.0000000000
61141  -17.776  -17.521  53.811 0.0000000000
59809  -18.395  -17.731  54.338 0.0000000000
81019  -44.608  -3.223  23.450 0.0000000000
80997  -44.869  -3.544  24.561 0.0000000000
82459  -45.113  -2.949  23.834 0.0000000000
82460  -45.594  -2.845  24.571 0.0000000000
84057  -46.771  -1.278  23.925 0.0000000000
84037  -46.781  -1.671  24.946 0.0000000000
85476  -47.616  -0.669  26.473 0.0000000000
86823  -47.904  0.073  27.168 0.0000000000
88089  -48.421  0.531  27.263 0.0000000000
90828  -52.087  3.173  12.736 0.0000000000
90830  -54.493  2.653  12.316 0.0000000000
90914  -62.164  3.948  6.833 0.0000000000
92289  -61.970  4.157  6.419 0.0000000000
61103  -12.072  -18.363  55.329 0.0000000000
62510  -11.353  -18.160  55.701 0.0000000000
62497  -12.857  -17.964  56.802 0.0000000000
62472  -14.084  -17.976  58.300 0.0000000000
78111  -37.689  -5.312  44.893 0.0000000000
76869  -37.665  -6.749  43.129 0.0000000000
76861  -37.977  -6.299  43.489 0.0000000000
76870  -38.297  -6.410  42.679 0.0000000000
76878  -38.560  -6.555  41.914 0.0000000000
75563  -38.947  -6.738  40.911 0.0000000000
75580  -38.829  -7.007  40.493 0.0000000000
72690  -36.980  -9.197  40.916 0.0000000000
72722  -37.518  -9.548  39.101 0.0000000000
74191  -37.883  -8.847  39.667 0.0000000000
74192  -38.301  -8.117  40.025 0.0000000000
75600  -38.732  -7.189  40.033 0.0000000000
76897  -38.781  -6.753  39.886 0.0000000000
76911  -38.626  -6.996  38.438 0.0000000000
76924  -38.190  -7.259  37.173 0.0000000000
75643  -37.104  -8.001  36.491 0.0000000000
76938  -37.066  -7.277  36.123 0.0000000000
76968  -36.212  -7.256  34.712 0.0000000000
78237  -35.987  -6.975  34.164 0.0000000000
65264  -17.766  -14.767  51.891 0.0000000000
66626  -18.553  -13.438  50.757 0.0000000000
68008  -18.871  -13.203  50.373 0.0000000000
68009  -19.400  -12.838  50.674 0.0000000000
68072  -19.040  -13.776  48.320 0.0000000000
68091  -19.360  -13.867  47.417 0.0000000000
69432  -19.974  -12.542  50.118 0.0000000000
69413  -21.027  -11.962  50.056 0.0000000000
70969  -21.616  -11.670  50.240 0.0000000000
70986  -21.853  -11.789  49.260 0.0000000000
70988  -23.046  -11.423  49.921 0.0000000000
65401  -29.649  -14.467  41.214 0.0000000000
65378  -29.809  -14.480  42.013 0.0000000000
65380  -31.075  -14.545  42.122 0.0000000000
66744  -29.500  -14.317  43.534 0.0000000000
66721  -29.782  -14.307  44.478 0.0000000000
66705  -31.023  -14.234  45.756 0.0000000000
66695  -31.715  -13.390  46.599 0.0000000000
66707  -32.580  -13.423  45.712 0.0000000000
68112  -32.032  -13.138  46.531 0.0000000000
68099  -32.214  -12.730  46.814 0.0000000000
69475  -33.013  -11.649  47.531 0.0000000000
72591  -33.880  -10.230  47.768 0.0000000000
72592  -34.476  -9.806  47.541 0.0000000000
74070  -34.861  -9.239  47.938 0.0000000000
74071  -35.662  -9.114  47.572 0.0000000000
71043  -35.382  -10.734  44.805 0.0000000000
72640  -35.701  -10.359  44.754 0.0000000000
72622  -35.528  -10.144  45.261 0.0000000000
72608  -35.755  -9.185  46.124 0.0000000000
75488  -36.700  -7.593  47.101 0.0000000000
62636  -15.095  -17.134  47.760 0.0000000000
62620  -16.227  -16.788  49.045 0.0000000000
62638  -16.820  -16.646  48.408 0.0000000000
63958  -17.349  -15.884  50.203 0.0000000000
87943  -43.729  0.594  40.251 0.0000000000
86709  -43.788  -0.142  37.940 0.0000000000
86690  -44.207  0.678  38.745 0.0000000000
87964  -44.645  1.267  39.003 0.0000000000
87978  -44.886  1.106  38.160 0.0000000000
85373  -44.039  -1.557  35.048 0.0000000000
85374  -44.462  -0.792  34.691 0.0000000000
87994  -45.608  1.576  36.564 0.0000000000
89193  -46.244  2.173  35.056 0.0000000000
88178  -46.751  1.443  21.154 0.0000000000
88166  -47.169  1.056  22.054 0.0000000000
88167  -47.709  1.793  22.345 0.0000000000
88168  -48.170  1.893  22.849 0.0000000000
90667  -48.634  3.446  22.074 0.0000000000
90653  -49.122  3.175  22.913 0.0000000000
89337  -49.539  3.061  23.635 0.0000000000
90638  -49.993  3.556  24.039 0.0000000000
92061  -50.328  4.138  24.140 0.0000000000
93386  -51.046  4.827  25.005 0.0000000000
92102  -50.239  4.741  21.689 0.0000000000
94663  -51.551  6.051  22.495 0.0000000000
94662  -50.920  5.785  22.729 0.0000000000
93412  -50.442  5.360  22.809 0.0000000000
63849  -5.585  -15.472  60.175 0.0000000000
79650  -40.497  -5.170  26.720 0.0000000000
79673  -40.093  -5.244  25.672 0.0000000000
79702  -40.773  -4.986  24.831 0.0000000000
79726  -40.576  -5.041  23.765 0.0000000000
79728  -42.281  -4.569  24.214 0.0000000000
79748  -42.038  -4.646  23.509 0.0000000000
81040  -42.735  -4.066  23.037 0.0000000000
81060  -41.407  -4.433  21.558 0.0000000000
81041  -44.029  -3.190  22.639 0.0000000000
82494  -44.332  -2.723  22.097 0.0000000000
82511  -44.601  -2.318  21.674 0.0000000000
84105  -44.075  -2.024  20.804 0.0000000000
84091  -45.519  -1.557  21.810 0.0000000000
84107  -45.379  -1.156  21.236 0.0000000000
86934  -45.832  -0.081  21.286 0.0000000000
86955  -45.070  0.653  20.225 0.0000000000
86945  -46.095  0.869  20.832 0.0000000000
88188  -46.156  1.431  20.671 0.0000000000
89359  -46.841  2.123  20.926 0.0000000000
90680  -46.981  2.567  20.703 0.0000000000
90696  -46.554  2.677  20.017 0.0000000000
90697  -47.300  2.917  20.326 0.0000000000
92126  -47.590  3.045  20.118 0.0000000000
92128  -48.536  3.477  19.943 0.0000000000
90714  -49.121  3.553  19.362 0.0000000000
89418  -44.950  3.260  17.286 0.0000000000
89419  -45.972  3.090  17.703 0.0000000000
90715  -50.326  3.533  19.191 0.0000000000
90716  -50.906  3.542  18.700 0.0000000000
90736  -51.236  3.515  18.122 0.0000000000
92150  -53.619  4.533  17.653 0.0000000000
93475  -54.335  4.807  17.336 0.0000000000
89449  -51.790  2.821  15.666 0.0000000000
89450  -52.335  2.827  15.847 0.0000000000
90798  -52.772  2.756  15.753 0.0000000000
89478  -52.442  2.662  14.558 0.0000000000
90839  -50.645  3.821  12.005 0.0000000000
62484  -10.314  -16.673  57.308 0.0000000000
63884  -9.862  -16.481  57.299 0.0000000000
63876  -9.385  -15.949  57.648 0.0000000000
62465  -11.913  -17.964  58.997 0.0000000000
62469  -11.240  -17.487  59.001 0.0000000000
62464  -10.951  -17.460  59.169 0.0000000000
63864  -10.702  -16.699  58.985 0.0000000000
65195  -10.454  -16.031  58.821 0.0000000000
65194  -9.824  -15.822  58.693 0.0000000000
65174  -7.777  -15.450  59.912 0.0000000000
62453  -6.012  -15.805  60.082 0.0000000000
62458  -5.944  -16.207  60.261 0.0000000000
61066  -5.953  -17.699  60.068 0.0000000000
59747  -7.084  -17.645  60.260 0.0000000000
59760  -6.804  -18.245  59.879 0.0000000000
83721  -43.715  -1.733  42.133 0.0000000000
86605  -42.962  -0.567  42.214 0.0000000000
80708  -38.352  -3.635  46.184 0.0000000000
80740  -38.503  -4.013  44.482 0.0000000000
79453  -38.507  -4.753  40.115 0.0000000000
79443  -38.728  -4.509  40.632 0.0000000000
80774  -38.642  -3.783  41.104 0.0000000000
82214  -38.730  -2.956  41.364 0.0000000000
83719  -39.276  -2.398  42.664 0.0000000000
85198  -39.808  -2.367  43.170 0.0000000000
86589  -40.948  -0.986  42.630 0.0000000000
86602  -40.876  -0.454  42.168 0.0000000000
85246  -40.524  -0.916  41.080 0.0000000000
86622  -40.860  -0.824  41.507 0.0000000000
86603  -41.508  -0.136  42.298 0.0000000000
86624  -42.171  0.224  41.728 0.0000000000
85298  -42.652  -1.234  38.795 0.0000000000
83801  -42.177  -2.351  38.044 0.0000000000
83802  -42.752  -2.090  37.366 0.0000000000
82304  -42.771  -3.430  35.114 0.0000000000
80838  -40.944  -4.891  36.044 0.0000000000
79525  -40.222  -5.247  34.449 0.0000000000
79526  -41.036  -5.211  34.529 0.0000000000
80849  -41.496  -4.847  35.197 0.0000000000
80850  -42.423  -4.324  34.818 0.0000000000
79567  -42.658  -5.005  32.845 0.0000000000
78312  -42.588  -5.651  32.073 0.0000000000
78327  -41.677  -5.916  30.777 0.0000000000
78326  -40.952  -6.266  30.596 0.0000000000
78341  -41.342  -5.888  30.176 0.0000000000
79608  -41.105  -5.570  29.378 0.0000000000
76991  -34.601  -7.496  32.725 0.0000000000
78304  -34.816  -7.226  31.472 0.0000000000
78323  -35.258  -7.166  30.888 0.0000000000
77018  -35.073  -7.134  30.127 0.0000000000
78324  -35.952  -7.182  31.070 0.0000000000
77020  -36.642  -7.364  30.492 0.0000000000
75714  -36.733  -7.391  30.140 0.0000000000
75728  -37.113  -7.303  29.539 0.0000000000
77055  -36.238  -7.061  28.572 0.0000000000
77038  -37.636  -7.019  29.080 0.0000000000
77057  -38.072  -6.622  28.515 0.0000000000
78355  -37.996  -6.308  27.902 0.0000000000
78390  -36.677  -5.988  26.510 0.0000000000
78371  -37.948  -6.128  27.304 0.0000000000
78372  -38.407  -6.088  27.668 0.0000000000
79633  -38.782  -5.763  27.368 0.0000000000
66602  -18.295  -13.858  53.353 0.0000000000
67958  -18.712  -12.978  53.255 0.0000000000
70930  -20.207  -11.669  52.428 0.0000000000
70914  -20.191  -11.507  53.021 0.0000000000
68146  -20.161  -13.359  44.011 0.0000000000
68125  -20.672  -12.791  44.658 0.0000000000
69483  -21.743  -11.764  46.539 0.0000000000
69436  -23.757  -11.759  49.503 0.0000000000
69414  -24.118  -11.610  50.259 0.0000000000
68171  -24.816  -12.516  42.769 0.0000000000
68148  -24.957  -12.526  43.766 0.0000000000
68126  -24.957  -12.514  44.387 0.0000000000
69524  -24.874  -12.417  44.958 0.0000000000
66691  -28.570  -14.132  45.751 0.0000000000
69525  -25.275  -12.766  45.217 0.0000000000
69505  -25.107  -12.605  45.760 0.0000000000
69487  -24.874  -12.355  46.504 0.0000000000
68054  -24.935  -12.735  48.424 0.0000000000
68055  -25.754  -13.067  48.459 0.0000000000
69396  -25.250  -11.845  51.225 0.0000000000
70956  -25.890  -11.839  52.213 0.0000000000
70937  -26.407  -11.719  52.683 0.0000000000
69383  -26.859  -11.942  52.103 0.0000000000
70919  -26.887  -11.241  53.064 0.0000000000
70940  -29.621  -11.286  52.259 0.0000000000
70922  -29.521  -11.068  53.003 0.0000000000
62539  -8.672  -17.241  53.382 0.0000000000
61116  -10.103  -18.093  54.093 0.0000000000
61164  -9.804  -17.645  50.952 0.0000000000
61152  -10.685  -18.300  52.243 0.0000000000
61135  -10.756  -18.501  53.304 0.0000000000
61117  -10.916  -18.468  54.239 0.0000000000
59790  -18.109  -18.239  55.717 0.0000000000
80944  -43.036  -5.383  28.164 0.0000000000
79653  -43.271  -5.192  26.767 0.0000000000
80945  -43.892  -5.023  28.164 0.0000000000
82408  -44.156  -4.399  28.802 0.0000000000
83927  -45.133  -3.072  29.397 0.0000000000
80975  -45.127  -3.487  25.370 0.0000000000
82445  -45.089  -3.492  25.864 0.0000000000
82424  -45.264  -2.916  27.692 0.0000000000
83965  -46.106  -1.726  27.401 0.0000000000
82425  -45.592  -2.402  27.526 0.0000000000
83963  -45.508  -2.376  27.971 0.0000000000
83943  -45.471  -2.340  28.723 0.0000000000
85440  -45.575  -1.603  29.532 0.0000000000
85417  -45.984  -0.992  30.650 0.0000000000
86791  -46.099  -0.654  31.160 0.0000000000
86784  -46.383  -0.110  31.595 0.0000000000
88034  -47.211  1.161  32.117 0.0000000000
88043  -47.429  1.004  31.413 0.0000000000
89238  -47.460  1.481  31.931 0.0000000000
86920  -47.629  0.993  22.752 0.0000000000
86896  -47.948  0.482  23.523 0.0000000000
86875  -48.388  0.151  24.406 0.0000000000
88137  -49.487  1.692  24.650 0.0000000000
88118  -49.223  1.204  24.834 0.0000000000
86858  -48.852  0.548  25.084 0.0000000000
86840  -48.782  0.402  26.062 0.0000000000
88090  -49.017  1.109  27.108 0.0000000000
89285  -48.973  1.907  27.912 0.0000000000
89277  -49.284  2.417  28.213 0.0000000000
89276  -48.642  2.219  28.633 0.0000000000
90588  -48.725  3.038  29.226 0.0000000000
93476  -54.831  5.171  16.743 0.0000000000
93477  -55.608  5.559  16.581 0.0000000000
93478  -56.233  5.975  16.593 0.0000000000
94760  -57.303  6.193  16.070 0.0000000000
90802  -56.173  3.464  14.750 0.0000000000
90786  -56.805  3.792  14.949 0.0000000000
93496  -58.502  5.791  14.949 0.0000000000
94770  -58.824  5.999  14.834 0.0000000000
94771  -59.379  6.235  14.714 0.0000000000
94772  -60.294  6.420  14.678 0.0000000000
93509  -60.841  5.861  13.975 0.0000000000
93517  -59.689  5.222  13.006 0.0000000000
94778  -61.794  5.863  13.704 0.0000000000
94779  -62.410  5.980  13.417 0.0000000000
89494  -58.092  2.560  11.382 0.0000000000
89495  -59.120  3.006  11.618 0.0000000000
89496  -59.504  3.521  11.306 0.0000000000
92224  -59.890  4.493  11.527 0.0000000000
90855  -60.310  4.275  10.534 0.0000000000
92233  -60.260  4.508  10.989 0.0000000000
92225  -60.428  4.960  11.334 0.0000000000
94806  -62.110  5.905  11.452 0.0000000000
59762  -8.192  -18.864  59.871 0.0000000000
59796  -11.885  -18.624  53.770 0.0000000000
59819  -12.384  -18.465  52.962 0.0000000000
61137  -13.083  -18.244  53.157 0.0000000000
61157  -17.169  -17.149  52.861 0.0000000000
62466  -12.568  -18.020  58.754 0.0000000000
63865  -11.178  -17.292  58.723 0.0000000000
63872  -11.263  -17.146  58.492 0.0000000000
63892  -8.058  -16.211  55.600 0.0000000000
65182  -9.938  -16.213  59.146 0.0000000000
65188  -10.652  -16.146  58.950 0.0000000000
65379  -30.570  -14.553  42.131 0.0000000000
66668  -27.243  -13.637  49.181 0.0000000000
66669  -27.465  -13.799  48.999 0.0000000000
67972  -18.395  -13.341  51.793 0.0000000000
68097  -31.071  -13.241  47.274 0.0000000000
69381  -20.152  -11.776  52.043 0.0000000000
69400  -28.888  -12.086  51.250 0.0000000000
69440  -30.795  -12.138  49.321 0.0000000000
69452  -22.092  -11.716  48.290 0.0000000000
70942  -31.261  -10.890  51.815 0.0000000000
70968  -21.065  -11.825  50.468 0.0000000000
71044  -35.661  -10.560  44.360 0.0000000000
72511  -25.402  -11.370  53.691 0.0000000000
72513  -27.219  -11.013  53.361 0.0000000000
72522  -22.098  -10.538  53.347 0.0000000000
72526  -30.944  -11.020  52.543 0.0000000000
72533  -31.672  -10.933  51.328 0.0000000000
72544  -32.251  -10.624  50.440 0.0000000000
74245  -36.539  -9.041  36.706 0.0000000000
75458  -36.355  -8.953  47.938 0.0000000000
75599  -38.711  -7.441  39.402 0.0000000000
75654  -36.352  -8.129  35.261 0.0000000000
75727  -36.700  -7.359  29.855 0.0000000000
75737  -37.007  -7.175  28.898 0.0000000000
76885  -38.913  -6.340  40.424 0.0000000000
76925  -38.457  -7.327  37.835 0.0000000000
76993  -39.925  -6.628  31.593 0.0000000000
77023  -39.383  -6.610  30.356 0.0000000000
77037  -36.211  -7.288  29.647 0.0000000000
78121  -37.630  -5.908  44.629 0.0000000000
78172  -38.366  -6.150  38.258 0.0000000000
78202  -37.306  -6.953  36.085 0.0000000000
78261  -41.031  -6.193  33.496 0.0000000000
78289  -42.673  -5.422  32.318 0.0000000000
78358  -40.188  -5.841  29.220 0.0000000000
78370  -37.162  -6.118  26.870 0.0000000000
79452  -38.162  -4.859  39.622 0.0000000000
79475  -38.323  -6.045  37.648 0.0000000000
79512  -38.847  -5.408  34.936 0.0000000000
79538  -37.558  -6.360  34.205 0.0000000000
79561  -37.923  -6.287  33.661 0.0000000000
79587  -42.495  -5.598  31.453 0.0000000000
79601  -42.668  -4.959  30.732 0.0000000000
80824  -41.882  -3.827  36.776 0.0000000000
80835  -38.811  -5.326  35.332 0.0000000000
80879  -43.132  -4.393  32.925 0.0000000000
80935  -43.514  -4.909  28.833 0.0000000000
80953  -43.372  -5.364  27.716 0.0000000000
80954  -43.677  -5.091  27.279 0.0000000000
82177  -38.787  -3.638  44.113 0.0000000000
82213  -38.650  -3.382  40.703 0.0000000000
82265  -40.894  -3.411  38.243 0.0000000000
82434  -44.573  -3.945  26.937 0.0000000000
82435  -44.986  -3.494  26.629 0.0000000000
82475  -44.998  -2.739  23.101 0.0000000000
82495  -44.714  -2.625  22.409 0.0000000000
82512  -45.048  -2.135  21.998 0.0000000000
83736  -39.385  -1.780  41.287 0.0000000000
83769  -40.634  -2.146  40.018 0.0000000000
83785  -42.483  -1.881  38.384 0.0000000000
83942  -45.301  -3.197  28.875 0.0000000000
83964  -45.791  -1.865  27.904 0.0000000000
83989  -45.886  -2.124  27.151 0.0000000000
84090  -45.025  -1.941  21.564 0.0000000000
84127  -44.418  -1.149  20.420 0.0000000000
85216  -39.834  -2.120  42.594 0.0000000000
85220  -42.452  -1.490  42.713 0.0000000000
85229  -39.679  -1.865  41.972 0.0000000000
85232  -43.291  -1.248  42.268 0.0000000000
85259  -39.996  -1.386  40.741 0.0000000000
85323  -43.869  -0.425  37.321 0.0000000000
85429  -45.529  -1.418  30.230 0.0000000000
85441  -45.865  -1.312  29.017 0.0000000000
85568  -45.786  -0.598  21.432 0.0000000000
85578  -45.242  -0.769  20.955 0.0000000000
86578  -40.887  -1.148  43.019 0.0000000000
86579  -41.136  -1.160  43.035 0.0000000000
86588  -40.709  -0.841  42.390 0.0000000000
86590  -41.672  -0.813  42.725 0.0000000000
86592  -42.604  -0.931  42.502 0.0000000000
86601  -40.646  -0.955  42.176 0.0000000000
86604  -42.352  -0.109  42.255 0.0000000000
86641  -40.832  -0.774  40.959 0.0000000000
86664  -41.737  -0.625  40.223 0.0000000000
86666  -43.472  0.282  39.635 0.0000000000
86793  -46.662  -0.087  30.217 0.0000000000
86812  -46.915  -0.195  28.709 0.0000000000
86954  -44.526  0.139  19.976 0.0000000000
87895  -42.640  0.134  41.791 0.0000000000
87979  -45.507  1.670  37.608 0.0000000000
88023  -45.755  0.666  33.617 0.0000000000
88044  -47.822  1.480  30.979 0.0000000000
88103  -49.724  1.490  26.267 0.0000000000
88179  -47.243  1.661  21.754 0.0000000000
88227  -47.748  2.007  16.163 0.0000000000
88235  -47.832  1.986  15.945 0.0000000000
88274  -61.733  2.121  8.014 0.0000000000
89320  -49.292  2.188  24.081 0.0000000000
89385  -46.245  2.920  18.912 0.0000000000
89406  -46.239  3.001  18.617 0.0000000000
89487  -58.803  3.246  12.183 0.0000000000
90564  -48.171  2.735  32.224 0.0000000000
90747  -45.261  3.351  17.950 0.0000000000
90781  -52.119  3.051  16.217 0.0000000000
90783  -53.312  2.949  16.073 0.0000000000
90785  -56.533  3.778  15.087 0.0000000000
90799  -53.147  2.739  15.210 0.0000000000
92062  -50.673  4.322  24.580 0.0000000000
92076  -50.348  4.565  24.094 0.0000000000
92113  -47.824  3.205  20.490 0.0000000000
92127  -47.939  3.241  20.012 0.0000000000
92148  -52.309  3.648  17.107 0.0000000000
92164  -54.506  4.694  16.373 0.0000000000
92178  -53.218  3.248  16.476 0.0000000000
92199  -58.260  4.493  13.963 0.0000000000
92216  -58.968  4.293  12.668 0.0000000000
92217  -59.473  4.614  12.265 0.0000000000
92226  -62.849  4.566  11.374 0.0000000000
92242  -61.754  4.871  9.881 0.0000000000
92252  -62.988  4.204  9.715 0.0000000000
92288  -61.748  4.112  6.490 0.0000000000
92309  -61.557  4.190  6.175 0.0000000000
93400  -50.207  4.918  23.648 0.0000000000
93425  -50.626  5.256  22.033 0.0000000000
93426  -51.306  5.515  21.762 0.0000000000
93437  -53.118  5.556  20.350 0.0000000000
93510  -61.357  5.829  13.898 0.0000000000
93527  -61.410  5.837  12.543 0.0000000000
93534  -61.551  5.764  11.612 0.0000000000
93541  -61.359  5.166  10.647 0.0000000000
93543  -62.383  5.081  10.803 0.0000000000
93544  -62.631  4.879  10.809 0.0000000000
93551  -62.396  4.756  10.201 0.0000000000
93556  -62.274  4.612  9.633 0.0000000000
93557  -62.362  4.645  9.863 0.0000000000
94795  -62.641  5.971  11.855 0.0000000000
94796  -62.800  5.512  11.627 0.0000000000
94808  -62.587  5.223  11.199 0.0000000000
95969  -56.800  7.463  18.117 0.0000000000
97153  -58.118  8.443  17.983 0.0000000000
