#!ascii label  , from subject 4093 vox2ras=TkReg
1531
65530  11.553  -13.591  54.583 0.0000000000
83966  45.635  -1.323  22.155 0.0000000000
73084  28.852  -10.024  40.406 0.0000000000
75721  38.533  -7.030  44.636 0.0000000000
65762  22.037  -14.767  42.780 0.0000000000
65544  20.243  -14.258  53.356 0.0000000000
91061  55.978  4.689  13.345 0.0000000000
88090  54.827  2.658  22.748 0.0000000000
79915  38.373  -3.277  32.789 0.0000000000
92488  59.396  4.889  3.439 0.0000000000
70137  28.135  -11.366  47.271 0.0000000000
65549  15.587  -13.996  53.812 0.0000000000
88162  55.829  3.044  17.830 0.0000000000
88167  50.635  2.093  17.505 0.0000000000
86701  44.793  0.411  26.614 0.0000000000
89407  48.799  2.899  26.899 0.0000000000
82564  41.776  -1.934  27.097 0.0000000000
73119  34.807  -9.364  37.333 0.0000000000
73041  33.388  -8.901  42.377 0.0000000000
67131  25.400  -13.768  48.260 0.0000000000
61547  24.797  -16.633  52.135 0.0000000000
64190  20.621  -15.200  47.865 0.0000000000
65611  16.035  -14.680  48.689 0.0000000000
67222  25.425  -12.903  41.314 0.0000000000
92362  61.141  5.806  13.727 0.0000000000
89536  60.213  3.796  19.783 0.0000000000
85359  50.232  0.192  21.911 0.0000000000
86602  40.565  -0.220  33.205 0.0000000000
75800  39.282  -6.355  38.496 0.0000000000
91106  57.349  4.133  8.456 0.0000000000
92444  62.840  5.202  7.977 0.0000000000
89749  66.169  3.158  5.086 0.0000000000
70071  27.115  -11.182  50.996 0.0000000000
65528  13.339  -13.776  54.577 0.0000000000
67025  15.913  -12.984  56.686 0.0000000000
67012  13.991  -12.461  57.282 0.0000000000
89619  50.455  3.384  15.575 0.0000000000
87957  45.259  1.413  29.668 0.0000000000
87954  47.051  2.496  29.460 0.0000000000
69965  7.591  -11.354  58.685 0.0000000000
82608  41.418  -2.722  23.844 0.0000000000
71681  28.660  -9.538  38.057 0.0000000000
71678  30.964  -9.037  38.400 0.0000000000
73082  30.310  -8.920  40.695 0.0000000000
65682  23.932  -14.476  45.303 0.0000000000
62810  23.487  -15.388  47.616 0.0000000000
64230  21.270  -14.660  45.882 0.0000000000
65760  24.512  -14.432  42.592 0.0000000000
65702  25.345  -13.865  44.885 0.0000000000
62774  22.567  -15.604  52.730 0.0000000000
91059  58.010  5.077  13.559 0.0000000000
89609  60.987  3.612  16.213 0.0000000000
88216  58.514  2.907  15.191 0.0000000000
89515  54.591  3.033  20.779 0.0000000000
89512  57.394  3.647  20.856 0.0000000000
85401  45.411  0.306  19.442 0.0000000000
85398  47.804  0.274  19.716 0.0000000000
85348  47.818  -0.479  21.986 0.0000000000
82531  37.325  -2.949  29.940 0.0000000000
83856  39.275  -2.314  30.266 0.0000000000
83803  38.492  -1.309  32.911 0.0000000000
73076  36.586  -9.332  40.481 0.0000000000
73117  37.049  -8.504  38.292 0.0000000000
74490  39.619  -7.159  41.742 0.0000000000
92402  54.454  4.776  11.314 0.0000000000
92441  54.881  5.686  8.816 0.0000000000
92399  57.069  5.472  11.501 0.0000000000
92397  59.387  5.474  11.379 0.0000000000
88325  64.265  2.515  2.040 0.0000000000
88301  62.348  2.818  3.816 0.0000000000
91159  64.810  3.834  5.988 0.0000000000
89737  60.352  3.104  5.513 0.0000000000
71613  28.313  -10.507  43.962 0.0000000000
73028  29.732  -8.942  43.716 0.0000000000
73007  29.420  -9.629  46.454 0.0000000000
65567  17.766  -14.321  52.682 0.0000000000
65495  21.075  -13.781  56.279 0.0000000000
67041  18.350  -13.034  55.784 0.0000000000
92370  53.364  4.523  12.860 0.0000000000
89614  55.826  3.021  15.173 0.0000000000
89616  53.734  3.100  15.303 0.0000000000
88165  52.642  2.113  17.677 0.0000000000
88126  52.964  2.166  19.731 0.0000000000
83928  44.952  -0.740  24.627 0.0000000000
86715  47.534  0.749  24.934 0.0000000000
88009  46.597  2.095  26.876 0.0000000000
77307  37.791  -5.581  31.890 0.0000000000
78506  39.708  -4.944  44.114 0.0000000000
65511  9.078  -13.645  55.445 0.0000000000
67015  11.028  -12.182  57.147 0.0000000000
68439  9.498  -11.758  57.733 0.0000000000
83968  43.622  -1.710  22.189 0.0000000000
83930  42.966  -1.704  24.478 0.0000000000
85279  42.724  -0.542  27.200 0.0000000000
85231  42.854  0.107  30.139 0.0000000000
71717  31.381  -9.545  36.222 0.0000000000
73078  34.191  -9.451  40.355 0.0000000000
73021  36.030  -8.990  43.360 0.0000000000
74446  32.065  -8.363  44.768 0.0000000000
74431  35.083  -8.093  45.960 0.0000000000
67082  26.126  -12.998  51.290 0.0000000000
62764  26.785  -15.501  52.615 0.0000000000
62784  25.356  -15.330  50.431 0.0000000000
62787  22.637  -15.809  50.653 0.0000000000
65594  20.404  -14.880  50.500 0.0000000000
65687  18.418  -14.578  45.678 0.0000000000
65644  18.316  -14.946  47.865 0.0000000000
65597  18.368  -14.192  50.574 0.0000000000
64142  15.722  -14.767  50.739 0.0000000000
64128  13.073  -14.797  51.379 0.0000000000
64112  11.245  -14.511  52.620 0.0000000000
71705  26.564  -9.748  37.707 0.0000000000
67252  24.939  -11.543  37.977 0.0000000000
70246  26.795  -11.121  41.030 0.0000000000
68629  27.489  -11.965  44.335 0.0000000000
68580  26.889  -12.645  47.584 0.0000000000
89534  62.107  3.447  19.439 0.0000000000
88140  57.461  2.836  18.871 0.0000000000
88170  47.994  2.286  17.300 0.0000000000
86779  50.599  1.158  19.510 0.0000000000
88078  52.486  1.636  22.307 0.0000000000
86713  49.914  1.278  24.814 0.0000000000
86711  51.806  1.498  25.008 0.0000000000
81357  39.128  -2.995  27.118 0.0000000000
83836  41.351  -1.078  30.559 0.0000000000
86584  42.522  0.673  33.229 0.0000000000
74550  37.819  -7.301  35.324 0.0000000000
77261  39.213  -4.888  35.304 0.0000000000
79792  40.312  -4.044  41.861 0.0000000000
81193  40.836  -3.252  38.513 0.0000000000
82440  40.340  -1.816  35.692 0.0000000000
86510  40.377  0.210  36.967 0.0000000000
89247  42.284  1.865  37.124 0.0000000000
89718  58.182  3.729  6.666 0.0000000000
91104  59.568  3.740  8.944 0.0000000000
93642  61.488  6.278  10.746 0.0000000000
70032  27.955  -11.283  51.866 0.0000000000
65529  12.439  -13.693  54.589 0.0000000000
67046  13.632  -13.012  55.873 0.0000000000
67047  12.729  -12.955  55.875 0.0000000000
87926  44.781  1.453  31.446 0.0000000000
87924  46.116  2.074  31.401 0.0000000000
69971  5.800  -10.827  57.986 0.0000000000
73104  28.384  -10.098  39.043 0.0000000000
73102  29.842  -8.952  39.799 0.0000000000
73083  29.432  -9.123  40.650 0.0000000000
65705  22.834  -14.411  44.402 0.0000000000
64229  22.291  -14.722  45.504 0.0000000000
65706  21.931  -14.540  44.516 0.0000000000
64309  23.402  -15.224  40.887 0.0000000000
65761  23.179  -14.850  42.778 0.0000000000
65731  24.442  -14.289  43.841 0.0000000000
65563  21.026  -14.769  52.584 0.0000000000
65519  21.655  -14.732  54.055 0.0000000000
91060  56.929  4.919  13.421 0.0000000000
91037  58.318  4.260  14.085 0.0000000000
91038  57.260  4.294  13.969 0.0000000000
89488  54.389  2.854  21.538 0.0000000000
89486  56.455  3.015  21.967 0.0000000000
85365  45.381  -0.689  20.558 0.0000000000
85363  46.961  -0.524  20.632 0.0000000000
83965  46.557  -1.248  21.906 0.0000000000
79934  37.577  -3.839  31.268 0.0000000000
81286  37.701  -3.000  31.601 0.0000000000
83820  38.136  -1.919  31.390 0.0000000000
82504  38.059  -1.881  32.887 0.0000000000
74469  38.193  -8.369  42.576 0.0000000000
74480  38.607  -8.282  41.304 0.0000000000
74468  39.128  -7.542  43.078 0.0000000000
92385  55.418  5.011  11.988 0.0000000000
92401  55.322  4.994  11.157 0.0000000000
93623  56.546  5.546  12.086 0.0000000000
92382  57.987  5.553  12.197 0.0000000000
89779  61.608  3.414  2.416 0.0000000000
89769  60.578  3.319  3.506 0.0000000000
88274  61.875  2.751  4.640 0.0000000000
89755  59.507  3.552  4.560 0.0000000000
70177  28.194  -11.061  45.173 0.0000000000
71597  28.889  -10.178  44.624 0.0000000000
71572  28.831  -9.927  46.947 0.0000000000
65568  16.885  -14.332  52.953 0.0000000000
65523  18.064  -13.848  54.423 0.0000000000
67061  16.999  -13.584  55.284 0.0000000000
68420  15.801  -12.295  57.925 0.0000000000
67008  17.213  -12.696  57.520 0.0000000000
91065  52.099  4.434  13.387 0.0000000000
91042  53.483  4.152  13.944 0.0000000000
91043  52.421  4.047  14.322 0.0000000000
89593  50.642  2.787  16.435 0.0000000000
89592  51.734  2.769  16.180 0.0000000000
88166  51.600  2.121  17.616 0.0000000000
88143  52.898  2.077  18.685 0.0000000000
88144  51.893  1.895  18.476 0.0000000000
85298  45.028  0.031  25.831 0.0000000000
86717  46.078  0.495  25.645 0.0000000000
86680  45.666  1.330  26.837 0.0000000000
91076  52.836  4.547  12.036 0.0000000000
67017  8.984  -12.378  57.185 0.0000000000
68440  8.270  -11.940  57.551 0.0000000000
83987  42.671  -1.656  21.098 0.0000000000
83950  43.360  -1.779  23.388 0.0000000000
83969  42.612  -2.083  22.269 0.0000000000
82592  41.661  -2.530  24.971 0.0000000000
83909  42.353  -1.667  25.338 0.0000000000
83893  42.436  -0.894  26.508 0.0000000000
85259  42.895  -0.426  27.673 0.0000000000
83883  42.474  -1.115  27.715 0.0000000000
71733  30.587  -9.573  35.379 0.0000000000
73080  32.147  -9.090  40.585 0.0000000000
73099  32.403  -9.365  39.683 0.0000000000
73059  33.781  -9.180  41.432 0.0000000000
73058  34.865  -9.349  41.421 0.0000000000
73040  34.403  -9.211  42.444 0.0000000000
74436  30.871  -8.975  45.590 0.0000000000
74447  31.127  -8.926  44.567 0.0000000000
74435  31.575  -8.127  45.538 0.0000000000
74419  33.947  -7.917  46.478 0.0000000000
75714  36.282  -7.815  46.510 0.0000000000
67100  25.349  -13.585  49.740 0.0000000000
65580  25.300  -14.093  50.421 0.0000000000
65604  24.859  -14.198  49.157 0.0000000000
64189  21.875  -15.621  47.749 0.0000000000
62802  22.985  -15.770  48.633 0.0000000000
62804  21.506  -15.697  49.257 0.0000000000
64155  21.318  -15.379  50.556 0.0000000000
64173  20.131  -14.939  48.766 0.0000000000
65708  19.296  -14.550  44.732 0.0000000000
65647  15.840  -14.837  46.688 0.0000000000
65646  16.702  -14.986  47.132 0.0000000000
65626  16.751  -14.638  48.158 0.0000000000
65609  17.876  -14.360  49.579 0.0000000000
65610  16.780  -14.518  49.355 0.0000000000
64158  16.376  -14.703  50.266 0.0000000000
64159  15.632  -14.865  49.661 0.0000000000
64111  12.508  -14.502  52.317 0.0000000000
73151  26.746  -9.196  36.388 0.0000000000
70323  25.528  -10.147  35.931 0.0000000000
67234  24.830  -13.008  39.858 0.0000000000
67241  25.023  -12.300  39.697 0.0000000000
68704  25.986  -11.077  39.964 0.0000000000
68677  26.374  -11.680  41.463 0.0000000000
70212  26.960  -11.157  42.922 0.0000000000
67194  26.612  -12.579  43.497 0.0000000000
65660  25.679  -13.883  46.433 0.0000000000
67145  26.542  -13.068  46.676 0.0000000000
67130  25.762  -13.322  47.875 0.0000000000
68509  26.504  -12.767  50.097 0.0000000000
61546  25.908  -16.293  51.958 0.0000000000
69961  11.560  -10.787  59.229 0.0000000000
68424  12.450  -11.058  58.806 0.0000000000
91016  62.036  4.419  15.675 0.0000000000
89570  60.322  3.583  18.013 0.0000000000
90999  61.704  4.229  17.745 0.0000000000
90969  60.767  4.102  19.647 0.0000000000
90953  60.524  3.829  20.375 0.0000000000
88187  55.479  2.776  17.000 0.0000000000
88186  56.516  2.811  16.988 0.0000000000
88161  56.874  2.771  18.072 0.0000000000
89484  58.150  4.163  21.599 0.0000000000
85375  49.055  0.136  20.694 0.0000000000
86780  49.569  0.900  19.505 0.0000000000
86755  50.335  0.451  21.201 0.0000000000
86763  51.752  1.081  21.196 0.0000000000
86753  51.822  1.124  22.085 0.0000000000
86698  48.090  1.356  25.505 0.0000000000
86714  48.690  0.857  24.897 0.0000000000
88027  49.644  2.090  25.709 0.0000000000
81358  38.179  -3.472  26.957 0.0000000000
85221  39.983  -1.063  31.959 0.0000000000
83855  40.121  -2.057  30.352 0.0000000000
85202  40.931  -0.696  32.026 0.0000000000
85182  42.025  -0.047  32.118 0.0000000000
86585  41.767  0.403  33.614 0.0000000000
71715  33.238  -9.645  35.826 0.0000000000
73135  34.810  -9.100  36.199 0.0000000000
74520  38.533  -7.244  38.457 0.0000000000
74540  37.235  -7.879  36.172 0.0000000000
75816  38.906  -6.393  37.181 0.0000000000
75847  38.537  -6.486  35.476 0.0000000000
77224  39.569  -5.157  36.680 0.0000000000
79774  39.831  -3.939  43.731 0.0000000000
82407  41.267  -1.699  39.377 0.0000000000
81212  40.757  -2.715  36.853 0.0000000000
83714  40.841  -0.848  37.615 0.0000000000
83723  39.717  -0.650  36.321 0.0000000000
86470  41.166  0.112  38.528 0.0000000000
91096  56.020  4.666  8.980 0.0000000000
91119  57.839  3.856  7.595 0.0000000000
89693  58.684  3.357  7.529 0.0000000000
91105  58.425  3.614  8.608 0.0000000000
93621  59.692  6.575  12.416 0.0000000000
93643  60.573  6.190  10.877 0.0000000000
94850  61.267  6.981  12.332 0.0000000000
93617  62.633  6.008  12.281 0.0000000000
88297  65.741  2.815  3.721 0.0000000000
91136  63.729  4.284  6.567 0.0000000000
91100  63.930  4.939  8.408 0.0000000000
92425  63.101  5.662  9.236 0.0000000000
68531  27.826  -11.457  49.027 0.0000000000
71552  28.769  -10.038  48.806 0.0000000000
71532  28.250  -10.332  50.184 0.0000000000
65550  14.636  -14.080  53.824 0.0000000000
65504  15.578  -13.718  55.350 0.0000000000
65505  14.789  -13.638  55.317 0.0000000000
67026  15.068  -12.918  56.618 0.0000000000
68434  14.665  -12.121  57.796 0.0000000000
89620  49.434  3.507  15.472 0.0000000000
89594  49.595  3.010  16.228 0.0000000000
86665  44.929  0.829  27.950 0.0000000000
87972  45.829  1.957  28.549 0.0000000000
87956  45.797  1.880  29.461 0.0000000000
87923  46.953  2.304  30.849 0.0000000000
68441  7.257  -11.441  57.642 0.0000000000
69970  6.673  -10.958  57.852 0.0000000000
69966  6.735  -11.309  58.746 0.0000000000
82634  41.084  -2.496  21.929 0.0000000000
81391  40.563  -3.528  24.994 0.0000000000
71701  30.211  -9.244  37.425 0.0000000000
71679  29.876  -8.958  38.234 0.0000000000
73101  30.683  -8.818  39.858 0.0000000000
73061  31.830  -8.958  41.484 0.0000000000
65662  24.231  -14.730  46.070 0.0000000000
65622  24.579  -14.616  47.892 0.0000000000
65642  23.668  -15.069  46.254 0.0000000000
64209  22.104  -15.091  46.463 0.0000000000
64210  21.090  -14.934  46.914 0.0000000000
64174  15.144  -14.906  48.548 0.0000000000
64193  13.579  -15.434  47.287 0.0000000000
65783  24.497  -14.439  41.150 0.0000000000
67212  25.062  -13.741  41.628 0.0000000000
67195  26.007  -13.448  43.848 0.0000000000
65759  25.221  -14.006  43.365 0.0000000000
65681  24.851  -14.460  45.554 0.0000000000
61537  23.744  -16.070  52.842 0.0000000000
92363  60.046  5.780  13.215 0.0000000000
91034  61.549  4.471  14.678 0.0000000000
91036  59.425  4.103  14.131 0.0000000000
89610  60.132  3.237  15.935 0.0000000000
89571  59.582  3.219  17.727 0.0000000000
89561  54.805  2.978  18.958 0.0000000000
89560  55.776  3.063  19.175 0.0000000000
89513  56.765  3.142  21.131 0.0000000000
89460  57.063  3.452  22.897 0.0000000000
86804  46.584  1.260  18.309 0.0000000000
85399  47.076  0.309  19.609 0.0000000000
85376  48.292  0.086  20.338 0.0000000000
85346  49.658  -0.014  22.575 0.0000000000
89388  50.390  2.963  27.508 0.0000000000
82570  36.957  -3.273  27.946 0.0000000000
82554  38.025  -2.894  28.500 0.0000000000
82541  37.915  -2.733  29.044 0.0000000000
83819  38.870  -1.296  32.037 0.0000000000
85186  39.477  -0.514  33.002 0.0000000000
73096  36.195  -9.307  39.220 0.0000000000
73118  35.847  -9.065  37.911 0.0000000000
73095  37.397  -8.890  39.663 0.0000000000
74505  38.614  -7.723  39.390 0.0000000000
75781  39.617  -6.482  39.523 0.0000000000
92433  53.548  5.596  9.839 0.0000000000
93653  54.155  6.070  8.917 0.0000000000
92418  55.329  4.943  10.309 0.0000000000
92417  56.452  4.840  10.317 0.0000000000
91084  57.373  4.598  10.045 0.0000000000
91083  58.248  4.408  10.305 0.0000000000
92398  58.342  5.312  11.539 0.0000000000
92364  58.980  5.626  12.813 0.0000000000
91227  62.008  3.833  1.358 0.0000000000
88314  63.375  2.638  2.732 0.0000000000
88285  64.600  3.051  4.365 0.0000000000
89732  65.489  3.571  5.749 0.0000000000
89734  63.680  3.590  5.406 0.0000000000
89713  63.215  3.934  5.965 0.0000000000
89690  61.863  3.580  7.300 0.0000000000
71637  28.361  -10.045  42.095 0.0000000000
73064  28.878  -9.076  41.748 0.0000000000
73029  29.209  -9.452  43.991 0.0000000000
73006  30.140  -9.430  46.008 0.0000000000
74423  30.739  -8.901  46.794 0.0000000000
65545  19.319  -13.991  53.455 0.0000000000
65520  20.873  -14.454  54.292 0.0000000000
65522  18.955  -13.966  54.421 0.0000000000
67021  20.059  -13.300  56.580 0.0000000000
67024  16.858  -12.867  56.695 0.0000000000
67007  18.427  -12.894  57.500 0.0000000000
91062  55.011  4.611  13.404 0.0000000000
91039  56.246  4.285  13.981 0.0000000000
91041  54.290  4.193  14.021 0.0000000000
89615  54.803  3.089  15.246 0.0000000000
88207  54.113  2.558  15.996 0.0000000000
91017  52.057  3.550  15.023 0.0000000000
88208  53.099  2.613  16.005 0.0000000000
88188  54.460  2.505  16.979 0.0000000000
88142  54.041  2.640  19.013 0.0000000000
88125  53.737  2.746  20.186 0.0000000000
88105  53.826  2.604  21.199 0.0000000000
83948  45.312  -1.013  23.264 0.0000000000
83947  46.503  -0.946  23.097 0.0000000000
83927  46.030  -0.647  24.127 0.0000000000
86699  47.026  1.267  25.671 0.0000000000
89408  47.939  2.869  27.106 0.0000000000
87988  46.475  2.231  27.545 0.0000000000
89391  47.795  2.844  27.919 0.0000000000
89369  49.276  2.757  28.519 0.0000000000
78669  37.973  -4.548  31.974 0.0000000000
77096  39.623  -5.922  44.393 0.0000000000
93655  52.499  6.239  9.647 0.0000000000
92420  53.325  4.916  10.644 0.0000000000
92386  54.295  4.679  12.175 0.0000000000
93686  60.683  6.982  3.096 0.0000000000
93678  59.642  6.526  4.110 0.0000000000
65510  10.249  -13.439  55.482 0.0000000000
67049  11.014  -13.015  55.902 0.0000000000
67031  10.355  -12.813  56.360 0.0000000000
68438  10.587  -11.579  57.743 0.0000000000
69962  10.663  -10.655  59.032 0.0000000000
69964  8.629  -10.863  58.902 0.0000000000
85366  44.664  -0.754  20.505 0.0000000000
84003  43.415  -0.859  20.063 0.0000000000
83967  44.617  -1.360  22.198 0.0000000000
83949  44.275  -1.306  23.381 0.0000000000
83929  43.792  -1.051  24.481 0.0000000000
83907  44.304  -0.566  25.448 0.0000000000
83931  42.217  -2.316  24.256 0.0000000000
83908  43.212  -0.764  25.680 0.0000000000
85277  43.880  -0.045  26.909 0.0000000000
86648  44.338  0.367  28.748 0.0000000000
86630  44.296  0.639  30.481 0.0000000000
87927  44.062  1.147  31.578 0.0000000000
71698  33.049  -9.607  36.852 0.0000000000
71700  31.183  -9.368  37.266 0.0000000000
71676  32.844  -9.504  37.831 0.0000000000
73097  34.638  -9.492  38.861 0.0000000000
73077  35.409  -9.530  40.308 0.0000000000
73038  36.605  -8.902  42.517 0.0000000000
74456  37.035  -8.070  43.762 0.0000000000
73045  29.753  -8.917  42.684 0.0000000000
73026  31.229  -8.936  43.233 0.0000000000
73024  32.963  -8.774  43.257 0.0000000000
74420  33.134  -7.829  46.585 0.0000000000
74445  33.028  -8.115  44.851 0.0000000000
74459  33.494  -8.676  44.225 0.0000000000
74458  34.582  -8.807  44.398 0.0000000000
74442  36.468  -8.273  44.843 0.0000000000
75712  37.589  -6.927  45.512 0.0000000000
67070  26.765  -13.224  52.534 0.0000000000
64089  26.262  -14.207  51.978 0.0000000000
62772  26.115  -15.395  51.477 0.0000000000
61553  25.075  -16.400  51.260 0.0000000000
62793  23.889  -15.427  49.285 0.0000000000
62786  23.719  -16.049  50.408 0.0000000000
62778  23.321  -16.103  51.452 0.0000000000
62779  22.363  -15.622  51.727 0.0000000000
64122  20.900  -14.980  51.626 0.0000000000
65582  19.754  -14.270  51.392 0.0000000000
65707  20.710  -14.592  44.902 0.0000000000
65685  20.529  -14.613  45.800 0.0000000000
64211  20.102  -14.896  47.071 0.0000000000
65688  17.456  -14.751  45.398 0.0000000000
65665  18.426  -14.891  46.779 0.0000000000
64191  19.679  -15.015  48.000 0.0000000000
65623  19.273  -14.785  48.867 0.0000000000
65596  19.274  -14.205  50.537 0.0000000000
65583  18.951  -13.952  51.479 0.0000000000
65584  17.998  -14.435  51.644 0.0000000000
64106  17.182  -14.701  52.283 0.0000000000
64108  15.518  -14.647  52.299 0.0000000000
64160  14.460  -15.120  49.512 0.0000000000
64127  14.136  -14.856  51.410 0.0000000000
64109  14.572  -14.674  52.284 0.0000000000
65572  13.134  -14.159  53.043 0.0000000000
65573  12.147  -14.025  53.122 0.0000000000
64093  10.964  -14.187  53.312 0.0000000000
64082  9.956  -14.212  54.017 0.0000000000
65533  8.561  -14.157  54.157 0.0000000000
73150  27.396  -8.992  36.816 0.0000000000
73137  27.414  -9.246  37.617 0.0000000000
71682  27.431  -10.011  38.461 0.0000000000
70289  25.632  -10.752  38.413 0.0000000000
71661  26.901  -10.607  39.292 0.0000000000
70261  27.263  -10.776  40.490 0.0000000000
70228  27.520  -10.636  42.539 0.0000000000
68642  27.641  -11.460  44.074 0.0000000000
68615  27.853  -11.743  45.469 0.0000000000
67177  27.031  -12.722  44.536 0.0000000000
67144  27.204  -12.645  46.477 0.0000000000
68579  27.422  -12.318  47.366 0.0000000000
68532  27.185  -11.992  49.453 0.0000000000
68493  26.257  -12.403  50.949 0.0000000000
67029  12.420  -12.638  56.589 0.0000000000
68435  13.813  -11.947  57.887 0.0000000000
91006  62.058  4.398  16.792 0.0000000000
89613  56.832  2.913  15.110 0.0000000000
88185  57.653  2.733  17.009 0.0000000000
88138  58.920  3.098  19.294 0.0000000000
89539  57.438  3.593  19.967 0.0000000000
90972  58.779  3.853  20.313 0.0000000000
90954  59.885  3.765  20.411 0.0000000000
89578  47.887  2.950  16.779 0.0000000000
88168  49.744  2.026  17.461 0.0000000000
86802  48.394  0.959  18.451 0.0000000000
86801  49.276  1.136  18.718 0.0000000000
88145  50.872  1.638  18.440 0.0000000000
88108  51.465  1.372  19.770 0.0000000000
88093  52.342  1.668  21.428 0.0000000000
88077  53.239  1.946  23.109 0.0000000000
85335  47.659  -0.444  23.207 0.0000000000
85334  48.906  0.038  23.382 0.0000000000
85333  50.018  0.355  23.571 0.0000000000
88026  50.614  2.260  25.854 0.0000000000
86712  51.044  1.454  24.662 0.0000000000
86730  50.806  1.018  23.786 0.0000000000
86742  52.564  1.478  23.856 0.0000000000
88060  53.209  1.850  24.284 0.0000000000
80017  39.458  -3.830  24.744 0.0000000000
82594  40.404  -2.800  26.482 0.0000000000
82567  38.948  -2.596  27.762 0.0000000000
82551  40.344  -1.900  28.651 0.0000000000
82550  41.541  -1.838  28.205 0.0000000000
85218  41.999  -0.490  30.647 0.0000000000
86611  42.931  0.568  31.390 0.0000000000
87907  43.744  1.623  33.256 0.0000000000
73146  36.367  -8.371  35.988 0.0000000000
75882  37.362  -6.787  33.195 0.0000000000
77282  38.650  -5.417  33.583 0.0000000000
78653  38.670  -4.339  33.983 0.0000000000
77109  39.702  -5.796  43.532 0.0000000000
77136  39.923  -5.662  41.698 0.0000000000
77181  39.827  -5.447  39.771 0.0000000000
79819  40.347  -3.892  40.050 0.0000000000
78570  40.084  -4.362  38.542 0.0000000000
78585  40.000  -4.201  37.318 0.0000000000
79869  39.290  -3.403  35.749 0.0000000000
81251  39.043  -2.701  34.496 0.0000000000
83757  38.655  -1.218  34.838 0.0000000000
86553  39.158  -0.289  35.199 0.0000000000
86551  40.611  0.056  35.200 0.0000000000
87815  41.481  0.913  38.015 0.0000000000
87860  41.581  1.244  36.760 0.0000000000
87897  41.521  0.733  35.271 0.0000000000
86549  42.269  1.102  34.931 0.0000000000
93679  58.877  5.942  4.552 0.0000000000
91185  58.663  4.487  4.801 0.0000000000
89738  59.364  3.296  5.644 0.0000000000
89691  60.736  3.391  7.576 0.0000000000
91117  61.440  3.997  8.042 0.0000000000
91081  59.659  4.688  10.298 0.0000000000
92428  60.760  5.032  10.099 0.0000000000
92426  62.230  5.596  9.399 0.0000000000
93650  62.749  5.926  10.298 0.0000000000
67068  27.772  -13.111  52.715 0.0000000000
68463  27.522  -12.213  52.264 0.0000000000
65508  12.129  -13.357  55.264 0.0000000000
89329  45.089  1.819  31.995 0.0000000000
89328  45.463  2.228  32.079 0.0000000000
73103  29.137  -9.480  39.567 0.0000000000
65733  22.467  -14.522  43.630 0.0000000000
65734  21.360  -14.532  43.657 0.0000000000
65732  23.518  -14.508  43.650 0.0000000000
65543  21.122  -14.728  53.254 0.0000000000
65542  21.705  -14.873  53.564 0.0000000000
89487  55.181  2.928  22.016 0.0000000000
89462  55.428  2.771  23.067 0.0000000000
83984  45.881  -1.347  21.111 0.0000000000
79916  38.047  -3.568  32.122 0.0000000000
81300  37.265  -3.194  30.877 0.0000000000
81285  38.060  -2.698  32.390 0.0000000000
81269  38.359  -2.592  33.188 0.0000000000
74455  38.394  -7.801  43.538 0.0000000000
74454  38.859  -7.614  43.531 0.0000000000
92367  55.704  4.934  12.727 0.0000000000
92384  56.269  5.360  12.270 0.0000000000
92366  56.548  5.313  12.823 0.0000000000
91215  60.079  4.163  3.043 0.0000000000
91203  59.796  4.024  3.546 0.0000000000
89770  60.070  3.467  4.014 0.0000000000
91184  59.231  4.454  4.046 0.0000000000
70156  28.285  -11.319  46.094 0.0000000000
70176  28.621  -10.792  45.756 0.0000000000
70155  28.622  -10.681  46.578 0.0000000000
65569  15.992  -14.353  53.038 0.0000000000
65548  16.538  -13.942  53.748 0.0000000000
65525  16.204  -13.818  54.761 0.0000000000
88192  50.710  2.476  16.992 0.0000000000
88191  51.270  2.502  16.925 0.0000000000
86681  45.305  1.140  27.236 0.0000000000
67033  8.010  -12.571  56.693 0.0000000000
84005  41.600  -1.022  20.314 0.0000000000
83988  41.334  -1.996  21.275 0.0000000000
82579  41.669  -2.025  26.042 0.0000000000
73060  32.782  -8.946  41.441 0.0000000000
73079  33.097  -9.364  40.528 0.0000000000
74422  31.360  -8.244  46.528 0.0000000000
67114  25.296  -13.614  49.014 0.0000000000
65621  25.087  -14.216  48.447 0.0000000000
64171  21.622  -15.712  48.451 0.0000000000
64172  21.060  -15.557  48.851 0.0000000000
65627  15.871  -14.694  47.746 0.0000000000
67233  25.223  -12.516  40.367 0.0000000000
68692  25.756  -12.061  40.864 0.0000000000
68678  26.020  -12.468  41.825 0.0000000000
68660  26.575  -12.034  42.577 0.0000000000
68661  26.181  -12.711  42.423 0.0000000000
67147  25.481  -13.935  47.559 0.0000000000
67146  25.894  -13.610  47.015 0.0000000000
67113  25.811  -13.219  48.667 0.0000000000
69952  11.724  -10.845  59.873 0.0000000000
69960  12.074  -10.919  59.417 0.0000000000
92350  61.945  5.299  14.140 0.0000000000
92351  61.501  5.102  14.029 0.0000000000
89556  60.214  3.728  19.026 0.0000000000
89569  60.881  4.156  18.319 0.0000000000
89535  60.534  4.028  19.550 0.0000000000
90970  60.325  3.890  20.031 0.0000000000
85360  49.481  0.065  21.476 0.0000000000
86765  49.891  0.551  20.407 0.0000000000
86754  50.981  0.676  21.761 0.0000000000
86744  51.155  0.771  22.772 0.0000000000
88028  48.587  2.049  25.828 0.0000000000
88006  48.963  2.689  26.132 0.0000000000
81359  37.268  -3.613  26.783 0.0000000000
85185  40.016  -0.303  32.668 0.0000000000
85203  40.204  -0.608  32.152 0.0000000000
85184  40.689  -0.384  32.587 0.0000000000
85183  41.410  -0.274  32.388 0.0000000000
86586  41.055  0.120  33.812 0.0000000000
71697  33.963  -9.472  36.602 0.0000000000
71714  34.088  -9.406  35.575 0.0000000000
74529  38.423  -7.151  37.338 0.0000000000
75801  38.872  -6.604  37.797 0.0000000000
75832  39.081  -5.874  36.844 0.0000000000
75815  39.280  -5.807  37.514 0.0000000000
82401  41.104  -1.662  40.372 0.0000000000
82408  41.177  -1.334  38.752 0.0000000000
83706  40.939  -0.841  38.474 0.0000000000
85082  40.889  -0.250  38.154 0.0000000000
85081  41.052  -0.270  39.020 0.0000000000
91095  56.755  4.476  9.306 0.0000000000
91107  56.388  4.613  8.247 0.0000000000
91120  57.078  4.416  7.475 0.0000000000
91094  57.779  4.077  9.468 0.0000000000
93612  60.552  6.803  13.193 0.0000000000
94851  60.584  7.134  12.500 0.0000000000
93611  61.647  6.592  12.977 0.0000000000
89765  65.834  3.188  4.373 0.0000000000
88283  66.095  2.653  4.461 0.0000000000
88271  66.230  2.677  5.443 0.0000000000
92443  63.079  5.176  7.724 0.0000000000
91115  63.730  4.777  7.530 0.0000000000
92436  63.217  5.304  8.191 0.0000000000
70093  28.014  -11.126  49.697 0.0000000000
70070  27.822  -10.876  50.630 0.0000000000
65551  13.700  -13.989  53.810 0.0000000000
65527  14.252  -13.809  54.568 0.0000000000
67045  14.499  -13.231  55.955 0.0000000000
67027  14.229  -12.809  56.588 0.0000000000
67011  14.805  -12.573  57.244 0.0000000000
89595  48.647  3.203  16.155 0.0000000000
87974  44.978  0.947  28.859 0.0000000000
87973  45.359  1.560  28.754 0.0000000000
68442  6.686  -11.126  57.302 0.0000000000
69967  5.933  -11.360  58.951 0.0000000000
71703  28.641  -9.459  37.623 0.0000000000
71702  29.337  -9.336  37.532 0.0000000000
71680  29.122  -9.336  38.178 0.0000000000
73081  31.240  -8.903  40.645 0.0000000000
73062  30.886  -8.988  41.560 0.0000000000
65641  24.296  -14.825  47.015 0.0000000000
65663  23.425  -14.721  45.710 0.0000000000
64250  21.647  -14.651  45.156 0.0000000000
64286  23.787  -15.029  41.807 0.0000000000
65784  24.075  -14.893  40.856 0.0000000000
65704  23.700  -14.368  44.519 0.0000000000
65703  24.548  -14.223  44.714 0.0000000000
62766  23.339  -15.766  53.539 0.0000000000
91058  59.162  4.983  13.581 0.0000000000
91057  60.264  4.892  13.696 0.0000000000
89638  58.572  3.235  14.629 0.0000000000
89637  59.729  3.300  14.947 0.0000000000
88202  59.315  2.962  15.905 0.0000000000
88183  59.639  3.121  16.457 0.0000000000
88184  59.001  3.040  17.060 0.0000000000
89541  55.265  3.072  19.928 0.0000000000
89514  55.763  2.978  20.963 0.0000000000
86784  45.939  0.872  18.918 0.0000000000
85400  46.259  0.351  19.531 0.0000000000
83982  47.158  -0.735  21.053 0.0000000000
85377  47.382  -0.061  20.239 0.0000000000
85362  47.620  -0.375  21.027 0.0000000000
85361  48.468  -0.109  21.320 0.0000000000
85347  48.646  -0.138  22.341 0.0000000000
82571  36.683  -3.380  27.941 0.0000000000
82542  37.436  -2.978  29.048 0.0000000000
82555  37.496  -3.064  28.480 0.0000000000
83858  37.818  -2.601  29.610 0.0000000000
83804  38.177  -1.651  32.232 0.0000000000
85205  39.173  -0.827  32.534 0.0000000000
85187  38.893  -0.813  32.957 0.0000000000
73075  37.379  -9.020  40.730 0.0000000000
74491  39.376  -7.530  40.940 0.0000000000
74492  38.740  -8.065  40.271 0.0000000000
74504  39.240  -7.352  39.894 0.0000000000
75759  39.617  -6.851  40.343 0.0000000000
92419  54.422  5.115  10.420 0.0000000000
92400  56.096  5.165  11.185 0.0000000000
92416  57.684  4.917  10.824 0.0000000000
92365  57.536  5.485  12.871 0.0000000000
89768  61.729  2.993  3.416 0.0000000000
89778  62.520  2.973  2.513 0.0000000000
88300  62.807  2.733  3.443 0.0000000000
88299  63.989  2.655  3.587 0.0000000000
88286  63.668  2.764  4.319 0.0000000000
89752  64.140  3.323  4.933 0.0000000000
88272  63.348  2.912  4.973 0.0000000000
89736  61.620  2.836  5.315 0.0000000000
89735  62.863  3.133  5.550 0.0000000000
89714  62.392  3.340  6.423 0.0000000000
89715  61.173  3.073  6.489 0.0000000000
71624  28.103  -10.177  43.164 0.0000000000
71623  28.776  -9.707  43.024 0.0000000000
71612  28.753  -10.081  43.691 0.0000000000
73016  29.473  -9.702  45.253 0.0000000000
72997  29.960  -9.158  47.129 0.0000000000
65546  18.374  -13.957  53.504 0.0000000000
67040  19.089  -13.387  55.727 0.0000000000
67022  19.073  -12.993  56.435 0.0000000000
67005  19.856  -13.284  57.060 0.0000000000
67006  19.382  -13.130  57.083 0.0000000000
67043  16.367  -13.513  55.908 0.0000000000
91063  54.109  4.474  13.407 0.0000000000
89643  53.363  3.653  14.604 0.0000000000
89642  54.497  3.637  14.583 0.0000000000
91018  51.326  3.876  14.997 0.0000000000
89618  51.444  3.206  15.579 0.0000000000
88190  52.317  2.497  16.678 0.0000000000
88209  52.547  2.691  16.038 0.0000000000
88189  53.393  2.371  16.855 0.0000000000
88164  53.732  2.311  17.886 0.0000000000
88106  53.066  2.054  20.770 0.0000000000
88031  46.231  1.654  26.602 0.0000000000
86716  46.516  0.581  25.331 0.0000000000
88030  46.744  1.766  26.283 0.0000000000
88029  47.626  1.969  25.977 0.0000000000
88008  47.374  2.297  26.669 0.0000000000
87989  45.794  1.996  27.762 0.0000000000
89372  47.090  2.521  28.823 0.0000000000
89371  47.699  2.764  28.701 0.0000000000
89370  48.432  2.804  28.614 0.0000000000
90861  49.903  2.903  29.286 0.0000000000
77326  37.299  -5.785  31.116 0.0000000000
78686  37.488  -4.793  31.192 0.0000000000
92421  52.228  5.467  10.285 0.0000000000
92434  52.900  5.503  10.049 0.0000000000
91086  52.447  4.841  10.916 0.0000000000
92403  53.576  4.622  11.658 0.0000000000
92369  53.876  4.589  12.847 0.0000000000
92368  54.749  4.739  12.768 0.0000000000
93687  59.720  5.842  3.100 0.0000000000
65497  9.620  -13.233  55.943 0.0000000000
67016  9.943  -12.277  57.106 0.0000000000
68426  10.115  -11.106  58.366 0.0000000000
68429  7.489  -11.392  58.240 0.0000000000
68428  8.033  -11.531  58.335 0.0000000000
85380  44.918  -0.058  20.130 0.0000000000
85381  44.042  -0.543  19.845 0.0000000000
84004  42.722  -0.947  20.189 0.0000000000
83986  43.878  -1.243  20.873 0.0000000000
82620  41.193  -2.660  22.835 0.0000000000
83952  41.858  -2.480  23.354 0.0000000000
83892  42.992  -0.378  26.350 0.0000000000
85300  43.323  -0.299  26.369 0.0000000000
85278  43.391  -0.190  27.013 0.0000000000
86666  44.112  0.110  27.646 0.0000000000
85241  43.230  -0.006  29.165 0.0000000000
86631  43.862  0.413  29.965 0.0000000000
86620  43.889  0.702  30.885 0.0000000000
71732  31.555  -9.676  35.163 0.0000000000
71716  32.331  -9.711  36.022 0.0000000000
73098  33.398  -9.560  39.470 0.0000000000
71657  32.642  -9.431  38.759 0.0000000000
71656  33.465  -9.567  38.536 0.0000000000
73039  35.491  -9.247  42.466 0.0000000000
73057  35.998  -9.363  41.471 0.0000000000
73046  29.004  -8.968  42.957 0.0000000000
74461  31.697  -8.851  43.964 0.0000000000
74462  31.129  -8.963  43.821 0.0000000000
73025  32.042  -8.837  43.203 0.0000000000
74460  32.538  -8.664  44.069 0.0000000000
74432  34.600  -8.030  46.072 0.0000000000
74433  33.550  -7.992  45.758 0.0000000000
74444  34.092  -8.117  45.044 0.0000000000
74443  35.336  -8.240  45.425 0.0000000000
75724  36.442  -8.213  45.794 0.0000000000
75723  37.160  -7.790  45.036 0.0000000000
67077  26.504  -12.812  52.178 0.0000000000
65541  26.540  -13.653  52.316 0.0000000000
65562  26.083  -13.615  51.702 0.0000000000
64118  25.501  -14.566  50.561 0.0000000000
64101  25.982  -14.483  51.305 0.0000000000
61558  25.533  -15.648  50.721 0.0000000000
61552  25.685  -15.920  51.081 0.0000000000
61559  25.193  -15.939  50.634 0.0000000000
64187  23.968  -15.082  47.610 0.0000000000
64154  24.322  -14.830  48.715 0.0000000000
62801  23.687  -15.272  48.228 0.0000000000
62794  22.822  -15.806  49.597 0.0000000000
64139  21.350  -15.295  51.215 0.0000000000
64140  20.810  -15.134  50.850 0.0000000000
65581  20.317  -14.741  51.209 0.0000000000
65686  19.637  -14.655  46.073 0.0000000000
65689  16.586  -14.932  45.109 0.0000000000
65645  17.543  -14.935  47.506 0.0000000000
65666  17.555  -14.882  46.420 0.0000000000
65664  19.159  -14.996  47.299 0.0000000000
65643  18.936  -15.005  48.183 0.0000000000
65624  18.445  -14.694  48.802 0.0000000000
65608  18.826  -14.405  49.671 0.0000000000
64141  16.449  -14.719  50.950 0.0000000000
64124  16.883  -14.779  51.562 0.0000000000
64125  16.007  -14.723  51.554 0.0000000000
64107  16.406  -14.671  52.303 0.0000000000
64175  14.057  -15.285  48.407 0.0000000000
64144  13.728  -15.010  50.449 0.0000000000
64110  13.574  -14.616  52.269 0.0000000000
65571  14.089  -14.468  53.107 0.0000000000
64129  11.932  -14.763  51.415 0.0000000000
65574  11.429  -14.045  53.345 0.0000000000
64094  10.255  -14.363  53.442 0.0000000000
64083  9.535  -14.410  53.935 0.0000000000
65532  9.766  -13.957  54.557 0.0000000000
71721  26.613  -9.439  36.942 0.0000000000
73138  26.905  -9.167  37.138 0.0000000000
68736  24.975  -10.959  37.599 0.0000000000
68749  24.804  -10.705  36.981 0.0000000000
70276  26.199  -10.794  39.267 0.0000000000
70262  26.536  -11.010  40.151 0.0000000000
70275  26.919  -10.781  39.733 0.0000000000
70245  27.425  -10.625  41.538 0.0000000000
68643  27.154  -11.836  43.604 0.0000000000
68628  27.793  -11.544  44.713 0.0000000000
67176  27.565  -12.107  44.910 0.0000000000
67178  26.174  -13.465  45.156 0.0000000000
67161  26.771  -12.990  45.754 0.0000000000
67128  26.940  -12.788  47.142 0.0000000000
68556  27.670  -11.800  48.340 0.0000000000
68557  26.789  -12.538  48.272 0.0000000000
67089  25.840  -13.298  50.372 0.0000000000
68478  26.309  -12.259  51.674 0.0000000000
62763  27.118  -15.493  53.004 0.0000000000
65502  20.743  -13.958  55.401 0.0000000000
65494  21.492  -14.259  55.657 0.0000000000
67030  11.453  -12.627  56.522 0.0000000000
67014  12.083  -12.262  57.305 0.0000000000
68416  13.389  -11.588  59.379 0.0000000000
68423  13.613  -11.595  58.604 0.0000000000
68415  14.435  -11.758  59.041 0.0000000000
66996  14.267  -12.147  59.525 0.0000000000
89635  61.475  4.013  15.617 0.0000000000
89608  61.633  4.122  16.383 0.0000000000
90968  61.682  4.026  19.363 0.0000000000
89641  55.523  3.631  14.535 0.0000000000
89640  56.528  3.562  14.447 0.0000000000
88160  58.006  2.811  18.093 0.0000000000
88159  58.881  2.995  18.361 0.0000000000
88139  58.202  2.952  19.219 0.0000000000
89540  56.489  3.093  20.143 0.0000000000
89559  56.804  3.078  19.159 0.0000000000
90936  58.343  4.144  20.984 0.0000000000
90935  58.798  4.159  21.065 0.0000000000
90955  59.181  3.892  20.534 0.0000000000
90934  59.478  3.992  21.030 0.0000000000
90933  60.038  3.786  20.905 0.0000000000
89577  48.765  2.712  16.811 0.0000000000
88169  48.887  2.120  17.344 0.0000000000
86782  47.681  0.621  19.058 0.0000000000
86803  47.460  1.080  18.325 0.0000000000
86800  50.043  1.301  18.872 0.0000000000
88146  49.949  1.585  18.139 0.0000000000
88128  51.394  1.533  19.094 0.0000000000
88092  53.170  2.061  21.820 0.0000000000
85336  46.921  -0.551  23.636 0.0000000000
85316  48.168  0.201  24.202 0.0000000000
85315  49.300  0.404  24.273 0.0000000000
85314  49.857  0.678  24.209 0.0000000000
86695  52.116  1.743  25.397 0.0000000000
88025  51.564  2.029  25.608 0.0000000000
88046  51.289  1.692  25.110 0.0000000000
86729  51.781  1.287  24.182 0.0000000000
86728  52.482  1.498  24.614 0.0000000000
81375  38.740  -3.754  26.341 0.0000000000
80004  39.152  -3.856  25.495 0.0000000000
81374  39.880  -3.377  26.354 0.0000000000
81356  39.662  -2.937  26.863 0.0000000000
83872  38.376  -2.672  28.995 0.0000000000
82553  38.639  -2.651  28.484 0.0000000000
83871  38.987  -2.552  29.230 0.0000000000
83869  40.341  -1.958  29.549 0.0000000000
82540  40.686  -1.837  29.340 0.0000000000
82539  41.255  -1.691  29.203 0.0000000000
83853  41.766  -1.139  29.954 0.0000000000
83835  41.680  -0.880  30.408 0.0000000000
86599  42.641  0.480  32.242 0.0000000000
85200  42.349  0.029  31.475 0.0000000000
87928  43.367  0.926  31.932 0.0000000000
87918  43.220  1.056  32.794 0.0000000000
73134  35.706  -8.945  36.680 0.0000000000
73133  36.641  -8.490  37.046 0.0000000000
74539  38.114  -7.265  36.316 0.0000000000
74551  36.912  -7.802  35.130 0.0000000000
74562  36.969  -7.467  34.029 0.0000000000
74561  37.578  -7.315  34.531 0.0000000000
77243  39.091  -5.695  35.686 0.0000000000
77262  38.956  -5.422  34.698 0.0000000000
78635  39.013  -4.263  34.801 0.0000000000
79782  40.042  -3.991  42.780 0.0000000000
78525  39.870  -4.819  42.229 0.0000000000
77159  39.939  -5.556  40.762 0.0000000000
78537  40.126  -4.796  41.314 0.0000000000
81184  40.971  -2.604  39.938 0.0000000000
81185  40.693  -3.290  40.535 0.0000000000
79818  40.738  -3.349  39.842 0.0000000000
78562  39.990  -4.459  39.482 0.0000000000
79830  40.564  -3.627  39.130 0.0000000000
78571  39.963  -4.562  37.858 0.0000000000
79837  40.404  -3.582  38.207 0.0000000000
81222  40.316  -2.657  36.257 0.0000000000
79858  40.240  -3.171  36.711 0.0000000000
81223  39.930  -2.704  35.634 0.0000000000
81236  39.537  -2.730  35.011 0.0000000000
82472  39.389  -2.033  34.571 0.0000000000
82473  38.824  -1.855  34.349 0.0000000000
82455  39.849  -1.637  34.996 0.0000000000
85105  39.830  -0.323  36.332 0.0000000000
85124  38.984  -0.449  36.091 0.0000000000
86533  39.662  -0.171  36.054 0.0000000000
86552  39.962  -0.478  35.305 0.0000000000
87882  40.420  0.011  35.837 0.0000000000
86489  41.463  0.825  38.397 0.0000000000
87814  41.743  1.311  38.610 0.0000000000
87836  41.746  1.325  37.756 0.0000000000
87881  41.180  0.518  35.801 0.0000000000
87880  41.908  1.236  35.664 0.0000000000
86550  41.828  0.891  35.143 0.0000000000
87859  42.435  1.832  36.313 0.0000000000
93672  58.860  6.680  5.033 0.0000000000
93660  54.422  6.416  8.405 0.0000000000
93659  54.990  6.201  8.057 0.0000000000
91161  57.860  4.508  5.864 0.0000000000
89739  58.544  3.684  5.707 0.0000000000
89756  58.898  3.629  5.079 0.0000000000
89671  59.281  3.319  8.204 0.0000000000
89692  59.647  3.263  7.443 0.0000000000
89670  60.098  3.450  8.227 0.0000000000
91118  60.884  3.759  8.132 0.0000000000
91103  60.698  4.009  8.736 0.0000000000
92415  58.778  4.861  10.946 0.0000000000
91082  59.223  4.539  10.339 0.0000000000
92414  59.752  5.011  10.658 0.0000000000
92413  60.412  5.467  10.600 0.0000000000
92412  61.131  5.669  10.361 0.0000000000
92427  61.606  5.167  9.604 0.0000000000
93652  61.753  5.847  9.982 0.0000000000
93651  62.291  6.091  10.031 0.0000000000
93641  62.238  6.280  10.938 0.0000000000
92379  62.960  5.632  12.341 0.0000000000
89805  63.664  3.412  1.178 0.0000000000
89804  64.143  3.650  0.877 0.0000000000
88324  65.099  2.626  1.710 0.0000000000
89733  65.148  3.569  5.632 0.0000000000
68476  27.450  -11.783  52.015 0.0000000000
65552  12.766  -13.918  53.844 0.0000000000
65507  13.020  -13.446  55.272 0.0000000000
67028  13.344  -12.711  56.598 0.0000000000
87940  45.068  1.363  30.638 0.0000000000
87939  45.634  1.778  30.448 0.0000000000
87925  45.344  1.783  31.343 0.0000000000
73123  28.714  -9.602  38.542 0.0000000000
65683  23.048  -14.479  45.154 0.0000000000
65684  22.434  -14.549  44.910 0.0000000000
64249  22.073  -14.632  45.007 0.0000000000
64103  21.512  -15.010  52.650 0.0000000000
62767  22.573  -15.435  53.248 0.0000000000
64091  22.319  -15.090  53.691 0.0000000000
64081  22.295  -14.887  54.592 0.0000000000
89639  57.545  3.465  14.431 0.0000000000
89461  56.188  2.969  22.945 0.0000000000
85379  45.774  -0.070  20.106 0.0000000000
85378  46.593  -0.083  20.122 0.0000000000
85364  46.202  -0.680  20.531 0.0000000000
83983  46.708  -1.055  21.065 0.0000000000
83964  47.219  -0.862  21.570 0.0000000000
81313  37.140  -3.218  30.467 0.0000000000
82530  37.290  -2.999  30.623 0.0000000000
82518  37.645  -2.706  30.952 0.0000000000
82505  37.770  -2.195  31.935 0.0000000000
83787  38.460  -1.371  33.636 0.0000000000
73055  37.792  -8.775  41.481 0.0000000000
74479  39.253  -7.863  42.050 0.0000000000
74478  39.520  -7.196  42.488 0.0000000000
93635  55.941  5.223  11.637 0.0000000000
93633  56.705  5.601  12.001 0.0000000000
92383  56.912  5.639  12.245 0.0000000000
89780  61.070  3.364  2.965 0.0000000000
88288  62.091  2.778  4.179 0.0000000000
89753  61.366  2.852  4.240 0.0000000000
89754  60.530  3.079  4.511 0.0000000000
71598  28.432  -10.678  44.636 0.0000000000
71585  28.654  -10.581  45.187 0.0000000000
71584  28.969  -10.198  45.827 0.0000000000
65547  17.458  -13.956  53.614 0.0000000000
67060  17.778  -13.541  55.218 0.0000000000
67009  16.198  -12.612  57.485 0.0000000000
91064  53.187  4.377  13.371 0.0000000000
89644  52.593  3.587  14.845 0.0000000000
88127  52.056  1.873  19.368 0.0000000000
85319  45.160  -0.323  25.312 0.0000000000
85318  45.859  -0.084  25.380 0.0000000000
85297  45.545  0.320  25.812 0.0000000000
86700  45.847  0.937  26.177 0.0000000000
89355  47.528  2.652  29.498 0.0000000000
91071  52.838  4.490  12.759 0.0000000000
67051  8.391  -13.230  55.882 0.0000000000
67032  9.192  -12.915  56.409 0.0000000000
83951  42.514  -2.181  23.373 0.0000000000
85242  42.760  -0.508  28.511 0.0000000000
73100  31.530  -8.970  39.711 0.0000000000
71658  31.824  -9.121  38.939 0.0000000000
73022  35.035  -9.295  43.486 0.0000000000
74448  30.535  -9.072  44.808 0.0000000000
73014  30.335  -9.027  44.277 0.0000000000
75702  34.574  -7.544  46.785 0.0000000000
75715  35.417  -7.905  46.350 0.0000000000
65579  25.606  -13.757  50.784 0.0000000000
65592  25.422  -13.534  50.352 0.0000000000
65593  25.133  -13.864  50.090 0.0000000000
64138  24.900  -14.701  49.740 0.0000000000
62811  23.003  -15.699  47.840 0.0000000000
62812  22.459  -15.786  48.236 0.0000000000
62803  21.974  -15.872  48.816 0.0000000000
62795  21.784  -15.618  49.891 0.0000000000
62796  21.294  -15.553  49.486 0.0000000000
64156  20.900  -15.222  49.942 0.0000000000
65606  20.262  -14.788  50.008 0.0000000000
65709  18.190  -14.675  44.617 0.0000000000
65667  16.696  -15.028  46.094 0.0000000000
65625  17.604  -14.616  48.544 0.0000000000
65598  17.289  -14.592  50.648 0.0000000000
71722  26.097  -9.708  36.569 0.0000000000
71706  25.825  -9.891  37.253 0.0000000000
68719  24.962  -11.891  39.008 0.0000000000
70277  25.595  -11.107  38.999 0.0000000000
68705  25.458  -11.607  39.687 0.0000000000
68691  26.131  -11.392  40.523 0.0000000000
70229  26.788  -11.055  42.052 0.0000000000
65680  25.562  -13.965  45.818 0.0000000000
67162  26.081  -13.479  46.143 0.0000000000
67112  26.164  -12.956  48.187 0.0000000000
68558  26.279  -12.912  48.564 0.0000000000
67099  25.824  -13.285  49.529 0.0000000000
68437  11.719  -11.588  57.887 0.0000000000
89588  61.289  3.972  17.178 0.0000000000
90989  61.282  4.282  18.781 0.0000000000
90952  61.175  3.969  20.068 0.0000000000
89508  61.068  3.619  20.582 0.0000000000
88205  56.169  2.749  16.046 0.0000000000
89485  57.313  3.614  21.892 0.0000000000
86781  48.608  0.551  19.369 0.0000000000
86766  49.103  0.403  20.036 0.0000000000
86764  51.025  0.950  20.579 0.0000000000
86697  49.083  1.504  25.388 0.0000000000
86696  49.543  1.621  25.307 0.0000000000
86710  52.402  1.637  25.226 0.0000000000
81376  37.716  -3.852  26.145 0.0000000000
83838  39.633  -1.491  31.388 0.0000000000
83837  40.586  -1.403  30.918 0.0000000000
85219  41.146  -0.837  31.251 0.0000000000
85201  41.631  -0.384  31.640 0.0000000000
86600  41.975  0.124  32.815 0.0000000000
74521  37.867  -7.768  38.050 0.0000000000
74530  37.560  -7.874  37.204 0.0000000000
75833  38.796  -6.401  36.447 0.0000000000
77225  39.244  -5.682  36.318 0.0000000000
77242  39.491  -4.970  35.902 0.0000000000
81155  40.310  -3.210  43.247 0.0000000000
81192  41.201  -2.717  38.932 0.0000000000
81202  41.083  -2.783  37.853 0.0000000000
81201  41.422  -2.268  38.331 0.0000000000
82426  41.112  -1.710  37.125 0.0000000000
82439  40.633  -1.834  36.373 0.0000000000
83740  39.534  -1.059  36.068 0.0000000000
83722  40.334  -0.918  36.589 0.0000000000
85094  40.499  -0.238  37.278 0.0000000000
91108  55.752  5.047  8.521 0.0000000000
92440  55.271  5.759  8.268 0.0000000000
91138  57.590  4.265  6.825 0.0000000000
93632  59.966  6.378  11.658 0.0000000000
93644  59.972  5.807  10.988 0.0000000000
93631  60.789  6.748  11.429 0.0000000000
93630  61.581  6.713  11.660 0.0000000000
93629  62.381  6.517  11.769 0.0000000000
93619  61.848  6.763  12.351 0.0000000000
88312  65.110  2.602  2.740 0.0000000000
88296  66.147  2.130  3.187 0.0000000000
91114  64.728  4.417  7.617 0.0000000000
91099  64.769  4.315  8.579 0.0000000000
70136  28.610  -10.503  47.572 0.0000000000
70116  28.311  -10.834  48.572 0.0000000000
71542  28.458  -10.440  49.332 0.0000000000
71507  28.129  -10.377  51.541 0.0000000000
65526  15.171  -13.846  54.607 0.0000000000
67044  15.364  -13.437  56.037 0.0000000000
65506  13.912  -13.539  55.287 0.0000000000
67010  15.522  -12.629  57.253 0.0000000000
68433  15.331  -12.327  57.719 0.0000000000
67002  15.503  -12.110  58.689 0.0000000000
91019  50.267  3.967  14.823 0.0000000000
89575  50.279  2.390  17.055 0.0000000000
86664  45.168  1.288  27.704 0.0000000000
87990  45.245  1.624  27.913 0.0000000000
87955  46.586  2.269  29.234 0.0000000000
87938  46.347  2.110  30.208 0.0000000000
87937  47.016  2.440  29.931 0.0000000000
68446  7.500  -11.901  56.939 0.0000000000
69969  7.226  -11.245  58.144 0.0000000000
69957  7.603  -11.562  59.408 0.0000000000
69958  6.892  -11.709  59.541 0.0000000000
82609  40.963  -3.136  24.470 0.0000000000
82593  40.864  -2.952  25.737 0.0000000000
73122  29.461  -9.101  38.914 0.0000000000
73121  30.283  -8.878  39.072 0.0000000000
73120  30.959  -8.811  39.213 0.0000000000
73042  32.403  -8.829  42.343 0.0000000000
65640  25.052  -14.350  47.683 0.0000000000
64188  23.243  -15.482  46.928 0.0000000000
64208  22.935  -15.036  45.985 0.0000000000
64212  15.105  -14.847  46.096 0.0000000000
64192  14.790  -14.855  47.292 0.0000000000
65800  24.559  -13.915  40.077 0.0000000000
67223  25.014  -13.440  40.706 0.0000000000
67211  25.689  -13.416  42.440 0.0000000000
65730  25.107  -13.944  44.134 0.0000000000
65661  25.146  -14.297  46.674 0.0000000000
91056  61.076  4.843  13.987 0.0000000000
91035  60.541  4.070  14.287 0.0000000000
89636  60.805  3.670  15.217 0.0000000000
89589  60.103  3.296  16.980 0.0000000000
89573  55.350  3.043  18.495 0.0000000000
89572  56.104  3.052  18.516 0.0000000000
86783  46.817  0.792  18.994 0.0000000000
89389  49.490  2.876  27.615 0.0000000000
89406  49.734  2.804  26.633 0.0000000000
81347  36.991  -3.440  27.395 0.0000000000
82569  37.573  -3.189  27.991 0.0000000000
83857  38.441  -2.477  29.779 0.0000000000
83840  38.029  -2.301  30.379 0.0000000000
83839  38.704  -1.897  30.858 0.0000000000
83818  39.358  -1.230  31.902 0.0000000000
86603  40.030  -0.294  33.284 0.0000000000
73074  38.030  -8.611  40.526 0.0000000000
73094  38.196  -8.375  39.721 0.0000000000
73116  37.948  -8.120  38.912 0.0000000000
74519  38.943  -6.974  39.195 0.0000000000
93654  53.654  6.334  9.059 0.0000000000
92432  54.454  5.601  9.356 0.0000000000
92431  55.449  5.062  9.271 0.0000000000
92430  56.117  4.705  9.508 0.0000000000
92381  59.162  5.705  12.073 0.0000000000
93613  59.821  6.508  12.915 0.0000000000
91226  62.680  3.642  1.166 0.0000000000
89791  63.136  3.066  1.665 0.0000000000
89792  62.257  3.265  1.948 0.0000000000
88326  63.734  2.589  2.318 0.0000000000
88313  64.273  2.623  2.854 0.0000000000
88298  64.940  2.806  3.631 0.0000000000
89766  65.472  3.175  4.377 0.0000000000
89750  65.884  3.381  4.868 0.0000000000
89751  65.066  3.522  5.105 0.0000000000
91160  64.093  3.996  5.732 0.0000000000
88273  62.454  2.738  4.842 0.0000000000
91137  62.920  3.999  6.751 0.0000000000
91116  62.601  4.576  7.668 0.0000000000
73065  28.780  -10.035  41.331 0.0000000000
71636  28.862  -9.448  42.434 0.0000000000
73015  29.969  -9.146  44.799 0.0000000000
71563  28.904  -9.894  47.900 0.0000000000
72998  29.302  -9.418  47.485 0.0000000000
72981  29.751  -8.911  49.052 0.0000000000
72989  29.798  -8.918  48.103 0.0000000000
65763  20.994  -14.709  42.732 0.0000000000
65565  19.616  -13.991  52.381 0.0000000000
65521  19.934  -14.256  54.650 0.0000000000
65503  20.146  -14.036  55.411 0.0000000000
67039  19.906  -13.544  55.799 0.0000000000
67038  20.538  -13.469  56.075 0.0000000000
65489  20.183  -13.704  57.126 0.0000000000
67042  17.390  -13.082  55.889 0.0000000000
67023  17.919  -12.797  56.640 0.0000000000
91040  55.255  4.253  14.018 0.0000000000
88206  55.151  2.680  16.043 0.0000000000
91044  51.186  4.351  14.164 0.0000000000
89591  52.271  2.721  16.073 0.0000000000
89617  52.527  3.043  15.464 0.0000000000
88163  54.773  2.862  18.127 0.0000000000
88141  54.519  2.857  18.670 0.0000000000
89542  54.428  2.987  19.663 0.0000000000
88091  54.138  2.507  22.212 0.0000000000
83926  46.587  -0.573  23.810 0.0000000000
85317  46.905  -0.103  24.337 0.0000000000
88007  48.200  2.495  26.419 0.0000000000
88011  45.409  1.778  27.430 0.0000000000
88010  45.786  1.801  26.983 0.0000000000
89392  47.107  2.594  28.082 0.0000000000
89409  47.175  2.601  27.332 0.0000000000
89390  48.607  2.855  27.780 0.0000000000
79950  37.233  -4.228  30.701 0.0000000000
78668  38.328  -4.255  32.957 0.0000000000
75710  38.929  -6.720  45.116 0.0000000000
75720  39.237  -6.697  44.546 0.0000000000
77083  39.403  -6.144  45.230 0.0000000000
91085  52.891  4.638  11.358 0.0000000000
92467  59.168  5.379  4.088 0.0000000000
65531  10.675  -13.667  54.642 0.0000000000
65509  11.228  -13.333  55.296 0.0000000000
68425  11.204  -11.025  58.481 0.0000000000
68427  9.059  -11.367  58.372 0.0000000000
69963  9.670  -10.746  58.985 0.0000000000
69954  10.264  -10.513  59.680 0.0000000000
83985  44.991  -1.132  21.246 0.0000000000
83906  44.854  -0.425  25.336 0.0000000000
86702  44.361  0.175  26.736 0.0000000000
83970  41.824  -2.436  22.471 0.0000000000
85299  44.051  -0.180  26.473 0.0000000000
86682  44.294  0.276  27.074 0.0000000000
86647  44.798  0.707  28.479 0.0000000000
87975  44.679  0.640  29.242 0.0000000000
85258  43.447  -0.163  28.106 0.0000000000
87959  44.443  0.511  29.482 0.0000000000
87958  44.711  0.819  29.925 0.0000000000
87941  44.526  0.967  30.895 0.0000000000
87916  44.598  1.580  32.190 0.0000000000
71731  32.590  -9.700  34.891 0.0000000000
71718  30.413  -9.415  36.428 0.0000000000
71677  31.949  -9.296  38.039 0.0000000000
71699  32.128  -9.571  37.056 0.0000000000
71675  33.795  -9.542  37.689 0.0000000000
73056  36.968  -9.093  41.493 0.0000000000
73037  37.387  -8.792  42.186 0.0000000000
74470  37.328  -8.603  42.791 0.0000000000
75734  38.036  -7.514  44.193 0.0000000000
73063  29.950  -9.014  41.647 0.0000000000
73027  30.522  -8.943  43.540 0.0000000000
73044  30.604  -8.985  42.511 0.0000000000
73043  31.481  -8.925  42.386 0.0000000000
74421  32.164  -7.884  46.465 0.0000000000
74434  32.555  -7.921  45.620 0.0000000000
73023  33.954  -8.998  43.386 0.0000000000
74457  35.762  -8.684  44.260 0.0000000000
75725  35.819  -8.263  46.122 0.0000000000
74441  36.880  -8.034  44.558 0.0000000000
75735  37.502  -7.619  44.438 0.0000000000
75722  37.759  -7.120  44.767 0.0000000000
65539  27.342  -13.364  52.843 0.0000000000
64088  26.702  -14.567  52.450 0.0000000000
64100  26.295  -14.807  51.874 0.0000000000
62771  26.421  -15.441  52.103 0.0000000000
65605  24.656  -14.507  48.446 0.0000000000
64153  24.515  -14.874  49.238 0.0000000000
62792  24.514  -15.171  49.529 0.0000000000
62785  24.685  -15.543  50.055 0.0000000000
61560  24.565  -16.202  50.683 0.0000000000
61554  24.209  -16.394  51.346 0.0000000000
61548  23.929  -16.317  52.227 0.0000000000
62773  23.214  -15.923  52.416 0.0000000000
62788  21.867  -15.519  50.903 0.0000000000
62780  21.797  -15.368  51.421 0.0000000000
64120  22.062  -15.249  52.378 0.0000000000
64104  21.093  -14.859  52.199 0.0000000000
65564  20.527  -14.468  52.237 0.0000000000
64231  20.515  -14.722  46.342 0.0000000000
65607  19.739  -14.557  49.671 0.0000000000
65595  19.940  -14.517  50.539 0.0000000000
65566  18.667  -13.993  52.506 0.0000000000
65585  17.419  -14.671  51.400 0.0000000000
64123  17.441  -14.723  51.803 0.0000000000
64143  14.797  -14.910  50.542 0.0000000000
64126  15.116  -14.753  51.471 0.0000000000
65570  15.059  -14.443  53.087 0.0000000000
65553  11.878  -13.820  53.884 0.0000000000
65554  10.986  -13.833  53.854 0.0000000000
65512  7.985  -13.477  55.013 0.0000000000
73163  28.046  -8.940  36.437 0.0000000000
73149  28.022  -9.209  37.216 0.0000000000
73136  28.170  -9.550  37.829 0.0000000000
73124  27.854  -9.786  38.157 0.0000000000
71660  27.657  -10.504  39.574 0.0000000000
70312  25.241  -10.280  36.883 0.0000000000
70303  25.722  -10.191  37.753 0.0000000000
70288  26.119  -10.226  38.316 0.0000000000
71683  26.806  -10.315  38.735 0.0000000000
71646  28.089  -10.384  40.902 0.0000000000
70211  27.683  -10.959  43.478 0.0000000000
70194  27.997  -11.008  44.335 0.0000000000
67210  26.263  -12.866  42.940 0.0000000000
67160  27.453  -12.435  45.572 0.0000000000
68598  27.817  -12.031  46.373 0.0000000000
70094  27.425  -11.448  50.326 0.0000000000
68533  26.416  -12.850  49.118 0.0000000000
68508  26.832  -11.904  50.580 0.0000000000
68477  26.916  -11.954  52.128 0.0000000000
65501  21.557  -14.507  54.924 0.0000000000
67048  11.826  -12.973  55.898 0.0000000000
67013  13.082  -12.337  57.316 0.0000000000
68436  12.827  -11.718  57.947 0.0000000000
68422  14.528  -11.842  58.420 0.0000000000
68414  15.081  -11.894  58.757 0.0000000000
89612  57.790  2.931  15.160 0.0000000000
88204  57.208  2.769  16.021 0.0000000000
88203  58.338  2.814  15.848 0.0000000000
89557  59.560  3.317  18.730 0.0000000000
89537  59.299  3.480  19.772 0.0000000000
89558  57.613  3.296  19.460 0.0000000000
89511  58.004  4.053  20.607 0.0000000000
89538  58.356  3.702  19.949 0.0000000000
90971  58.976  3.640  20.211 0.0000000000
89509  59.627  3.687  20.245 0.0000000000
89576  49.646  2.533  16.902 0.0000000000
88149  47.267  1.739  17.771 0.0000000000
88148  48.164  1.579  17.788 0.0000000000
88147  49.077  1.525  17.949 0.0000000000
88107  52.040  1.680  20.407 0.0000000000
88076  54.413  2.402  23.235 0.0000000000
83946  47.196  -0.897  22.376 0.0000000000
85345  50.500  0.307  22.645 0.0000000000
88048  50.225  1.867  25.386 0.0000000000
88004  51.229  2.510  26.301 0.0000000000
88047  50.764  1.814  25.196 0.0000000000
86731  50.163  0.803  24.113 0.0000000000
85332  50.670  0.520  23.226 0.0000000000
86743  51.988  1.264  23.147 0.0000000000
80002  40.252  -3.691  25.200 0.0000000000
81373  40.336  -3.505  25.580 0.0000000000
82580  40.877  -2.386  26.647 0.0000000000
81346  37.778  -3.297  27.471 0.0000000000
81345  38.538  -3.077  27.527 0.0000000000
81344  38.873  -2.899  27.526 0.0000000000
83870  39.714  -2.185  29.410 0.0000000000
82552  39.332  -2.222  28.505 0.0000000000
82582  39.391  -2.444  27.367 0.0000000000
82581  39.896  -2.504  26.957 0.0000000000
82565  40.651  -2.091  27.524 0.0000000000
83868  42.213  -1.247  28.915 0.0000000000
85232  42.467  -0.478  29.556 0.0000000000
85217  42.689  0.178  30.859 0.0000000000
86621  43.195  0.625  30.714 0.0000000000
86610  43.462  0.803  31.296 0.0000000000
87917  43.894  1.390  32.413 0.0000000000
73147  35.583  -8.686  35.665 0.0000000000
73160  36.134  -8.202  35.225 0.0000000000
75905  37.808  -6.199  32.611 0.0000000000
75861  38.285  -6.553  34.381 0.0000000000
75881  38.036  -6.269  33.362 0.0000000000
77306  38.180  -5.385  32.689 0.0000000000
79898  38.525  -3.413  33.526 0.0000000000
75732  39.452  -6.614  43.823 0.0000000000
75739  39.580  -6.727  43.012 0.0000000000
75745  39.790  -6.518  42.120 0.0000000000
78516  39.717  -4.841  43.170 0.0000000000
77121  39.824  -5.728  42.636 0.0000000000
75758  39.819  -6.526  41.125 0.0000000000
75780  39.791  -6.184  40.302 0.0000000000
77182  39.842  -5.779  38.962 0.0000000000
81165  40.482  -3.285  42.356 0.0000000000
81164  40.801  -2.511  41.918 0.0000000000
81174  40.613  -3.274  41.434 0.0000000000
79804  40.402  -4.016  40.920 0.0000000000
78551  39.980  -4.660  40.381 0.0000000000
77198  39.891  -5.053  38.995 0.0000000000
77199  39.760  -5.281  38.229 0.0000000000
77211  39.786  -4.919  37.371 0.0000000000
78618  39.500  -4.196  36.190 0.0000000000
79847  40.223  -3.478  37.291 0.0000000000
79859  39.824  -3.491  36.457 0.0000000000
78634  39.219  -4.156  35.529 0.0000000000
79881  39.127  -3.471  35.003 0.0000000000
79882  38.813  -3.463  34.287 0.0000000000
81252  38.656  -2.633  33.912 0.0000000000
82487  38.428  -1.902  33.710 0.0000000000
85152  38.551  -0.960  34.324 0.0000000000
83756  38.888  -1.119  35.496 0.0000000000
85137  38.762  -0.700  35.114 0.0000000000
85151  38.912  -0.654  34.445 0.0000000000
86571  39.504  -0.504  34.521 0.0000000000
86588  39.794  -0.423  33.814 0.0000000000
86587  40.426  -0.204  33.854 0.0000000000
86469  41.446  0.592  39.035 0.0000000000
86490  41.146  0.334  37.939 0.0000000000
87837  41.186  0.721  37.346 0.0000000000
87861  40.765  0.319  36.521 0.0000000000
87898  41.105  0.457  35.077 0.0000000000
86569  40.813  0.149  34.512 0.0000000000
86568  41.571  0.606  34.567 0.0000000000
86567  42.347  0.883  34.105 0.0000000000
87896  42.858  1.380  34.493 0.0000000000
87879  43.012  1.819  35.416 0.0000000000
87908  43.053  1.249  33.697 0.0000000000
92468  58.711  5.363  4.633 0.0000000000
89717  59.035  3.268  6.579 0.0000000000
89716  60.045  3.195  6.542 0.0000000000
91101  62.278  4.905  8.280 0.0000000000
91093  58.869  4.003  9.681 0.0000000000
91092  59.974  4.528  9.841 0.0000000000
92429  60.224  5.013  10.319 0.0000000000
91091  61.090  4.641  9.442 0.0000000000
91102  61.784  4.710  8.761 0.0000000000
92437  62.525  5.203  8.553 0.0000000000
92411  63.233  5.222  10.316 0.0000000000
93628  62.720  6.026  11.916 0.0000000000
92396  63.197  5.463  11.433 0.0000000000
62777  25.795  -15.242  50.849 0.0000000000
64087  26.960  -14.926  52.918 0.0000000000
64092  21.750  -14.972  53.232 0.0000000000
64102  22.117  -15.225  52.990 0.0000000000
64105  17.636  -14.618  52.125 0.0000000000
64119  25.159  -14.384  50.201 0.0000000000
64121  21.594  -15.149  51.878 0.0000000000
64137  25.154  -14.905  50.157 0.0000000000
64157  20.380  -15.008  49.446 0.0000000000
64170  24.266  -14.828  48.147 0.0000000000
64228  22.905  -14.676  45.590 0.0000000000
64308  24.023  -14.979  41.196 0.0000000000
65496  20.572  -13.601  56.645 0.0000000000
65498  9.223  -13.273  55.940 0.0000000000
65517  27.619  -13.856  53.032 0.0000000000
65524  17.175  -13.793  54.514 0.0000000000
65555  10.320  -13.984  54.101 0.0000000000
67020  20.565  -13.529  56.386 0.0000000000
67050  8.969  -13.286  55.939 0.0000000000
67057  19.833  -14.034  55.383 0.0000000000
67058  19.379  -13.897  55.277 0.0000000000
67059  18.607  -13.682  55.202 0.0000000000
67090  25.290  -13.436  50.159 0.0000000000
67129  26.400  -12.961  47.539 0.0000000000
67242  24.765  -12.543  39.102 0.0000000000
68421  15.361  -12.023  58.272 0.0000000000
68432  15.729  -12.455  57.638 0.0000000000
68492  26.733  -11.805  51.380 0.0000000000
68706  25.011  -12.032  39.382 0.0000000000
68718  25.171  -11.407  38.562 0.0000000000
68737  24.656  -11.458  37.273 0.0000000000
70033  27.376  -11.597  51.899 0.0000000000
70115  28.682  -10.325  48.210 0.0000000000
70302  26.068  -9.976  37.961 0.0000000000
71519  27.984  -10.147  50.960 0.0000000000
71553  28.536  -10.444  48.903 0.0000000000
71659  31.344  -8.905  39.055 0.0000000000
71704  27.279  -9.547  38.004 0.0000000000
74467  39.438  -7.179  42.873 0.0000000000
75733  38.959  -7.343  43.922 0.0000000000
75740  39.313  -7.081  43.467 0.0000000000
75862  37.675  -6.947  33.874 0.0000000000
78584  40.131  -4.027  37.852 0.0000000000
78602  39.761  -4.286  36.799 0.0000000000
79829  40.903  -3.097  39.463 0.0000000000
79848  39.951  -3.859  36.927 0.0000000000
80003  39.886  -3.768  25.389 0.0000000000
80005  38.211  -3.915  25.392 0.0000000000
80016  40.077  -3.773  24.772 0.0000000000
81299  37.078  -3.064  31.069 0.0000000000
81312  37.167  -3.077  30.835 0.0000000000
82415  41.489  -1.874  38.699 0.0000000000
82416  41.232  -1.586  38.099 0.0000000000
82456  39.018  -1.566  34.926 0.0000000000
82517  37.252  -2.906  30.887 0.0000000000
82556  37.007  -3.234  28.416 0.0000000000
82566  39.647  -2.027  27.700 0.0000000000
82568  38.271  -3.037  28.005 0.0000000000
83739  40.212  -1.356  36.153 0.0000000000
83772  38.562  -1.332  34.260 0.0000000000
83854  40.887  -1.673  30.016 0.0000000000
85106  39.398  -0.560  36.269 0.0000000000
85123  39.382  -0.243  36.188 0.0000000000
85138  38.504  -1.012  34.669 0.0000000000
85166  39.182  -0.636  33.732 0.0000000000
85167  38.675  -0.913  33.670 0.0000000000
85204  39.571  -0.880  32.200 0.0000000000
85220  40.432  -1.084  31.703 0.0000000000
86534  38.931  -0.215  35.675 0.0000000000
86570  40.234  -0.356  34.546 0.0000000000
86601  41.255  -0.108  33.101 0.0000000000
86683  43.942  0.002  27.176 0.0000000000
87971  46.469  2.265  28.318 0.0000000000
87991  45.136  1.308  28.313 0.0000000000
88075  55.040  2.614  23.317 0.0000000000
88123  58.923  3.244  19.665 0.0000000000
88124  58.659  3.290  19.670 0.0000000000
88215  58.915  2.895  15.250 0.0000000000
88284  65.920  3.121  4.371 0.0000000000
88287  62.796  2.744  4.260 0.0000000000
89356  47.069  2.513  29.229 0.0000000000
89510  59.284  3.670  20.278 0.0000000000
89555  60.643  4.102  19.202 0.0000000000
89562  54.406  2.895  19.216 0.0000000000
89574  54.956  3.003  18.502 0.0000000000
89587  61.676  4.221  16.783 0.0000000000
89590  59.562  3.186  17.243 0.0000000000
89611  58.286  2.919  15.180 0.0000000000
89668  64.804  3.934  9.084 0.0000000000
89669  60.619  3.616  8.190 0.0000000000
89689  62.483  3.855  7.066 0.0000000000
89767  62.151  3.016  2.939 0.0000000000
89790  64.210  3.035  1.358 0.0000000000
90956  58.559  4.045  20.565 0.0000000000
91090  61.493  4.840  9.268 0.0000000000
91158  65.119  3.731  6.140 0.0000000000
91182  64.730  3.652  5.579 0.0000000000
91183  64.354  3.650  5.376 0.0000000000
91202  60.213  3.850  3.168 0.0000000000
91240  62.506  3.886  0.953 0.0000000000
92387  53.488  4.560  12.402 0.0000000000
92438  62.053  5.226  9.068 0.0000000000
93618  62.503  6.384  12.603 0.0000000000
93620  59.955  7.119  12.819 0.0000000000
93622  56.747  5.622  12.171 0.0000000000
93624  56.187  5.360  11.954 0.0000000000
93634  56.441  5.446  11.789 0.0000000000
93640  62.751  5.950  11.103 0.0000000000
94845  61.474  6.878  12.631 0.0000000000
94846  61.118  6.964  12.767 0.0000000000
94852  60.004  7.138  12.352 0.0000000000
94856  60.907  7.060  11.954 0.0000000000
94857  60.311  7.066  11.942 0.0000000000
94858  59.789  7.016  12.012 0.0000000000
