#!ascii label  , from subject 4115 vox2ras=TkReg
933
63188  -33.691  -33.074  52.945 0.0000000000
52538  -21.789  -41.096  53.771 0.0000000000
53798  -30.377  -39.028  52.092 0.0000000000
82811  -46.500  -14.869  36.498 0.0000000000
89630  -48.173  -9.215  33.015 0.0000000000
48723  -15.866  -43.050  56.081 0.0000000000
79329  -45.709  -17.083  39.479 0.0000000000
64418  -36.297  -31.474  52.221 0.0000000000
58238  -32.184  -35.088  51.696 0.0000000000
51276  -17.958  -41.759  54.299 0.0000000000
46180  -19.576  -46.413  58.211 0.0000000000
64428  -29.048  -30.879  50.960 0.0000000000
65758  -30.664  -29.467  49.715 0.0000000000
51302  -26.530  -41.384  53.727 0.0000000000
60671  -26.591  -33.770  52.855 0.0000000000
73492  -42.025  -23.442  41.269 0.0000000000
75863  -44.583  -22.115  40.500 0.0000000000
77057  -49.828  -20.379  38.437 0.0000000000
42458  -12.309  -48.963  58.018 0.0000000000
41182  -8.415  -49.461  57.964 0.0000000000
65803  -33.797  -30.084  46.716 0.0000000000
64556  -37.710  -30.965  44.447 0.0000000000
68297  -39.813  -27.779  41.388 0.0000000000
43821  -15.689  -48.641  57.683 0.0000000000
51218  -22.406  -42.808  56.712 0.0000000000
51220  -23.613  -42.657  56.229 0.0000000000
60672  -33.137  -33.969  52.695 0.0000000000
54870  -20.076  -38.336  54.134 0.0000000000
51278  -20.039  -41.467  53.311 0.0000000000
48737  -20.706  -44.255  55.063 0.0000000000
65670  -28.182  -28.218  53.531 0.0000000000
63197  -27.518  -31.411  51.476 0.0000000000
77011  -40.438  -20.480  41.209 0.0000000000
75851  -43.568  -21.743  41.530 0.0000000000
77035  -41.508  -19.835  39.456 0.0000000000
78200  -46.191  -19.136  37.457 0.0000000000
79359  -48.459  -18.364  37.155 0.0000000000
79348  -51.417  -19.006  37.902 0.0000000000
81728  -49.905  -16.641  36.278 0.0000000000
82837  -50.083  -14.968  34.650 0.0000000000
68220  -30.734  -27.526  49.106 0.0000000000
65783  -32.873  -30.320  48.319 0.0000000000
69440  -31.780  -27.072  47.393 0.0000000000
67073  -35.223  -28.087  44.397 0.0000000000
68281  -37.050  -26.827  43.452 0.0000000000
65868  -39.110  -29.930  43.189 0.0000000000
69526  -38.099  -25.838  42.301 0.0000000000
70878  -39.483  -25.011  41.366 0.0000000000
52577  -28.339  -40.100  52.713 0.0000000000
46190  -13.761  -46.035  56.931 0.0000000000
45040  -15.697  -46.552  56.111 0.0000000000
38934  -7.417  -51.714  60.797 0.0000000000
40039  -5.573  -51.316  60.590 0.0000000000
79326  -43.193  -17.282  39.782 0.0000000000
65715  -38.385  -31.080  51.383 0.0000000000
55990  -31.770  -37.628  50.881 0.0000000000
49988  -16.583  -42.051  55.704 0.0000000000
46205  -17.356  -45.986  55.516 0.0000000000
47490  -19.298  -45.077  54.655 0.0000000000
90854  -49.508  -8.417  31.431 0.0000000000
63200  -32.255  -32.638  51.385 0.0000000000
64431  -32.165  -31.733  50.643 0.0000000000
64448  -29.686  -29.722  50.576 0.0000000000
54888  -21.742  -38.478  52.939 0.0000000000
52520  -23.865  -41.263  53.875 0.0000000000
53792  -24.389  -38.983  51.638 0.0000000000
53773  -26.780  -39.223  51.728 0.0000000000
54910  -27.760  -37.655  51.992 0.0000000000
58212  -26.942  -35.546  53.838 0.0000000000
57110  -28.461  -36.852  50.576 0.0000000000
60698  -28.808  -34.061  50.047 0.0000000000
61954  -30.408  -32.998  50.958 0.0000000000
69528  -44.053  -26.525  42.061 0.0000000000
77052  -44.723  -20.470  37.947 0.0000000000
74731  -47.567  -22.448  38.859 0.0000000000
85076  -50.656  -13.666  33.911 0.0000000000
41184  -10.538  -49.236  58.035 0.0000000000
40056  -9.513  -51.566  60.443 0.0000000000
65735  -33.820  -31.414  50.040 0.0000000000
65737  -35.998  -31.300  50.000 0.0000000000
63223  -37.057  -31.909  48.629 0.0000000000
67057  -33.270  -27.818  45.381 0.0000000000
63283  -35.624  -31.408  45.808 0.0000000000
63254  -38.989  -32.037  47.479 0.0000000000
64545  -40.487  -30.812  46.136 0.0000000000
65856  -42.110  -29.812  44.628 0.0000000000
67107  -42.759  -28.523  42.406 0.0000000000
69542  -41.118  -26.217  40.842 0.0000000000
74699  -39.682  -22.393  41.772 0.0000000000
51243  -26.344  -42.486  55.925 0.0000000000
46178  -11.760  -45.506  58.030 0.0000000000
43819  -13.971  -48.495  57.799 0.0000000000
45014  -17.706  -47.777  57.172 0.0000000000
40050  -3.782  -51.003  60.438 0.0000000000
52517  -22.173  -41.879  54.835 0.0000000000
51219  -22.820  -42.717  56.459 0.0000000000
52498  -22.595  -42.323  55.377 0.0000000000
61938  -33.460  -33.532  53.228 0.0000000000
53743  -21.147  -39.936  53.380 0.0000000000
53742  -20.239  -39.407  53.583 0.0000000000
51279  -21.120  -41.681  53.645 0.0000000000
50004  -21.431  -42.618  54.782 0.0000000000
79288  -40.159  -18.599  41.416 0.0000000000
77021  -40.683  -19.816  40.532 0.0000000000
79323  -40.806  -18.399  39.896 0.0000000000
82803  -45.776  -14.882  37.473 0.0000000000
80557  -46.798  -17.035  37.234 0.0000000000
81706  -47.215  -16.640  36.749 0.0000000000
80579  -48.961  -16.870  36.556 0.0000000000
82813  -48.041  -15.558  35.719 0.0000000000
82825  -48.652  -15.239  35.334 0.0000000000
69412  -31.306  -26.728  48.689 0.0000000000
68265  -36.461  -26.427  44.070 0.0000000000
68295  -37.701  -27.060  42.445 0.0000000000
69506  -38.068  -24.969  43.677 0.0000000000
70859  -38.452  -24.657  42.834 0.0000000000
53775  -29.065  -39.467  52.231 0.0000000000
52544  -29.779  -40.532  54.655 0.0000000000
53759  -30.179  -39.725  53.641 0.0000000000
47474  -14.000  -44.618  56.617 0.0000000000
47475  -14.987  -43.883  56.274 0.0000000000
88424  -49.915  -10.596  33.276 0.0000000000
38933  -6.494  -51.477  60.759 0.0000000000
64384  -37.437  -31.251  53.949 0.0000000000
65694  -37.858  -31.190  52.154 0.0000000000
57100  -32.315  -36.231  51.212 0.0000000000
58227  -32.949  -35.892  52.905 0.0000000000
51256  -17.960  -40.463  54.531 0.0000000000
52495  -17.245  -40.205  55.860 0.0000000000
51237  -16.942  -40.732  56.225 0.0000000000
50002  -17.435  -42.149  54.593 0.0000000000
47498  -17.983  -44.040  54.342 0.0000000000
48749  -19.175  -44.008  53.942 0.0000000000
48710  -21.725  -43.825  57.184 0.0000000000
48725  -21.038  -44.354  56.627 0.0000000000
63209  -29.728  -31.259  50.884 0.0000000000
64430  -31.088  -31.290  50.659 0.0000000000
64429  -29.429  -30.383  50.757 0.0000000000
55971  -22.539  -37.518  52.805 0.0000000000
53769  -23.002  -39.029  52.196 0.0000000000
55973  -23.777  -37.357  52.353 0.0000000000
54908  -26.331  -38.235  52.080 0.0000000000
54892  -26.746  -37.674  52.918 0.0000000000
54909  -27.284  -38.149  51.832 0.0000000000
54893  -27.502  -37.616  52.941 0.0000000000
61918  -26.259  -32.789  54.758 0.0000000000
59415  -26.790  -34.908  53.257 0.0000000000
58237  -27.800  -36.181  52.055 0.0000000000
59449  -27.613  -35.484  51.027 0.0000000000
58287  -28.601  -35.552  49.846 0.0000000000
60678  -27.357  -33.762  51.103 0.0000000000
64411  -28.190  -30.393  51.433 0.0000000000
61944  -28.274  -32.207  50.764 0.0000000000
63198  -28.997  -31.442  50.971 0.0000000000
63199  -30.466  -32.040  50.984 0.0000000000
70882  -43.548  -25.606  41.081 0.0000000000
70862  -44.443  -25.552  42.230 0.0000000000
73482  -43.754  -24.358  42.103 0.0000000000
75862  -43.833  -21.750  40.841 0.0000000000
75836  -44.357  -22.304  42.377 0.0000000000
79328  -44.964  -17.319  39.430 0.0000000000
78197  -43.287  -19.131  38.261 0.0000000000
79344  -44.945  -18.022  38.323 0.0000000000
77055  -48.089  -20.597  37.827 0.0000000000
75894  -46.442  -21.271  37.981 0.0000000000
75896  -48.549  -21.245  38.460 0.0000000000
74733  -48.863  -22.503  39.714 0.0000000000
83920  -50.347  -14.395  34.298 0.0000000000
85083  -49.152  -13.090  33.908 0.0000000000
86219  -49.270  -12.306  33.592 0.0000000000
43816  -10.948  -47.495  57.546 0.0000000000
43815  -9.880  -47.058  58.260 0.0000000000
42457  -11.372  -48.819  58.004 0.0000000000
40057  -10.978  -51.057  60.155 0.0000000000
38928  -8.974  -52.047  61.729 0.0000000000
64450  -31.471  -31.017  50.269 0.0000000000
64452  -33.357  -31.657  50.400 0.0000000000
65734  -33.090  -31.476  49.947 0.0000000000
65802  -32.963  -29.569  47.307 0.0000000000
65761  -33.878  -30.884  49.118 0.0000000000
65785  -34.819  -30.900  48.180 0.0000000000
64473  -36.394  -31.555  49.234 0.0000000000
64491  -35.429  -31.109  48.088 0.0000000000
69471  -34.416  -25.692  45.391 0.0000000000
65851  -36.409  -29.428  43.919 0.0000000000
65834  -34.968  -29.839  44.622 0.0000000000
64541  -37.073  -31.570  45.159 0.0000000000
63270  -37.768  -32.078  46.500 0.0000000000
64523  -38.523  -31.761  46.179 0.0000000000
64525  -39.995  -30.997  46.740 0.0000000000
64558  -39.221  -31.079  44.923 0.0000000000
67089  -39.743  -29.081  42.809 0.0000000000
65869  -40.328  -29.977  43.445 0.0000000000
67090  -40.911  -29.105  43.040 0.0000000000
67091  -42.185  -29.121  43.376 0.0000000000
67106  -41.558  -28.574  42.326 0.0000000000
68299  -42.200  -27.896  41.710 0.0000000000
68316  -40.486  -27.050  41.012 0.0000000000
73479  -39.080  -22.970  43.004 0.0000000000
72243  -39.247  -23.903  41.614 0.0000000000
75832  -38.977  -21.851  42.973 0.0000000000
51300  -24.943  -41.223  53.310 0.0000000000
51260  -25.196  -41.965  54.918 0.0000000000
51282  -25.955  -41.821  54.263 0.0000000000
45025  -14.445  -47.222  57.032 0.0000000000
45024  -13.843  -46.742  57.101 0.0000000000
43820  -14.722  -48.442  57.648 0.0000000000
46206  -18.809  -46.427  55.760 0.0000000000
45042  -17.736  -46.716  56.064 0.0000000000
45015  -18.469  -47.702  57.867 0.0000000000
49961  -22.274  -43.282  57.563 0.0000000000
51204  -22.801  -42.862  57.526 0.0000000000
51194  -23.342  -43.268  57.828 0.0000000000
49962  -24.665  -43.368  57.555 0.0000000000
59416  -32.883  -34.489  52.483 0.0000000000
58214  -33.282  -35.209  53.099 0.0000000000
54869  -19.580  -38.474  54.776 0.0000000000
52536  -19.496  -40.226  53.664 0.0000000000
51297  -19.329  -42.102  53.390 0.0000000000
48750  -20.307  -43.517  53.912 0.0000000000
50003  -20.987  -43.300  54.485 0.0000000000
49990  -21.786  -42.913  55.895 0.0000000000
65690  -28.116  -29.184  52.234 0.0000000000
65691  -28.829  -29.219  51.495 0.0000000000
63174  -26.184  -31.904  54.035 0.0000000000
61937  -26.980  -32.681  51.904 0.0000000000
65689  -27.308  -29.951  52.392 0.0000000000
74701  -41.538  -22.698  41.459 0.0000000000
74683  -42.655  -22.912  41.952 0.0000000000
77012  -41.884  -20.973  41.043 0.0000000000
77023  -42.297  -21.033  40.181 0.0000000000
77037  -42.904  -21.321  39.409 0.0000000000
79345  -45.688  -17.767  37.997 0.0000000000
79357  -46.489  -18.012  37.382 0.0000000000
78217  -47.839  -19.073  37.327 0.0000000000
78218  -48.719  -19.428  37.546 0.0000000000
78203  -50.667  -19.869  38.464 0.0000000000
79360  -49.612  -18.687  37.499 0.0000000000
80560  -50.236  -17.430  37.031 0.0000000000
81729  -50.910  -16.605  36.153 0.0000000000
81743  -49.692  -15.964  35.486 0.0000000000
83911  -48.982  -14.636  35.003 0.0000000000
42428  -13.155  -49.902  58.724 0.0000000000
41172  -12.408  -50.109  58.896 0.0000000000
41148  -13.239  -50.933  60.360 0.0000000000
67007  -30.644  -28.584  49.314 0.0000000000
65782  -31.745  -29.872  48.512 0.0000000000
67016  -31.112  -28.659  48.512 0.0000000000
67028  -32.029  -28.580  47.350 0.0000000000
67029  -32.580  -28.676  46.721 0.0000000000
68251  -35.279  -26.217  44.784 0.0000000000
68264  -35.770  -26.806  44.355 0.0000000000
67074  -35.999  -28.193  44.068 0.0000000000
65866  -37.140  -29.178  43.367 0.0000000000
65853  -38.380  -30.575  43.762 0.0000000000
67087  -37.509  -28.315  42.810 0.0000000000
67103  -38.268  -28.009  42.235 0.0000000000
68296  -38.620  -27.201  41.606 0.0000000000
68315  -39.498  -26.868  41.085 0.0000000000
70877  -38.685  -25.193  41.937 0.0000000000
52560  -27.508  -40.834  53.684 0.0000000000
51283  -26.962  -41.692  54.479 0.0000000000
52543  -28.431  -41.205  54.826 0.0000000000
45039  -14.707  -46.634  56.689 0.0000000000
43850  -15.562  -47.341  56.566 0.0000000000
40066  -7.598  -50.886  59.221 0.0000000000
41181  -7.394  -49.626  58.288 0.0000000000
40065  -6.611  -50.860  59.277 0.0000000000
40064  -5.730  -50.612  59.257 0.0000000000
40063  -4.801  -50.463  59.409 0.0000000000
65716  -39.380  -31.029  51.742 0.0000000000
54931  -30.840  -38.541  51.400 0.0000000000
53760  -31.070  -39.383  53.360 0.0000000000
49976  -16.613  -41.344  56.769 0.0000000000
48724  -16.423  -42.548  55.932 0.0000000000
47487  -16.277  -44.157  55.525 0.0000000000
47488  -17.252  -44.224  54.883 0.0000000000
46219  -18.477  -45.643  55.089 0.0000000000
46207  -19.761  -46.081  56.299 0.0000000000
48736  -19.951  -44.783  54.544 0.0000000000
47460  -20.054  -45.544  56.796 0.0000000000
47443  -20.103  -45.606  58.023 0.0000000000
90833  -49.194  -8.848  32.216 0.0000000000
63187  -33.092  -33.223  52.356 0.0000000000
63201  -33.634  -32.582  51.992 0.0000000000
64413  -31.978  -32.044  50.857 0.0000000000
64469  -30.639  -29.879  50.042 0.0000000000
65710  -29.308  -29.122  51.004 0.0000000000
65732  -29.891  -29.179  50.521 0.0000000000
67006  -30.337  -28.524  49.993 0.0000000000
68213  -30.663  -27.104  50.150 0.0000000000
53744  -21.883  -40.078  53.359 0.0000000000
52539  -22.599  -40.713  53.522 0.0000000000
52555  -23.039  -40.222  52.985 0.0000000000
52556  -23.730  -40.349  52.666 0.0000000000
52574  -24.959  -40.197  52.046 0.0000000000
54907  -25.487  -38.151  52.188 0.0000000000
53794  -25.361  -39.356  51.693 0.0000000000
52575  -25.958  -40.052  52.003 0.0000000000
52576  -27.203  -40.219  52.296 0.0000000000
53774  -28.024  -39.273  51.751 0.0000000000
53796  -28.901  -38.918  51.551 0.0000000000
55962  -27.627  -36.836  53.557 0.0000000000
55974  -27.926  -37.171  52.394 0.0000000000
55988  -28.672  -37.867  50.944 0.0000000000
54938  -29.838  -38.029  50.586 0.0000000000
55999  -30.459  -37.690  50.332 0.0000000000
57113  -31.080  -36.061  50.119 0.0000000000
59475  -31.350  -34.667  50.575 0.0000000000
61943  -27.567  -33.002  50.908 0.0000000000
60690  -30.000  -33.345  50.594 0.0000000000
60691  -31.032  -33.551  50.945 0.0000000000
60680  -32.262  -33.783  51.795 0.0000000000
61947  -32.614  -33.393  52.087 0.0000000000
54887  -21.048  -38.428  53.322 0.0000000000
74666  -43.992  -23.343  42.456 0.0000000000
78195  -42.016  -18.520  38.753 0.0000000000
77051  -43.381  -20.549  38.378 0.0000000000
75892  -44.414  -21.563  38.483 0.0000000000
77053  -45.835  -20.345  37.705 0.0000000000
75893  -45.521  -21.481  38.172 0.0000000000
74716  -46.074  -22.882  39.142 0.0000000000
74704  -47.941  -23.020  40.559 0.0000000000
85086  -51.612  -12.599  33.547 0.0000000000
87339  -49.544  -11.421  33.452 0.0000000000
89614  -47.689  -9.592  33.523 0.0000000000
43814  -9.114  -46.972  58.905 0.0000000000
41183  -9.401  -49.234  57.798 0.0000000000
40069  -11.240  -50.409  59.205 0.0000000000
40068  -10.067  -50.525  58.975 0.0000000000
40067  -8.740  -50.812  59.214 0.0000000000
38935  -8.369  -51.830  60.903 0.0000000000
64415  -33.859  -32.065  51.651 0.0000000000
64416  -34.663  -31.862  51.771 0.0000000000
64434  -34.926  -31.652  51.228 0.0000000000
65760  -32.615  -30.938  49.342 0.0000000000
65736  -34.843  -31.345  49.935 0.0000000000
65713  -36.484  -31.107  51.056 0.0000000000
65738  -37.009  -31.062  50.513 0.0000000000
64454  -37.631  -31.299  50.104 0.0000000000
64475  -38.292  -31.654  49.508 0.0000000000
68239  -32.851  -27.017  46.062 0.0000000000
65818  -33.159  -29.059  46.132 0.0000000000
67072  -34.429  -28.058  44.672 0.0000000000
65833  -34.261  -29.725  44.992 0.0000000000
64521  -34.925  -31.002  46.373 0.0000000000
63251  -36.410  -31.878  47.242 0.0000000000
63236  -38.506  -32.192  48.074 0.0000000000
65854  -39.614  -30.793  44.268 0.0000000000
65837  -41.479  -30.490  45.856 0.0000000000
68282  -43.843  -28.267  42.551 0.0000000000
69544  -43.414  -26.519  41.055 0.0000000000
70880  -41.815  -25.372  40.757 0.0000000000
70879  -40.631  -25.191  40.828 0.0000000000
72244  -40.201  -24.136  40.993 0.0000000000
73491  -40.939  -23.338  41.096 0.0000000000
75848  -40.148  -21.619  41.558 0.0000000000
77003  -39.356  -20.099  42.279 0.0000000000
51258  -23.469  -42.035  54.602 0.0000000000
51221  -24.678  -42.721  56.435 0.0000000000
51244  -27.315  -42.632  56.039 0.0000000000
43835  -12.470  -47.436  57.473 0.0000000000
46189  -13.180  -45.917  57.097 0.0000000000
45023  -12.840  -46.658  57.306 0.0000000000
43818  -13.050  -48.601  57.789 0.0000000000
42429  -13.688  -50.044  58.885 0.0000000000
46204  -16.034  -45.450  55.552 0.0000000000
43852  -16.910  -47.335  56.379 0.0000000000
43839  -16.143  -48.046  57.026 0.0000000000
38924  -4.762  -51.780  61.531 0.0000000000
40037  -4.245  -51.348  60.997 0.0000000000
40062  -3.979  -50.426  59.576 0.0000000000
63189  -34.483  -32.485  52.957 0.0000000000
52518  -22.563  -41.525  54.469 0.0000000000
51257  -21.695  -41.929  54.458 0.0000000000
80491  -40.422  -17.613  41.546 0.0000000000
79305  -40.490  -18.350  40.613 0.0000000000
80509  -40.745  -17.548  40.733 0.0000000000
81705  -46.588  -15.964  36.883 0.0000000000
81725  -46.967  -15.561  36.355 0.0000000000
81726  -47.631  -16.147  36.283 0.0000000000
82812  -47.298  -15.060  35.873 0.0000000000
69505  -37.552  -25.703  43.880 0.0000000000
53776  -30.036  -39.446  52.728 0.0000000000
52579  -29.726  -39.706  53.322 0.0000000000
48706  -15.351  -42.709  57.137 0.0000000000
89616  -49.378  -9.912  33.196 0.0000000000
89617  -50.141  -9.990  32.973 0.0000000000
89631  -48.898  -9.257  32.904 0.0000000000
64400  -37.629  -31.142  53.315 0.0000000000
65672  -37.500  -31.211  52.717 0.0000000000
65693  -36.928  -31.233  51.989 0.0000000000
57081  -32.236  -35.785  51.409 0.0000000000
57068  -32.886  -36.587  52.388 0.0000000000
57067  -32.602  -35.761  52.088 0.0000000000
52515  -17.653  -40.093  55.181 0.0000000000
51255  -17.329  -40.918  54.783 0.0000000000
48748  -17.943  -43.166  54.320 0.0000000000
50019  -18.380  -42.548  53.964 0.0000000000
55972  -23.098  -37.398  52.543 0.0000000000
54876  -26.930  -37.281  53.812 0.0000000000
60659  -26.480  -33.929  54.209 0.0000000000
59414  -26.948  -34.478  52.398 0.0000000000
59430  -27.280  -35.306  52.269 0.0000000000
59429  -27.233  -34.547  51.563 0.0000000000
60670  -27.010  -33.737  51.903 0.0000000000
72246  -42.603  -24.559  41.078 0.0000000000
72231  -43.471  -24.761  41.542 0.0000000000
72230  -43.058  -24.238  41.587 0.0000000000
75852  -44.579  -21.949  41.490 0.0000000000
75864  -45.464  -22.668  40.016 0.0000000000
77056  -48.990  -20.265  37.998 0.0000000000
75897  -49.319  -20.987  38.608 0.0000000000
75880  -49.253  -21.935  39.287 0.0000000000
86218  -48.531  -12.445  33.966 0.0000000000
43817  -11.981  -48.108  57.648 0.0000000000
42443  -12.018  -49.290  58.306 0.0000000000
64470  -31.040  -30.315  49.904 0.0000000000
64471  -31.749  -30.915  49.758 0.0000000000
65759  -31.392  -30.268  49.307 0.0000000000
65784  -34.041  -30.633  47.914 0.0000000000
64490  -34.805  -30.880  47.686 0.0000000000
64555  -36.684  -30.649  44.374 0.0000000000
64542  -38.133  -31.397  45.303 0.0000000000
64543  -39.029  -31.219  45.539 0.0000000000
64557  -38.675  -31.049  44.692 0.0000000000
67105  -40.357  -28.561  42.116 0.0000000000
68298  -41.003  -27.932  41.498 0.0000000000
51301  -25.725  -41.413  53.429 0.0000000000
43838  -15.029  -47.788  57.055 0.0000000000
42461  -15.064  -49.099  58.154 0.0000000000
42462  -15.993  -49.204  58.466 0.0000000000
46191  -19.101  -46.920  57.306 0.0000000000
45027  -18.193  -47.094  56.787 0.0000000000
42467  -8.656  -48.835  57.859 0.0000000000
42454  -7.881  -48.683  58.267 0.0000000000
64398  -35.967  -31.733  52.797 0.0000000000
49977  -21.969  -43.237  56.731 0.0000000000
51203  -22.626  -42.813  57.877 0.0000000000
52478  -23.001  -42.572  55.920 0.0000000000
51205  -23.164  -42.934  57.268 0.0000000000
51206  -24.066  -43.079  57.269 0.0000000000
54853  -19.861  -37.865  54.974 0.0000000000
52537  -20.655  -40.629  53.411 0.0000000000
51277  -18.726  -41.366  53.833 0.0000000000
50038  -20.030  -42.090  53.185 0.0000000000
50037  -19.789  -42.339  53.275 0.0000000000
50021  -20.630  -42.534  53.615 0.0000000000
51238  -21.988  -42.253  55.516 0.0000000000
63185  -26.234  -31.089  53.625 0.0000000000
65669  -26.792  -29.262  53.436 0.0000000000
75849  -41.554  -21.793  41.474 0.0000000000
78171  -41.237  -19.620  39.627 0.0000000000
77022  -41.298  -20.214  40.101 0.0000000000
77024  -43.101  -21.587  40.432 0.0000000000
77036  -42.070  -20.297  39.094 0.0000000000
80544  -46.109  -17.015  38.023 0.0000000000
79358  -47.425  -18.141  37.076 0.0000000000
80559  -49.142  -17.582  37.005 0.0000000000
80580  -49.561  -17.077  36.802 0.0000000000
81744  -50.592  -16.109  35.575 0.0000000000
83910  -48.312  -14.111  35.284 0.0000000000
69426  -31.545  -26.883  47.840 0.0000000000
68231  -31.588  -27.666  47.584 0.0000000000
67042  -32.283  -28.005  46.759 0.0000000000
68280  -36.364  -27.312  43.865 0.0000000000
67086  -36.680  -28.235  43.504 0.0000000000
69540  -38.935  -26.018  41.368 0.0000000000
52561  -28.813  -40.420  53.771 0.0000000000
46203  -14.896  -45.458  56.250 0.0000000000
40054  -7.050  -51.252  60.014 0.0000000000
38932  -5.962  -51.341  60.710 0.0000000000
40053  -6.082  -51.141  60.073 0.0000000000
40052  -5.218  -51.017  60.027 0.0000000000
65695  -38.759  -30.958  52.416 0.0000000000
54932  -31.708  -38.260  51.514 0.0000000000
54912  -31.772  -38.555  52.097 0.0000000000
55975  -32.276  -38.018  51.836 0.0000000000
49989  -16.776  -41.513  55.421 0.0000000000
49975  -16.361  -41.893  56.391 0.0000000000
48733  -16.628  -43.387  55.544 0.0000000000
48734  -17.158  -43.023  55.265 0.0000000000
47499  -18.661  -44.576  54.314 0.0000000000
47489  -18.324  -44.987  54.682 0.0000000000
47476  -18.987  -45.714  54.978 0.0000000000
47477  -19.789  -45.678  55.630 0.0000000000
47461  -20.568  -44.957  57.319 0.0000000000
47478  -20.338  -44.933  56.158 0.0000000000
63211  -31.488  -31.957  50.864 0.0000000000
64449  -30.390  -30.215  50.289 0.0000000000
66974  -29.289  -28.479  52.023 0.0000000000
66987  -30.371  -27.672  51.697 0.0000000000
66997  -30.063  -28.416  50.585 0.0000000000
68204  -30.257  -27.835  51.099 0.0000000000
68212  -30.330  -27.768  50.486 0.0000000000
53757  -22.380  -39.482  52.832 0.0000000000
53770  -23.855  -39.423  51.858 0.0000000000
53758  -23.168  -39.729  52.470 0.0000000000
52573  -24.277  -40.178  52.170 0.0000000000
52557  -24.560  -40.681  52.792 0.0000000000
53771  -24.449  -39.853  51.867 0.0000000000
53772  -25.841  -39.064  51.709 0.0000000000
54928  -28.050  -38.459  51.678 0.0000000000
53795  -28.404  -38.747  51.586 0.0000000000
54929  -28.457  -38.260  51.347 0.0000000000
59400  -26.686  -34.869  54.255 0.0000000000
59381  -26.622  -34.549  55.169 0.0000000000
58213  -26.941  -35.892  54.320 0.0000000000
58225  -27.414  -36.153  53.599 0.0000000000
57066  -27.609  -36.557  53.513 0.0000000000
57065  -27.925  -36.615  52.999 0.0000000000
58255  -28.006  -36.302  51.050 0.0000000000
57098  -28.013  -36.819  51.373 0.0000000000
55997  -28.410  -37.340  50.907 0.0000000000
55998  -29.207  -37.617  50.509 0.0000000000
57111  -29.262  -36.742  49.916 0.0000000000
59500  -29.215  -35.209  49.616 0.0000000000
58289  -29.788  -35.691  49.649 0.0000000000
59501  -29.964  -35.047  49.552 0.0000000000
58276  -31.270  -35.338  50.300 0.0000000000
59474  -30.599  -34.503  49.943 0.0000000000
63186  -26.593  -31.590  52.768 0.0000000000
61945  -29.802  -32.367  50.953 0.0000000000
61953  -29.338  -32.811  50.705 0.0000000000
60679  -31.507  -33.446  51.280 0.0000000000
61955  -31.054  -33.226  51.106 0.0000000000
61946  -31.318  -33.026  51.184 0.0000000000
55958  -21.974  -37.621  53.164 0.0000000000
55957  -21.404  -37.966  53.216 0.0000000000
53756  -21.495  -39.250  53.178 0.0000000000
69508  -44.490  -27.100  42.556 0.0000000000
72210  -44.769  -24.777  42.529 0.0000000000
70836  -45.028  -25.577  42.710 0.0000000000
75835  -43.208  -22.183  42.036 0.0000000000
74684  -43.641  -22.855  42.298 0.0000000000
80530  -42.873  -17.106  40.379 0.0000000000
79325  -42.129  -17.425  39.286 0.0000000000
79341  -42.468  -17.942  38.822 0.0000000000
78198  -44.221  -19.286  37.966 0.0000000000
78199  -45.242  -19.205  37.746 0.0000000000
75895  -47.496  -21.605  38.261 0.0000000000
74742  -46.659  -22.001  38.282 0.0000000000
74729  -46.036  -22.260  38.468 0.0000000000
74730  -46.736  -22.605  38.664 0.0000000000
74717  -46.950  -22.995  39.399 0.0000000000
74718  -47.759  -22.924  39.730 0.0000000000
74720  -49.355  -22.672  40.100 0.0000000000
82838  -50.812  -15.049  34.542 0.0000000000
83922  -52.315  -14.464  34.306 0.0000000000
85085  -50.877  -12.855  33.551 0.0000000000
87338  -48.466  -11.505  33.711 0.0000000000
88423  -48.981  -10.631  33.457 0.0000000000
42456  -10.157  -48.288  57.677 0.0000000000
41169  -10.145  -49.804  58.232 0.0000000000
41155  -12.206  -50.355  59.301 0.0000000000
41171  -11.759  -49.864  58.613 0.0000000000
40070  -11.765  -50.351  59.225 0.0000000000
64414  -32.873  -32.192  51.226 0.0000000000
63202  -34.118  -32.305  52.227 0.0000000000
64433  -34.090  -31.742  50.959 0.0000000000
65711  -34.680  -31.551  50.617 0.0000000000
65762  -35.055  -31.087  48.930 0.0000000000
65712  -35.538  -31.410  50.902 0.0000000000
64453  -36.866  -31.342  49.901 0.0000000000
64474  -37.341  -31.693  49.440 0.0000000000
64455  -38.614  -31.261  50.347 0.0000000000
68248  -33.327  -26.670  45.637 0.0000000000
67043  -32.649  -27.995  46.191 0.0000000000
68263  -34.961  -27.157  44.662 0.0000000000
68262  -34.381  -27.224  44.861 0.0000000000
64539  -34.974  -30.678  45.389 0.0000000000
64538  -34.342  -30.199  45.559 0.0000000000
63282  -35.201  -31.194  45.999 0.0000000000
63250  -35.751  -31.647  46.996 0.0000000000
63268  -36.056  -31.745  46.420 0.0000000000
63253  -38.296  -32.259  47.143 0.0000000000
63252  -37.306  -32.192  47.176 0.0000000000
63225  -38.784  -31.842  48.741 0.0000000000
63226  -39.325  -31.775  48.607 0.0000000000
65870  -41.439  -29.771  43.742 0.0000000000
65855  -40.892  -30.298  44.530 0.0000000000
67076  -42.942  -29.133  44.422 0.0000000000
67092  -43.523  -28.586  43.231 0.0000000000
67093  -44.165  -28.293  43.544 0.0000000000
67108  -43.457  -28.410  42.436 0.0000000000
68317  -41.623  -27.123  41.176 0.0000000000
68318  -42.748  -27.190  41.252 0.0000000000
69543  -42.269  -26.362  40.890 0.0000000000
70881  -42.863  -25.596  40.790 0.0000000000
69541  -39.964  -26.072  40.892 0.0000000000
73490  -39.919  -23.183  41.349 0.0000000000
74700  -40.626  -22.482  41.425 0.0000000000
52519  -23.288  -41.409  54.237 0.0000000000
51259  -24.129  -42.018  54.415 0.0000000000
51242  -25.412  -42.244  55.845 0.0000000000
51241  -24.467  -42.353  55.531 0.0000000000
51222  -25.621  -42.893  56.632 0.0000000000
51284  -27.672  -41.758  54.897 0.0000000000
51262  -27.085  -42.095  55.369 0.0000000000
51263  -28.053  -42.046  55.539 0.0000000000
53747  -31.677  -39.454  54.216 0.0000000000
45022  -11.809  -46.415  57.564 0.0000000000
47472  -13.253  -45.428  57.087 0.0000000000
47456  -12.783  -45.101  57.420 0.0000000000
43836  -13.407  -47.589  57.481 0.0000000000
43801  -13.665  -49.068  57.893 0.0000000000
42445  -13.336  -49.422  58.250 0.0000000000
42446  -14.251  -49.420  58.350 0.0000000000
46217  -16.904  -45.079  55.118 0.0000000000
45026  -17.424  -47.297  56.469 0.0000000000
45041  -16.799  -46.734  55.955 0.0000000000
43840  -16.988  -47.822  56.864 0.0000000000
90853  -48.598  -8.252  31.809 0.0000000000
40036  -3.785  -51.472  61.074 0.0000000000
38923  -4.110  -51.710  61.650 0.0000000000
40051  -4.424  -50.957  60.226 0.0000000000
51239  -22.371  -42.508  55.893 0.0000000000
52497  -22.244  -42.266  55.388 0.0000000000
52479  -23.135  -42.478  55.494 0.0000000000
54886  -20.511  -38.659  53.581 0.0000000000
50022  -21.292  -42.210  54.107 0.0000000000
65652  -27.251  -28.496  54.683 0.0000000000
78163  -40.263  -19.325  40.858 0.0000000000
78170  -40.752  -19.242  39.923 0.0000000000
78181  -41.046  -18.685  39.558 0.0000000000
80558  -47.995  -17.212  36.721 0.0000000000
80578  -48.351  -16.599  36.401 0.0000000000
81727  -48.782  -16.165  35.887 0.0000000000
81742  -49.145  -15.694  35.412 0.0000000000
82824  -47.970  -14.886  35.491 0.0000000000
69427  -31.947  -26.176  48.271 0.0000000000
69525  -37.659  -26.096  43.136 0.0000000000
52578  -29.241  -39.829  53.090 0.0000000000
52562  -29.580  -39.953  53.801 0.0000000000
53745  -30.020  -39.942  54.181 0.0000000000
87340  -50.518  -11.296  33.325 0.0000000000
88425  -50.904  -10.411  32.983 0.0000000000
38926  -6.793  -51.777  61.642 0.0000000000
38925  -5.736  -51.583  61.380 0.0000000000
55991  -32.419  -36.732  51.104 0.0000000000
55976  -32.663  -37.207  51.666 0.0000000000
57082  -32.587  -36.343  51.646 0.0000000000
57052  -33.118  -36.882  53.409 0.0000000000
52516  -18.488  -39.678  54.721 0.0000000000
52476  -17.080  -39.991  56.926 0.0000000000
50001  -16.973  -42.292  55.080 0.0000000000
48747  -17.585  -43.354  54.671 0.0000000000
48735  -17.436  -42.793  54.818 0.0000000000
48726  -21.533  -43.687  56.125 0.0000000000
48709  -21.262  -44.446  57.759 0.0000000000
63210  -30.739  -31.610  50.834 0.0000000000
54904  -22.485  -38.203  52.452 0.0000000000
54905  -23.487  -38.146  51.933 0.0000000000
54925  -24.187  -38.481  51.663 0.0000000000
54891  -26.011  -37.844  53.167 0.0000000000
58224  -27.466  -35.806  53.043 0.0000000000
58273  -28.448  -36.020  50.186 0.0000000000
59472  -28.311  -34.906  49.859 0.0000000000
60697  -28.317  -34.231  50.145 0.0000000000
69545  -43.845  -26.069  41.338 0.0000000000
70861  -43.903  -25.563  41.697 0.0000000000
72232  -44.023  -24.858  42.170 0.0000000000
79327  -44.153  -17.451  39.565 0.0000000000
79342  -43.272  -18.023  38.720 0.0000000000
79343  -44.115  -18.129  38.537 0.0000000000
77068  -47.461  -19.560  37.426 0.0000000000
77054  -47.054  -20.238  37.536 0.0000000000
75879  -48.146  -21.960  38.842 0.0000000000
74732  -48.364  -22.505  39.380 0.0000000000
75866  -49.535  -22.318  39.735 0.0000000000
83919  -49.520  -14.405  34.601 0.0000000000
85075  -49.765  -13.747  34.068 0.0000000000
85084  -49.965  -13.014  33.653 0.0000000000
41185  -11.151  -49.426  58.281 0.0000000000
40040  -9.790  -51.895  61.489 0.0000000000
64432  -33.159  -31.885  50.853 0.0000000000
64451  -32.491  -31.489  50.155 0.0000000000
65801  -32.241  -29.520  47.877 0.0000000000
65763  -35.795  -31.272  49.261 0.0000000000
64472  -35.789  -31.276  48.771 0.0000000000
64492  -36.222  -31.665  48.235 0.0000000000
68249  -33.902  -26.755  45.128 0.0000000000
65850  -35.489  -29.163  44.278 0.0000000000
64554  -35.714  -30.229  44.496 0.0000000000
64540  -36.018  -31.140  45.068 0.0000000000
63284  -36.319  -31.665  45.712 0.0000000000
64522  -37.707  -31.802  45.852 0.0000000000
64505  -39.028  -31.849  46.858 0.0000000000
64506  -39.537  -31.545  47.324 0.0000000000
64524  -39.324  -31.352  46.427 0.0000000000
64544  -39.771  -30.989  45.910 0.0000000000
65871  -42.029  -29.571  43.932 0.0000000000
73489  -39.228  -23.077  42.101 0.0000000000
75847  -39.315  -21.708  42.198 0.0000000000
51280  -24.396  -41.452  53.652 0.0000000000
51281  -25.053  -41.836  53.938 0.0000000000
51261  -26.167  -41.975  55.187 0.0000000000
45038  -14.107  -46.262  56.853 0.0000000000
43837  -14.220  -47.713  57.339 0.0000000000
42460  -14.482  -48.911  57.895 0.0000000000
46218  -17.841  -45.408  55.088 0.0000000000
48693  -21.924  -43.925  58.205 0.0000000000
49943  -22.547  -43.391  58.488 0.0000000000
51191  -22.907  -43.032  58.259 0.0000000000
51192  -22.878  -42.749  58.225 0.0000000000
51193  -23.004  -42.804  57.950 0.0000000000
59431  -32.262  -34.414  51.830 0.0000000000
58226  -32.703  -35.116  52.345 0.0000000000
53729  -19.151  -38.847  55.045 0.0000000000
53741  -19.480  -39.153  54.322 0.0000000000
50020  -19.448  -42.709  53.523 0.0000000000
48738  -21.347  -43.350  55.274 0.0000000000
64412  -28.576  -29.745  51.407 0.0000000000
66954  -28.747  -28.468  52.580 0.0000000000
61926  -26.521  -32.785  53.461 0.0000000000
64395  -26.551  -30.451  52.963 0.0000000000
64410  -27.141  -30.718  52.140 0.0000000000
73480  -42.765  -23.777  41.582 0.0000000000
74682  -42.050  -22.370  41.712 0.0000000000
75834  -42.374  -22.124  41.772 0.0000000000
75850  -42.614  -21.655  41.527 0.0000000000
77013  -42.843  -21.366  41.025 0.0000000000
75875  -43.681  -21.899  39.927 0.0000000000
78216  -47.071  -19.044  37.348 0.0000000000
77069  -47.929  -19.846  37.521 0.0000000000
77070  -48.432  -20.052  37.695 0.0000000000
78201  -49.184  -19.659  37.774 0.0000000000
78202  -49.709  -19.530  37.975 0.0000000000
79347  -50.329  -19.066  37.884 0.0000000000
79361  -50.745  -18.341  37.481 0.0000000000
82827  -50.295  -15.571  34.968 0.0000000000
82826  -49.473  -15.252  35.026 0.0000000000
42459  -12.827  -49.235  58.036 0.0000000000
42444  -12.606  -49.635  58.522 0.0000000000
65781  -31.062  -29.408  49.033 0.0000000000
67017  -31.747  -28.998  48.040 0.0000000000
68225  -31.179  -27.624  48.218 0.0000000000
67027  -31.467  -28.331  47.895 0.0000000000
69488  -36.341  -25.758  44.572 0.0000000000
65852  -37.347  -30.112  43.768 0.0000000000
65867  -37.974  -29.576  43.145 0.0000000000
67088  -38.622  -28.876  42.704 0.0000000000
67104  -39.201  -28.319  42.071 0.0000000000
70860  -38.800  -24.478  42.034 0.0000000000
72229  -38.811  -23.735  42.857 0.0000000000
52559  -26.398  -40.824  52.946 0.0000000000
52542  -27.641  -41.365  54.474 0.0000000000
47473  -13.465  -45.107  56.953 0.0000000000
46202  -14.067  -45.670  56.707 0.0000000000
40075  -8.039  -50.346  58.436 0.0000000000
40074  -7.023  -50.432  58.600 0.0000000000
40073  -6.305  -50.420  58.818 0.0000000000
41179  -5.931  -50.146  58.819 0.0000000000
41167  -5.529  -49.649  58.954 0.0000000000
80513  -43.815  -17.121  40.924 0.0000000000
79309  -45.066  -17.126  40.477 0.0000000000
64435  -39.190  -31.100  50.980 0.0000000000
53777  -30.823  -39.041  52.468 0.0000000000
54911  -31.333  -38.838  52.368 0.0000000000
54895  -31.861  -38.757  53.078 0.0000000000
48708  -16.329  -41.681  56.929 0.0000000000
48707  -15.945  -42.104  56.859 0.0000000000
47497  -17.481  -43.670  54.742 0.0000000000
46192  -19.678  -46.208  57.088 0.0000000000
47491  -20.093  -45.043  55.208 0.0000000000
90832  -48.375  -8.729  32.515 0.0000000000
66986  -29.811  -28.280  51.335 0.0000000000
65757  -30.269  -29.025  50.202 0.0000000000
68219  -30.400  -27.868  49.773 0.0000000000
68205  -30.807  -27.086  51.276 0.0000000000
52540  -23.425  -40.798  53.458 0.0000000000
52541  -24.097  -40.878  53.349 0.0000000000
51299  -24.535  -40.994  53.355 0.0000000000
52558  -25.422  -40.754  52.744 0.0000000000
54906  -24.578  -37.615  52.373 0.0000000000
54926  -24.796  -38.542  51.736 0.0000000000
54927  -25.255  -38.882  51.684 0.0000000000
53793  -24.786  -39.410  51.692 0.0000000000
52596  -25.334  -39.762  51.782 0.0000000000
53797  -29.806  -39.023  51.792 0.0000000000
55948  -27.406  -37.119  53.638 0.0000000000
55961  -27.958  -37.299  53.051 0.0000000000
57080  -27.893  -36.852  52.125 0.0000000000
55987  -28.031  -37.427  51.523 0.0000000000
54930  -29.504  -38.378  51.043 0.0000000000
54939  -30.180  -38.238  50.773 0.0000000000
55989  -31.071  -38.030  50.798 0.0000000000
57118  -29.190  -36.235  49.802 0.0000000000
57112  -30.320  -36.419  49.797 0.0000000000
56000  -31.232  -36.858  50.156 0.0000000000
57099  -31.871  -36.218  50.684 0.0000000000
58256  -31.798  -35.219  50.988 0.0000000000
61936  -27.193  -33.269  51.464 0.0000000000
60688  -28.073  -33.697  50.377 0.0000000000
61952  -28.445  -32.953  50.572 0.0000000000
60699  -29.736  -33.872  50.126 0.0000000000
60700  -30.507  -33.804  50.413 0.0000000000
59450  -31.106  -34.100  50.574 0.0000000000
59451  -31.732  -34.347  51.135 0.0000000000
60692  -31.817  -33.829  51.376 0.0000000000
55930  -20.469  -37.579  54.537 0.0000000000
55944  -21.128  -37.619  53.820 0.0000000000
54871  -20.587  -38.115  53.703 0.0000000000
53755  -20.856  -39.128  53.356 0.0000000000
69529  -44.691  -26.070  42.464 0.0000000000
73481  -43.463  -23.775  42.088 0.0000000000
73468  -43.883  -23.693  42.343 0.0000000000
73469  -44.204  -23.970  42.469 0.0000000000
80510  -41.407  -17.045  40.423 0.0000000000
79324  -41.327  -17.934  39.531 0.0000000000
78182  -41.537  -19.103  39.109 0.0000000000
78196  -42.418  -18.874  38.568 0.0000000000
78183  -42.102  -19.545  38.751 0.0000000000
75891  -43.616  -21.702  38.959 0.0000000000
75876  -44.355  -22.333  39.376 0.0000000000
75877  -45.189  -22.470  38.735 0.0000000000
74703  -47.151  -23.071  40.294 0.0000000000
74719  -48.500  -22.821  40.050 0.0000000000
86221  -51.099  -12.027  33.329 0.0000000000
86220  -50.199  -12.167  33.431 0.0000000000
89615  -48.514  -9.855  33.292 0.0000000000
42455  -8.880  -47.909  58.224 0.0000000000
41190  -8.807  -49.183  57.823 0.0000000000
41170  -10.851  -49.890  58.520 0.0000000000
40077  -9.696  -49.961  58.242 0.0000000000
40076  -9.077  -50.176  58.261 0.0000000000
40055  -8.117  -51.384  60.062 0.0000000000
38927  -7.809  -52.051  61.709 0.0000000000
64417  -35.524  -31.620  51.865 0.0000000000
65692  -36.162  -31.362  51.584 0.0000000000
65714  -37.379  -31.032  51.299 0.0000000000
65739  -37.776  -31.041  50.722 0.0000000000
69441  -32.185  -26.316  47.159 0.0000000000
69442  -32.916  -25.699  47.045 0.0000000000
69455  -32.610  -26.592  46.509 0.0000000000
68238  -32.375  -27.226  46.588 0.0000000000
67058  -33.925  -27.639  44.917 0.0000000000
65849  -34.704  -28.993  44.523 0.0000000000
65848  -34.093  -28.859  44.735 0.0000000000
65832  -33.569  -29.020  45.156 0.0000000000
65819  -33.858  -29.817  45.756 0.0000000000
64520  -34.363  -30.471  46.132 0.0000000000
64502  -34.499  -30.763  47.016 0.0000000000
64503  -35.218  -31.228  47.187 0.0000000000
64504  -35.804  -31.515  47.566 0.0000000000
63234  -36.921  -32.000  47.874 0.0000000000
63235  -37.649  -32.257  47.988 0.0000000000
63224  -37.937  -31.896  48.744 0.0000000000
64476  -39.451  -31.576  49.283 0.0000000000
64456  -39.725  -31.220  50.323 0.0000000000
64507  -40.252  -31.193  47.589 0.0000000000
65836  -40.329  -30.799  45.302 0.0000000000
68283  -44.499  -27.874  42.934 0.0000000000
68301  -44.210  -27.342  42.292 0.0000000000
68300  -43.530  -27.696  41.950 0.0000000000
68319  -43.354  -27.138  41.392 0.0000000000
69527  -43.605  -26.987  41.578 0.0000000000
72245  -41.373  -24.312  40.838 0.0000000000
77010  -39.520  -20.959  41.922 0.0000000000
78155  -39.849  -19.336  41.792 0.0000000000
79273  -40.002  -18.395  42.321 0.0000000000
52499  -23.033  -42.125  54.800 0.0000000000
51240  -23.631  -42.412  55.156 0.0000000000
51207  -24.895  -43.059  57.129 0.0000000000
51245  -28.226  -42.538  56.336 0.0000000000
51224  -27.504  -43.056  56.860 0.0000000000
51223  -26.571  -42.983  56.602 0.0000000000
49979  -26.614  -43.270  57.402 0.0000000000
53746  -30.762  -39.905  54.452 0.0000000000
45021  -11.261  -46.781  57.560 0.0000000000
43834  -11.699  -47.241  57.487 0.0000000000
46188  -12.400  -45.815  57.452 0.0000000000
43851  -16.355  -47.368  56.399 0.0000000000
46179  -19.141  -47.058  58.343 0.0000000000
43822  -17.247  -48.722  58.099 0.0000000000
89632  -49.745  -9.449  32.652 0.0000000000
38914  -5.340  -52.060  62.329 0.0000000000
38913  -4.562  -52.068  62.256 0.0000000000
40038  -4.940  -51.423  60.761 0.0000000000
41166  -4.520  -49.515  59.145 0.0000000000
40049  -3.447  -51.420  60.619 0.0000000000
40061  -3.313  -50.602  59.674 0.0000000000
41165  -3.765  -49.434  59.166 0.0000000000
41189  -8.574  -49.141  57.881 0.0000000000
42466  -8.354  -49.028  57.895 0.0000000000
43800  -13.359  -49.121  57.865 0.0000000000
46201  -13.566  -45.620  56.960 0.0000000000
49978  -26.064  -43.132  57.080 0.0000000000
51298  -19.553  -41.874  53.313 0.0000000000
52597  -25.627  -39.584  51.758 0.0000000000
54852  -19.411  -38.225  55.389 0.0000000000
54894  -31.264  -38.998  52.830 0.0000000000
55943  -20.520  -37.860  54.022 0.0000000000
55963  -32.321  -38.315  52.517 0.0000000000
57051  -27.186  -36.408  53.872 0.0000000000
57119  -29.531  -36.180  49.740 0.0000000000
58274  -28.941  -36.211  49.877 0.0000000000
58275  -30.555  -35.499  49.806 0.0000000000
58288  -29.046  -35.817  49.748 0.0000000000
59448  -27.642  -34.448  50.623 0.0000000000
59471  -28.051  -34.300  50.227 0.0000000000
59473  -29.432  -34.505  49.679 0.0000000000
59499  -28.781  -35.365  49.732 0.0000000000
60689  -29.056  -33.370  50.330 0.0000000000
63237  -39.202  -31.905  48.079 0.0000000000
63267  -35.437  -31.426  46.470 0.0000000000
63269  -36.944  -31.908  46.294 0.0000000000
65733  -30.357  -29.555  50.151 0.0000000000
65835  -39.609  -31.070  45.188 0.0000000000
66973  -28.741  -28.796  52.053 0.0000000000
67071  -33.809  -28.299  44.891 0.0000000000
67075  -42.318  -29.414  44.083 0.0000000000
68232  -31.985  -27.476  47.099 0.0000000000
72247  -43.146  -25.160  41.078 0.0000000000
74681  -39.183  -22.410  42.560 0.0000000000
74685  -44.174  -22.835  42.501 0.0000000000
74702  -42.061  -22.844  41.637 0.0000000000
74741  -46.153  -21.764  38.224 0.0000000000
74743  -47.123  -22.222  38.462 0.0000000000
75833  -42.020  -22.059  41.701 0.0000000000
75867  -50.004  -22.284  39.818 0.0000000000
75878  -47.726  -22.010  38.670 0.0000000000
77014  -43.345  -21.592  41.005 0.0000000000
77050  -42.596  -19.742  38.498 0.0000000000
78219  -49.307  -19.338  37.684 0.0000000000
79306  -40.867  -17.813  40.176 0.0000000000
79307  -43.582  -17.182  40.399 0.0000000000
79340  -41.816  -18.132  38.956 0.0000000000
79346  -49.876  -19.088  37.799 0.0000000000
80492  -40.855  -17.111  41.100 0.0000000000
80512  -43.417  -17.134  40.768 0.0000000000
80528  -41.763  -17.245  39.706 0.0000000000
80529  -42.340  -16.996  40.011 0.0000000000
