#!ascii label  , from subject 4115 vox2ras=TkReg
2108
66776  -32.416  -27.207  66.443 0.0000000000
89532  -50.197  -8.817  44.802 0.0000000000
73301  -43.328  -21.162  54.620 0.0000000000
51189  -9.334  -41.183  59.807 0.0000000000
52338  -23.031  -38.971  65.425 0.0000000000
59272  -4.070  -35.837  64.787 0.0000000000
53483  -4.904  -38.238  71.342 0.0000000000
81466  -49.113  -15.027  52.584 0.0000000000
61866  -8.177  -32.691  59.571 0.0000000000
44935  -5.872  -45.672  64.228 0.0000000000
66880  -33.855  -26.290  59.578 0.0000000000
65489  -27.263  -29.719  64.646 0.0000000000
60500  -27.694  -32.710  67.126 0.0000000000
93111  -55.436  -6.439  45.560 0.0000000000
75693  -45.745  -19.766  53.489 0.0000000000
53601  -17.518  -39.111  61.331 0.0000000000
66799  -7.972  -28.819  64.276 0.0000000000
52387  -4.894  -38.723  62.562 0.0000000000
55895  -5.005  -36.578  59.634 0.0000000000
52511  -8.351  -39.149  55.192 0.0000000000
42277  -12.494  -46.532  69.516 0.0000000000
43620  -8.380  -46.037  69.693 0.0000000000
74450  -39.918  -21.505  57.126 0.0000000000
59207  -25.829  -33.030  68.867 0.0000000000
52432  -25.114  -38.440  61.308 0.0000000000
56908  -3.093  -36.620  68.137 0.0000000000
52332  -6.726  -39.962  65.655 0.0000000000
86046  -49.716  -12.688  50.414 0.0000000000
43688  -14.329  -44.950  67.139 0.0000000000
48626  -16.136  -42.443  63.735 0.0000000000
63050  -6.019  -33.296  61.853 0.0000000000
60646  -4.693  -33.262  56.656 0.0000000000
51038  -7.862  -41.252  73.720 0.0000000000
48537  -6.557  -43.542  68.641 0.0000000000
49873  -5.556  -42.993  62.713 0.0000000000
69255  -34.525  -25.659  65.313 0.0000000000
65476  -31.828  -27.501  64.106 0.0000000000
66804  -33.264  -26.701  63.298 0.0000000000
65457  -30.636  -28.373  65.849 0.0000000000
65510  -29.313  -28.875  63.443 0.0000000000
65432  -30.145  -28.596  67.849 0.0000000000
91912  -53.413  -7.663  46.230 0.0000000000
84925  -53.138  -12.680  47.517 0.0000000000
86099  -54.763  -11.734  46.850 0.0000000000
87240  -54.554  -10.566  45.824 0.0000000000
73315  -44.845  -21.056  54.016 0.0000000000
73324  -40.405  -21.723  52.573 0.0000000000
72060  -42.264  -22.643  51.452 0.0000000000
72102  -43.702  -22.945  50.886 0.0000000000
53598  -8.114  -39.370  61.529 0.0000000000
52456  -7.633  -38.444  59.857 0.0000000000
53662  -10.188  -39.835  57.807 0.0000000000
51275  -9.372  -41.665  54.852 0.0000000000
49987  -9.341  -42.565  56.742 0.0000000000
42343  -11.019  -46.016  66.100 0.0000000000
42314  -10.192  -46.484  67.255 0.0000000000
73256  -38.412  -22.239  58.774 0.0000000000
69316  -35.385  -24.913  59.572 0.0000000000
69339  -34.462  -25.420  57.719 0.0000000000
71999  -36.076  -23.811  58.374 0.0000000000
73299  -37.133  -22.551  56.217 0.0000000000
62919  -27.127  -29.900  71.296 0.0000000000
58122  -26.820  -35.092  63.653 0.0000000000
55847  -26.618  -36.317  64.460 0.0000000000
91970  -53.694  -7.523  41.749 0.0000000000
93230  -53.466  -6.505  39.825 0.0000000000
54682  -3.811  -37.398  69.857 0.0000000000
52308  -4.248  -38.351  66.936 0.0000000000
51086  -5.329  -38.820  68.944 0.0000000000
82635  -50.980  -14.357  51.731 0.0000000000
79183  -44.691  -17.767  50.686 0.0000000000
81532  -46.035  -15.498  50.224 0.0000000000
80384  -49.467  -15.343  48.542 0.0000000000
44866  -15.469  -45.119  70.434 0.0000000000
46055  -16.342  -44.161  69.217 0.0000000000
61747  -5.573  -33.111  67.190 0.0000000000
61761  -6.933  -32.206  65.789 0.0000000000
61790  -4.814  -34.090  63.901 0.0000000000
54845  -5.868  -37.390  55.998 0.0000000000
58175  -5.033  -35.312  58.010 0.0000000000
57036  -5.436  -35.773  55.265 0.0000000000
49786  -9.895  -42.026  74.277 0.0000000000
43650  -6.670  -46.247  67.478 0.0000000000
46045  -7.726  -44.526  69.465 0.0000000000
47333  -5.532  -44.452  66.785 0.0000000000
48570  -6.140  -43.453  66.085 0.0000000000
48605  -5.752  -44.068  63.291 0.0000000000
69292  -34.198  -25.465  61.751 0.0000000000
62943  -28.361  -29.987  69.765 0.0000000000
65422  -28.955  -29.114  68.586 0.0000000000
63009  -27.411  -31.737  66.003 0.0000000000
141207  -56.585  -6.332  44.026 0.0000000000
89535  -54.028  -9.300  43.661 0.0000000000
80289  -46.921  -17.202  53.515 0.0000000000
75734  -44.209  -19.898  50.992 0.0000000000
54772  -22.020  -37.970  61.648 0.0000000000
54752  -20.016  -37.664  63.542 0.0000000000
63054  -8.957  -31.625  62.798 0.0000000000
55863  -3.625  -37.093  63.461 0.0000000000
58133  -4.105  -35.809  62.250 0.0000000000
54778  -4.700  -37.566  61.033 0.0000000000
53680  -6.489  -37.450  58.620 0.0000000000
53739  -6.750  -39.379  54.736 0.0000000000
43600  -12.741  -47.001  72.606 0.0000000000
44847  -10.036  -46.154  73.572 0.0000000000
42269  -10.625  -46.532  70.335 0.0000000000
42311  -8.039  -46.633  67.457 0.0000000000
74467  -41.415  -21.003  56.055 0.0000000000
74507  -39.139  -21.327  54.795 0.0000000000
54711  -25.845  -37.923  67.982 0.0000000000
60474  -26.739  -32.540  68.244 0.0000000000
54722  -25.975  -37.280  66.357 0.0000000000
52379  -24.522  -39.130  63.449 0.0000000000
61732  -5.003  -33.486  68.377 0.0000000000
60462  -4.332  -34.466  69.354 0.0000000000
58102  -3.855  -36.598  66.249 0.0000000000
53548  -3.852  -37.844  65.267 0.0000000000
52370  -5.615  -40.226  63.630 0.0000000000
52392  -8.521  -40.616  62.604 0.0000000000
88298  -48.570  -10.118  47.318 0.0000000000
80387  -50.889  -15.579  48.175 0.0000000000
44858  -14.469  -46.629  71.971 0.0000000000
42318  -13.497  -45.707  67.933 0.0000000000
43706  -12.124  -45.562  65.175 0.0000000000
52356  -18.391  -39.160  65.159 0.0000000000
49840  -17.780  -41.506  66.862 0.0000000000
47335  -16.903  -43.012  67.496 0.0000000000
46106  -15.392  -43.823  65.364 0.0000000000
44980  -13.931  -44.547  62.578 0.0000000000
65448  -7.877  -29.699  66.162 0.0000000000
63016  -7.822  -31.991  64.326 0.0000000000
63068  -7.120  -32.885  60.739 0.0000000000
60581  -4.628  -34.554  60.986 0.0000000000
61877  -4.910  -33.685  58.800 0.0000000000
64329  -5.790  -32.053  57.249 0.0000000000
52233  -6.505  -39.983  72.831 0.0000000000
47291  -7.599  -44.381  73.106 0.0000000000
49811  -6.699  -42.254  72.114 0.0000000000
51074  -6.271  -40.651  70.688 0.0000000000
51089  -7.450  -40.745  68.615 0.0000000000
49864  -7.699  -42.336  64.779 0.0000000000
49921  -7.528  -42.344  60.757 0.0000000000
44975  -4.710  -45.743  60.793 0.0000000000
48674  -4.898  -44.657  60.341 0.0000000000
48705  -7.549  -43.583  57.659 0.0000000000
68030  -33.928  -26.380  65.406 0.0000000000
69245  -33.904  -25.947  67.032 0.0000000000
66784  -32.422  -27.093  65.440 0.0000000000
66785  -33.198  -26.680  64.977 0.0000000000
65443  -31.328  -27.903  66.480 0.0000000000
65458  -31.238  -28.022  65.423 0.0000000000
68014  -32.807  -26.753  67.821 0.0000000000
66775  -31.808  -27.637  67.159 0.0000000000
90733  -51.437  -8.184  45.270 0.0000000000
87227  -51.340  -11.172  46.495 0.0000000000
84926  -54.153  -12.284  47.022 0.0000000000
88316  -52.519  -10.051  46.586 0.0000000000
89499  -53.890  -9.430  46.910 0.0000000000
73314  -44.279  -21.400  53.967 0.0000000000
74493  -45.140  -20.322  54.974 0.0000000000
75640  -44.764  -20.219  55.650 0.0000000000
73341  -40.943  -22.185  51.791 0.0000000000
73327  -42.656  -21.734  52.920 0.0000000000
72049  -43.288  -22.281  52.476 0.0000000000
53619  -9.036  -40.067  60.863 0.0000000000
53638  -9.209  -39.678  59.867 0.0000000000
52444  -9.638  -40.444  59.260 0.0000000000
51215  -9.756  -41.523  57.478 0.0000000000
51214  -8.894  -42.016  58.377 0.0000000000
43704  -10.717  -45.767  64.508 0.0000000000
42358  -10.360  -46.115  64.908 0.0000000000
70629  -36.545  -23.475  60.521 0.0000000000
70645  -35.792  -24.268  58.996 0.0000000000
72000  -36.614  -23.288  58.940 0.0000000000
73266  -37.671  -22.517  58.123 0.0000000000
93180  -55.544  -6.542  42.038 0.0000000000
91983  -53.494  -6.952  40.707 0.0000000000
94389  -55.534  -5.437  39.979 0.0000000000
53490  -4.336  -37.610  70.697 0.0000000000
52263  -4.422  -37.989  69.355 0.0000000000
52256  -5.051  -38.486  70.090 0.0000000000
81468  -50.447  -14.825  51.992 0.0000000000
83712  -51.183  -13.821  52.542 0.0000000000
81477  -45.994  -16.626  51.775 0.0000000000
81531  -44.923  -16.504  50.380 0.0000000000
81502  -46.806  -15.546  51.143 0.0000000000
81504  -49.153  -15.272  50.528 0.0000000000
46048  -16.755  -43.815  71.006 0.0000000000
47308  -17.359  -43.243  70.129 0.0000000000
52280  -24.166  -39.044  67.895 0.0000000000
52317  -22.683  -38.818  66.383 0.0000000000
61853  -9.517  -32.183  60.751 0.0000000000
60523  -4.846  -34.391  65.828 0.0000000000
61775  -5.289  -33.662  65.513 0.0000000000
61773  -4.433  -34.567  64.395 0.0000000000
54865  -5.851  -37.891  54.903 0.0000000000
55929  -5.529  -37.036  55.409 0.0000000000
55940  -5.636  -37.323  54.305 0.0000000000
51034  -10.779  -41.615  74.000 0.0000000000
48509  -10.889  -43.073  74.525 0.0000000000
43666  -6.530  -45.980  66.354 0.0000000000
44883  -6.155  -45.554  67.688 0.0000000000
44914  -5.834  -45.265  65.650 0.0000000000
47357  -5.883  -44.356  65.050 0.0000000000
46098  -5.615  -45.011  64.561 0.0000000000
68045  -34.443  -25.932  63.814 0.0000000000
68073  -33.547  -26.255  62.176 0.0000000000
69274  -34.827  -25.457  63.260 0.0000000000
69283  -35.215  -24.537  61.893 0.0000000000
65455  -28.558  -29.051  66.400 0.0000000000
65440  -28.157  -29.641  67.208 0.0000000000
64244  -26.941  -30.784  65.230 0.0000000000
63043  -26.427  -32.142  64.356 0.0000000000
93112  -56.059  -6.151  45.110 0.0000000000
89515  -54.790  -9.680  45.855 0.0000000000
88334  -53.853  -10.123  44.443 0.0000000000
90736  -54.958  -8.842  45.045 0.0000000000
91941  -55.525  -8.009  44.105 0.0000000000
78043  -46.370  -18.775  53.472 0.0000000000
79124  -47.754  -17.401  54.684 0.0000000000
78024  -46.948  -18.703  54.590 0.0000000000
73365  -44.465  -21.628  52.184 0.0000000000
73377  -44.130  -22.001  50.830 0.0000000000
75718  -45.097  -19.721  52.183 0.0000000000
78075  -45.325  -18.613  52.198 0.0000000000
66800  -8.545  -29.166  63.906 0.0000000000
65520  -9.101  -29.463  63.104 0.0000000000
65502  -8.833  -29.827  63.673 0.0000000000
53580  -4.113  -38.117  62.733 0.0000000000
54768  -4.057  -37.281  62.406 0.0000000000
52405  -5.110  -38.434  61.566 0.0000000000
53683  -8.435  -38.412  57.880 0.0000000000
52472  -7.795  -37.933  58.885 0.0000000000
53705  -7.839  -38.353  56.847 0.0000000000
53723  -6.733  -38.119  55.949 0.0000000000
52510  -7.572  -38.932  55.221 0.0000000000
52533  -8.552  -40.448  54.573 0.0000000000
43622  -12.557  -47.081  70.139 0.0000000000
43614  -11.172  -47.116  71.095 0.0000000000
42276  -11.694  -46.777  69.729 0.0000000000
42340  -8.752  -46.517  65.517 0.0000000000
42313  -9.390  -46.574  67.256 0.0000000000
42339  -8.199  -46.513  65.552 0.0000000000
42338  -7.690  -46.461  65.719 0.0000000000
74466  -40.445  -21.140  56.333 0.0000000000
74464  -38.602  -21.737  56.958 0.0000000000
74506  -37.658  -21.963  55.308 0.0000000000
74465  -39.512  -21.411  56.642 0.0000000000
74487  -39.937  -21.045  55.604 0.0000000000
60472  -24.671  -33.241  68.563 0.0000000000
58072  -23.935  -35.115  67.843 0.0000000000
58074  -25.290  -35.287  67.498 0.0000000000
61727  -27.635  -31.393  68.460 0.0000000000
61717  -27.579  -31.223  69.084 0.0000000000
59241  -26.717  -33.002  67.105 0.0000000000
53576  -26.100  -37.475  63.571 0.0000000000
54729  -26.195  -36.439  64.892 0.0000000000
52382  -25.358  -38.511  63.520 0.0000000000
52342  -25.307  -38.463  64.714 0.0000000000
52398  -24.782  -39.007  63.073 0.0000000000
53623  -23.478  -38.056  61.182 0.0000000000
56888  -3.255  -36.284  69.281 0.0000000000
58068  -3.651  -35.781  68.627 0.0000000000
59245  -4.406  -35.415  67.995 0.0000000000
56918  -3.330  -36.589  67.370 0.0000000000
55844  -3.673  -37.254  66.055 0.0000000000
54727  -3.577  -37.560  66.491 0.0000000000
51132  -5.091  -39.339  66.588 0.0000000000
52330  -4.820  -39.396  65.892 0.0000000000
52351  -6.088  -40.271  64.758 0.0000000000
52371  -6.696  -40.247  63.715 0.0000000000
52352  -7.088  -40.130  64.683 0.0000000000
87187  -49.495  -11.660  49.572 0.0000000000
89486  -48.779  -9.422  48.287 0.0000000000
89463  -49.526  -10.001  49.924 0.0000000000
81508  -51.230  -15.078  49.753 0.0000000000
80363  -50.845  -15.646  48.773 0.0000000000
83745  -51.085  -14.174  49.496 0.0000000000
84900  -50.890  -13.507  48.872 0.0000000000
46041  -15.511  -45.623  72.556 0.0000000000
43643  -14.965  -45.172  68.397 0.0000000000
43631  -14.475  -45.617  68.945 0.0000000000
43669  -14.074  -45.384  67.470 0.0000000000
43668  -13.257  -45.661  67.099 0.0000000000
43708  -13.417  -45.234  65.887 0.0000000000
53586  -18.468  -38.714  62.828 0.0000000000
53571  -18.969  -38.435  64.053 0.0000000000
52394  -18.143  -39.189  63.597 0.0000000000
48627  -16.638  -42.019  63.647 0.0000000000
49877  -16.849  -41.326  64.240 0.0000000000
48609  -17.027  -42.103  64.813 0.0000000000
48573  -17.550  -42.145  67.012 0.0000000000
47360  -17.019  -42.724  65.815 0.0000000000
47350  -16.492  -43.356  66.664 0.0000000000
47366  -16.139  -43.104  65.057 0.0000000000
46138  -14.441  -44.131  62.403 0.0000000000
65447  -7.575  -29.981  67.087 0.0000000000
61792  -6.626  -33.215  63.752 0.0000000000
61778  -7.504  -32.059  64.850 0.0000000000
63033  -7.207  -33.045  62.979 0.0000000000
63052  -7.500  -33.004  61.994 0.0000000000
63066  -5.978  -33.069  61.180 0.0000000000
56986  -4.475  -35.893  60.722 0.0000000000
59299  -4.394  -35.163  61.655 0.0000000000
58152  -4.683  -35.202  60.524 0.0000000000
59363  -4.601  -34.041  57.277 0.0000000000
60609  -4.540  -34.034  58.366 0.0000000000
63119  -4.749  -33.298  57.339 0.0000000000
63101  -5.484  -33.015  58.219 0.0000000000
63139  -4.767  -32.669  57.280 0.0000000000
63155  -5.460  -31.956  56.369 0.0000000000
51037  -7.302  -40.802  73.271 0.0000000000
43603  -9.533  -45.991  71.985 0.0000000000
44845  -8.761  -45.754  72.985 0.0000000000
44854  -8.522  -45.182  71.431 0.0000000000
47306  -7.229  -43.757  69.460 0.0000000000
47303  -7.362  -43.776  70.490 0.0000000000
48530  -6.899  -43.023  70.694 0.0000000000
49814  -6.529  -41.493  71.747 0.0000000000
49821  -7.013  -41.792  69.806 0.0000000000
51081  -7.134  -40.924  69.332 0.0000000000
49824  -7.347  -41.888  69.027 0.0000000000
49862  -6.179  -42.920  64.093 0.0000000000
49848  -6.936  -42.770  65.391 0.0000000000
49875  -6.933  -42.644  63.503 0.0000000000
49886  -7.673  -42.323  62.954 0.0000000000
49885  -6.945  -42.663  62.516 0.0000000000
44991  -4.144  -46.109  59.899 0.0000000000
46134  -4.766  -45.230  60.893 0.0000000000
69262  -34.825  -25.373  64.547 0.0000000000
65513  -31.339  -27.779  62.797 0.0000000000
65514  -32.012  -27.310  62.433 0.0000000000
66803  -32.570  -27.042  63.686 0.0000000000
68037  -33.997  -26.301  64.472 0.0000000000
65472  -28.908  -28.907  65.414 0.0000000000
65492  -30.143  -28.717  64.166 0.0000000000
65493  -30.883  -28.569  63.896 0.0000000000
65442  -30.446  -28.414  66.897 0.0000000000
93109  -53.978  -6.848  45.983 0.0000000000
81625  -52.389  -14.526  45.208 0.0000000000
83826  -52.787  -13.330  44.660 0.0000000000
84977  -52.518  -12.441  44.191 0.0000000000
87234  -54.474  -11.296  46.026 0.0000000000
90708  -54.631  -8.800  46.563 0.0000000000
74537  -45.274  -20.691  53.544 0.0000000000
76849  -46.670  -19.395  54.957 0.0000000000
75655  -46.377  -19.808  55.141 0.0000000000
76817  -46.714  -18.805  55.867 0.0000000000
73339  -39.138  -21.643  51.939 0.0000000000
73362  -39.855  -22.078  51.153 0.0000000000
72080  -40.532  -22.749  50.735 0.0000000000
70712  -41.273  -23.392  50.233 0.0000000000
70732  -42.140  -23.435  50.313 0.0000000000
72083  -42.563  -23.316  51.019 0.0000000000
73346  -44.215  -22.141  52.531 0.0000000000
52407  -6.253  -39.580  61.805 0.0000000000
52424  -6.415  -38.958  61.091 0.0000000000
52443  -7.445  -38.956  60.665 0.0000000000
53660  -8.900  -38.971  58.965 0.0000000000
54814  -9.594  -39.120  56.618 0.0000000000
52512  -9.226  -39.850  54.995 0.0000000000
52514  -10.317  -40.813  56.143 0.0000000000
50000  -9.556  -42.463  55.788 0.0000000000
42316  -11.878  -46.159  67.417 0.0000000000
42301  -10.984  -46.515  68.013 0.0000000000
42329  -11.066  -46.282  66.677 0.0000000000
73268  -39.442  -21.675  57.680 0.0000000000
68116  -34.576  -25.752  59.664 0.0000000000
68137  -34.273  -25.844  58.220 0.0000000000
69341  -35.159  -25.104  58.696 0.0000000000
70659  -35.440  -24.476  58.316 0.0000000000
70666  -35.531  -24.067  57.415 0.0000000000
73284  -37.205  -22.962  57.088 0.0000000000
74448  -38.432  -21.991  57.576 0.0000000000
60428  -26.268  -31.846  70.311 0.0000000000
59267  -27.242  -34.133  65.070 0.0000000000
59257  -27.006  -33.618  65.749 0.0000000000
56941  -26.851  -35.665  64.153 0.0000000000
54754  -26.455  -37.000  63.056 0.0000000000
90773  -52.489  -7.818  40.100 0.0000000000
91989  -52.270  -7.388  39.386 0.0000000000
93239  -52.337  -6.465  38.496 0.0000000000
93248  -51.878  -6.291  38.017 0.0000000000
55801  -2.991  -37.154  68.874 0.0000000000
53517  -3.518  -37.720  67.724 0.0000000000
53518  -3.756  -37.858  68.133 0.0000000000
52290  -4.755  -38.481  67.468 0.0000000000
51117  -5.757  -39.519  66.864 0.0000000000
86025  -50.178  -13.231  51.258 0.0000000000
86002  -50.419  -12.698  52.061 0.0000000000
81563  -44.608  -16.258  49.496 0.0000000000
82698  -44.976  -15.589  48.847 0.0000000000
81581  -46.544  -15.068  47.917 0.0000000000
81534  -48.719  -15.160  49.522 0.0000000000
81506  -50.557  -15.436  49.992 0.0000000000
46042  -15.974  -45.343  72.127 0.0000000000
46043  -16.680  -44.897  71.769 0.0000000000
44872  -15.846  -44.654  69.453 0.0000000000
44885  -15.344  -44.833  68.273 0.0000000000
48658  -16.594  -41.873  61.290 0.0000000000
47386  -15.635  -42.932  63.210 0.0000000000
62972  -6.475  -31.639  67.586 0.0000000000
62973  -7.006  -31.345  67.212 0.0000000000
60509  -5.841  -33.154  65.580 0.0000000000
60538  -5.794  -33.415  64.244 0.0000000000
63030  -5.440  -33.778  62.476 0.0000000000
55906  -5.921  -36.319  57.756 0.0000000000
57009  -5.061  -35.456  58.682 0.0000000000
57023  -5.700  -35.832  57.284 0.0000000000
57022  -5.579  -35.738  56.767 0.0000000000
58209  -5.286  -34.690  55.635 0.0000000000
53459  -10.209  -39.934  73.906 0.0000000000
52217  -9.544  -40.586  74.547 0.0000000000
49785  -9.116  -41.784  74.028 0.0000000000
42281  -7.698  -46.277  68.858 0.0000000000
44869  -7.769  -45.408  69.313 0.0000000000
44873  -7.147  -45.623  68.613 0.0000000000
46054  -6.470  -45.082  68.304 0.0000000000
47317  -5.879  -43.862  68.565 0.0000000000
48542  -6.113  -43.490  67.980 0.0000000000
48551  -5.702  -43.862  66.484 0.0000000000
48588  -6.050  -43.726  64.826 0.0000000000
48625  -5.630  -43.634  62.691 0.0000000000
66858  -32.585  -26.462  60.380 0.0000000000
66836  -32.689  -26.914  61.954 0.0000000000
66849  -33.281  -26.238  61.342 0.0000000000
68102  -34.113  -25.842  60.341 0.0000000000
68091  -34.398  -25.415  60.612 0.0000000000
70625  -35.927  -23.762  61.116 0.0000000000
64194  -28.246  -30.071  68.456 0.0000000000
65431  -28.808  -29.068  68.003 0.0000000000
64216  -28.019  -30.475  67.446 0.0000000000
62994  -28.098  -31.648  66.572 0.0000000000
60545  -27.007  -33.612  65.006 0.0000000000
87271  -52.530  -10.228  43.021 0.0000000000
90755  -53.700  -8.293  42.432 0.0000000000
91948  -55.562  -7.437  43.283 0.0000000000
81464  -47.270  -16.422  53.222 0.0000000000
81445  -50.017  -14.957  54.021 0.0000000000
81444  -49.439  -15.415  54.412 0.0000000000
70771  -42.249  -23.267  49.334 0.0000000000
78090  -44.569  -18.567  50.909 0.0000000000
79165  -45.370  -17.778  51.901 0.0000000000
53574  -22.745  -38.661  64.011 0.0000000000
53563  -22.074  -38.411  64.921 0.0000000000
54762  -21.016  -37.509  63.046 0.0000000000
54769  -19.035  -37.755  61.102 0.0000000000
64286  -9.732  -30.617  62.041 0.0000000000
61840  -8.909  -32.460  61.571 0.0000000000
58120  -3.803  -36.413  64.186 0.0000000000
59281  -3.787  -35.594  63.624 0.0000000000
56966  -3.887  -36.471  62.759 0.0000000000
55880  -4.300  -36.679  61.574 0.0000000000
54799  -4.800  -37.029  60.158 0.0000000000
52440  -6.078  -38.156  60.500 0.0000000000
53656  -6.100  -37.584  59.737 0.0000000000
54810  -5.894  -37.039  58.417 0.0000000000
54811  -6.320  -37.368  57.571 0.0000000000
46026  -11.190  -44.692  74.342 0.0000000000
43598  -11.003  -46.902  73.022 0.0000000000
43604  -10.220  -46.721  71.965 0.0000000000
42267  -9.376  -46.005  70.126 0.0000000000
42300  -10.128  -46.479  68.011 0.0000000000
42284  -9.329  -46.504  68.838 0.0000000000
42283  -8.702  -46.453  68.944 0.0000000000
42310  -7.261  -46.476  67.665 0.0000000000
43667  -6.861  -46.309  66.583 0.0000000000
43702  -6.436  -46.227  64.213 0.0000000000
74489  -42.210  -21.256  55.114 0.0000000000
75639  -43.958  -20.558  56.058 0.0000000000
74454  -43.186  -20.628  56.178 0.0000000000
68147  -33.708  -26.387  56.989 0.0000000000
74534  -37.817  -21.796  53.521 0.0000000000
74509  -41.673  -21.461  54.353 0.0000000000
54697  -24.623  -38.126  68.761 0.0000000000
51123  -24.156  -39.434  66.110 0.0000000000
62927  -28.209  -29.819  70.804 0.0000000000
61706  -27.170  -31.505  70.176 0.0000000000
59208  -26.082  -32.720  69.236 0.0000000000
58097  -26.747  -34.809  66.198 0.0000000000
58096  -26.405  -35.276  66.775 0.0000000000
58084  -25.753  -35.460  67.266 0.0000000000
54721  -26.282  -37.824  67.129 0.0000000000
51139  -24.655  -39.197  65.005 0.0000000000
52358  -23.345  -39.094  64.366 0.0000000000
53589  -23.740  -38.557  62.682 0.0000000000
93259  -52.655  -5.190  37.244 0.0000000000
94416  -52.492  -4.931  36.823 0.0000000000
95553  -52.941  -3.802  35.773 0.0000000000
61746  -5.277  -33.538  67.384 0.0000000000
60506  -5.075  -35.049  66.718 0.0000000000
60480  -4.534  -34.440  68.604 0.0000000000
59254  -4.532  -35.601  67.013 0.0000000000
58113  -4.222  -36.130  65.485 0.0000000000
56947  -3.966  -36.880  64.600 0.0000000000
54741  -3.855  -37.558  64.686 0.0000000000
53570  -3.976  -38.190  63.854 0.0000000000
53541  -3.921  -38.165  66.468 0.0000000000
52349  -4.485  -38.753  64.745 0.0000000000
52369  -4.850  -39.427  63.589 0.0000000000
52389  -6.365  -40.088  62.682 0.0000000000
53583  -8.133  -39.660  62.312 0.0000000000
51174  -8.952  -41.087  61.308 0.0000000000
88324  -48.827  -10.097  45.927 0.0000000000
80396  -47.783  -15.120  47.557 0.0000000000
80414  -49.381  -15.663  46.571 0.0000000000
80415  -49.995  -15.859  46.556 0.0000000000
81569  -52.093  -14.472  47.855 0.0000000000
87199  -50.799  -12.579  47.687 0.0000000000
44857  -13.514  -46.736  72.458 0.0000000000
43623  -13.264  -46.847  69.978 0.0000000000
44865  -15.139  -45.779  70.578 0.0000000000
43624  -13.882  -46.341  69.683 0.0000000000
42289  -13.284  -45.917  68.912 0.0000000000
42360  -11.839  -45.694  65.778 0.0000000000
53550  -20.425  -38.489  65.674 0.0000000000
52335  -19.385  -39.108  66.236 0.0000000000
51121  -19.388  -39.419  67.464 0.0000000000
52375  -17.782  -39.887  63.930 0.0000000000
51136  -17.902  -40.202  65.961 0.0000000000
51104  -18.784  -40.627  68.012 0.0000000000
49832  -18.698  -41.494  68.322 0.0000000000
48545  -18.591  -42.619  68.918 0.0000000000
47309  -17.953  -42.769  69.841 0.0000000000
46082  -16.708  -43.448  68.247 0.0000000000
44901  -15.721  -44.225  67.341 0.0000000000
44929  -15.092  -44.167  65.990 0.0000000000
46125  -15.133  -43.679  63.411 0.0000000000
44949  -14.735  -44.190  63.966 0.0000000000
43730  -13.897  -44.994  65.437 0.0000000000
43752  -13.068  -45.257  64.121 0.0000000000
65465  -7.871  -29.444  65.414 0.0000000000
62988  -7.532  -31.236  66.044 0.0000000000
64239  -7.987  -30.605  65.440 0.0000000000
64252  -8.256  -30.500  64.856 0.0000000000
63035  -8.498  -31.544  63.595 0.0000000000
61829  -8.313  -32.781  61.949 0.0000000000
61851  -7.663  -32.833  60.189 0.0000000000
60552  -3.986  -34.937  62.973 0.0000000000
61825  -4.684  -34.396  61.733 0.0000000000
61838  -4.807  -34.018  61.319 0.0000000000
59335  -4.643  -34.534  58.975 0.0000000000
61861  -4.631  -33.937  59.493 0.0000000000
63078  -5.377  -33.201  60.543 0.0000000000
61850  -5.729  -32.698  59.956 0.0000000000
63092  -6.411  -32.428  59.285 0.0000000000
63103  -6.478  -32.228  58.219 0.0000000000
64346  -5.920  -31.531  56.841 0.0000000000
46021  -10.172  -44.078  73.718 0.0000000000
47281  -9.037  -43.901  72.848 0.0000000000
48512  -7.793  -42.974  73.183 0.0000000000
46039  -8.163  -44.550  71.182 0.0000000000
47290  -6.981  -44.001  72.808 0.0000000000
49802  -6.838  -41.830  72.899 0.0000000000
49810  -6.663  -41.338  72.338 0.0000000000
51056  -6.189  -40.109  71.722 0.0000000000
52247  -5.448  -39.026  71.237 0.0000000000
51079  -5.781  -39.382  69.589 0.0000000000
51088  -6.732  -39.990  68.762 0.0000000000
52291  -7.149  -40.054  67.351 0.0000000000
48572  -7.244  -42.631  66.899 0.0000000000
51119  -7.996  -41.337  66.708 0.0000000000
52334  -8.072  -40.935  65.339 0.0000000000
51159  -8.231  -41.319  63.447 0.0000000000
51173  -8.600  -41.426  61.960 0.0000000000
49922  -8.227  -41.886  60.913 0.0000000000
43722  -5.902  -46.062  62.610 0.0000000000
43745  -5.514  -46.256  61.723 0.0000000000
44946  -5.674  -45.578  62.830 0.0000000000
47374  -5.421  -44.949  62.345 0.0000000000
47384  -5.516  -44.482  61.980 0.0000000000
48655  -5.683  -43.928  61.238 0.0000000000
49936  -5.454  -44.312  59.744 0.0000000000
49899  -5.917  -43.463  61.114 0.0000000000
49920  -6.836  -42.941  60.557 0.0000000000
49940  -7.435  -42.573  59.817 0.0000000000
49959  -8.047  -42.248  59.062 0.0000000000
48721  -8.155  -43.612  57.013 0.0000000000
47471  -8.285  -43.993  56.380 0.0000000000
68022  -33.463  -26.550  66.303 0.0000000000
66777  -33.084  -26.769  65.724 0.0000000000
65444  -31.765  -27.519  65.792 0.0000000000
68021  -33.052  -26.701  67.114 0.0000000000
66767  -32.389  -27.228  67.444 0.0000000000
69244  -33.278  -26.341  67.598 0.0000000000
90732  -50.854  -8.456  45.054 0.0000000000
90743  -51.115  -7.546  44.872 0.0000000000
91938  -49.697  -7.539  44.774 0.0000000000
88326  -50.303  -9.782  45.367 0.0000000000
87228  -52.164  -10.798  46.629 0.0000000000
89511  -51.116  -9.684  45.799 0.0000000000
89526  -52.215  -9.001  46.140 0.0000000000
73313  -43.541  -21.449  54.046 0.0000000000
74512  -44.101  -21.104  54.631 0.0000000000
74491  -43.852  -20.930  55.214 0.0000000000
73300  -42.920  -21.232  54.482 0.0000000000
73326  -41.973  -21.666  52.721 0.0000000000
73312  -42.846  -21.537  53.721 0.0000000000
73328  -43.265  -21.907  53.056 0.0000000000
52427  -9.311  -40.510  60.268 0.0000000000
51201  -9.532  -41.286  58.763 0.0000000000
42378  -10.263  -45.960  64.144 0.0000000000
70635  -36.295  -23.559  59.766 0.0000000000
53482  -4.177  -37.984  71.124 0.0000000000
53498  -4.784  -38.191  70.101 0.0000000000
53491  -4.841  -38.236  70.776 0.0000000000
81467  -49.892  -14.898  52.224 0.0000000000
82623  -50.743  -14.595  52.840 0.0000000000
81456  -50.220  -14.728  53.048 0.0000000000
81479  -47.498  -15.508  52.079 0.0000000000
81480  -48.625  -15.122  51.716 0.0000000000
48528  -18.756  -42.996  72.078 0.0000000000
47304  -17.293  -43.270  70.904 0.0000000000
47301  -17.839  -42.832  71.407 0.0000000000
51122  -23.623  -39.409  66.489 0.0000000000
52297  -23.065  -39.227  66.699 0.0000000000
61867  -9.101  -32.616  59.757 0.0000000000
60522  -4.572  -34.944  65.448 0.0000000000
60537  -3.895  -35.003  64.148 0.0000000000
48510  -11.638  -43.147  74.331 0.0000000000
44927  -6.189  -45.761  65.294 0.0000000000
44915  -6.123  -45.448  66.026 0.0000000000
44926  -5.816  -45.399  65.205 0.0000000000
69268  -34.896  -25.458  63.917 0.0000000000
69269  -35.283  -24.897  63.417 0.0000000000
69275  -35.211  -24.855  62.734 0.0000000000
65471  -27.815  -29.530  65.571 0.0000000000
65470  -27.162  -30.171  65.229 0.0000000000
91915  -55.700  -7.288  45.508 0.0000000000
90719  -55.107  -8.289  46.144 0.0000000000
90720  -55.142  -8.655  45.726 0.0000000000
76894  -45.839  -19.230  53.091 0.0000000000
78044  -46.843  -18.334  53.909 0.0000000000
76883  -46.613  -18.987  54.070 0.0000000000
74548  -45.384  -20.162  52.976 0.0000000000
75703  -45.020  -20.232  52.288 0.0000000000
75704  -45.418  -19.705  52.703 0.0000000000
66798  -7.242  -28.221  64.428 0.0000000000
65485  -8.446  -29.698  64.486 0.0000000000
53581  -4.469  -38.357  62.535 0.0000000000
53596  -4.564  -38.242  62.020 0.0000000000
53706  -8.380  -38.490  56.447 0.0000000000
52492  -7.904  -38.595  55.896 0.0000000000
52491  -7.522  -38.448  56.029 0.0000000000
52532  -7.573  -40.154  54.637 0.0000000000
42287  -11.756  -46.493  68.803 0.0000000000
42326  -8.734  -46.592  66.457 0.0000000000
74451  -40.649  -21.185  56.921 0.0000000000
74438  -40.651  -21.094  57.541 0.0000000000
66879  -33.485  -26.460  59.030 0.0000000000
60427  -25.627  -31.658  70.188 0.0000000000
60457  -25.438  -32.720  68.917 0.0000000000
59222  -24.979  -33.894  68.412 0.0000000000
59223  -25.553  -33.838  68.579 0.0000000000
61738  -27.821  -31.796  67.939 0.0000000000
60488  -27.310  -32.538  67.420 0.0000000000
52416  -25.429  -38.451  62.276 0.0000000000
53575  -25.687  -38.026  63.312 0.0000000000
52400  -25.375  -38.506  62.970 0.0000000000
52399  -25.012  -38.810  62.882 0.0000000000
52414  -24.764  -38.638  62.111 0.0000000000
52430  -24.367  -38.046  61.029 0.0000000000
52431  -24.741  -38.336  61.182 0.0000000000
56899  -3.164  -36.321  68.654 0.0000000000
58056  -3.568  -35.705  69.131 0.0000000000
56909  -3.349  -36.196  68.091 0.0000000000
55834  -3.365  -37.171  66.909 0.0000000000
55823  -3.032  -36.953  67.781 0.0000000000
52331  -5.689  -39.909  65.981 0.0000000000
87177  -49.495  -11.431  49.950 0.0000000000
88262  -49.439  -10.989  49.970 0.0000000000
88263  -49.689  -10.570  50.526 0.0000000000
84860  -50.662  -13.968  50.381 0.0000000000
82657  -51.240  -14.658  49.670 0.0000000000
86047  -50.177  -13.437  50.142 0.0000000000
84876  -50.192  -13.139  49.531 0.0000000000
43655  -15.000  -44.989  68.056 0.0000000000
43654  -14.594  -45.310  67.975 0.0000000000
43670  -14.579  -45.076  67.642 0.0000000000
43687  -13.675  -45.320  66.758 0.0000000000
53585  -17.883  -39.238  62.116 0.0000000000
48591  -16.919  -42.543  65.408 0.0000000000
47359  -16.584  -43.091  65.737 0.0000000000
48608  -16.463  -42.518  64.722 0.0000000000
65435  -7.249  -29.926  67.916 0.0000000000
63032  -6.519  -33.249  62.551 0.0000000000
61813  -7.152  -33.154  63.218 0.0000000000
63051  -6.630  -33.153  61.911 0.0000000000
56995  -5.005  -35.816  59.506 0.0000000000
59379  -4.697  -34.006  56.501 0.0000000000
60619  -4.594  -33.779  57.593 0.0000000000
60634  -4.550  -33.557  57.251 0.0000000000
63138  -4.512  -32.994  57.282 0.0000000000
61917  -4.507  -33.082  56.884 0.0000000000
61924  -4.844  -32.855  56.546 0.0000000000
60655  -5.054  -33.400  55.739 0.0000000000
51030  -8.210  -40.939  74.283 0.0000000000
51029  -7.702  -40.576  73.922 0.0000000000
43611  -9.116  -45.809  70.395 0.0000000000
43602  -9.034  -45.406  71.181 0.0000000000
43610  -8.652  -45.413  70.499 0.0000000000
48533  -6.891  -43.465  69.132 0.0000000000
47307  -7.054  -43.439  70.156 0.0000000000
48534  -6.939  -42.949  69.887 0.0000000000
49818  -6.835  -42.154  70.569 0.0000000000
48538  -6.979  -42.794  69.186 0.0000000000
49861  -5.829  -42.972  63.419 0.0000000000
49874  -6.173  -42.755  63.084 0.0000000000
49884  -6.115  -42.810  62.146 0.0000000000
43797  -3.456  -47.164  59.261 0.0000000000
45002  -3.443  -46.496  59.211 0.0000000000
68031  -34.393  -25.952  64.829 0.0000000000
65494  -31.296  -27.997  63.605 0.0000000000
65495  -31.907  -27.388  63.237 0.0000000000
66792  -33.253  -26.689  64.122 0.0000000000
68038  -34.529  -25.829  64.331 0.0000000000
65473  -29.964  -28.663  65.154 0.0000000000
65475  -31.275  -28.090  64.491 0.0000000000
65512  -30.890  -28.395  63.035 0.0000000000
65456  -29.701  -28.634  66.177 0.0000000000
91930  -53.391  -6.870  45.724 0.0000000000
80418  -51.459  -15.383  46.421 0.0000000000
80434  -50.941  -15.609  45.820 0.0000000000
81601  -52.590  -14.625  46.652 0.0000000000
84927  -54.732  -12.022  47.030 0.0000000000
83803  -53.402  -13.405  45.925 0.0000000000
83812  -53.466  -13.258  45.943 0.0000000000
82730  -52.540  -14.159  44.916 0.0000000000
84954  -53.538  -12.739  45.597 0.0000000000
84961  -53.542  -12.738  45.287 0.0000000000
86105  -54.267  -11.939  46.369 0.0000000000
90716  -53.046  -8.320  46.399 0.0000000000
89500  -54.310  -9.601  46.901 0.0000000000
90718  -54.019  -8.395  46.722 0.0000000000
91901  -54.407  -8.262  46.534 0.0000000000
73331  -45.060  -21.075  53.713 0.0000000000
74527  -45.402  -20.509  54.051 0.0000000000
73316  -45.148  -20.781  54.056 0.0000000000
75641  -45.749  -19.764  55.411 0.0000000000
76827  -46.126  -19.484  55.559 0.0000000000
77984  -46.564  -18.630  56.152 0.0000000000
74536  -39.629  -21.617  52.546 0.0000000000
73340  -40.141  -21.805  51.798 0.0000000000
73342  -41.758  -22.107  51.933 0.0000000000
72058  -40.969  -22.648  51.130 0.0000000000
72059  -41.551  -22.613  51.223 0.0000000000
72099  -40.889  -23.229  50.317 0.0000000000
72082  -41.994  -22.967  50.722 0.0000000000
70714  -42.161  -23.306  50.575 0.0000000000
73329  -43.879  -22.048  53.111 0.0000000000
72062  -43.626  -22.468  52.279 0.0000000000
73330  -44.542  -21.597  53.414 0.0000000000
73347  -44.862  -21.432  53.031 0.0000000000
53597  -7.434  -39.308  61.400 0.0000000000
52425  -7.020  -39.233  61.169 0.0000000000
53617  -7.813  -39.080  60.825 0.0000000000
53661  -9.705  -39.589  58.525 0.0000000000
53684  -9.234  -38.830  57.849 0.0000000000
53685  -9.825  -39.342  57.338 0.0000000000
53707  -10.104  -39.681  56.370 0.0000000000
52494  -10.350  -40.374  56.546 0.0000000000
51235  -9.797  -41.744  56.334 0.0000000000
48746  -9.503  -43.175  55.153 0.0000000000
48732  -9.196  -43.378  56.013 0.0000000000
42330  -11.858  -46.074  66.875 0.0000000000
73257  -39.253  -21.767  58.243 0.0000000000
69315  -34.945  -25.413  59.560 0.0000000000
69328  -34.923  -25.500  59.040 0.0000000000
69329  -35.351  -25.063  59.001 0.0000000000
72012  -36.099  -23.788  57.716 0.0000000000
72027  -36.626  -23.495  57.385 0.0000000000
72013  -36.769  -23.402  57.934 0.0000000000
61680  -25.770  -30.762  71.018 0.0000000000
61681  -26.341  -30.680  70.698 0.0000000000
59276  -27.369  -34.144  64.501 0.0000000000
58116  -27.393  -34.942  64.518 0.0000000000
90767  -53.158  -7.871  41.207 0.0000000000
89566  -52.124  -8.405  40.476 0.0000000000
93218  -53.785  -6.404  40.242 0.0000000000
91990  -52.873  -6.971  39.654 0.0000000000
91994  -52.550  -6.872  39.144 0.0000000000
93240  -53.118  -6.268  38.771 0.0000000000
93231  -54.187  -5.942  39.765 0.0000000000
54693  -3.447  -37.582  69.179 0.0000000000
54707  -3.400  -37.658  68.483 0.0000000000
52264  -4.801  -38.411  69.158 0.0000000000
52275  -4.240  -38.005  68.611 0.0000000000
52276  -4.776  -38.334  68.338 0.0000000000
51116  -5.313  -38.967  67.206 0.0000000000
51099  -5.443  -38.714  68.102 0.0000000000
84846  -50.606  -13.651  51.407 0.0000000000
83721  -50.960  -13.997  51.549 0.0000000000
79199  -44.331  -18.087  50.104 0.0000000000
82672  -45.301  -15.660  49.652 0.0000000000
82673  -45.936  -15.331  49.509 0.0000000000
81564  -46.605  -15.080  49.003 0.0000000000
81533  -47.329  -14.927  49.963 0.0000000000
81482  -50.238  -15.191  51.071 0.0000000000
81505  -49.969  -15.486  50.164 0.0000000000
81483  -50.728  -15.032  50.844 0.0000000000
81484  -51.018  -14.995  50.388 0.0000000000
47299  -17.266  -44.242  72.073 0.0000000000
46051  -16.372  -44.153  70.145 0.0000000000
44876  -15.854  -44.604  68.692 0.0000000000
48642  -16.683  -41.955  62.371 0.0000000000
48657  -16.324  -42.396  61.775 0.0000000000
62985  -5.725  -32.888  67.073 0.0000000000
62986  -6.136  -32.479  66.846 0.0000000000
61759  -5.629  -33.221  66.395 0.0000000000
60524  -5.633  -33.434  65.088 0.0000000000
61811  -5.618  -33.605  63.318 0.0000000000
61810  -4.987  -34.165  62.774 0.0000000000
54826  -5.978  -37.066  57.119 0.0000000000
55918  -5.788  -36.089  57.145 0.0000000000
57035  -5.480  -36.080  55.671 0.0000000000
58197  -5.311  -34.970  56.232 0.0000000000
58198  -5.465  -35.526  55.596 0.0000000000
57049  -5.478  -36.185  54.595 0.0000000000
49787  -10.521  -42.283  74.307 0.0000000000
51033  -10.035  -41.424  74.414 0.0000000000
51032  -9.354  -41.280  74.680 0.0000000000
48507  -9.828  -42.589  73.721 0.0000000000
43640  -7.063  -46.316  68.123 0.0000000000
43627  -7.051  -45.922  68.587 0.0000000000
43639  -6.858  -46.077  68.322 0.0000000000
46062  -5.940  -45.075  67.476 0.0000000000
46063  -6.112  -45.367  67.918 0.0000000000
46053  -6.029  -44.929  67.994 0.0000000000
47310  -6.004  -44.725  68.348 0.0000000000
47316  -5.551  -44.384  68.061 0.0000000000
48541  -5.592  -43.862  67.302 0.0000000000
47358  -6.005  -44.030  65.476 0.0000000000
48587  -5.968  -44.017  64.158 0.0000000000
48606  -5.825  -43.429  63.710 0.0000000000
65564  -32.141  -26.896  59.903 0.0000000000
66819  -32.709  -26.964  62.780 0.0000000000
68074  -33.979  -25.846  62.275 0.0000000000
68089  -33.442  -26.225  61.748 0.0000000000
66850  -33.685  -25.831  60.850 0.0000000000
68090  -33.865  -25.705  61.233 0.0000000000
68103  -34.451  -25.602  60.200 0.0000000000
69284  -35.579  -24.091  61.508 0.0000000000
65528  -28.381  -29.050  62.698 0.0000000000
64195  -28.714  -29.484  68.881 0.0000000000
65424  -30.802  -28.319  68.376 0.0000000000
65439  -27.858  -30.313  66.880 0.0000000000
64215  -27.998  -30.735  66.988 0.0000000000
62978  -28.152  -31.226  67.134 0.0000000000
61783  -27.890  -32.475  65.945 0.0000000000
61801  -27.151  -32.761  65.547 0.0000000000
60570  -26.440  -33.866  63.456 0.0000000000
94323  -56.665  -6.215  43.315 0.0000000000
86125  -53.262  -11.822  44.499 0.0000000000
84987  -52.357  -11.946  43.715 0.0000000000
87242  -53.769  -11.173  44.974 0.0000000000
89536  -54.144  -9.567  44.204 0.0000000000
87262  -52.865  -10.489  43.577 0.0000000000
88344  -53.382  -9.779  43.689 0.0000000000
88343  -53.220  -9.240  42.895 0.0000000000
88342  -53.043  -8.903  42.381 0.0000000000
90748  -54.232  -8.911  43.463 0.0000000000
141198  -56.330  -7.190  44.397 0.0000000000
93146  -56.238  -7.259  43.673 0.0000000000
93163  -56.235  -6.746  42.926 0.0000000000
81454  -48.826  -15.472  53.785 0.0000000000
81453  -48.196  -16.504  53.950 0.0000000000
80252  -48.234  -16.853  54.766 0.0000000000
81432  -49.173  -16.176  54.979 0.0000000000
78004  -47.269  -18.448  55.433 0.0000000000
78012  -47.242  -18.600  55.139 0.0000000000
72101  -42.936  -23.490  50.616 0.0000000000
70753  -42.301  -23.461  49.896 0.0000000000
72115  -42.949  -23.222  49.926 0.0000000000
74577  -43.888  -21.200  50.669 0.0000000000
74589  -43.440  -21.168  49.747 0.0000000000
76924  -44.407  -19.276  50.941 0.0000000000
79166  -45.781  -17.970  52.536 0.0000000000
78061  -45.405  -18.276  52.216 0.0000000000
80312  -46.017  -17.333  52.497 0.0000000000
81463  -46.739  -16.566  52.857 0.0000000000
53587  -21.992  -37.879  62.567 0.0000000000
54771  -21.249  -37.664  61.746 0.0000000000
54770  -19.994  -37.450  61.686 0.0000000000
66831  -9.074  -28.537  62.628 0.0000000000
64274  -9.215  -30.784  62.753 0.0000000000
63070  -9.374  -31.573  62.009 0.0000000000
63069  -8.933  -32.160  62.283 0.0000000000
56954  -3.687  -36.764  63.750 0.0000000000
58126  -3.719  -36.259  63.674 0.0000000000
56965  -3.646  -36.910  63.167 0.0000000000
53613  -4.594  -37.629  61.276 0.0000000000
55870  -3.998  -36.753  62.456 0.0000000000
54777  -4.526  -37.262  61.232 0.0000000000
54787  -4.673  -37.119  60.616 0.0000000000
54788  -4.882  -37.435  60.531 0.0000000000
52442  -7.192  -38.802  60.605 0.0000000000
52423  -5.731  -38.418  60.953 0.0000000000
52441  -6.761  -38.280  60.360 0.0000000000
53681  -7.306  -37.783  58.377 0.0000000000
53657  -6.896  -37.615  59.581 0.0000000000
53679  -5.805  -37.376  59.286 0.0000000000
53703  -6.724  -37.808  57.266 0.0000000000
53724  -7.118  -38.826  55.194 0.0000000000
52534  -9.348  -40.833  54.768 0.0000000000
51274  -8.864  -41.462  54.394 0.0000000000
44849  -11.901  -46.291  73.640 0.0000000000
43599  -11.988  -47.012  72.940 0.0000000000
43613  -10.557  -46.454  71.111 0.0000000000
43612  -9.944  -45.864  70.962 0.0000000000
42268  -10.034  -46.050  70.228 0.0000000000
42312  -8.692  -46.659  67.320 0.0000000000
42299  -9.352  -46.565  68.046 0.0000000000
42298  -8.682  -46.586  68.135 0.0000000000
42297  -8.175  -46.508  68.233 0.0000000000
42337  -7.224  -46.387  66.121 0.0000000000
43685  -6.880  -46.204  65.665 0.0000000000
74468  -42.525  -20.851  55.961 0.0000000000
68148  -34.098  -25.877  57.376 0.0000000000
74486  -38.740  -21.437  56.022 0.0000000000
74524  -38.385  -21.614  54.086 0.0000000000
74488  -41.089  -21.203  55.295 0.0000000000
74508  -40.557  -21.271  54.305 0.0000000000
56903  -24.763  -36.601  67.601 0.0000000000
56893  -24.300  -37.138  68.047 0.0000000000
53510  -25.316  -38.382  68.172 0.0000000000
52281  -24.876  -38.984  67.664 0.0000000000
52299  -24.801  -39.125  66.870 0.0000000000
60445  -27.257  -31.760  69.266 0.0000000000
61707  -27.490  -31.258  69.762 0.0000000000
60460  -26.780  -32.248  68.951 0.0000000000
60459  -26.532  -32.399  69.412 0.0000000000
59225  -26.262  -32.989  68.566 0.0000000000
58108  -27.269  -34.901  65.340 0.0000000000
59249  -26.692  -33.722  66.671 0.0000000000
56925  -26.728  -35.632  65.582 0.0000000000
54728  -25.797  -36.807  65.406 0.0000000000
56924  -26.317  -35.816  66.319 0.0000000000
58085  -26.167  -35.073  67.232 0.0000000000
55829  -25.966  -36.785  66.636 0.0000000000
55828  -25.867  -37.079  67.339 0.0000000000
52341  -24.871  -38.919  65.212 0.0000000000
52360  -24.554  -39.272  64.120 0.0000000000
52340  -24.272  -39.393  64.632 0.0000000000
52378  -24.197  -38.996  63.495 0.0000000000
52377  -23.600  -38.767  63.427 0.0000000000
53641  -23.305  -37.750  60.395 0.0000000000
53622  -22.870  -37.952  60.859 0.0000000000
93249  -52.814  -5.559  37.730 0.0000000000
95542  -52.252  -4.469  36.230 0.0000000000
95554  -53.681  -3.744  36.177 0.0000000000
62956  -5.268  -32.975  68.716 0.0000000000
61733  -5.260  -33.213  68.101 0.0000000000
60494  -5.088  -34.277  67.283 0.0000000000
61745  -4.937  -33.910  67.711 0.0000000000
61718  -4.717  -33.529  69.296 0.0000000000
58092  -3.874  -36.151  67.197 0.0000000000
58103  -4.162  -36.164  66.171 0.0000000000
58112  -4.116  -36.512  65.145 0.0000000000
56940  -3.935  -36.973  65.620 0.0000000000
54734  -3.792  -37.575  65.633 0.0000000000
55852  -3.988  -37.272  65.123 0.0000000000
53559  -3.868  -37.794  64.823 0.0000000000
54750  -3.720  -37.773  64.171 0.0000000000
53560  -3.929  -38.046  64.730 0.0000000000
53532  -3.950  -38.092  67.256 0.0000000000
53531  -3.673  -37.800  66.903 0.0000000000
52350  -5.038  -39.910  64.771 0.0000000000
52372  -7.573  -40.194  63.784 0.0000000000
52391  -8.137  -40.046  63.017 0.0000000000
53584  -8.402  -40.028  62.436 0.0000000000
52409  -8.880  -40.660  61.691 0.0000000000
88312  -48.680  -10.214  46.566 0.0000000000
90714  -47.591  -8.884  45.634 0.0000000000
89497  -48.333  -9.537  46.746 0.0000000000
75629  -44.428  -19.896  56.229 0.0000000000
81583  -47.871  -14.953  48.161 0.0000000000
80397  -48.449  -15.136  47.881 0.0000000000
80386  -50.533  -15.556  48.223 0.0000000000
80398  -49.409  -15.331  47.572 0.0000000000
80399  -50.062  -15.557  47.441 0.0000000000
80400  -50.505  -15.627  47.378 0.0000000000
80401  -50.969  -15.657  47.317 0.0000000000
81568  -51.888  -14.816  48.099 0.0000000000
87198  -49.992  -12.191  48.103 0.0000000000
86077  -51.184  -12.971  48.095 0.0000000000
87217  -50.095  -12.184  47.172 0.0000000000
88313  -49.402  -10.816  46.259 0.0000000000
44851  -14.217  -46.133  73.033 0.0000000000
43608  -13.661  -47.096  71.632 0.0000000000
43617  -14.129  -46.991  70.727 0.0000000000
44860  -15.831  -45.352  71.239 0.0000000000
44870  -15.017  -45.423  69.906 0.0000000000
43641  -14.022  -45.688  68.408 0.0000000000
43625  -14.528  -45.794  69.682 0.0000000000
43630  -13.954  -45.867  69.003 0.0000000000
42304  -13.415  -45.786  68.307 0.0000000000
42317  -12.730  -45.853  67.587 0.0000000000
42361  -12.408  -45.639  65.880 0.0000000000
42345  -12.456  -45.777  66.456 0.0000000000
43705  -11.422  -45.621  64.890 0.0000000000
43727  -11.905  -45.500  64.264 0.0000000000
54753  -20.784  -37.566  63.791 0.0000000000
53562  -20.961  -38.083  65.048 0.0000000000
53572  -20.322  -37.851  64.368 0.0000000000
53561  -19.701  -38.467  65.148 0.0000000000
52314  -19.341  -39.325  67.064 0.0000000000
52393  -17.886  -39.869  62.845 0.0000000000
51160  -17.240  -40.561  63.549 0.0000000000
49850  -17.543  -41.441  66.158 0.0000000000
51135  -17.389  -40.990  65.555 0.0000000000
49851  -17.963  -40.934  66.756 0.0000000000
49841  -18.159  -41.276  67.494 0.0000000000
48555  -17.855  -42.630  68.021 0.0000000000
48544  -18.260  -42.859  68.514 0.0000000000
47313  -18.222  -43.035  69.180 0.0000000000
47318  -17.677  -43.231  68.539 0.0000000000
47312  -17.541  -43.370  69.382 0.0000000000
46100  -16.070  -43.658  66.315 0.0000000000
46093  -15.968  -43.816  66.971 0.0000000000
46092  -15.729  -43.955  66.693 0.0000000000
44917  -15.400  -44.270  66.890 0.0000000000
47394  -15.412  -43.180  62.424 0.0000000000
47385  -15.305  -43.336  62.877 0.0000000000
46139  -14.990  -43.588  62.500 0.0000000000
44981  -14.224  -44.376  62.722 0.0000000000
44965  -14.750  -44.105  63.376 0.0000000000
44964  -14.291  -44.405  63.214 0.0000000000
44948  -14.104  -44.797  64.436 0.0000000000
44947  -13.484  -45.114  64.172 0.0000000000
44963  -13.392  -44.980  63.352 0.0000000000
66779  -7.312  -28.821  66.445 0.0000000000
66780  -7.590  -29.002  65.680 0.0000000000
62987  -7.072  -31.745  66.423 0.0000000000
63000  -7.196  -31.987  65.718 0.0000000000
63001  -7.637  -31.515  65.379 0.0000000000
63002  -8.014  -30.956  65.096 0.0000000000
63017  -8.159  -31.193  64.603 0.0000000000
64262  -8.567  -30.586  64.140 0.0000000000
61839  -8.001  -32.971  61.177 0.0000000000
58127  -3.904  -35.978  63.123 0.0000000000
59288  -4.066  -35.404  62.579 0.0000000000
59311  -4.661  -34.871  60.777 0.0000000000
60567  -4.447  -34.775  61.925 0.0000000000
61837  -4.674  -34.285  61.140 0.0000000000
58174  -4.754  -35.046  58.605 0.0000000000
61876  -4.676  -33.851  58.594 0.0000000000
61862  -4.883  -33.632  59.837 0.0000000000
63090  -5.080  -33.375  60.154 0.0000000000
61849  -5.524  -32.869  60.067 0.0000000000
61863  -5.280  -33.174  59.744 0.0000000000
64310  -5.420  -32.788  57.656 0.0000000000
63102  -5.923  -32.636  58.695 0.0000000000
64312  -6.098  -32.286  57.786 0.0000000000
64330  -6.225  -31.855  57.326 0.0000000000
52232  -5.968  -39.411  72.649 0.0000000000
44840  -10.612  -45.498  74.117 0.0000000000
46025  -10.270  -44.669  74.041 0.0000000000
44839  -9.740  -45.411  73.864 0.0000000000
46032  -8.482  -44.957  73.454 0.0000000000
46023  -9.000  -44.401  73.357 0.0000000000
47292  -8.300  -44.438  73.350 0.0000000000
48513  -8.612  -42.716  73.025 0.0000000000
47280  -8.274  -43.488  73.131 0.0000000000
44862  -8.420  -45.050  70.426 0.0000000000
46046  -7.986  -44.512  69.974 0.0000000000
48526  -6.868  -43.209  71.557 0.0000000000
47297  -7.907  -43.954  72.073 0.0000000000
48521  -6.856  -43.185  72.581 0.0000000000
48511  -7.119  -42.757  73.188 0.0000000000
49817  -6.538  -41.463  71.054 0.0000000000
51065  -6.301  -40.756  71.416 0.0000000000
52248  -5.906  -39.652  71.542 0.0000000000
51064  -6.022  -39.890  71.093 0.0000000000
51063  -5.599  -39.284  70.571 0.0000000000
51073  -5.982  -39.794  70.302 0.0000000000
51101  -6.783  -39.789  67.663 0.0000000000
51102  -7.635  -40.680  67.761 0.0000000000
48552  -6.149  -43.419  66.981 0.0000000000
48553  -7.062  -42.783  67.467 0.0000000000
48571  -6.829  -42.900  66.413 0.0000000000
49838  -7.301  -42.600  66.020 0.0000000000
49849  -7.721  -42.288  65.657 0.0000000000
51134  -8.071  -41.579  65.955 0.0000000000
51148  -8.195  -41.718  65.112 0.0000000000
52354  -8.115  -41.104  64.597 0.0000000000
51158  -8.105  -41.648  64.137 0.0000000000
49902  -7.881  -42.226  61.831 0.0000000000
51172  -8.226  -41.899  62.604 0.0000000000
49903  -8.393  -41.780  61.460 0.0000000000
43746  -6.107  -46.462  62.346 0.0000000000
43763  -4.511  -46.397  60.352 0.0000000000
43744  -4.962  -46.139  61.092 0.0000000000
44959  -5.611  -45.877  62.224 0.0000000000
44958  -5.340  -45.651  61.771 0.0000000000
46114  -5.472  -45.125  62.632 0.0000000000
46123  -5.130  -45.246  61.438 0.0000000000
47401  -4.782  -44.887  60.654 0.0000000000
47392  -5.192  -44.810  61.336 0.0000000000
48654  -5.306  -44.522  61.084 0.0000000000
48639  -5.661  -43.964  61.960 0.0000000000
48666  -5.242  -44.496  60.779 0.0000000000
49917  -5.619  -44.107  60.115 0.0000000000
49918  -5.978  -43.662  60.241 0.0000000000
49919  -6.272  -43.351  60.407 0.0000000000
49938  -6.248  -43.552  59.547 0.0000000000
49957  -6.736  -43.476  58.902 0.0000000000
49958  -7.382  -42.992  58.938 0.0000000000
49973  -8.094  -42.892  58.008 0.0000000000
69254  -34.238  -25.979  66.082 0.0000000000
70561  -34.398  -25.495  66.888 0.0000000000
65459  -31.766  -27.525  64.997 0.0000000000
66791  -32.481  -27.047  64.571 0.0000000000
66756  -32.281  -27.094  68.272 0.0000000000
69235  -33.539  -25.920  67.857 0.0000000000
91911  -52.848  -7.944  46.133 0.0000000000
93128  -52.138  -6.732  45.026 0.0000000000
91928  -51.726  -7.356  45.114 0.0000000000
87201  -52.635  -12.098  47.542 0.0000000000
83782  -53.209  -13.112  47.247 0.0000000000
87202  -53.437  -11.751  47.384 0.0000000000
88285  -53.247  -11.167  47.353 0.0000000000
88286  -54.091  -10.782  47.388 0.0000000000
88287  -54.748  -10.884  47.218 0.0000000000
89498  -53.282  -9.810  46.879 0.0000000000
89513  -52.854  -9.105  46.506 0.0000000000
74514  -45.256  -20.472  54.413 0.0000000000
74513  -44.694  -20.828  54.526 0.0000000000
75653  -45.219  -20.159  55.247 0.0000000000
75630  -45.210  -19.734  55.859 0.0000000000
73325  -41.210  -21.793  52.612 0.0000000000
73343  -42.464  -22.112  52.190 0.0000000000
72061  -42.960  -22.616  51.894 0.0000000000
73344  -42.953  -22.129  52.488 0.0000000000
53618  -8.625  -39.486  60.820 0.0000000000
52458  -10.067  -40.520  58.103 0.0000000000
52475  -10.303  -40.447  57.351 0.0000000000
49974  -9.030  -42.442  57.605 0.0000000000
42359  -11.116  -45.799  65.499 0.0000000000
42377  -9.789  -46.186  63.582 0.0000000000
70634  -35.761  -24.217  59.674 0.0000000000
70646  -36.045  -23.798  59.304 0.0000000000
73255  -37.672  -22.790  59.230 0.0000000000
64160  -27.584  -29.657  71.483 0.0000000000
56948  -26.618  -35.767  63.070 0.0000000000
91971  -54.192  -6.864  41.731 0.0000000000
91972  -54.905  -6.560  41.836 0.0000000000
93195  -54.594  -6.368  41.231 0.0000000000
94370  -56.347  -5.529  40.868 0.0000000000
53497  -4.134  -37.632  69.675 0.0000000000
52255  -4.575  -37.954  69.806 0.0000000000
51078  -5.286  -38.842  69.568 0.0000000000
82634  -50.817  -14.623  51.864 0.0000000000
82624  -51.106  -14.312  52.697 0.0000000000
80338  -45.159  -17.308  51.260 0.0000000000
80337  -44.835  -17.207  50.758 0.0000000000
81501  -45.771  -16.450  51.259 0.0000000000
81503  -48.041  -14.975  50.833 0.0000000000
81481  -49.547  -15.155  51.347 0.0000000000
47300  -17.568  -43.605  71.752 0.0000000000
46052  -16.841  -43.601  70.370 0.0000000000
46056  -16.804  -43.630  69.673 0.0000000000
52270  -23.956  -38.851  68.646 0.0000000000
63083  -10.085  -31.402  60.891 0.0000000000
61854  -10.064  -31.885  60.399 0.0000000000
61758  -5.061  -33.887  66.149 0.0000000000
61774  -4.824  -34.192  65.113 0.0000000000
61789  -4.364  -34.534  63.412 0.0000000000
55917  -5.689  -36.552  56.542 0.0000000000
57048  -5.408  -36.691  54.993 0.0000000000
48508  -10.329  -42.855  74.110 0.0000000000
43649  -6.488  -46.025  67.066 0.0000000000
44898  -6.326  -46.037  67.619 0.0000000000
44897  -6.286  -45.725  67.194 0.0000000000
46080  -5.876  -45.066  66.559 0.0000000000
47348  -5.791  -44.526  65.959 0.0000000000
46090  -5.697  -44.951  65.476 0.0000000000
47365  -5.693  -44.532  63.892 0.0000000000
68044  -33.878  -26.369  63.628 0.0000000000
66820  -33.299  -26.624  62.662 0.0000000000
68057  -34.306  -25.971  63.054 0.0000000000
69282  -34.599  -25.319  62.334 0.0000000000
65529  -29.388  -28.750  62.512 0.0000000000
65441  -29.294  -28.720  67.149 0.0000000000
65454  -27.821  -29.940  66.481 0.0000000000
64245  -27.355  -30.598  65.862 0.0000000000
63024  -26.730  -32.105  65.253 0.0000000000
63023  -26.603  -31.358  64.848 0.0000000000
91916  -56.450  -6.263  44.540 0.0000000000
88328  -54.655  -10.264  45.981 0.0000000000
87243  -54.180  -10.538  44.985 0.0000000000
89528  -54.708  -9.716  45.505 0.0000000000
89533  -54.461  -9.560  44.618 0.0000000000
90744  -54.676  -9.071  44.682 0.0000000000
90749  -54.497  -8.767  43.801 0.0000000000
90745  -54.929  -8.548  44.292 0.0000000000
91931  -55.955  -7.567  44.633 0.0000000000
79141  -46.462  -17.894  53.171 0.0000000000
80275  -47.839  -17.136  54.310 0.0000000000
79123  -47.403  -17.805  54.288 0.0000000000
79112  -47.522  -17.991  54.883 0.0000000000
79101  -48.266  -17.127  55.711 0.0000000000
73378  -44.325  -21.804  51.542 0.0000000000
74563  -44.406  -21.074  51.552 0.0000000000
74578  -44.139  -20.429  51.050 0.0000000000
76907  -44.786  -19.170  51.594 0.0000000000
76908  -45.246  -19.153  52.199 0.0000000000
78062  -45.787  -18.552  52.704 0.0000000000
54780  -21.697  -37.560  60.823 0.0000000000
66815  -8.834  -29.091  63.400 0.0000000000
64263  -8.841  -30.660  63.403 0.0000000000
54759  -3.705  -37.675  63.326 0.0000000000
54758  -3.645  -37.203  63.108 0.0000000000
53595  -4.383  -37.754  61.774 0.0000000000
53614  -4.865  -37.949  61.083 0.0000000000
53658  -7.957  -38.298  59.233 0.0000000000
52473  -7.822  -38.118  59.202 0.0000000000
53682  -7.855  -38.135  58.289 0.0000000000
53704  -7.278  -38.258  56.621 0.0000000000
52509  -7.346  -38.505  55.770 0.0000000000
53725  -7.140  -39.566  54.868 0.0000000000
43607  -12.867  -47.208  71.769 0.0000000000
43606  -11.980  -47.310  71.932 0.0000000000
43615  -12.087  -47.257  70.846 0.0000000000
42270  -11.266  -46.863  70.331 0.0000000000
42275  -10.752  -46.597  69.594 0.0000000000
42327  -9.422  -46.498  66.446 0.0000000000
42325  -8.133  -46.657  66.565 0.0000000000
74452  -41.506  -20.861  56.778 0.0000000000
69350  -34.745  -24.965  57.588 0.0000000000
74485  -37.803  -22.045  56.528 0.0000000000
59236  -24.508  -34.537  67.851 0.0000000000
58073  -24.482  -35.479  67.644 0.0000000000
55818  -25.323  -37.318  67.809 0.0000000000
62942  -27.968  -30.593  69.464 0.0000000000
60461  -27.235  -31.911  68.689 0.0000000000
60487  -26.779  -32.661  67.634 0.0000000000
54743  -26.457  -36.988  63.962 0.0000000000
55840  -26.472  -36.171  65.165 0.0000000000
53566  -25.924  -37.306  64.311 0.0000000000
53555  -25.779  -37.185  64.704 0.0000000000
53554  -25.589  -37.648  64.989 0.0000000000
53553  -25.361  -38.198  65.299 0.0000000000
52362  -25.265  -38.699  63.969 0.0000000000
52380  -24.757  -39.080  63.480 0.0000000000
52397  -24.527  -38.797  62.811 0.0000000000
52412  -24.074  -38.404  61.990 0.0000000000
52413  -24.419  -38.493  61.936 0.0000000000
53642  -24.027  -37.725  60.519 0.0000000000
90788  -51.043  -7.841  38.178 0.0000000000
59213  -4.037  -35.283  69.040 0.0000000000
59231  -4.194  -35.279  68.713 0.0000000000
56919  -3.536  -36.193  67.691 0.0000000000
58091  -3.563  -36.536  66.816 0.0000000000
56930  -3.542  -36.869  66.494 0.0000000000
53540  -3.686  -37.920  66.055 0.0000000000
52309  -4.733  -38.838  66.661 0.0000000000
52329  -4.333  -38.627  66.045 0.0000000000
52373  -8.086  -40.791  63.676 0.0000000000
87197  -49.408  -11.607  48.684 0.0000000000
88283  -48.824  -10.407  48.151 0.0000000000
88272  -49.282  -10.678  49.275 0.0000000000
89477  -49.339  -9.366  49.079 0.0000000000
81537  -51.105  -15.576  49.079 0.0000000000
80385  -50.081  -15.506  48.369 0.0000000000
80362  -50.552  -15.675  48.930 0.0000000000
81538  -51.153  -15.463  49.013 0.0000000000
81539  -51.528  -15.031  48.940 0.0000000000
82674  -51.680  -14.385  48.717 0.0000000000
84878  -50.953  -13.842  49.291 0.0000000000
86075  -49.803  -12.308  48.752 0.0000000000
44852  -15.025  -46.042  72.614 0.0000000000
44871  -15.277  -45.074  69.578 0.0000000000
43626  -14.829  -45.477  69.365 0.0000000000
43632  -14.897  -45.360  68.906 0.0000000000
43642  -14.497  -45.493  68.427 0.0000000000
43653  -13.908  -45.608  67.859 0.0000000000
43652  -13.192  -45.716  67.518 0.0000000000
43686  -13.001  -45.615  66.284 0.0000000000
43707  -12.804  -45.521  65.460 0.0000000000
54751  -19.270  -37.965  63.077 0.0000000000
52376  -18.119  -39.229  64.281 0.0000000000
49887  -16.857  -41.321  63.008 0.0000000000
49865  -17.301  -41.544  65.207 0.0000000000
48592  -17.276  -42.273  65.786 0.0000000000
47351  -17.004  -42.795  66.376 0.0000000000
46107  -15.935  -43.527  65.603 0.0000000000
46155  -14.752  -43.664  61.981 0.0000000000
44979  -13.135  -44.695  62.069 0.0000000000
61776  -6.646  -32.967  64.634 0.0000000000
61777  -7.156  -32.373  65.128 0.0000000000
61793  -7.146  -32.916  64.039 0.0000000000
63015  -7.535  -32.619  63.849 0.0000000000
63034  -7.896  -32.542  63.296 0.0000000000
63067  -6.564  -32.987  61.057 0.0000000000
56977  -4.133  -36.203  61.884 0.0000000000
58141  -4.371  -35.521  61.322 0.0000000000
58184  -4.927  -34.621  57.330 0.0000000000
59348  -4.555  -34.336  58.019 0.0000000000
61894  -4.676  -33.637  57.797 0.0000000000
61895  -4.855  -33.520  57.983 0.0000000000
61896  -5.150  -33.326  58.072 0.0000000000
63120  -4.930  -32.994  57.308 0.0000000000
64328  -5.346  -32.505  57.265 0.0000000000
64345  -5.481  -31.996  56.887 0.0000000000
63154  -5.066  -32.108  56.948 0.0000000000
44846  -9.308  -46.070  73.154 0.0000000000
44856  -9.101  -45.905  72.520 0.0000000000
44844  -8.445  -45.499  72.578 0.0000000000
46031  -7.909  -45.283  72.638 0.0000000000
47302  -7.650  -44.251  69.598 0.0000000000
49815  -6.732  -42.287  71.326 0.0000000000
49820  -6.630  -41.312  70.405 0.0000000000
51080  -6.472  -40.399  69.762 0.0000000000
49830  -7.584  -41.876  68.216 0.0000000000
48589  -6.116  -43.194  65.157 0.0000000000
48590  -6.401  -43.030  65.787 0.0000000000
49847  -6.483  -42.854  64.786 0.0000000000
49863  -6.976  -42.655  64.419 0.0000000000
49876  -7.617  -42.261  63.869 0.0000000000
49901  -6.885  -42.719  61.508 0.0000000000
43781  -4.026  -46.747  59.592 0.0000000000
46149  -4.379  -45.490  60.221 0.0000000000
47417  -4.402  -45.140  59.724 0.0000000000
49956  -6.175  -44.015  58.767 0.0000000000
65531  -30.793  -27.957  62.248 0.0000000000
65532  -31.383  -27.530  61.990 0.0000000000
65490  -28.112  -29.118  64.639 0.0000000000
65491  -29.157  -28.866  64.419 0.0000000000
65474  -30.787  -28.516  64.836 0.0000000000
65511  -30.221  -28.641  63.247 0.0000000000
66766  -31.815  -27.571  67.791 0.0000000000
65433  -31.155  -28.096  67.598 0.0000000000
91914  -54.920  -7.600  46.176 0.0000000000
94277  -54.761  -5.922  45.567 0.0000000000
93131  -54.237  -6.246  45.718 0.0000000000
82719  -53.172  -14.078  46.236 0.0000000000
80454  -51.810  -14.899  45.417 0.0000000000
80470  -50.743  -15.083  44.696 0.0000000000
81634  -51.315  -14.419  44.642 0.0000000000
83834  -52.377  -12.981  44.434 0.0000000000
86117  -53.503  -11.987  44.870 0.0000000000
87235  -54.644  -10.955  46.312 0.0000000000
88303  -55.099  -10.895  47.092 0.0000000000
89501  -54.681  -9.979  46.847 0.0000000000
88317  -54.729  -10.529  46.406 0.0000000000
90709  -54.859  -9.114  46.366 0.0000000000
74538  -45.525  -20.214  53.563 0.0000000000
76866  -46.256  -19.765  53.944 0.0000000000
75686  -46.612  -19.972  54.475 0.0000000000
75656  -46.875  -19.750  55.203 0.0000000000
76839  -46.733  -19.232  55.166 0.0000000000
74494  -45.676  -20.037  54.776 0.0000000000
76828  -46.489  -19.263  55.478 0.0000000000
73363  -40.508  -22.358  51.313 0.0000000000
70730  -40.819  -23.439  49.806 0.0000000000
70731  -41.444  -23.535  49.972 0.0000000000
72100  -42.580  -23.493  50.597 0.0000000000
72085  -43.878  -22.674  51.876 0.0000000000
74547  -45.080  -20.839  52.727 0.0000000000
52406  -5.685  -38.936  61.792 0.0000000000
52457  -7.644  -38.722  60.186 0.0000000000
53637  -8.471  -39.051  60.042 0.0000000000
53659  -8.101  -38.578  59.366 0.0000000000
54812  -8.851  -38.478  57.143 0.0000000000
54849  -9.004  -38.644  56.112 0.0000000000
53727  -9.068  -39.122  55.449 0.0000000000
53728  -9.582  -39.522  55.640 0.0000000000
52513  -10.048  -40.487  55.582 0.0000000000
52535  -9.713  -41.159  55.093 0.0000000000
51236  -10.190  -41.130  56.600 0.0000000000
51253  -9.761  -41.593  55.507 0.0000000000
50018  -9.460  -42.300  55.118 0.0000000000
42288  -12.527  -46.164  68.805 0.0000000000
42302  -11.814  -46.268  68.051 0.0000000000
42315  -11.054  -46.439  67.303 0.0000000000
42328  -10.228  -46.401  66.522 0.0000000000
42342  -10.253  -46.288  65.765 0.0000000000
42341  -9.450  -46.442  65.584 0.0000000000
74437  -39.997  -21.509  57.637 0.0000000000
74425  -39.887  -21.459  58.296 0.0000000000
68115  -34.204  -26.077  59.787 0.0000000000
68127  -34.237  -26.176  59.015 0.0000000000
68128  -34.571  -25.863  59.260 0.0000000000
68138  -34.619  -25.728  58.794 0.0000000000
69340  -34.849  -25.204  58.310 0.0000000000
70658  -35.069  -24.585  57.775 0.0000000000
70671  -35.546  -23.876  56.685 0.0000000000
72026  -36.308  -23.507  56.843 0.0000000000
73283  -36.843  -23.073  56.524 0.0000000000
74463  -37.900  -22.195  57.286 0.0000000000
60442  -25.856  -32.367  69.750 0.0000000000
60515  -27.964  -33.172  66.102 0.0000000000
59258  -27.489  -33.080  66.198 0.0000000000
55853  -26.575  -36.354  63.545 0.0000000000
53591  -26.195  -37.565  62.716 0.0000000000
53590  -25.853  -38.083  62.454 0.0000000000
52433  -25.486  -38.346  61.476 0.0000000000
90780  -51.582  -7.939  39.194 0.0000000000
90772  -52.096  -7.721  39.561 0.0000000000
90789  -51.491  -7.305  38.485 0.0000000000
91998  -51.612  -6.838  38.334 0.0000000000
94405  -53.882  -5.603  38.725 0.0000000000
94388  -54.841  -5.602  39.680 0.0000000000
55814  -3.029  -36.637  68.959 0.0000000000
55813  -2.994  -36.941  68.549 0.0000000000
54706  -3.178  -37.444  68.100 0.0000000000
52289  -4.214  -38.102  67.776 0.0000000000
53504  -3.813  -37.736  68.900 0.0000000000
52310  -5.992  -39.728  66.628 0.0000000000
86024  -49.852  -12.539  51.139 0.0000000000
86023  -49.767  -11.982  51.061 0.0000000000
84834  -50.757  -13.210  52.429 0.0000000000
80358  -44.523  -17.416  50.327 0.0000000000
80382  -44.188  -17.278  49.594 0.0000000000
82710  -45.832  -15.179  48.431 0.0000000000
81565  -47.817  -14.904  48.914 0.0000000000
80359  -49.063  -15.208  49.197 0.0000000000
81535  -49.624  -15.471  49.757 0.0000000000
80361  -49.789  -15.675  49.203 0.0000000000
81507  -51.267  -15.204  49.840 0.0000000000
83733  -50.816  -14.300  50.509 0.0000000000
46038  -16.520  -45.031  72.627 0.0000000000
44861  -16.073  -44.915  70.949 0.0000000000
46044  -16.837  -44.154  71.585 0.0000000000
44867  -15.870  -44.697  70.273 0.0000000000
44875  -15.358  -45.002  68.863 0.0000000000
44899  -14.883  -44.924  67.824 0.0000000000
52428  -16.972  -39.573  60.680 0.0000000000
51175  -16.811  -40.503  61.298 0.0000000000
49904  -16.766  -41.272  61.861 0.0000000000
48641  -16.256  -42.425  62.787 0.0000000000
47395  -15.812  -42.802  62.147 0.0000000000
64210  -6.712  -30.795  68.137 0.0000000000
64211  -7.083  -30.816  67.577 0.0000000000
61760  -6.397  -32.631  65.725 0.0000000000
60508  -5.568  -33.383  65.676 0.0000000000
60525  -6.106  -33.158  64.908 0.0000000000
60554  -6.239  -33.316  63.481 0.0000000000
61812  -6.336  -33.305  63.018 0.0000000000
63049  -5.551  -33.648  61.906 0.0000000000
55896  -5.557  -36.481  58.928 0.0000000000
57010  -5.476  -35.766  58.512 0.0000000000
58176  -5.381  -35.511  57.774 0.0000000000
58185  -5.286  -35.186  57.244 0.0000000000
58196  -4.962  -34.471  56.599 0.0000000000
59380  -4.923  -34.415  56.293 0.0000000000
59396  -4.816  -33.769  55.925 0.0000000000
53458  -9.717  -39.920  74.218 0.0000000000
52216  -8.852  -40.483  74.729 0.0000000000
51031  -8.650  -41.128  74.738 0.0000000000
49784  -8.543  -41.434  74.305 0.0000000000
43629  -7.956  -46.203  69.287 0.0000000000
43619  -8.232  -45.570  69.802 0.0000000000
43628  -7.528  -46.049  68.962 0.0000000000
44874  -7.454  -45.739  68.919 0.0000000000
44868  -7.516  -45.242  68.971 0.0000000000
44884  -6.255  -45.889  68.022 0.0000000000
46049  -7.452  -44.662  68.941 0.0000000000
47311  -6.388  -44.205  68.741 0.0000000000
47349  -5.725  -44.136  65.942 0.0000000000
48569  -5.949  -43.816  65.697 0.0000000000
48607  -5.917  -43.298  64.463 0.0000000000
66868  -32.688  -26.471  59.483 0.0000000000
66869  -33.255  -26.186  59.866 0.0000000000
65533  -32.099  -27.270  61.615 0.0000000000
66837  -33.171  -26.594  62.130 0.0000000000
66848  -32.669  -26.719  61.182 0.0000000000
66859  -33.154  -26.105  60.633 0.0000000000
66860  -33.699  -25.960  60.501 0.0000000000
69301  -34.863  -25.247  60.172 0.0000000000
69293  -34.624  -25.028  61.129 0.0000000000
69294  -35.421  -24.349  61.045 0.0000000000
69302  -35.343  -24.686  60.294 0.0000000000
70628  -35.822  -23.941  60.375 0.0000000000
64183  -28.778  -29.435  69.468 0.0000000000
62964  -27.920  -30.812  68.165 0.0000000000
61752  -28.077  -32.215  67.507 0.0000000000
64205  -28.515  -29.519  68.405 0.0000000000
64204  -28.139  -30.103  67.979 0.0000000000
62979  -28.066  -31.230  67.575 0.0000000000
61767  -28.194  -32.466  66.557 0.0000000000
60531  -27.382  -33.247  65.601 0.0000000000
59282  -26.937  -34.418  64.007 0.0000000000
61818  -26.720  -32.959  64.703 0.0000000000
60557  -26.814  -33.745  64.277 0.0000000000
87252  -53.316  -10.811  44.237 0.0000000000
87261  -52.502  -10.967  43.095 0.0000000000
86144  -52.022  -11.456  42.587 0.0000000000
89546  -53.110  -8.397  41.695 0.0000000000
91959  -53.813  -7.979  42.331 0.0000000000
91947  -54.942  -7.899  43.298 0.0000000000
90757  -54.551  -8.014  43.002 0.0000000000
91961  -54.893  -7.096  42.642 0.0000000000
91962  -55.707  -6.816  42.640 0.0000000000
94333  -56.555  -6.110  42.563 0.0000000000
81465  -48.205  -15.550  52.964 0.0000000000
81455  -49.581  -14.938  53.398 0.0000000000
81442  -48.478  -16.517  54.486 0.0000000000
78005  -47.932  -18.123  55.414 0.0000000000
79200  -44.536  -18.262  50.594 0.0000000000
78074  -44.948  -18.577  51.647 0.0000000000
79184  -44.811  -18.028  51.174 0.0000000000
80311  -45.757  -16.978  51.844 0.0000000000
81478  -46.440  -16.424  52.225 0.0000000000
53564  -22.716  -38.803  64.571 0.0000000000
52357  -22.651  -38.819  64.988 0.0000000000
53573  -21.739  -37.842  63.936 0.0000000000
55873  -20.546  -37.365  61.289 0.0000000000
54761  -20.088  -37.530  62.577 0.0000000000
54760  -19.136  -37.910  62.194 0.0000000000
53602  -18.334  -38.582  61.706 0.0000000000
53620  -17.286  -39.027  60.819 0.0000000000
52429  -17.163  -38.956  60.525 0.0000000000
65521  -9.493  -29.772  62.589 0.0000000000
63082  -9.639  -31.646  61.335 0.0000000000
61841  -9.358  -31.947  61.426 0.0000000000
61852  -8.594  -32.799  60.517 0.0000000000
58121  -3.734  -35.968  63.764 0.0000000000
54767  -3.794  -37.013  62.744 0.0000000000
55888  -4.624  -36.650  60.499 0.0000000000
53615  -5.316  -38.140  60.906 0.0000000000
53634  -5.603  -37.923  60.502 0.0000000000
53635  -6.309  -37.885  60.192 0.0000000000
53633  -5.161  -37.713  60.542 0.0000000000
53655  -5.452  -37.518  60.050 0.0000000000
54800  -5.281  -37.106  59.575 0.0000000000
54827  -6.311  -37.619  56.541 0.0000000000
54866  -6.136  -38.232  54.993 0.0000000000
44848  -10.903  -46.297  73.749 0.0000000000
43605  -11.038  -47.204  72.055 0.0000000000
43597  -10.156  -46.615  72.931 0.0000000000
42266  -9.077  -46.062  70.077 0.0000000000
42286  -10.894  -46.573  68.810 0.0000000000
42285  -10.057  -46.518  68.790 0.0000000000
42274  -10.009  -46.377  69.552 0.0000000000
42273  -9.340  -46.327  69.588 0.0000000000
42271  -8.410  -46.238  69.511 0.0000000000
42282  -8.096  -46.310  69.101 0.0000000000
42296  -7.587  -46.325  68.490 0.0000000000
42309  -6.937  -46.426  67.424 0.0000000000
42324  -7.544  -46.583  66.791 0.0000000000
42323  -7.042  -46.469  67.053 0.0000000000
43684  -6.535  -46.041  65.204 0.0000000000
44936  -6.243  -45.954  64.739 0.0000000000
74490  -43.165  -21.022  55.158 0.0000000000
74469  -43.511  -20.852  55.725 0.0000000000
74453  -42.413  -20.534  56.816 0.0000000000
68126  -33.869  -26.300  58.430 0.0000000000
68136  -33.772  -26.301  57.743 0.0000000000
68162  -34.049  -25.952  56.688 0.0000000000
74535  -38.720  -21.604  52.982 0.0000000000
74525  -39.663  -21.466  53.496 0.0000000000
74526  -40.674  -21.619  53.293 0.0000000000
73310  -41.403  -21.584  53.476 0.0000000000
74510  -42.390  -21.435  54.263 0.0000000000
58063  -23.915  -35.904  68.017 0.0000000000
56892  -23.702  -36.818  68.325 0.0000000000
55806  -24.228  -37.637  68.558 0.0000000000
52271  -24.648  -39.018  68.079 0.0000000000
51109  -24.087  -39.386  67.049 0.0000000000
51137  -23.845  -39.469  65.794 0.0000000000
62926  -27.464  -30.211  70.788 0.0000000000
62933  -27.874  -30.534  70.107 0.0000000000
61696  -27.342  -30.922  70.252 0.0000000000
61695  -26.794  -31.113  70.486 0.0000000000
60429  -26.804  -31.871  70.239 0.0000000000
60443  -26.394  -32.348  69.868 0.0000000000
59224  -26.279  -33.613  68.692 0.0000000000
59250  -27.008  -32.873  66.534 0.0000000000
59240  -26.504  -33.501  67.651 0.0000000000
58086  -26.457  -34.490  67.032 0.0000000000
58076  -26.337  -34.417  67.626 0.0000000000
58075  -25.940  -34.732  67.658 0.0000000000
59238  -25.727  -34.297  68.124 0.0000000000
56912  -25.466  -36.333  67.347 0.0000000000
53542  -25.462  -38.166  65.880 0.0000000000
53533  -26.029  -38.522  66.639 0.0000000000
52282  -25.420  -38.990  67.093 0.0000000000
51124  -24.534  -39.224  65.671 0.0000000000
52339  -23.751  -39.422  65.071 0.0000000000
53588  -23.051  -38.358  62.943 0.0000000000
53605  -23.730  -38.426  62.097 0.0000000000
53604  -22.675  -38.151  61.786 0.0000000000
93257  -51.239  -6.012  37.098 0.0000000000
93258  -52.094  -5.521  37.222 0.0000000000
94415  -51.592  -5.235  36.482 0.0000000000
62970  -5.411  -33.059  67.961 0.0000000000
60507  -5.033  -34.373  66.498 0.0000000000
60493  -4.901  -34.619  67.763 0.0000000000
59262  -4.465  -35.688  65.941 0.0000000000
59271  -3.943  -36.261  64.498 0.0000000000
55858  -3.769  -37.142  64.201 0.0000000000
54749  -3.646  -37.382  63.816 0.0000000000
52368  -4.440  -38.600  63.395 0.0000000000
54717  -3.399  -37.488  67.325 0.0000000000
53549  -4.016  -38.224  65.568 0.0000000000
52388  -5.488  -39.652  62.601 0.0000000000
52408  -6.974  -39.626  61.960 0.0000000000
53582  -7.607  -39.504  62.019 0.0000000000
52390  -7.384  -39.894  62.795 0.0000000000
53599  -8.652  -39.977  61.718 0.0000000000
52410  -9.084  -40.625  61.032 0.0000000000
51181  -9.135  -41.128  60.664 0.0000000000
90731  -48.950  -8.815  45.014 0.0000000000
91937  -48.935  -7.839  44.994 0.0000000000
90730  -48.451  -8.502  45.434 0.0000000000
82612  -50.486  -14.594  53.723 0.0000000000
74470  -44.131  -20.713  55.599 0.0000000000
76815  -45.028  -19.479  56.073 0.0000000000
80411  -46.646  -15.292  46.647 0.0000000000
80412  -47.334  -15.329  46.976 0.0000000000
80413  -48.497  -15.421  46.691 0.0000000000
80430  -48.537  -15.987  45.755 0.0000000000
80431  -49.324  -16.174  45.769 0.0000000000
80416  -50.452  -15.853  46.545 0.0000000000
80402  -51.320  -15.551  46.978 0.0000000000
81586  -52.276  -14.532  47.442 0.0000000000
82675  -51.927  -14.001  48.417 0.0000000000
86065  -52.081  -13.214  48.059 0.0000000000
86079  -52.585  -12.648  47.742 0.0000000000
87218  -51.151  -12.047  46.943 0.0000000000
88314  -50.520  -10.559  45.941 0.0000000000
43616  -13.113  -47.215  70.872 0.0000000000
44859  -15.516  -46.093  71.737 0.0000000000
44864  -14.866  -46.459  71.036 0.0000000000
43618  -14.589  -46.333  70.286 0.0000000000
42278  -13.086  -46.199  69.456 0.0000000000
42303  -12.627  -45.948  68.146 0.0000000000
42331  -12.552  -45.881  67.010 0.0000000000
42344  -11.784  -45.891  66.359 0.0000000000
43726  -11.157  -45.557  63.903 0.0000000000
53552  -21.832  -38.403  65.380 0.0000000000
53551  -21.369  -38.371  65.524 0.0000000000
52336  -20.812  -38.534  66.253 0.0000000000
52295  -21.234  -38.852  67.745 0.0000000000
51105  -19.599  -39.588  68.125 0.0000000000
52355  -17.772  -39.699  64.661 0.0000000000
51149  -17.340  -40.500  64.811 0.0000000000
51150  -17.733  -39.855  65.196 0.0000000000
51120  -18.670  -40.003  67.213 0.0000000000
51090  -19.582  -40.135  68.785 0.0000000000
49833  -19.153  -40.661  68.476 0.0000000000
49826  -19.220  -41.189  68.874 0.0000000000
48574  -18.034  -41.970  67.964 0.0000000000
49825  -18.864  -41.966  68.882 0.0000000000
48539  -18.616  -42.358  69.570 0.0000000000
46065  -16.846  -43.593  68.918 0.0000000000
46064  -16.278  -44.048  68.454 0.0000000000
47334  -16.356  -43.519  67.188 0.0000000000
46081  -16.210  -43.819  67.661 0.0000000000
44886  -15.782  -44.424  67.997 0.0000000000
44900  -15.296  -44.627  67.692 0.0000000000
44928  -14.724  -44.506  66.642 0.0000000000
47376  -15.885  -42.889  64.296 0.0000000000
46126  -15.503  -43.328  64.039 0.0000000000
46115  -15.203  -43.773  64.438 0.0000000000
46124  -14.751  -44.016  62.966 0.0000000000
44937  -14.457  -44.555  65.662 0.0000000000
43709  -14.054  -44.873  66.315 0.0000000000
43729  -13.353  -45.269  64.860 0.0000000000
43728  -12.614  -45.448  64.594 0.0000000000
43751  -12.526  -45.344  63.707 0.0000000000
66788  -7.606  -28.880  64.997 0.0000000000
65484  -7.984  -29.343  64.867 0.0000000000
64223  -7.329  -30.965  66.998 0.0000000000
64224  -7.625  -30.731  66.399 0.0000000000
64238  -7.736  -30.900  65.850 0.0000000000
64225  -7.906  -30.400  65.935 0.0000000000
65449  -8.086  -29.988  65.663 0.0000000000
65466  -8.182  -29.904  65.169 0.0000000000
63036  -8.861  -31.136  63.142 0.0000000000
63053  -8.457  -32.424  62.666 0.0000000000
61809  -4.548  -34.536  62.446 0.0000000000
61826  -4.901  -34.204  61.955 0.0000000000
63064  -5.155  -33.840  61.543 0.0000000000
63065  -5.522  -33.447  61.293 0.0000000000
58163  -4.827  -35.149  59.734 0.0000000000
59324  -4.727  -34.657  59.905 0.0000000000
60591  -4.645  -34.331  60.128 0.0000000000
60600  -4.610  -34.194  59.238 0.0000000000
61847  -4.607  -34.067  60.372 0.0000000000
61848  -4.739  -33.830  60.679 0.0000000000
63077  -5.051  -33.631  60.958 0.0000000000
63079  -5.890  -32.736  60.435 0.0000000000
61879  -5.532  -33.048  59.038 0.0000000000
63091  -5.972  -32.585  59.704 0.0000000000
63080  -6.446  -32.599  60.208 0.0000000000
63081  -6.960  -32.528  59.821 0.0000000000
63093  -6.925  -32.321  58.971 0.0000000000
61880  -7.300  -32.282  58.861 0.0000000000
63104  -7.178  -32.143  58.215 0.0000000000
63122  -6.579  -31.826  57.404 0.0000000000
63141  -6.466  -31.489  56.625 0.0000000000
64360  -5.631  -31.696  56.585 0.0000000000
64361  -5.926  -31.463  56.542 0.0000000000
52239  -5.413  -39.001  72.078 0.0000000000
47278  -11.243  -43.821  74.373 0.0000000000
47277  -10.530  -43.593  74.091 0.0000000000
47276  -9.938  -43.604  73.485 0.0000000000
46024  -9.486  -44.427  73.607 0.0000000000
47282  -9.607  -44.036  73.210 0.0000000000
48506  -9.292  -42.593  73.260 0.0000000000
49792  -8.842  -42.164  73.486 0.0000000000
49791  -8.287  -41.913  73.738 0.0000000000
43609  -8.466  -45.352  70.201 0.0000000000
44853  -8.293  -44.836  71.290 0.0000000000
46040  -7.633  -44.946  71.976 0.0000000000
47298  -7.304  -44.649  72.411 0.0000000000
48522  -7.140  -43.541  73.117 0.0000000000
49790  -7.553  -41.958  73.292 0.0000000000
51049  -6.992  -40.925  72.778 0.0000000000
51048  -6.593  -40.488  72.530 0.0000000000
51057  -6.407  -40.730  72.018 0.0000000000
51047  -6.272  -40.038  72.180 0.0000000000
52240  -5.859  -39.547  71.952 0.0000000000
51072  -5.509  -39.183  70.030 0.0000000000
51087  -6.028  -39.350  68.872 0.0000000000
51100  -6.096  -39.257  67.883 0.0000000000
52311  -6.649  -39.815  66.719 0.0000000000
48543  -6.972  -42.811  68.450 0.0000000000
49839  -7.637  -42.276  66.548 0.0000000000
49831  -7.777  -41.824  67.378 0.0000000000
51103  -7.853  -40.909  67.208 0.0000000000
52313  -7.913  -40.759  66.118 0.0000000000
52333  -7.544  -40.320  65.473 0.0000000000
52353  -7.743  -40.569  64.611 0.0000000000
51165  -8.141  -41.861  63.334 0.0000000000
51166  -8.379  -41.345  62.865 0.0000000000
51180  -8.699  -41.487  61.108 0.0000000000
51188  -8.762  -41.608  60.323 0.0000000000
43701  -6.043  -45.955  63.416 0.0000000000
43764  -4.991  -46.672  60.807 0.0000000000
46105  -5.545  -45.101  63.493 0.0000000000
47375  -5.531  -44.658  62.761 0.0000000000
48624  -5.641  -44.162  62.524 0.0000000000
48640  -5.565  -43.384  61.970 0.0000000000
48656  -5.681  -43.332  61.555 0.0000000000
48667  -5.427  -44.292  60.529 0.0000000000
49883  -5.560  -43.035  61.759 0.0000000000
49900  -6.171  -43.129  61.263 0.0000000000
49939  -6.796  -43.191  59.672 0.0000000000
49941  -8.067  -41.938  60.026 0.0000000000
51200  -8.838  -41.779  59.405 0.0000000000
47485  -8.531  -44.352  55.700 0.0000000000
42272  -8.791  -46.195  69.707 0.0000000000
43596  -9.679  -46.375  72.914 0.0000000000
43601  -8.801  -45.240  70.977 0.0000000000
43621  -8.759  -46.072  69.931 0.0000000000
43651  -6.923  -46.385  67.775 0.0000000000
44855  -8.943  -45.558  72.096 0.0000000000
44863  -8.626  -45.159  70.736 0.0000000000
44916  -14.903  -44.676  67.399 0.0000000000
44918  -15.695  -44.096  66.976 0.0000000000
44945  -5.475  -45.360  62.310 0.0000000000
46020  -9.913  -44.069  73.440 0.0000000000
46022  -10.656  -44.156  74.108 0.0000000000
46033  -9.099  -45.393  73.571 0.0000000000
46047  -16.460  -44.479  70.965 0.0000000000
46050  -7.722  -45.019  69.240 0.0000000000
46079  -5.763  -44.880  66.048 0.0000000000
46091  -5.847  -45.138  65.942 0.0000000000
46099  -15.618  -43.898  66.181 0.0000000000
46113  -5.390  -45.185  62.055 0.0000000000
46116  -15.668  -43.400  64.825 0.0000000000
47275  -9.673  -43.114  73.200 0.0000000000
47294  -16.446  -44.646  73.243 0.0000000000
47319  -18.284  -43.041  68.768 0.0000000000
47332  -5.710  -44.713  66.347 0.0000000000
47383  -5.375  -44.887  61.963 0.0000000000
47393  -5.500  -44.348  61.495 0.0000000000
48540  -18.881  -41.846  70.104 0.0000000000
48554  -7.464  -42.428  67.109 0.0000000000
48556  -18.435  -42.320  68.433 0.0000000000
48675  -5.016  -44.560  59.841 0.0000000000
49801  -6.848  -41.155  72.599 0.0000000000
49898  -5.813  -43.826  60.679 0.0000000000
51108  -23.174  -39.276  67.320 0.0000000000
51110  -24.488  -39.276  66.355 0.0000000000
51118  -6.218  -39.626  66.965 0.0000000000
51133  -5.243  -39.627  66.343 0.0000000000
51138  -24.270  -39.410  65.288 0.0000000000
51151  -24.498  -39.310  64.698 0.0000000000
51152  -24.654  -39.224  64.509 0.0000000000
51216  -10.236  -40.891  57.110 0.0000000000
51254  -10.172  -41.222  55.977 0.0000000000
52292  -7.405  -40.339  67.058 0.0000000000
52293  -7.762  -40.651  66.721 0.0000000000
52298  -24.500  -39.202  67.397 0.0000000000
52300  -25.239  -38.664  66.396 0.0000000000
52312  -7.379  -40.192  66.323 0.0000000000
52316  -21.593  -38.523  66.871 0.0000000000
52318  -23.389  -39.228  65.993 0.0000000000
52319  -24.765  -38.913  66.036 0.0000000000
52320  -25.097  -38.510  65.601 0.0000000000
52337  -22.056  -38.508  65.735 0.0000000000
52343  -25.526  -38.058  64.431 0.0000000000
52359  -24.136  -39.285  64.092 0.0000000000
52361  -24.928  -39.055  64.285 0.0000000000
52363  -25.481  -38.284  63.985 0.0000000000
52374  -8.323  -40.990  63.160 0.0000000000
52381  -25.104  -38.861  63.481 0.0000000000
52386  -4.437  -38.442  62.808 0.0000000000
52395  -23.721  -38.608  62.957 0.0000000000
52396  -24.162  -38.654  62.725 0.0000000000
52415  -25.042  -38.630  62.200 0.0000000000
52422  -5.214  -38.240  61.112 0.0000000000
52426  -7.331  -39.108  60.833 0.0000000000
52455  -7.496  -37.974  59.475 0.0000000000
52459  -10.308  -40.161  57.623 0.0000000000
52474  -10.149  -40.857  57.535 0.0000000000
52490  -7.314  -38.375  56.112 0.0000000000
52493  -10.296  -40.139  56.113 0.0000000000
53503  -24.271  -38.512  68.837 0.0000000000
53509  -24.687  -38.707  68.615 0.0000000000
53522  -25.024  -38.827  68.055 0.0000000000
53523  -25.632  -38.695  67.812 0.0000000000
53534  -26.262  -37.921  66.518 0.0000000000
53543  -25.714  -37.658  66.105 0.0000000000
53565  -25.705  -37.798  64.087 0.0000000000
53600  -8.943  -40.316  61.338 0.0000000000
53603  -21.975  -38.007  61.932 0.0000000000
53606  -24.125  -38.416  61.919 0.0000000000
53616  -7.350  -39.199  61.056 0.0000000000
53624  -24.039  -38.173  61.463 0.0000000000
53636  -7.833  -38.845  60.216 0.0000000000
53640  -22.926  -37.821  60.489 0.0000000000
53686  -10.339  -39.908  57.118 0.0000000000
53708  -10.353  -39.948  56.662 0.0000000000
53726  -8.766  -38.702  55.867 0.0000000000
54692  -3.094  -37.388  68.759 0.0000000000
54698  -25.154  -38.032  68.360 0.0000000000
54735  -25.733  -37.069  64.929 0.0000000000
54736  -26.031  -36.822  64.637 0.0000000000
54742  -3.812  -37.783  64.592 0.0000000000
54813  -9.310  -38.769  56.971 0.0000000000
54828  -8.906  -38.560  56.473 0.0000000000
54829  -9.249  -38.787  56.341 0.0000000000
54830  -9.506  -39.139  56.074 0.0000000000
54847  -7.159  -39.371  54.989 0.0000000000
54848  -7.051  -39.743  54.927 0.0000000000
54850  -9.154  -38.844  55.877 0.0000000000
54851  -9.317  -39.125  55.726 0.0000000000
54867  -7.109  -39.534  54.925 0.0000000000
54868  -6.931  -39.801  54.852 0.0000000000
55807  -24.759  -37.542  68.231 0.0000000000
55839  -26.077  -36.351  65.892 0.0000000000
55869  -3.691  -36.894  62.945 0.0000000000
55883  -20.923  -37.224  60.722 0.0000000000
55907  -5.893  -36.028  57.482 0.0000000000
56898  -3.040  -36.627  68.449 0.0000000000
56902  -24.177  -36.441  67.857 0.0000000000
56913  -25.911  -35.976  66.914 0.0000000000
56934  -27.231  -35.768  64.909 0.0000000000
56955  -3.734  -36.508  63.272 0.0000000000
56996  -5.312  -36.151  59.218 0.0000000000
57011  -5.705  -35.785  57.712 0.0000000000
58080  -3.833  -35.892  68.096 0.0000000000
58186  -5.530  -35.584  57.354 0.0000000000
59197  -25.994  -32.614  69.448 0.0000000000
59198  -26.054  -32.551  69.673 0.0000000000
59206  -25.456  -33.418  68.689 0.0000000000
59209  -26.349  -32.543  69.055 0.0000000000
59237  -25.125  -34.465  67.935 0.0000000000
59239  -26.273  -34.030  68.218 0.0000000000
59280  -3.766  -36.029  64.176 0.0000000000
59397  -4.951  -34.225  55.796 0.0000000000
60444  -27.057  -32.059  69.750 0.0000000000
60456  -24.516  -32.267  68.981 0.0000000000
60458  -25.843  -32.683  69.274 0.0000000000
60473  -24.878  -33.301  68.614 0.0000000000
60475  -27.281  -32.193  68.079 0.0000000000
60516  -27.869  -32.976  66.656 0.0000000000
60539  -6.251  -33.263  64.097 0.0000000000
60553  -5.952  -33.369  63.602 0.0000000000
60568  -5.814  -33.353  63.440 0.0000000000
60569  -6.173  -33.333  63.202 0.0000000000
61694  -26.025  -31.202  70.545 0.0000000000
61768  -28.255  -32.584  67.057 0.0000000000
61791  -5.276  -33.725  64.523 0.0000000000
61794  -7.437  -32.389  64.466 0.0000000000
61827  -5.828  -33.461  63.288 0.0000000000
61828  -5.956  -33.382  63.119 0.0000000000
61830  -8.659  -32.487  62.141 0.0000000000
61864  -5.646  -32.828  59.545 0.0000000000
61865  -7.436  -32.471  59.388 0.0000000000
61868  -9.950  -32.244  59.801 0.0000000000
61878  -5.238  -33.379  58.952 0.0000000000
61909  -4.659  -33.250  57.105 0.0000000000
61932  -4.729  -33.153  55.842 0.0000000000
62925  -26.765  -30.496  70.718 0.0000000000
62995  -28.342  -31.926  67.089 0.0000000000
63008  -26.910  -31.319  65.534 0.0000000000
63031  -5.900  -33.440  62.488 0.0000000000
63048  -5.200  -33.965  62.088 0.0000000000
63089  -4.982  -33.534  60.439 0.0000000000
63121  -5.243  -32.969  57.619 0.0000000000
63140  -6.095  -31.360  56.538 0.0000000000
63153  -4.722  -32.786  56.798 0.0000000000
63156  -5.980  -31.515  56.116 0.0000000000
63168  -4.887  -32.494  56.620 0.0000000000
64196  -29.343  -29.026  69.319 0.0000000000
64230  -27.775  -30.860  66.491 0.0000000000
64311  -5.698  -32.564  57.755 0.0000000000
64327  -5.091  -32.560  57.080 0.0000000000
64344  -5.249  -32.157  57.233 0.0000000000
64347  -6.228  -31.538  57.068 0.0000000000
64359  -5.354  -31.885  56.899 0.0000000000
65430  -28.186  -29.781  67.703 0.0000000000
65503  -9.061  -30.103  63.087 0.0000000000
66787  -7.158  -28.401  65.407 0.0000000000
66870  -33.695  -26.126  60.083 0.0000000000
68056  -33.757  -26.380  62.863 0.0000000000
70571  -34.436  -25.529  66.552 0.0000000000
70713  -41.741  -23.334  50.382 0.0000000000
70733  -42.549  -23.523  50.360 0.0000000000
72050  -43.525  -22.210  52.727 0.0000000000
72063  -43.928  -22.464  52.317 0.0000000000
72081  -41.297  -23.053  50.633 0.0000000000
73345  -43.923  -22.360  52.570 0.0000000000
74492  -44.552  -20.616  55.141 0.0000000000
74511  -43.612  -21.108  54.754 0.0000000000
74515  -45.827  -20.014  54.446 0.0000000000
74528  -45.779  -20.053  53.988 0.0000000000
74562  -44.156  -21.469  51.010 0.0000000000
75642  -46.286  -19.572  55.221 0.0000000000
75654  -45.688  -19.960  55.045 0.0000000000
75669  -46.400  -19.927  54.401 0.0000000000
75670  -46.411  -19.792  54.690 0.0000000000
75685  -46.096  -19.916  54.229 0.0000000000
75717  -44.634  -19.845  51.605 0.0000000000
75733  -43.826  -20.153  50.371 0.0000000000
76829  -46.887  -18.766  55.613 0.0000000000
76838  -46.504  -19.500  55.119 0.0000000000
76867  -46.455  -19.641  54.446 0.0000000000
76882  -46.279  -19.492  53.882 0.0000000000
76923  -44.028  -19.405  50.316 0.0000000000
78013  -47.804  -17.855  54.858 0.0000000000
79113  -47.967  -17.086  54.796 0.0000000000
79142  -47.049  -17.691  53.772 0.0000000000
80253  -49.120  -16.389  55.118 0.0000000000
80263  -48.245  -16.802  54.683 0.0000000000
80264  -48.625  -16.589  54.951 0.0000000000
80274  -47.505  -17.076  53.857 0.0000000000
80288  -46.554  -16.946  53.011 0.0000000000
80339  -50.322  -15.579  49.697 0.0000000000
80340  -50.530  -15.630  49.435 0.0000000000
80360  -49.373  -15.376  49.185 0.0000000000
80383  -48.999  -15.174  48.829 0.0000000000
81443  -48.869  -16.240  54.721 0.0000000000
81452  -47.708  -16.705  53.685 0.0000000000
81500  -45.152  -16.872  50.963 0.0000000000
81536  -49.883  -15.712  50.064 0.0000000000
81566  -48.479  -15.021  48.697 0.0000000000
81567  -51.386  -15.360  48.057 0.0000000000
81582  -47.460  -15.039  47.968 0.0000000000
81584  -51.365  -15.465  47.405 0.0000000000
81585  -51.847  -15.164  47.178 0.0000000000
81599  -46.930  -15.215  47.449 0.0000000000
81600  -52.174  -15.035  46.238 0.0000000000
81613  -52.344  -14.820  45.628 0.0000000000
81614  -52.852  -14.641  45.914 0.0000000000
81624  -51.558  -14.748  45.109 0.0000000000
81626  -52.882  -14.509  45.405 0.0000000000
81635  -52.037  -14.347  44.954 0.0000000000
82646  -50.815  -14.692  51.033 0.0000000000
82647  -50.919  -14.632  50.620 0.0000000000
82699  -45.738  -15.334  49.089 0.0000000000
82700  -51.978  -14.425  48.164 0.0000000000
82701  -52.275  -14.040  47.860 0.0000000000
82711  -52.877  -13.976  46.989 0.0000000000
82724  -53.242  -14.055  45.603 0.0000000000
82731  -53.045  -13.970  45.049 0.0000000000
82739  -52.695  -13.855  44.830 0.0000000000
83759  -51.680  -14.196  49.042 0.0000000000
83760  -52.189  -13.564  47.975 0.0000000000
83783  -54.029  -12.709  46.971 0.0000000000
83795  -53.391  -13.306  46.519 0.0000000000
83796  -53.779  -12.524  46.786 0.0000000000
83804  -53.621  -12.700  46.247 0.0000000000
83811  -53.432  -13.226  45.486 0.0000000000
83818  -53.347  -13.274  44.980 0.0000000000
83825  -52.294  -13.249  44.527 0.0000000000
84859  -50.397  -13.684  50.259 0.0000000000
84877  -50.562  -13.535  49.474 0.0000000000
84879  -51.207  -13.966  49.333 0.0000000000
84899  -50.569  -13.177  48.923 0.0000000000
84901  -51.571  -13.589  48.582 0.0000000000
84902  -52.104  -13.464  48.149 0.0000000000
84903  -52.692  -13.144  47.746 0.0000000000
84921  -50.782  -13.062  48.518 0.0000000000
84922  -50.854  -13.262  48.633 0.0000000000
84923  -51.317  -13.161  48.300 0.0000000000
84924  -52.776  -12.748  47.761 0.0000000000
84936  -54.326  -12.139  46.884 0.0000000000
84937  -54.829  -11.962  46.934 0.0000000000
84942  -54.307  -12.028  46.650 0.0000000000
84943  -54.624  -12.150  46.912 0.0000000000
84955  -53.740  -12.464  46.232 0.0000000000
84962  -53.574  -12.427  45.740 0.0000000000
84969  -53.256  -12.683  44.757 0.0000000000
84976  -52.063  -12.522  43.922 0.0000000000
86045  -49.686  -12.544  49.924 0.0000000000
86062  -49.586  -12.072  49.115 0.0000000000
86063  -49.856  -12.580  49.291 0.0000000000
86064  -51.878  -13.106  48.073 0.0000000000
86076  -50.458  -12.728  48.521 0.0000000000
86078  -51.911  -12.960  47.929 0.0000000000
86080  -52.891  -12.175  47.655 0.0000000000
86081  -53.860  -12.036  47.229 0.0000000000
86082  -54.655  -11.805  47.059 0.0000000000
86094  -54.879  -11.709  46.983 0.0000000000
86098  -54.689  -12.053  46.461 0.0000000000
86106  -54.565  -11.467  46.412 0.0000000000
86111  -53.635  -11.898  45.517 0.0000000000
86112  -53.936  -11.846  46.039 0.0000000000
87178  -49.562  -11.677  50.219 0.0000000000
87179  -49.733  -11.397  50.915 0.0000000000
87188  -49.599  -12.142  49.804 0.0000000000
87200  -51.844  -12.310  47.557 0.0000000000
87203  -54.394  -11.453  47.258 0.0000000000
87204  -55.079  -11.409  47.258 0.0000000000
87216  -49.379  -11.567  47.692 0.0000000000
87219  -52.069  -11.490  47.019 0.0000000000
87220  -55.017  -11.399  46.920 0.0000000000
87225  -49.559  -11.513  46.887 0.0000000000
87226  -50.331  -11.538  46.457 0.0000000000
87229  -54.855  -11.209  46.817 0.0000000000
87238  -53.808  -11.693  45.549 0.0000000000
87239  -54.320  -11.087  45.654 0.0000000000
88282  -48.617  -10.000  47.688 0.0000000000
88284  -52.603  -11.585  47.317 0.0000000000
88288  -54.974  -11.106  46.994 0.0000000000
88299  -48.910  -10.895  47.122 0.0000000000
88300  -52.861  -10.740  47.055 0.0000000000
88301  -53.655  -10.292  47.198 0.0000000000
88302  -53.892  -9.831  47.245 0.0000000000
88304  -54.869  -10.782  46.821 0.0000000000
88309  -46.686  -8.885  44.975 0.0000000000
88310  -46.749  -8.938  45.144 0.0000000000
88311  -47.161  -9.155  45.178 0.0000000000
88315  -51.640  -10.323  46.221 0.0000000000
88321  -46.788  -9.106  44.979 0.0000000000
88322  -47.065  -9.030  45.043 0.0000000000
88323  -47.293  -9.151  45.339 0.0000000000
88325  -49.506  -10.079  45.542 0.0000000000
88327  -54.614  -10.034  45.521 0.0000000000
88331  -54.490  -10.218  45.272 0.0000000000
88332  -54.575  -10.276  45.684 0.0000000000
88335  -54.275  -10.017  44.697 0.0000000000
88350  -52.776  -8.852  42.013 0.0000000000
88352  -52.846  -9.728  43.143 0.0000000000
89485  -48.523  -9.438  47.584 0.0000000000
89487  -54.498  -10.280  47.193 0.0000000000
89488  -54.725  -10.471  47.127 0.0000000000
89496  -48.167  -9.090  46.091 0.0000000000
89502  -54.765  -9.828  46.368 0.0000000000
89507  -46.481  -8.897  45.115 0.0000000000
89508  -46.914  -9.022  45.263 0.0000000000
89509  -47.652  -9.216  45.568 0.0000000000
89510  -48.437  -9.538  46.091 0.0000000000
89512  -52.034  -9.538  46.128 0.0000000000
89514  -53.500  -9.236  46.771 0.0000000000
89519  -46.880  -8.881  45.014 0.0000000000
89520  -47.303  -8.911  45.337 0.0000000000
89521  -47.800  -9.063  45.705 0.0000000000
89522  -48.651  -9.312  45.558 0.0000000000
89523  -49.675  -9.216  44.942 0.0000000000
89524  -50.727  -8.961  45.143 0.0000000000
89525  -51.651  -8.974  45.755 0.0000000000
89527  -54.680  -9.546  45.106 0.0000000000
89531  -49.930  -8.690  44.729 0.0000000000
89541  -53.030  -8.664  42.012 0.0000000000
89542  -53.414  -8.636  42.442 0.0000000000
89543  -53.667  -9.126  43.125 0.0000000000
90703  -48.166  -8.829  46.059 0.0000000000
90706  -53.936  -8.971  46.781 0.0000000000
90707  -54.140  -8.786  46.736 0.0000000000
90712  -46.572  -8.898  44.886 0.0000000000
90713  -46.835  -8.870  45.018 0.0000000000
90715  -48.311  -8.357  45.955 0.0000000000
90717  -53.723  -8.609  46.690 0.0000000000
90721  -56.541  -5.912  44.400 0.0000000000
90722  -56.828  -6.072  44.133 0.0000000000
90727  -46.632  -8.795  45.019 0.0000000000
90728  -47.111  -8.820  45.214 0.0000000000
90729  -47.764  -8.825  45.744 0.0000000000
90734  -52.375  -8.423  46.007 0.0000000000
90735  -54.781  -9.143  45.051 0.0000000000
90737  -56.191  -6.176  44.789 0.0000000000
90740  -48.898  -8.393  44.984 0.0000000000
90741  -49.469  -8.398  44.768 0.0000000000
90742  -50.445  -8.202  44.799 0.0000000000
90746  -56.594  -6.027  44.120 0.0000000000
90750  -55.116  -8.148  43.750 0.0000000000
90756  -54.054  -8.547  42.942 0.0000000000
90760  -53.503  -8.102  41.964 0.0000000000
91900  -54.172  -8.301  46.635 0.0000000000
91913  -54.195  -7.754  46.439 0.0000000000
91929  -52.560  -7.436  45.589 0.0000000000
91939  -50.525  -7.044  44.743 0.0000000000
91940  -51.393  -6.855  44.810 0.0000000000
91960  -54.149  -7.604  42.466 0.0000000000
91984  -54.069  -6.581  41.091 0.0000000000
91993  -52.081  -6.905  38.726 0.0000000000
93110  -54.651  -6.504  45.814 0.0000000000
93130  -53.777  -6.123  45.585 0.0000000000
93219  -54.156  -6.322  40.624 0.0000000000
141205  -56.521  -6.947  43.999 0.0000000000
