#!ascii label  , from subject 4115 vox2ras=TkReg
989
57373  15.039  -32.847  76.881 0.0000000000
51260  6.185  -36.543  62.381 0.0000000000
48604  7.872  -38.502  75.887 0.0000000000
57410  6.117  -33.244  71.829 0.0000000000
62072  7.474  -28.416  64.876 0.0000000000
52425  11.342  -35.875  79.135 0.0000000000
57363  8.790  -33.446  77.338 0.0000000000
52454  18.654  -35.768  74.767 0.0000000000
49859  14.399  -37.201  75.092 0.0000000000
47379  10.482  -39.748  73.994 0.0000000000
62000  4.225  -27.386  71.916 0.0000000000
59729  7.350  -30.435  68.332 0.0000000000
65723  3.867  -25.413  68.173 0.0000000000
47386  7.475  -39.973  72.300 0.0000000000
51090  5.342  -36.423  71.693 0.0000000000
53806  5.468  -35.872  74.850 0.0000000000
59650  6.642  -30.579  74.455 0.0000000000
52542  4.622  -35.333  67.029 0.0000000000
58649  5.578  -32.734  62.673 0.0000000000
58676  8.960  -31.881  59.556 0.0000000000
63317  5.903  -27.284  60.413 0.0000000000
54988  13.444  -34.092  78.633 0.0000000000
57358  12.247  -32.608  78.386 0.0000000000
54992  17.082  -34.625  76.180 0.0000000000
51045  16.286  -36.079  74.744 0.0000000000
52441  15.618  -36.255  77.475 0.0000000000
51029  13.193  -37.601  77.561 0.0000000000
64457  3.244  -26.391  69.495 0.0000000000
48619  7.501  -38.823  74.649 0.0000000000
49868  5.849  -37.132  74.058 0.0000000000
51032  7.172  -36.946  75.686 0.0000000000
60843  8.954  -30.435  75.700 0.0000000000
58481  7.985  -31.675  75.436 0.0000000000
47368  8.945  -39.257  75.470 0.0000000000
44847  9.128  -40.875  73.298 0.0000000000
46171  8.197  -39.902  74.593 0.0000000000
44865  7.598  -41.064  72.227 0.0000000000
53830  4.562  -35.618  71.783 0.0000000000
51130  5.106  -36.002  69.330 0.0000000000
56236  4.794  -34.522  69.194 0.0000000000
60931  7.550  -29.474  66.996 0.0000000000
58598  6.005  -31.987  65.662 0.0000000000
58606  7.371  -31.662  64.289 0.0000000000
58664  7.118  -32.270  60.780 0.0000000000
59777  9.396  -30.607  62.636 0.0000000000
51021  8.798  -37.520  78.055 0.0000000000
52430  8.002  -35.978  77.443 0.0000000000
54976  9.802  -34.004  78.459 0.0000000000
59632  10.537  -31.550  76.842 0.0000000000
51058  19.554  -35.728  73.153 0.0000000000
51101  18.528  -35.519  70.758 0.0000000000
51060  17.759  -35.689  72.615 0.0000000000
49872  14.529  -36.786  73.035 0.0000000000
48616  12.757  -38.452  74.912 0.0000000000
48600  11.184  -38.658  76.486 0.0000000000
59682  5.963  -30.355  71.846 0.0000000000
58546  6.672  -31.784  70.497 0.0000000000
60908  5.476  -28.583  70.458 0.0000000000
62041  5.281  -27.697  68.241 0.0000000000
63249  5.372  -27.022  66.361 0.0000000000
58477  16.355  -33.642  74.904 0.0000000000
51096  22.918  -36.052  70.448 0.0000000000
52464  24.477  -35.465  72.704 0.0000000000
52451  20.222  -34.992  74.065 0.0000000000
56200  18.494  -34.015  74.893 0.0000000000
48639  7.547  -39.636  70.886 0.0000000000
51086  8.023  -37.890  71.138 0.0000000000
49884  6.449  -37.617  72.710 0.0000000000
51061  4.639  -36.559  73.271 0.0000000000
56212  5.500  -34.592  73.159 0.0000000000
54994  7.500  -34.727  75.921 0.0000000000
56195  6.980  -34.021  74.585 0.0000000000
58499  6.304  -31.511  73.255 0.0000000000
60855  5.247  -28.710  72.777 0.0000000000
51127  6.797  -37.043  69.508 0.0000000000
51172  6.192  -36.311  66.855 0.0000000000
51234  5.503  -35.641  65.183 0.0000000000
57446  5.117  -33.458  67.233 0.0000000000
56275  4.646  -33.923  65.268 0.0000000000
52664  4.697  -35.320  62.454 0.0000000000
56319  5.474  -33.608  60.170 0.0000000000
57523  6.532  -33.205  58.806 0.0000000000
66961  4.455  -24.120  66.123 0.0000000000
62109  5.560  -26.551  64.134 0.0000000000
140388  5.635  -24.305  63.187 0.0000000000
62127  6.329  -28.003  62.464 0.0000000000
62156  9.785  -28.906  59.861 0.0000000000
56180  14.892  -33.338  77.991 0.0000000000
57365  13.637  -32.658  77.739 0.0000000000
58463  14.535  -32.478  76.891 0.0000000000
56185  16.379  -34.004  76.219 0.0000000000
53797  17.125  -35.318  76.893 0.0000000000
54985  16.015  -34.617  77.757 0.0000000000
53790  14.893  -35.175  78.118 0.0000000000
51273  6.811  -36.034  61.471 0.0000000000
51275  5.870  -36.347  61.524 0.0000000000
48612  7.828  -38.880  75.636 0.0000000000
49854  7.220  -37.444  75.324 0.0000000000
49846  7.604  -37.707  76.307 0.0000000000
51139  20.647  -35.307  69.237 0.0000000000
47364  8.588  -38.880  75.764 0.0000000000
46164  8.421  -39.662  75.064 0.0000000000
46165  7.973  -39.524  75.192 0.0000000000
46178  7.779  -40.010  74.126 0.0000000000
56223  5.184  -34.383  71.694 0.0000000000
55028  4.656  -34.934  70.357 0.0000000000
56230  5.128  -34.331  70.399 0.0000000000
60946  7.665  -29.161  66.402 0.0000000000
59761  8.094  -30.480  65.871 0.0000000000
59760  8.347  -30.164  65.139 0.0000000000
58615  8.400  -31.445  63.292 0.0000000000
60978  8.709  -29.563  63.893 0.0000000000
51012  10.082  -36.566  78.993 0.0000000000
52427  9.511  -35.818  79.157 0.0000000000
53783  10.728  -34.787  79.147 0.0000000000
58467  11.494  -31.842  77.527 0.0000000000
60834  11.014  -30.229  76.399 0.0000000000
51050  19.475  -35.795  73.936 0.0000000000
51059  18.649  -35.792  72.887 0.0000000000
51051  18.556  -35.729  73.717 0.0000000000
49848  15.798  -36.468  74.903 0.0000000000
49857  15.956  -36.234  74.277 0.0000000000
49865  14.828  -36.612  74.040 0.0000000000
48615  13.879  -38.083  75.211 0.0000000000
51018  12.255  -37.288  78.155 0.0000000000
49831  12.116  -37.995  77.627 0.0000000000
49832  11.404  -38.005  77.922 0.0000000000
49833  10.361  -38.125  77.977 0.0000000000
60865  5.054  -28.606  72.346 0.0000000000
59700  5.713  -29.655  71.446 0.0000000000
60896  4.909  -28.240  71.438 0.0000000000
65715  3.303  -25.603  68.934 0.0000000000
63217  4.125  -26.917  68.941 0.0000000000
64465  4.284  -26.419  68.056 0.0000000000
62056  5.089  -27.447  67.621 0.0000000000
64475  4.566  -26.301  67.284 0.0000000000
52458  21.002  -35.403  73.428 0.0000000000
47390  7.375  -40.077  71.310 0.0000000000
48635  7.595  -39.110  71.867 0.0000000000
49874  6.998  -38.008  72.952 0.0000000000
49862  5.326  -36.646  74.386 0.0000000000
49877  5.264  -36.716  73.733 0.0000000000
52455  5.022  -36.356  74.094 0.0000000000
53817  4.666  -35.787  73.512 0.0000000000
55003  5.486  -35.525  74.491 0.0000000000
54983  8.536  -34.643  77.677 0.0000000000
53794  7.547  -35.699  76.479 0.0000000000
56183  8.457  -34.101  76.570 0.0000000000
58488  7.318  -31.486  74.580 0.0000000000
57388  7.647  -32.349  74.789 0.0000000000
58489  6.880  -31.459  73.981 0.0000000000
57397  6.791  -32.752  73.433 0.0000000000
58490  6.296  -31.065  73.638 0.0000000000
59654  6.052  -30.290  73.264 0.0000000000
59652  5.702  -29.484  73.173 0.0000000000
51102  17.576  -35.520  70.632 0.0000000000
51122  17.276  -35.242  69.922 0.0000000000
46173  10.725  -39.876  72.847 0.0000000000
46188  10.373  -40.661  71.630 0.0000000000
46180  10.266  -40.473  72.416 0.0000000000
43409  8.905  -41.621  72.460 0.0000000000
43408  9.169  -41.798  72.151 0.0000000000
46189  7.636  -40.420  72.777 0.0000000000
47387  7.318  -40.523  71.467 0.0000000000
51088  6.943  -36.996  71.425 0.0000000000
51126  7.754  -37.177  69.712 0.0000000000
51108  6.395  -36.856  70.472 0.0000000000
51176  4.640  -35.788  68.208 0.0000000000
51174  5.052  -36.346  67.651 0.0000000000
51199  5.154  -35.977  67.077 0.0000000000
51220  5.658  -35.788  65.760 0.0000000000
51222  4.905  -35.586  66.433 0.0000000000
58557  6.977  -31.544  69.134 0.0000000000
57425  5.639  -33.072  68.700 0.0000000000
57433  6.036  -32.416  67.875 0.0000000000
58619  5.847  -32.477  64.032 0.0000000000
58610  5.536  -32.885  65.541 0.0000000000
57473  5.277  -33.367  64.021 0.0000000000
55077  4.486  -34.382  64.060 0.0000000000
56294  4.855  -33.629  62.289 0.0000000000
55116  4.727  -34.334  61.611 0.0000000000
57502  5.328  -33.420  61.744 0.0000000000
58663  7.875  -31.960  60.605 0.0000000000
57513  6.967  -32.705  59.705 0.0000000000
57521  7.856  -32.395  58.596 0.0000000000
68070  4.696  -23.546  65.917 0.0000000000
64529  4.968  -25.352  65.334 0.0000000000
140376  5.106  -24.697  64.905 0.0000000000
64568  5.222  -24.780  60.918 0.0000000000
63318  5.433  -26.526  61.382 0.0000000000
63300  5.584  -26.481  62.537 0.0000000000
62146  6.345  -27.841  61.319 0.0000000000
62125  8.396  -28.652  61.640 0.0000000000
62158  8.127  -28.364  60.011 0.0000000000
53781  12.483  -34.980  79.110 0.0000000000
54980  12.057  -34.058  79.034 0.0000000000
56171  12.830  -33.419  78.579 0.0000000000
53795  17.633  -35.145  75.704 0.0000000000
51035  17.528  -35.565  74.886 0.0000000000
52447  17.031  -35.509  75.534 0.0000000000
51026  16.282  -36.344  76.087 0.0000000000
51037  15.435  -37.264  76.168 0.0000000000
49838  14.460  -38.018  76.634 0.0000000000
51028  14.679  -37.216  77.385 0.0000000000
52433  13.652  -36.080  78.429 0.0000000000
64434  3.468  -26.287  71.885 0.0000000000
63177  3.763  -26.808  71.120 0.0000000000
65701  2.709  -25.580  70.731 0.0000000000
65708  2.811  -25.643  69.780 0.0000000000
66940  3.524  -24.822  68.477 0.0000000000
48625  7.479  -38.925  73.891 0.0000000000
48626  7.185  -38.152  73.574 0.0000000000
48620  7.290  -38.132  74.195 0.0000000000
49855  6.530  -36.799  74.907 0.0000000000
52444  6.189  -36.103  75.175 0.0000000000
58475  8.951  -32.022  76.394 0.0000000000
57375  8.356  -32.896  75.918 0.0000000000
58480  8.455  -31.552  75.787 0.0000000000
59644  7.313  -30.374  75.161 0.0000000000
60846  6.729  -29.212  74.991 0.0000000000
61959  5.778  -28.533  74.338 0.0000000000
47374  9.432  -39.719  74.894 0.0000000000
46175  9.568  -40.556  73.493 0.0000000000
46169  9.095  -40.252  74.550 0.0000000000
44848  8.886  -40.805  73.456 0.0000000000
43410  8.515  -41.224  72.753 0.0000000000
43422  8.006  -41.505  72.061 0.0000000000
44850  8.020  -40.342  73.710 0.0000000000
46182  7.796  -40.170  73.627 0.0000000000
51091  5.221  -35.995  71.154 0.0000000000
51110  5.375  -36.046  70.345 0.0000000000
52486  4.929  -35.536  69.965 0.0000000000
52491  4.710  -35.525  69.213 0.0000000000
53844  4.464  -35.084  68.270 0.0000000000
59739  7.475  -30.454  67.687 0.0000000000
58572  6.958  -31.662  67.226 0.0000000000
59751  7.454  -31.042  66.916 0.0000000000
58597  6.649  -31.739  65.413 0.0000000000
58618  6.114  -32.131  63.761 0.0000000000
58647  6.188  -32.086  62.019 0.0000000000
58630  6.739  -31.903  62.647 0.0000000000
58628  8.344  -31.549  62.225 0.0000000000
58643  9.157  -31.208  61.203 0.0000000000
63332  5.460  -26.265  60.017 0.0000000000
62170  7.034  -27.592  59.183 0.0000000000
63344  6.873  -27.124  58.661 0.0000000000
49835  8.514  -37.702  76.926 0.0000000000
49836  7.833  -37.436  76.882 0.0000000000
51014  8.377  -36.771  78.330 0.0000000000
53786  8.709  -35.042  78.238 0.0000000000
56175  9.194  -33.352  78.053 0.0000000000
56173  10.989  -33.441  77.924 0.0000000000
58462  10.556  -32.523  77.534 0.0000000000
57367  9.461  -32.685  77.388 0.0000000000
59637  9.841  -31.261  76.337 0.0000000000
51080  20.226  -35.636  71.475 0.0000000000
51099  20.125  -35.701  70.685 0.0000000000
51081  19.408  -35.742  71.459 0.0000000000
51044  17.156  -35.649  74.332 0.0000000000
49863  16.786  -35.843  73.009 0.0000000000
49879  16.315  -36.265  71.739 0.0000000000
47381  11.731  -38.724  73.193 0.0000000000
47372  10.818  -38.926  74.334 0.0000000000
49852  13.116  -38.438  76.398 0.0000000000
48608  12.077  -38.692  75.917 0.0000000000
48609  10.451  -38.540  75.382 0.0000000000
48610  9.516  -38.711  75.720 0.0000000000
48602  9.129  -38.471  76.196 0.0000000000
58527  6.223  -31.710  72.221 0.0000000000
57414  6.177  -33.063  70.862 0.0000000000
58538  6.457  -31.753  71.492 0.0000000000
59698  6.638  -30.160  70.301 0.0000000000
60906  6.475  -29.195  69.518 0.0000000000
62024  4.358  -27.324  70.092 0.0000000000
62022  5.525  -28.182  69.520 0.0000000000
62030  6.176  -28.520  68.531 0.0000000000
62029  6.531  -28.673  67.808 0.0000000000
62054  6.608  -28.220  66.345 0.0000000000
62073  6.511  -27.942  65.366 0.0000000000
57372  15.686  -33.237  76.144 0.0000000000
51097  21.933  -35.669  70.530 0.0000000000
52471  26.546  -35.658  72.093 0.0000000000
53821  25.370  -34.944  72.841 0.0000000000
52479  25.150  -36.383  71.832 0.0000000000
51063  24.087  -36.092  72.017 0.0000000000
51078  22.185  -35.814  71.393 0.0000000000
51079  21.166  -35.573  71.459 0.0000000000
51049  20.410  -35.542  73.282 0.0000000000
53810  19.477  -35.251  74.579 0.0000000000
56199  19.554  -34.105  74.697 0.0000000000
54998  18.668  -34.681  75.059 0.0000000000
56192  17.612  -34.244  75.136 0.0000000000
56193  16.638  -34.195  75.450 0.0000000000
49891  7.335  -37.719  71.877 0.0000000000
49893  5.897  -37.089  72.321 0.0000000000
49875  6.506  -37.725  73.262 0.0000000000
49885  5.769  -37.330  72.988 0.0000000000
51072  4.823  -36.501  72.670 0.0000000000
52469  4.601  -36.241  72.541 0.0000000000
55018  4.811  -35.020  72.370 0.0000000000
56218  5.759  -33.875  72.556 0.0000000000
51024  7.477  -37.128  76.703 0.0000000000
53799  7.154  -35.721  75.832 0.0000000000
54996  6.271  -35.254  75.197 0.0000000000
57376  7.934  -33.532  75.651 0.0000000000
56189  6.899  -34.335  75.159 0.0000000000
55002  5.908  -35.132  74.800 0.0000000000
56203  6.235  -34.469  74.004 0.0000000000
56211  6.081  -33.872  73.223 0.0000000000
57406  6.306  -32.878  72.595 0.0000000000
59669  6.010  -30.438  72.439 0.0000000000
59658  5.570  -29.388  72.580 0.0000000000
60859  4.060  -28.075  72.647 0.0000000000
61960  5.386  -28.223  73.733 0.0000000000
61965  4.330  -27.820  72.537 0.0000000000
63147  3.778  -27.158  72.176 0.0000000000
44884  10.197  -41.543  69.618 0.0000000000
44852  9.471  -41.354  72.287 0.0000000000
51128  5.835  -36.934  69.409 0.0000000000
51148  6.379  -36.781  68.151 0.0000000000
51247  5.688  -36.193  63.696 0.0000000000
57426  5.354  -33.770  69.288 0.0000000000
57436  5.022  -34.186  68.777 0.0000000000
55047  4.501  -34.432  67.164 0.0000000000
58587  5.567  -32.676  66.564 0.0000000000
57461  4.913  -33.609  66.454 0.0000000000
55063  4.558  -34.327  65.872 0.0000000000
53881  4.636  -34.867  64.735 0.0000000000
52622  4.958  -35.624  63.753 0.0000000000
51262  5.320  -36.084  62.891 0.0000000000
52678  5.145  -35.646  61.076 0.0000000000
57500  6.203  -32.830  60.944 0.0000000000
56318  5.788  -33.425  59.781 0.0000000000
68051  3.923  -23.652  68.119 0.0000000000
69190  4.213  -22.742  67.638 0.0000000000
66954  4.308  -24.718  67.017 0.0000000000
64508  4.612  -25.573  66.243 0.0000000000
62111  5.250  -26.210  65.473 0.0000000000
62090  6.267  -27.954  64.451 0.0000000000
140381  5.501  -25.199  63.620 0.0000000000
62108  6.169  -28.004  63.466 0.0000000000
62089  7.215  -28.362  63.895 0.0000000000
62106  8.277  -28.692  62.542 0.0000000000
61023  10.064  -29.723  60.916 0.0000000000
59813  10.222  -30.658  60.145 0.0000000000
61049  10.301  -29.299  58.686 0.0000000000
56187  15.075  -33.053  77.371 0.0000000000
57364  14.530  -32.733  77.331 0.0000000000
56186  15.714  -33.447  77.147 0.0000000000
54993  16.474  -34.368  77.156 0.0000000000
56179  15.787  -33.975  77.758 0.0000000000
54986  15.319  -34.428  78.051 0.0000000000
51259  6.706  -36.302  62.268 0.0000000000
51274  6.352  -36.302  61.460 0.0000000000
48605  7.669  -38.399  75.858 0.0000000000
51118  20.806  -35.507  69.879 0.0000000000
47365  8.142  -38.899  75.738 0.0000000000
47369  8.266  -39.280  75.496 0.0000000000
47370  7.897  -39.115  75.576 0.0000000000
47371  7.750  -39.294  75.469 0.0000000000
57411  5.562  -33.890  71.677 0.0000000000
56227  5.208  -34.300  70.910 0.0000000000
57415  5.596  -33.838  71.205 0.0000000000
60963  8.114  -29.201  65.591 0.0000000000
60962  8.358  -29.389  64.741 0.0000000000
62071  8.124  -28.728  64.224 0.0000000000
51011  10.703  -36.321  79.054 0.0000000000
52426  10.381  -35.724  79.254 0.0000000000
51042  19.075  -35.934  74.449 0.0000000000
51043  18.484  -35.715  74.530 0.0000000000
49849  15.267  -36.944  75.352 0.0000000000
49858  15.070  -36.661  74.732 0.0000000000
49866  14.384  -36.885  74.542 0.0000000000
48627  14.079  -36.983  73.832 0.0000000000
48622  13.690  -37.551  74.378 0.0000000000
52435  11.762  -36.549  78.607 0.0000000000
51019  10.962  -36.979  78.471 0.0000000000
60866  4.298  -28.033  72.503 0.0000000000
60880  4.622  -28.121  71.847 0.0000000000
64466  3.804  -26.318  68.636 0.0000000000
64476  4.228  -25.880  67.736 0.0000000000
48630  7.549  -38.750  73.001 0.0000000000
51041  5.348  -36.255  74.750 0.0000000000
51047  5.134  -36.341  74.448 0.0000000000
52450  5.219  -36.255  74.643 0.0000000000
53811  5.141  -35.954  74.338 0.0000000000
56177  8.569  -34.118  77.232 0.0000000000
56178  8.198  -34.482  76.744 0.0000000000
57369  8.642  -33.453  76.688 0.0000000000
59651  6.029  -30.114  73.836 0.0000000000
46174  10.282  -40.176  73.347 0.0000000000
43421  8.558  -41.936  71.871 0.0000000000
43420  8.942  -42.142  71.799 0.0000000000
47383  7.600  -39.714  73.372 0.0000000000
51089  6.128  -36.786  71.476 0.0000000000
51109  5.714  -36.486  70.465 0.0000000000
51200  4.749  -35.741  67.451 0.0000000000
57424  6.115  -32.300  68.537 0.0000000000
58565  6.861  -31.651  68.168 0.0000000000
58633  5.504  -32.926  63.377 0.0000000000
58620  5.607  -32.925  64.479 0.0000000000
56287  4.748  -33.554  62.970 0.0000000000
57488  5.231  -33.223  62.628 0.0000000000
57487  5.586  -32.919  62.200 0.0000000000
58677  8.035  -31.994  59.582 0.0000000000
58687  8.532  -32.075  58.704 0.0000000000
69207  5.291  -22.461  65.708 0.0000000000
68069  5.142  -23.102  65.544 0.0000000000
68085  4.920  -23.689  65.397 0.0000000000
68084  5.362  -23.794  64.767 0.0000000000
62145  7.609  -28.361  60.961 0.0000000000
62159  6.983  -27.830  60.067 0.0000000000
53780  13.149  -34.765  78.818 0.0000000000
54979  12.828  -34.232  79.018 0.0000000000
56182  13.300  -33.617  78.528 0.0000000000
58464  13.893  -32.107  77.024 0.0000000000
54991  17.387  -34.888  75.937 0.0000000000
53804  17.690  -35.228  75.422 0.0000000000
53796  17.313  -35.116  75.951 0.0000000000
53798  16.339  -35.661  77.272 0.0000000000
52440  16.507  -35.993  76.345 0.0000000000
51027  16.032  -36.787  76.562 0.0000000000
52442  15.074  -36.628  77.770 0.0000000000
53791  13.895  -35.132  78.427 0.0000000000
53792  13.122  -35.404  78.703 0.0000000000
64442  3.170  -26.272  71.299 0.0000000000
66926  2.591  -24.757  70.182 0.0000000000
68036  2.752  -23.919  69.661 0.0000000000
66933  2.996  -24.815  69.250 0.0000000000
68045  3.389  -24.001  68.657 0.0000000000
51039  6.739  -36.793  75.160 0.0000000000
51033  6.634  -36.480  75.231 0.0000000000
59641  9.298  -31.005  75.942 0.0000000000
59642  8.745  -31.060  75.794 0.0000000000
60845  7.207  -29.470  75.365 0.0000000000
61953  5.935  -28.369  74.860 0.0000000000
47375  9.059  -39.860  75.016 0.0000000000
44845  8.415  -40.231  74.315 0.0000000000
46170  8.579  -40.079  74.638 0.0000000000
43406  8.703  -40.920  73.219 0.0000000000
44849  8.343  -40.483  73.722 0.0000000000
44855  8.253  -40.850  72.965 0.0000000000
46177  8.150  -40.151  74.301 0.0000000000
47376  7.771  -39.394  74.939 0.0000000000
47380  7.651  -39.593  74.220 0.0000000000
52475  4.783  -35.918  71.552 0.0000000000
52481  5.038  -35.666  70.744 0.0000000000
53834  4.857  -35.422  70.793 0.0000000000
56231  4.881  -34.527  70.004 0.0000000000
53838  4.698  -35.275  69.810 0.0000000000
55031  4.582  -34.869  69.545 0.0000000000
53841  4.505  -35.219  69.039 0.0000000000
55034  4.545  -34.791  68.735 0.0000000000
59738  7.656  -30.093  67.258 0.0000000000
59750  7.814  -30.283  66.667 0.0000000000
58596  7.374  -31.450  65.208 0.0000000000
58607  6.646  -31.823  64.488 0.0000000000
58617  6.675  -31.909  63.559 0.0000000000
58616  7.464  -31.779  63.389 0.0000000000
58614  8.974  -31.215  62.775 0.0000000000
58627  9.013  -31.192  62.012 0.0000000000
58644  8.435  -31.579  61.328 0.0000000000
59789  9.521  -30.643  61.898 0.0000000000
64588  5.603  -25.050  59.529 0.0000000000
63345  6.105  -26.226  58.823 0.0000000000
51022  8.154  -37.276  77.608 0.0000000000
53785  9.274  -35.068  78.826 0.0000000000
52428  8.670  -35.872  78.777 0.0000000000
53778  9.248  -34.520  78.628 0.0000000000
54978  8.766  -34.371  78.171 0.0000000000
56167  9.621  -33.541  78.208 0.0000000000
56172  11.772  -33.391  78.413 0.0000000000
54981  11.076  -34.098  78.439 0.0000000000
57359  11.453  -32.754  78.117 0.0000000000
58461  11.198  -32.351  77.745 0.0000000000
57361  9.843  -32.955  77.758 0.0000000000
58469  10.015  -32.143  77.165 0.0000000000
58474  9.520  -31.860  76.658 0.0000000000
51067  20.333  -35.542  72.418 0.0000000000
51068  19.468  -35.729  72.282 0.0000000000
51069  18.623  -35.843  72.110 0.0000000000
49864  15.813  -36.332  73.460 0.0000000000
49871  15.933  -36.393  72.608 0.0000000000
49880  14.924  -36.619  71.972 0.0000000000
49881  13.755  -36.859  72.216 0.0000000000
48623  12.095  -38.269  73.890 0.0000000000
47377  11.596  -38.654  73.631 0.0000000000
48624  11.435  -38.604  74.117 0.0000000000
49839  13.682  -38.103  76.956 0.0000000000
49851  13.913  -38.328  76.227 0.0000000000
49841  11.682  -38.371  77.190 0.0000000000
48599  11.909  -38.603  76.692 0.0000000000
48618  10.579  -38.701  74.845 0.0000000000
47367  9.736  -39.075  75.189 0.0000000000
48601  10.160  -38.559  76.383 0.0000000000
49834  9.323  -38.044  77.381 0.0000000000
49843  9.945  -38.440  77.102 0.0000000000
48598  8.656  -38.107  76.406 0.0000000000
60895  5.333  -28.687  71.030 0.0000000000
59699  6.226  -30.173  71.120 0.0000000000
60894  5.868  -29.259  70.534 0.0000000000
60893  6.174  -29.282  70.152 0.0000000000
63190  3.753  -26.867  70.218 0.0000000000
62042  4.603  -27.275  68.607 0.0000000000
62032  4.819  -27.528  69.279 0.0000000000
62031  5.363  -27.836  68.900 0.0000000000
62021  5.863  -28.379  69.126 0.0000000000
62040  5.767  -28.099  67.679 0.0000000000
63230  5.191  -27.020  66.656 0.0000000000
62055  5.546  -27.626  66.813 0.0000000000
62074  5.788  -27.342  65.907 0.0000000000
57379  15.682  -33.181  75.630 0.0000000000
58478  15.455  -32.785  75.216 0.0000000000
51115  23.572  -36.044  69.486 0.0000000000
51136  23.093  -35.609  68.711 0.0000000000
51116  22.586  -35.710  69.609 0.0000000000
53822  24.618  -34.978  72.895 0.0000000000
55017  24.976  -34.323  73.186 0.0000000000
52463  25.031  -35.386  72.774 0.0000000000
52472  25.488  -35.887  72.502 0.0000000000
52480  24.645  -36.350  71.913 0.0000000000
52473  24.330  -36.025  72.294 0.0000000000
51065  22.410  -35.844  72.249 0.0000000000
51066  21.338  -35.601  72.348 0.0000000000
53808  20.641  -34.847  73.630 0.0000000000
52452  19.897  -35.378  74.116 0.0000000000
53809  19.970  -34.836  74.347 0.0000000000
56190  19.130  -34.455  74.923 0.0000000000
56191  18.611  -34.273  75.168 0.0000000000
57387  16.912  -33.953  74.823 0.0000000000
57378  16.454  -33.852  75.190 0.0000000000
57371  16.189  -33.828  75.721 0.0000000000
48643  7.344  -39.945  69.864 0.0000000000
49883  7.256  -38.077  72.426 0.0000000000
49882  7.585  -38.397  71.913 0.0000000000
49892  6.646  -37.331  72.147 0.0000000000
49867  6.571  -37.588  73.814 0.0000000000
49886  5.276  -36.798  73.270 0.0000000000
49894  5.403  -36.810  72.662 0.0000000000
51062  4.281  -36.605  72.645 0.0000000000
52468  3.996  -36.568  72.972 0.0000000000
55008  5.352  -35.331  73.805 0.0000000000
53824  4.664  -35.393  72.925 0.0000000000
55013  5.056  -35.166  73.040 0.0000000000
56219  5.268  -34.526  72.478 0.0000000000
51023  7.742  -37.067  77.264 0.0000000000
49837  7.571  -37.377  76.870 0.0000000000
52437  7.732  -36.389  76.981 0.0000000000
54990  7.393  -35.208  76.035 0.0000000000
53800  6.512  -35.683  75.379 0.0000000000
54995  6.936  -34.987  75.468 0.0000000000
57380  7.851  -32.609  75.306 0.0000000000
57382  7.330  -33.363  74.548 0.0000000000
56194  7.126  -33.825  74.998 0.0000000000
55001  6.491  -34.697  75.024 0.0000000000
56196  6.475  -34.480  74.533 0.0000000000
56202  6.917  -33.869  73.895 0.0000000000
57398  6.436  -32.697  73.075 0.0000000000
56210  6.568  -33.603  73.459 0.0000000000
58512  6.121  -31.601  72.780 0.0000000000
59655  5.632  -29.393  72.852 0.0000000000
60858  4.823  -28.431  72.615 0.0000000000
51100  19.351  -35.657  70.756 0.0000000000
51120  19.225  -35.501  70.086 0.0000000000
46199  10.457  -40.808  70.863 0.0000000000
44846  9.331  -41.027  72.880 0.0000000000
47399  7.280  -40.252  70.473 0.0000000000
51147  7.444  -36.979  68.727 0.0000000000
51129  5.341  -36.380  69.394 0.0000000000
51173  5.596  -36.435  67.338 0.0000000000
51149  5.383  -36.700  68.402 0.0000000000
52520  6.943  -36.303  67.189 0.0000000000
51219  6.062  -35.928  65.320 0.0000000000
51233  5.789  -35.858  64.726 0.0000000000
51232  6.076  -36.128  64.341 0.0000000000
57418  5.878  -33.023  69.869 0.0000000000
57419  5.413  -33.886  70.302 0.0000000000
57434  5.372  -33.351  67.837 0.0000000000
57435  5.222  -33.730  68.276 0.0000000000
57447  4.883  -33.967  67.869 0.0000000000
56253  4.636  -34.176  67.539 0.0000000000
57456  4.819  -33.697  67.132 0.0000000000
58586  6.096  -32.151  66.476 0.0000000000
58599  5.653  -32.462  65.973 0.0000000000
57465  5.306  -33.324  65.056 0.0000000000
57460  5.259  -33.273  66.039 0.0000000000
57466  4.964  -33.612  65.618 0.0000000000
56269  4.631  -33.898  66.116 0.0000000000
53871  4.620  -34.819  65.666 0.0000000000
55070  4.573  -34.372  64.989 0.0000000000
55085  4.361  -34.356  63.176 0.0000000000
53896  4.492  -34.898  63.761 0.0000000000
52648  4.671  -35.362  63.375 0.0000000000
52647  4.944  -35.742  63.100 0.0000000000
52663  5.043  -35.709  62.104 0.0000000000
52679  4.820  -35.230  61.494 0.0000000000
56320  5.159  -33.835  60.789 0.0000000000
56337  5.131  -34.122  59.715 0.0000000000
58665  6.457  -32.368  61.293 0.0000000000
58666  6.051  -32.487  61.634 0.0000000000
57514  6.303  -33.148  59.917 0.0000000000
56335  5.888  -33.466  59.025 0.0000000000
56359  5.948  -33.667  57.931 0.0000000000
69189  4.423  -22.549  66.968 0.0000000000
68058  4.494  -23.507  66.863 0.0000000000
68059  4.327  -23.964  67.399 0.0000000000
66953  4.390  -24.278  66.734 0.0000000000
65738  4.399  -25.216  66.568 0.0000000000
66962  4.388  -24.802  66.262 0.0000000000
140372  5.212  -25.542  64.896 0.0000000000
63286  5.178  -25.890  65.222 0.0000000000
62110  5.477  -26.491  65.039 0.0000000000
62091  5.824  -27.194  65.039 0.0000000000
64548  5.435  -25.042  62.316 0.0000000000
140379  5.582  -24.543  63.748 0.0000000000
140377  5.462  -24.530  64.220 0.0000000000
62128  5.867  -27.196  62.987 0.0000000000
62107  7.209  -28.411  62.962 0.0000000000
62088  8.219  -28.729  63.432 0.0000000000
62144  8.708  -28.618  60.759 0.0000000000
62124  9.363  -28.994  61.363 0.0000000000
62143  9.649  -28.940  60.517 0.0000000000
61031  10.217  -29.620  59.927 0.0000000000
62169  7.747  -28.118  59.087 0.0000000000
54987  14.347  -34.249  78.249 0.0000000000
56181  13.604  -33.420  78.208 0.0000000000
53788  16.375  -35.063  77.439 0.0000000000
53789  15.729  -35.296  77.788 0.0000000000
52431  15.321  -35.765  78.009 0.0000000000
51296  6.117  -36.183  60.552 0.0000000000
51297  5.640  -35.928  60.526 0.0000000000
48613  7.633  -38.648  75.412 0.0000000000
49853  7.600  -38.129  75.856 0.0000000000
49847  7.406  -37.367  76.008 0.0000000000
47363  8.871  -38.875  75.796 0.0000000000
46163  8.797  -39.819  75.143 0.0000000000
46172  7.950  -39.597  74.961 0.0000000000
55023  4.810  -34.814  71.715 0.0000000000
55024  4.741  -34.917  71.246 0.0000000000
56224  4.962  -34.615  71.237 0.0000000000
56228  4.927  -34.608  70.684 0.0000000000
57420  5.130  -34.266  70.103 0.0000000000
58595  8.094  -31.121  64.900 0.0000000000
58605  8.063  -31.460  64.079 0.0000000000
59769  8.646  -30.606  64.307 0.0000000000
59778  9.055  -30.549  63.409 0.0000000000
51020  9.785  -37.386  78.333 0.0000000000
51013  9.141  -36.762  78.816 0.0000000000
53784  9.979  -35.003  79.051 0.0000000000
53777  9.839  -34.456  78.725 0.0000000000
58460  11.839  -31.953  78.135 0.0000000000
59631  11.250  -31.351  76.884 0.0000000000
59636  10.551  -30.954  76.358 0.0000000000
51052  17.628  -35.673  73.372 0.0000000000
51017  13.445  -36.919  78.215 0.0000000000
51030  12.546  -37.810  77.617 0.0000000000
49842  10.805  -38.496  77.241 0.0000000000
59670  5.537  -29.463  72.169 0.0000000000
59683  5.511  -29.375  71.691 0.0000000000
60879  5.144  -28.733  71.791 0.0000000000
62011  4.863  -27.766  70.544 0.0000000000
63203  3.848  -26.863  69.438 0.0000000000
63216  4.247  -26.749  68.472 0.0000000000
62057  4.814  -27.343  68.089 0.0000000000
63232  4.553  -26.945  67.880 0.0000000000
63231  4.917  -26.904  67.053 0.0000000000
64487  4.878  -26.232  66.494 0.0000000000
51095  23.985  -36.396  70.417 0.0000000000
53823  23.904  -35.058  73.037 0.0000000000
52466  22.079  -36.042  73.543 0.0000000000
53816  21.540  -35.157  73.459 0.0000000000
56201  18.009  -33.843  74.803 0.0000000000
49869  5.224  -36.751  73.951 0.0000000000
51053  4.982  -36.459  73.875 0.0000000000
52461  4.464  -36.332  73.396 0.0000000000
53787  8.243  -35.341  77.593 0.0000000000
53793  7.862  -35.521  77.076 0.0000000000
54984  8.148  -34.820  77.176 0.0000000000
54989  7.707  -34.914  76.582 0.0000000000
56184  7.997  -34.301  76.124 0.0000000000
58487  7.733  -31.850  74.967 0.0000000000
57389  7.456  -32.479  74.372 0.0000000000
57390  7.231  -32.880  73.906 0.0000000000
58498  6.787  -31.881  73.544 0.0000000000
51121  18.321  -35.288  70.056 0.0000000000
47382  11.294  -39.394  72.652 0.0000000000
46179  10.756  -40.023  72.041 0.0000000000
44851  10.077  -40.949  71.821 0.0000000000
44853  9.130  -41.376  72.666 0.0000000000
46190  7.367  -40.744  71.928 0.0000000000
51087  7.618  -37.493  71.272 0.0000000000
51106  8.045  -37.600  70.526 0.0000000000
51107  7.274  -37.072  70.527 0.0000000000
51151  4.824  -36.000  68.660 0.0000000000
51150  4.940  -36.313  68.557 0.0000000000
51175  4.744  -36.094  67.931 0.0000000000
51198  5.371  -36.012  66.738 0.0000000000
51197  5.786  -36.070  66.320 0.0000000000
51221  5.300  -35.713  66.139 0.0000000000
51235  5.131  -35.498  65.460 0.0000000000
57417  6.270  -32.177  69.448 0.0000000000
56235  5.725  -32.758  68.255 0.0000000000
57445  5.368  -33.155  67.222 0.0000000000
58609  5.733  -32.418  65.066 0.0000000000
57474  4.956  -33.656  64.648 0.0000000000
56282  4.631  -33.958  64.336 0.0000000000
56288  4.513  -33.918  63.463 0.0000000000
56295  4.489  -33.893  62.699 0.0000000000
55097  4.518  -34.340  62.385 0.0000000000
53942  4.657  -34.798  62.006 0.0000000000
56303  4.651  -33.967  62.102 0.0000000000
56302  4.915  -33.863  61.593 0.0000000000
57516  5.543  -33.418  60.966 0.0000000000
58678  7.475  -32.271  59.988 0.0000000000
57512  7.467  -32.413  59.293 0.0000000000
57522  7.221  -32.834  58.616 0.0000000000
66960  4.564  -23.970  65.803 0.0000000000
66969  4.559  -24.832  65.724 0.0000000000
66968  4.737  -24.221  65.444 0.0000000000
140375  4.913  -24.980  65.218 0.0000000000
140374  5.152  -25.141  64.896 0.0000000000
62147  5.787  -27.310  62.134 0.0000000000
62126  7.326  -28.371  61.990 0.0000000000
62157  9.095  -28.602  59.970 0.0000000000
52424  11.975  -35.443  79.138 0.0000000000
53782  11.588  -34.823  79.228 0.0000000000
56170  13.120  -33.090  78.145 0.0000000000
58459  12.609  -31.922  78.146 0.0000000000
53803  18.276  -35.082  75.210 0.0000000000
51034  17.835  -35.805  74.738 0.0000000000
52439  17.007  -35.521  76.166 0.0000000000
52448  16.588  -35.893  75.731 0.0000000000
51036  16.339  -36.226  75.478 0.0000000000
49850  14.769  -38.015  75.756 0.0000000000
51038  14.918  -37.718  76.535 0.0000000000
51016  14.180  -36.674  78.159 0.0000000000
52432  14.726  -36.171  78.121 0.0000000000
52434  12.487  -36.054  78.661 0.0000000000
63163  3.738  -26.843  71.953 0.0000000000
64450  3.048  -26.370  70.414 0.0000000000
49860  6.794  -37.443  74.424 0.0000000000
48614  7.377  -38.109  74.835 0.0000000000
49861  6.068  -36.773  74.563 0.0000000000
51040  5.992  -36.412  74.897 0.0000000000
52449  5.674  -35.987  75.200 0.0000000000
57368  8.954  -32.822  77.062 0.0000000000
57374  8.684  -32.718  76.443 0.0000000000
58476  8.494  -32.203  76.004 0.0000000000
60844  8.083  -30.057  75.644 0.0000000000
59643  7.918  -30.690  75.613 0.0000000000
58482  7.436  -31.217  75.043 0.0000000000
59649  7.059  -30.700  74.840 0.0000000000
59645  6.764  -29.903  74.727 0.0000000000
59646  6.309  -29.735  74.345 0.0000000000
60847  6.279  -29.084  74.555 0.0000000000
46167  10.105  -40.128  74.030 0.0000000000
46168  9.627  -40.181  74.311 0.0000000000
46176  9.221  -40.517  73.919 0.0000000000
44843  9.009  -40.570  73.889 0.0000000000
43405  8.861  -41.197  72.961 0.0000000000
43411  8.177  -41.092  72.685 0.0000000000
44856  7.977  -40.702  72.944 0.0000000000
51111  5.171  -35.750  70.101 0.0000000000
51131  4.906  -35.763  69.290 0.0000000000
51152  4.709  -35.730  68.757 0.0000000000
52503  4.584  -35.518  68.559 0.0000000000
52521  4.550  -35.455  67.857 0.0000000000
53853  4.510  -34.856  67.537 0.0000000000
58564  7.260  -31.132  67.888 0.0000000000
58585  6.742  -31.735  66.294 0.0000000000
58584  7.416  -31.270  66.102 0.0000000000
58608  6.057  -32.028  64.724 0.0000000000
58632  5.777  -32.429  63.094 0.0000000000
58648  5.790  -32.447  62.264 0.0000000000
58631  6.105  -32.123  62.852 0.0000000000
58646  6.870  -31.927  61.746 0.0000000000
58629  7.560  -31.786  62.458 0.0000000000
58645  7.667  -31.833  61.514 0.0000000000
58662  8.645  -31.711  60.450 0.0000000000
58661  9.477  -31.354  60.356 0.0000000000
63331  6.220  -27.195  59.457 0.0000000000
63359  6.512  -25.823  58.185 0.0000000000
51245  6.559  -36.425  63.180 0.0000000000
49845  8.015  -37.970  76.427 0.0000000000
51015  7.978  -36.773  77.849 0.0000000000
52429  8.186  -36.025  78.011 0.0000000000
56169  8.643  -34.105  77.856 0.0000000000
56176  8.783  -33.631  77.801 0.0000000000
54974  10.763  -34.050  78.089 0.0000000000
56166  10.350  -33.586  78.005 0.0000000000
57360  10.650  -32.969  77.842 0.0000000000
57355  10.151  -33.265  77.889 0.0000000000
57362  9.107  -33.110  77.666 0.0000000000
58470  9.388  -32.324  76.987 0.0000000000
59638  9.303  -31.465  76.219 0.0000000000
60842  9.477  -30.728  75.872 0.0000000000
51098  20.972  -35.576  70.608 0.0000000000
51082  18.606  -35.685  71.422 0.0000000000
51083  17.752  -35.597  71.305 0.0000000000
49887  16.146  -36.376  71.141 0.0000000000
49856  16.662  -35.824  73.683 0.0000000000
49870  16.899  -35.775  72.326 0.0000000000
47378  11.102  -39.134  73.783 0.0000000000
48606  14.006  -38.337  75.726 0.0000000000
48607  13.321  -38.563  75.723 0.0000000000
49840  12.559  -38.255  77.033 0.0000000000
48617  11.192  -38.515  74.619 0.0000000000
47373  10.309  -39.260  74.606 0.0000000000
47366  10.092  -38.894  75.018 0.0000000000
48611  9.107  -38.810  75.790 0.0000000000
48603  8.367  -38.416  76.072 0.0000000000
58545  7.062  -31.354  69.910 0.0000000000
59717  7.132  -30.497  69.666 0.0000000000
59730  7.294  -30.451  68.996 0.0000000000
62012  4.562  -27.528  71.030 0.0000000000
62023  5.075  -27.882  70.079 0.0000000000
62033  4.363  -27.225  69.469 0.0000000000
60907  5.727  -28.691  70.074 0.0000000000
60919  6.963  -29.514  68.750 0.0000000000
60918  7.001  -29.412  68.139 0.0000000000
60932  7.166  -29.266  67.489 0.0000000000
62039  6.396  -28.468  67.162 0.0000000000
60947  7.135  -28.807  66.930 0.0000000000
62053  7.343  -28.431  65.773 0.0000000000
58471  15.376  -32.823  75.846 0.0000000000
58479  14.714  -31.973  75.533 0.0000000000
53829  26.093  -35.307  72.514 0.0000000000
51077  23.253  -36.053  71.366 0.0000000000
51064  23.482  -35.834  72.256 0.0000000000
51048  20.943  -35.522  73.246 0.0000000000
51057  20.385  -35.890  72.818 0.0000000000
52459  19.810  -35.593  73.845 0.0000000000
52460  19.433  -35.894  74.210 0.0000000000
52453  19.138  -35.718  74.550 0.0000000000
55004  20.887  -34.276  73.616 0.0000000000
55005  20.127  -34.432  74.157 0.0000000000
53801  19.415  -34.921  74.722 0.0000000000
53802  19.254  -35.009  74.911 0.0000000000
52445  18.690  -35.466  74.978 0.0000000000
54999  17.842  -34.570  75.506 0.0000000000
55000  17.051  -34.439  75.610 0.0000000000
48638  7.706  -38.907  71.191 0.0000000000
49890  7.789  -38.242  71.490 0.0000000000
48631  7.111  -38.106  73.213 0.0000000000
49876  5.778  -37.265  73.545 0.0000000000
51073  4.613  -36.351  72.015 0.0000000000
52462  3.869  -36.131  72.977 0.0000000000
53825  4.278  -35.616  72.659 0.0000000000
55019  4.618  -35.170  72.062 0.0000000000
56222  5.515  -33.991  72.043 0.0000000000
51025  7.338  -36.878  76.154 0.0000000000
52438  7.396  -36.404  76.301 0.0000000000
52443  6.964  -36.313  75.617 0.0000000000
53805  5.880  -35.721  75.146 0.0000000000
57370  8.409  -33.744  76.126 0.0000000000
56188  7.401  -34.162  75.469 0.0000000000
57381  7.496  -33.216  75.029 0.0000000000
55007  5.702  -35.046  74.237 0.0000000000
56204  5.748  -34.688  73.722 0.0000000000
59657  6.049  -30.386  72.854 0.0000000000
60851  5.850  -29.101  74.050 0.0000000000
60852  5.534  -28.944  73.365 0.0000000000
61964  4.784  -28.177  73.057 0.0000000000
61972  4.564  -28.234  72.603 0.0000000000
61973  3.981  -27.834  72.700 0.0000000000
61986  3.802  -27.646  72.494 0.0000000000
58472  14.638  -32.298  76.200 0.0000000000
51119  20.025  -35.551  70.020 0.0000000000
51140  19.838  -35.350  69.339 0.0000000000
51167  19.479  -34.949  68.598 0.0000000000
46181  9.735  -40.783  72.714 0.0000000000
44864  9.728  -41.389  71.642 0.0000000000
44875  9.830  -41.407  71.040 0.0000000000
51125  8.214  -37.697  69.850 0.0000000000
52502  7.319  -36.650  67.914 0.0000000000
52519  7.843  -36.397  67.323 0.0000000000
51196  6.205  -36.068  65.864 0.0000000000
51246  6.034  -36.535  63.398 0.0000000000
57427  5.099  -34.237  69.639 0.0000000000
56243  4.738  -34.409  68.335 0.0000000000
55038  4.553  -34.640  67.929 0.0000000000
58573  6.070  -32.342  67.183 0.0000000000
58574  5.435  -32.903  66.745 0.0000000000
58588  4.656  -32.638  66.874 0.0000000000
58600  5.216  -32.802  66.446 0.0000000000
57455  4.925  -33.159  66.761 0.0000000000
56262  4.566  -33.946  66.844 0.0000000000
55056  4.513  -34.255  66.530 0.0000000000
53863  4.544  -34.766  66.586 0.0000000000
52570  4.680  -35.209  66.254 0.0000000000
52596  4.838  -35.256  65.512 0.0000000000
51249  5.309  -35.564  64.822 0.0000000000
52623  4.924  -35.393  64.443 0.0000000000
51248  5.370  -35.775  64.088 0.0000000000
51261  5.709  -36.395  62.597 0.0000000000
51276  5.424  -36.080  61.762 0.0000000000
57501  5.808  -32.949  61.518 0.0000000000
57515  5.867  -33.246  60.553 0.0000000000
57499  6.632  -32.702  60.551 0.0000000000
56336  5.474  -33.754  59.334 0.0000000000
68050  3.784  -24.073  68.199 0.0000000000
66947  4.028  -24.584  67.847 0.0000000000
65730  4.247  -25.246  67.349 0.0000000000
64489  4.524  -25.705  66.785 0.0000000000
63252  4.692  -25.863  66.391 0.0000000000
63251  4.909  -26.090  66.218 0.0000000000
64507  4.632  -25.280  65.817 0.0000000000
63270  4.917  -25.866  65.862 0.0000000000
62093  5.167  -26.271  65.850 0.0000000000
62092  5.476  -26.668  65.522 0.0000000000
140373  5.321  -25.225  64.486 0.0000000000
64528  5.546  -25.999  63.169 0.0000000000
63285  5.670  -26.585  63.210 0.0000000000
60997  9.219  -29.530  62.914 0.0000000000
61012  9.088  -29.003  62.131 0.0000000000
61011  9.644  -29.784  61.871 0.0000000000
59802  9.872  -30.669  61.154 0.0000000000
58675  9.740  -31.418  59.424 0.0000000000
62168  8.735  -28.445  59.232 0.0000000000
61040  10.103  -29.108  59.368 0.0000000000
59820  10.324  -30.206  59.112 0.0000000000
58686  9.234  -31.788  58.637 0.0000000000
43419  9.232  -42.007  71.533 0.0000000000
44844  8.724  -40.442  74.138 0.0000000000
46166  7.802  -39.339  75.215 0.0000000000
48597  8.951  -38.010  76.674 0.0000000000
48621  14.212  -36.933  74.232 0.0000000000
48634  7.622  -38.694  71.621 0.0000000000
49844  8.355  -38.018  76.405 0.0000000000
49898  8.032  -38.401  70.757 0.0000000000
51031  7.407  -37.263  76.281 0.0000000000
51046  5.496  -36.434  74.721 0.0000000000
51056  21.473  -35.682  73.152 0.0000000000
51076  24.403  -36.354  71.519 0.0000000000
51105  8.159  -37.782  70.199 0.0000000000
52436  7.923  -36.492  77.536 0.0000000000
52446  18.195  -35.656  75.025 0.0000000000
52467  21.567  -35.853  73.518 0.0000000000
52474  23.727  -35.717  72.501 0.0000000000
53776  10.301  -34.426  78.825 0.0000000000
53779  8.933  -34.522  78.407 0.0000000000
53812  24.695  -34.585  73.113 0.0000000000
53818  4.128  -35.928  73.276 0.0000000000
53919  4.440  -34.868  62.828 0.0000000000
54975  10.454  -34.068  78.327 0.0000000000
54977  9.153  -34.095  78.504 0.0000000000
54982  10.631  -34.281  78.675 0.0000000000
54997  19.161  -34.769  74.838 0.0000000000
55006  19.580  -34.598  74.706 0.0000000000
55115  4.888  -34.175  61.033 0.0000000000
56165  10.729  -33.854  77.954 0.0000000000
56168  8.890  -33.785  78.261 0.0000000000
56174  10.615  -33.310  77.830 0.0000000000
56198  20.521  -34.120  73.875 0.0000000000
56234  5.858  -32.556  68.136 0.0000000000
56241  5.704  -32.760  67.868 0.0000000000
56242  5.567  -33.062  67.983 0.0000000000
56251  5.550  -33.012  67.595 0.0000000000
56252  5.422  -33.212  67.642 0.0000000000
56361  5.276  -34.187  58.950 0.0000000000
57354  10.379  -33.261  77.832 0.0000000000
57356  13.289  -32.928  77.966 0.0000000000
57377  17.497  -34.156  74.904 0.0000000000
57444  5.639  -32.748  67.386 0.0000000000
57481  5.089  -33.350  63.269 0.0000000000
57482  4.860  -33.649  63.722 0.0000000000
58473  13.917  -31.911  76.486 0.0000000000
58575  4.937  -32.949  66.707 0.0000000000
59627  13.631  -31.692  76.641 0.0000000000
59812  10.346  -30.264  59.595 0.0000000000
59829  10.322  -29.928  58.717 0.0000000000
59837  10.325  -29.876  58.080 0.0000000000
60996  9.531  -30.139  62.366 0.0000000000
61030  10.347  -29.940  59.475 0.0000000000
61039  10.286  -29.681  59.223 0.0000000000
62043  4.384  -27.192  69.064 0.0000000000
62075  5.337  -26.661  66.025 0.0000000000
62076  5.118  -26.351  66.128 0.0000000000
63250  5.078  -26.542  66.460 0.0000000000
63271  4.733  -25.797  66.155 0.0000000000
64474  4.818  -26.378  66.773 0.0000000000
64488  4.721  -26.054  66.630 0.0000000000
66939  3.732  -24.369  68.225 0.0000000000
66946  3.922  -24.224  68.061 0.0000000000
66970  4.459  -24.989  65.930 0.0000000000
68044  3.625  -24.184  68.348 0.0000000000
140378  4.745  -25.110  65.512 0.0000000000
140380  5.279  -24.604  64.600 0.0000000000
140382  4.626  -25.073  65.685 0.0000000000
