#!ascii label  , from subject 3107 vox2ras=TkReg
1589
105765  -42.144  12.977  14.843 0.0000000000
105940  -51.284  12.985  -1.827 0.0000000000
110874  -50.044  17.951  21.713 0.0000000000
104867  -49.434  11.184  7.520 0.0000000000
100574  -50.194  7.766  16.125 0.0000000000
110984  -49.020  17.796  9.298 0.0000000000
114882  -42.741  21.373  11.087 0.0000000000
122343  -44.707  30.193  5.128 0.0000000000
97554  -41.999  4.659  20.708 0.0000000000
103759  -45.026  10.349  10.276 0.0000000000
106823  -46.707  13.709  7.159 0.0000000000
107846  -46.045  14.453  12.483 0.0000000000
116841  -49.825  23.419  17.700 0.0000000000
113847  -45.944  20.126  16.148 0.0000000000
117767  -47.878  24.876  12.347 0.0000000000
119563  -45.569  26.643  6.324 0.0000000000
121374  -51.108  28.583  8.156 0.0000000000
110068  -49.825  17.155  -1.566 0.0000000000
106733  -40.393  13.315  20.179 0.0000000000
109898  -44.936  16.279  18.205 0.0000000000
105815  -54.393  12.409  10.070 0.0000000000
101636  -49.767  8.379  11.542 0.0000000000
100607  -44.368  7.564  13.009 0.0000000000
99572  -42.816  6.194  17.172 0.0000000000
110026  -49.175  17.058  2.783 0.0000000000
113954  -50.180  21.537  4.379 0.0000000000
109934  -50.307  16.586  14.810 0.0000000000
111962  -47.567  19.110  10.778 0.0000000000
112020  -45.346  18.116  5.283 0.0000000000
113940  -42.074  20.276  5.460 0.0000000000
117845  -42.473  24.902  3.851 0.0000000000
104793  -43.242  11.704  12.845 0.0000000000
105789  -44.687  12.769  11.121 0.0000000000
106760  -44.364  13.647  13.434 0.0000000000
118604  -51.440  25.104  15.761 0.0000000000
116860  -49.636  23.580  14.790 0.0000000000
117771  -51.594  25.231  12.510 0.0000000000
119540  -50.007  26.828  8.581 0.0000000000
107994  -50.949  15.645  -2.312 0.0000000000
106713  -38.753  13.433  23.147 0.0000000000
107786  -41.880  14.314  23.348 0.0000000000
101604  -49.530  8.023  13.924 0.0000000000
100620  -47.427  7.438  12.393 0.0000000000
100610  -47.555  7.035  14.506 0.0000000000
99552  -42.985  6.046  19.364 0.0000000000
100557  -38.537  7.523  16.787 0.0000000000
103697  -37.368  10.395  17.472 0.0000000000
101563  -36.014  8.557  18.263 0.0000000000
105878  -49.822  12.409  5.834 0.0000000000
108963  -46.997  15.985  7.821 0.0000000000
108984  -47.730  15.680  5.235 0.0000000000
111010  -48.609  17.724  6.216 0.0000000000
112051  -50.079  19.286  3.447 0.0000000000
112962  -50.897  19.717  7.032 0.0000000000
109875  -47.577  16.623  20.852 0.0000000000
109922  -48.064  16.180  16.774 0.0000000000
109913  -50.180  17.531  18.275 0.0000000000
114865  -44.323  21.433  13.562 0.0000000000
111919  -46.050  18.153  13.397 0.0000000000
112903  -44.232  19.558  11.416 0.0000000000
112937  -46.273  20.054  8.303 0.0000000000
111972  -43.459  18.859  9.078 0.0000000000
111007  -42.728  17.646  6.268 0.0000000000
114901  -42.445  21.302  8.211 0.0000000000
122356  -46.834  30.001  3.763 0.0000000000
119581  -44.607  26.108  4.337 0.0000000000
120467  -43.018  27.989  3.176 0.0000000000
118697  -41.677  25.906  6.260 0.0000000000
121408  -41.675  28.663  5.046 0.0000000000
102741  -46.854  9.879  8.829 0.0000000000
104883  -47.075  12.254  6.725 0.0000000000
105824  -45.930  12.488  8.836 0.0000000000
107869  -45.908  14.840  9.679 0.0000000000
108947  -47.225  16.320  10.717 0.0000000000
114804  -50.276  21.471  20.620 0.0000000000
112863  -48.342  19.477  18.800 0.0000000000
115891  -48.577  22.418  16.982 0.0000000000
116858  -46.958  23.013  14.581 0.0000000000
117764  -44.627  24.004  12.354 0.0000000000
117799  -43.464  24.627  8.951 0.0000000000
119524  -47.128  26.603  9.051 0.0000000000
121396  -48.718  28.459  6.044 0.0000000000
122312  -47.974  29.178  6.827 0.0000000000
111082  -48.414  17.895  -0.118 0.0000000000
106748  -40.776  13.630  17.034 0.0000000000
107823  -42.623  14.966  16.360 0.0000000000
107811  -42.315  14.421  19.516 0.0000000000
108859  -45.160  15.734  22.144 0.0000000000
110859  -46.384  17.238  22.596 0.0000000000
112833  -45.194  19.569  20.439 0.0000000000
114790  -48.301  21.062  21.484 0.0000000000
104848  -52.240  11.678  8.947 0.0000000000
103761  -52.257  10.505  10.566 0.0000000000
102724  -49.661  9.618  9.407 0.0000000000
102705  -47.608  8.906  10.186 0.0000000000
101632  -44.636  8.641  11.281 0.0000000000
100550  -49.397  7.186  18.271 0.0000000000
99530  -45.202  6.864  20.937 0.0000000000
98587  -46.259  6.564  18.612 0.0000000000
99605  -47.003  6.628  16.463 0.0000000000
99601  -43.171  6.604  15.441 0.0000000000
103726  -40.839  11.027  14.631 0.0000000000
107981  -53.363  14.517  0.120 0.0000000000
106849  -48.608  13.740  4.406 0.0000000000
107945  -49.588  14.998  2.169 0.0000000000
109052  -51.475  16.140  -0.464 0.0000000000
111083  -51.151  18.082  -0.390 0.0000000000
113016  -50.362  20.483  1.091 0.0000000000
113014  -48.226  20.314  0.931 0.0000000000
107831  -45.616  14.917  14.880 0.0000000000
108921  -47.768  14.910  13.552 0.0000000000
109954  -50.135  16.974  11.846 0.0000000000
110916  -48.269  17.890  16.384 0.0000000000
111922  -50.259  18.574  13.074 0.0000000000
111975  -50.776  19.147  9.689 0.0000000000
113925  -49.674  20.850  7.848 0.0000000000
112970  -47.680  20.204  5.364 0.0000000000
112077  -45.927  19.467  0.941 0.0000000000
116932  -43.527  23.434  5.937 0.0000000000
114938  -42.694  22.412  4.151 0.0000000000
114935  -40.502  21.323  4.023 0.0000000000
115962  -40.855  22.158  5.605 0.0000000000
116917  -40.934  23.515  7.872 0.0000000000
105774  -42.871  12.306  13.538 0.0000000000
105775  -43.460  12.600  13.199 0.0000000000
105770  -43.166  12.912  13.662 0.0000000000
117747  -52.151  24.657  14.293 0.0000000000
118655  -52.026  26.004  11.430 0.0000000000
107988  -51.515  14.887  -2.069 0.0000000000
100600  -49.946  7.864  14.706 0.0000000000
100611  -48.381  7.288  13.873 0.0000000000
100598  -48.486  7.218  15.040 0.0000000000
99567  -37.498  6.829  17.450 0.0000000000
100555  -37.082  7.716  17.569 0.0000000000
104868  -50.464  11.432  7.571 0.0000000000
105865  -50.001  11.852  6.456 0.0000000000
110990  -48.082  17.407  8.493 0.0000000000
109996  -47.490  16.805  6.538 0.0000000000
111000  -48.614  18.213  7.116 0.0000000000
112011  -49.292  18.541  6.557 0.0000000000
111985  -49.834  18.866  8.221 0.0000000000
109858  -48.755  17.267  21.453 0.0000000000
109902  -48.923  16.855  18.866 0.0000000000
109896  -49.562  17.694  20.043 0.0000000000
114883  -43.058  21.368  11.825 0.0000000000
112894  -43.451  19.983  12.377 0.0000000000
113889  -43.069  20.234  11.365 0.0000000000
112922  -43.849  19.407  9.747 0.0000000000
112909  -42.775  19.943  10.219 0.0000000000
111981  -43.027  18.783  8.279 0.0000000000
114896  -42.223  21.283  9.331 0.0000000000
123224  -46.213  30.425  4.491 0.0000000000
122365  -45.350  29.510  3.119 0.0000000000
122353  -43.884  29.641  3.642 0.0000000000
121418  -42.109  28.733  3.970 0.0000000000
122341  -42.233  29.509  4.698 0.0000000000
103772  -45.622  10.504  9.728 0.0000000000
104842  -45.793  11.552  9.109 0.0000000000
104827  -45.215  11.359  9.749 0.0000000000
107845  -45.318  13.949  12.187 0.0000000000
106786  -45.258  13.305  10.149 0.0000000000
107850  -45.947  14.728  11.545 0.0000000000
108946  -46.515  15.826  10.446 0.0000000000
108934  -46.698  15.271  11.418 0.0000000000
115875  -50.165  22.762  19.340 0.0000000000
114836  -49.423  21.875  18.977 0.0000000000
116840  -49.698  23.093  17.574 0.0000000000
117755  -48.668  24.454  13.410 0.0000000000
116859  -48.240  23.194  14.966 0.0000000000
117754  -47.577  24.269  13.379 0.0000000000
116886  -45.968  23.965  13.097 0.0000000000
117782  -46.831  25.004  11.735 0.0000000000
118663  -45.297  25.462  10.325 0.0000000000
118665  -47.385  26.067  10.631 0.0000000000
120427  -51.074  28.101  7.820 0.0000000000
120425  -49.989  27.435  7.399 0.0000000000
122332  -49.987  28.587  6.915 0.0000000000
122330  -48.828  29.441  6.012 0.0000000000
122295  -49.842  28.945  7.544 0.0000000000
112108  -48.928  18.749  -0.586 0.0000000000
106738  -40.403  13.600  18.929 0.0000000000
107814  -41.478  14.135  18.826 0.0000000000
107810  -41.464  13.874  20.038 0.0000000000
109829  -43.000  15.327  23.523 0.0000000000
107788  -43.436  14.743  22.480 0.0000000000
108829  -44.713  15.709  23.314 0.0000000000
108860  -46.133  15.933  22.645 0.0000000000
110858  -45.264  16.983  22.648 0.0000000000
113818  -44.298  20.438  19.642 0.0000000000
112835  -46.622  20.008  20.986 0.0000000000
114800  -46.680  21.489  20.424 0.0000000000
115842  -48.514  22.483  20.536 0.0000000000
116806  -47.153  22.983  19.471 0.0000000000
105827  -52.732  12.328  8.404 0.0000000000
104849  -52.982  12.003  9.146 0.0000000000
102690  -52.390  9.735  12.124 0.0000000000
102698  -51.364  9.649  11.189 0.0000000000
102726  -50.966  9.930  9.981 0.0000000000
101648  -50.035  9.050  10.559 0.0000000000
102723  -48.467  9.260  9.735 0.0000000000
101647  -48.952  8.480  10.635 0.0000000000
99629  -45.423  7.159  12.802 0.0000000000
100626  -46.179  7.766  11.671 0.0000000000
101623  -44.290  8.465  12.307 0.0000000000
98560  -43.848  5.760  20.776 0.0000000000
99554  -44.922  6.828  18.898 0.0000000000
99574  -44.610  6.527  17.854 0.0000000000
99592  -46.409  6.239  17.192 0.0000000000
99591  -45.458  6.375  16.991 0.0000000000
99603  -45.332  6.336  15.884 0.0000000000
99589  -43.415  6.334  16.458 0.0000000000
104771  -39.250  11.611  16.150 0.0000000000
103708  -38.926  11.037  16.214 0.0000000000
107970  -53.437  14.290  0.716 0.0000000000
105862  -46.884  12.975  6.747 0.0000000000
105864  -48.030  12.422  5.725 0.0000000000
106838  -47.559  13.648  5.325 0.0000000000
108997  -48.246  16.022  3.888 0.0000000000
107931  -48.720  15.178  3.108 0.0000000000
109021  -49.216  16.133  2.341 0.0000000000
109035  -50.697  15.774  0.507 0.0000000000
110054  -50.513  16.606  0.676 0.0000000000
110056  -51.306  17.428  -0.375 0.0000000000
111069  -50.459  17.894  0.985 0.0000000000
112984  -50.897  20.420  4.339 0.0000000000
113004  -50.739  20.393  1.601 0.0000000000
113962  -50.105  21.016  3.385 0.0000000000
113015  -49.374  20.441  1.038 0.0000000000
112993  -49.404  20.465  3.056 0.0000000000
109917  -43.742  16.049  16.978 0.0000000000
108906  -44.681  15.300  15.816 0.0000000000
108898  -45.370  15.858  16.493 0.0000000000
108902  -49.176  15.935  15.680 0.0000000000
108910  -48.745  15.563  15.096 0.0000000000
108916  -49.736  15.849  14.187 0.0000000000
108922  -48.953  15.694  13.271 0.0000000000
109938  -50.239  16.552  13.411 0.0000000000
113842  -46.818  20.096  17.474 0.0000000000
111894  -47.907  18.703  17.758 0.0000000000
111902  -46.506  18.546  16.719 0.0000000000
111935  -47.085  18.350  12.416 0.0000000000
111921  -48.102  17.727  13.311 0.0000000000
111950  -48.043  18.652  11.606 0.0000000000
111952  -50.592  18.776  11.818 0.0000000000
112915  -49.680  19.490  10.116 0.0000000000
113903  -50.460  20.202  9.329 0.0000000000
113901  -48.138  20.247  9.307 0.0000000000
112008  -45.628  18.814  6.509 0.0000000000
112961  -47.270  20.047  6.309 0.0000000000
112021  -46.351  18.770  5.344 0.0000000000
112980  -46.659  19.341  3.810 0.0000000000
112034  -45.801  18.780  4.256 0.0000000000
112076  -44.772  19.267  0.976 0.0000000000
111044  -44.669  17.926  3.795 0.0000000000
111005  -41.942  18.537  5.940 0.0000000000
111027  -42.000  17.532  4.436 0.0000000000
118684  -43.906  25.282  8.090 0.0000000000
117808  -43.410  24.409  7.752 0.0000000000
118700  -44.407  25.118  6.215 0.0000000000
118717  -43.426  25.307  3.723 0.0000000000
117846  -44.150  24.333  3.930 0.0000000000
116958  -43.141  23.751  3.455 0.0000000000
115983  -41.741  22.580  3.900 0.0000000000
116956  -41.969  23.300  4.075 0.0000000000
115969  -40.910  22.112  4.548 0.0000000000
116947  -41.858  23.389  4.614 0.0000000000
118696  -41.119  26.424  6.504 0.0000000000
117816  -41.500  24.839  7.224 0.0000000000
117815  -40.941  24.814  7.749 0.0000000000
117797  -40.189  24.334  8.780 0.0000000000
103752  -43.789  10.721  11.571 0.0000000000
105799  -44.490  12.052  10.717 0.0000000000
105787  -43.737  12.135  12.115 0.0000000000
106764  -44.408  13.247  12.551 0.0000000000
106761  -45.478  13.953  13.437 0.0000000000
116844  -50.446  23.648  16.611 0.0000000000
116850  -51.833  23.633  15.447 0.0000000000
117757  -50.961  24.416  13.413 0.0000000000
118637  -49.309  25.308  12.090 0.0000000000
119510  -48.749  26.261  10.265 0.0000000000
119500  -50.133  26.174  10.824 0.0000000000
119529  -51.701  27.304  9.649 0.0000000000
109059  -50.023  16.265  -2.058 0.0000000000
106718  -39.872  12.839  22.155 0.0000000000
106728  -41.268  13.441  21.929 0.0000000000
106715  -40.655  14.117  23.276 0.0000000000
101625  -49.924  8.194  12.535 0.0000000000
100629  -48.924  7.956  11.817 0.0000000000
100621  -48.459  7.239  12.709 0.0000000000
99631  -46.960  6.871  12.895 0.0000000000
99622  -45.090  6.865  13.440 0.0000000000
98571  -43.035  5.586  20.061 0.0000000000
98584  -41.335  5.699  18.415 0.0000000000
101579  -38.701  8.581  16.445 0.0000000000
103706  -37.775  9.964  16.644 0.0000000000
102649  -37.620  9.369  16.959 0.0000000000
102640  -36.448  9.295  18.053 0.0000000000
108969  -46.670  15.294  7.331 0.0000000000
107893  -47.055  14.534  6.017 0.0000000000
108978  -47.341  15.562  6.078 0.0000000000
110004  -47.913  16.929  5.548 0.0000000000
110017  -48.654  17.126  3.577 0.0000000000
111045  -49.538  18.017  3.360 0.0000000000
111020  -49.322  18.488  4.850 0.0000000000
112972  -50.145  19.449  5.051 0.0000000000
113945  -50.995  20.712  5.836 0.0000000000
109892  -46.105  16.392  19.387 0.0000000000
109909  -46.307  16.329  17.350 0.0000000000
109901  -47.813  16.799  18.667 0.0000000000
109911  -48.601  16.548  17.756 0.0000000000
109929  -50.473  16.734  16.120 0.0000000000
113858  -45.179  20.813  15.045 0.0000000000
112873  -45.210  19.529  15.038 0.0000000000
112883  -44.512  19.626  13.495 0.0000000000
112896  -44.970  19.076  11.899 0.0000000000
111960  -45.757  19.206  10.739 0.0000000000
113891  -46.928  20.197  9.762 0.0000000000
112924  -45.753  19.823  9.343 0.0000000000
111983  -44.843  19.140  8.400 0.0000000000
111995  -44.524  18.568  7.387 0.0000000000
112007  -44.248  17.784  6.182 0.0000000000
111994  -43.293  18.106  7.180 0.0000000000
111993  -42.396  18.584  7.315 0.0000000000
113932  -42.493  20.446  6.636 0.0000000000
120461  -47.039  28.039  4.336 0.0000000000
119582  -45.002  26.326  4.862 0.0000000000
121420  -45.501  28.071  3.643 0.0000000000
120468  -43.742  27.766  3.414 0.0000000000
118711  -43.313  25.994  4.085 0.0000000000
117836  -42.516  24.933  4.765 0.0000000000
120448  -42.704  27.141  4.748 0.0000000000
120433  -41.798  27.295  5.591 0.0000000000
119570  -40.623  27.097  5.616 0.0000000000
103794  -48.265  10.387  8.266 0.0000000000
104866  -48.396  11.226  7.178 0.0000000000
103809  -47.315  11.019  7.813 0.0000000000
104864  -46.622  12.200  7.360 0.0000000000
105825  -46.311  12.706  8.046 0.0000000000
105814  -45.184  12.369  9.529 0.0000000000
106796  -45.537  13.298  9.349 0.0000000000
107877  -45.947  14.551  8.571 0.0000000000
108955  -46.360  15.506  9.251 0.0000000000
109976  -46.736  16.301  9.592 0.0000000000
110973  -47.859  17.319  10.104 0.0000000000
112828  -50.652  19.492  21.745 0.0000000000
111875  -49.667  18.289  19.940 0.0000000000
113820  -49.050  20.328  19.780 0.0000000000
114834  -47.878  20.814  18.254 0.0000000000
114846  -47.196  21.582  16.651 0.0000000000
116848  -49.417  23.216  15.966 0.0000000000
115895  -47.576  22.286  15.925 0.0000000000
114850  -46.303  21.440  15.476 0.0000000000
115914  -45.341  22.377  14.088 0.0000000000
116884  -44.042  23.159  12.802 0.0000000000
116894  -43.157  23.129  11.669 0.0000000000
116902  -42.540  22.947  10.684 0.0000000000
117790  -43.785  24.798  10.298 0.0000000000
118674  -45.314  26.337  9.037 0.0000000000
119536  -46.142  26.855  7.918 0.0000000000
119525  -48.103  26.470  9.483 0.0000000000
120423  -48.180  27.452  7.043 0.0000000000
120452  -47.730  27.797  5.378 0.0000000000
121423  -48.294  28.873  4.388 0.0000000000
123225  -47.290  30.332  4.522 0.0000000000
122328  -46.563  29.477  6.012 0.0000000000
106751  -41.401  13.673  16.016 0.0000000000
106752  -42.019  13.703  15.260 0.0000000000
107822  -41.674  14.414  16.683 0.0000000000
108887  -42.971  15.154  18.018 0.0000000000
108884  -43.638  15.535  18.622 0.0000000000
107804  -42.603  14.362  20.706 0.0000000000
108871  -43.598  14.906  20.895 0.0000000000
108881  -44.471  15.997  19.245 0.0000000000
109855  -46.103  16.037  21.863 0.0000000000
109856  -47.003  16.483  21.983 0.0000000000
110861  -48.668  17.684  22.243 0.0000000000
110884  -44.597  18.019  21.168 0.0000000000
111843  -45.959  18.622  21.451 0.0000000000
111845  -47.475  18.917  21.899 0.0000000000
112818  -49.835  19.565  22.522 0.0000000000
114792  -49.979  21.392  22.136 0.0000000000
116799  -49.962  22.721  20.426 0.0000000000
117709  -49.598  23.990  18.136 0.0000000000
105844  -51.744  12.383  7.816 0.0000000000
104846  -50.591  11.225  8.352 0.0000000000
103754  -53.399  10.858  11.817 0.0000000000
104816  -53.118  11.254  10.429 0.0000000000
103777  -51.911  10.728  9.829 0.0000000000
103776  -51.176  10.527  9.579 0.0000000000
103774  -49.797  10.176  8.838 0.0000000000
102743  -48.828  9.873  8.857 0.0000000000
102722  -47.267  9.445  9.526 0.0000000000
102703  -45.650  9.565  10.100 0.0000000000
100640  -47.668  7.797  11.007 0.0000000000
101643  -45.186  8.776  10.624 0.0000000000
102702  -44.650  9.455  10.635 0.0000000000
102695  -43.575  10.355  12.190 0.0000000000
99532  -46.987  7.056  20.457 0.0000000000
99541  -44.322  6.375  20.047 0.0000000000
99542  -45.460  7.037  19.837 0.0000000000
99544  -47.241  7.174  19.575 0.0000000000
99578  -47.997  6.965  18.209 0.0000000000
100571  -47.924  6.928  17.504 0.0000000000
100584  -48.446  7.414  16.123 0.0000000000
100596  -46.972  6.481  15.375 0.0000000000
99615  -45.232  6.283  14.664 0.0000000000
99614  -43.989  6.726  14.287 0.0000000000
104778  -41.425  11.920  14.733 0.0000000000
105763  -40.403  12.377  15.726 0.0000000000
105754  -39.904  13.018  17.302 0.0000000000
105750  -39.287  12.605  18.866 0.0000000000
105745  -39.456  12.534  20.104 0.0000000000
105914  -54.092  13.423  0.745 0.0000000000
106894  -53.620  13.548  -0.181 0.0000000000
106904  -53.047  13.960  -0.675 0.0000000000
104896  -48.789  11.973  5.811 0.0000000000
105886  -49.529  12.830  4.774 0.0000000000
107916  -47.851  14.751  4.618 0.0000000000
106861  -48.867  14.433  3.492 0.0000000000
106875  -50.852  14.078  2.459 0.0000000000
107958  -51.781  14.053  1.154 0.0000000000
107980  -52.743  14.891  -0.482 0.0000000000
109062  -52.465  15.196  -1.556 0.0000000000
109069  -51.922  16.011  -2.102 0.0000000000
111108  -51.380  17.659  -1.457 0.0000000000
111096  -50.660  18.080  -1.422 0.0000000000
112065  -50.672  19.391  1.297 0.0000000000
113017  -51.154  19.976  0.406 0.0000000000
112109  -50.009  18.883  -0.507 0.0000000000
112095  -49.121  19.444  -0.348 0.0000000000
113026  -48.736  19.969  0.229 0.0000000000
113013  -47.240  19.941  0.648 0.0000000000
107834  -43.393  14.268  14.718 0.0000000000
107836  -44.871  14.358  14.326 0.0000000000
107841  -45.900  14.351  13.806 0.0000000000
108899  -46.307  15.727  16.286 0.0000000000
108913  -47.007  15.115  14.658 0.0000000000
107843  -46.868  14.933  12.908 0.0000000000
108928  -47.500  15.253  12.395 0.0000000000
109952  -48.382  16.584  11.240 0.0000000000
109968  -49.042  17.029  10.842 0.0000000000
111889  -49.912  18.357  18.962 0.0000000000
111906  -50.215  17.893  17.743 0.0000000000
110923  -50.051  17.617  15.566 0.0000000000
110928  -46.903  17.737  14.735 0.0000000000
110930  -49.549  17.767  14.609 0.0000000000
111914  -51.304  18.156  14.027 0.0000000000
110952  -51.730  17.936  12.182 0.0000000000
110976  -51.287  18.337  10.973 0.0000000000
110985  -49.994  18.490  9.148 0.0000000000
111987  -50.904  19.548  9.143 0.0000000000
114918  -50.146  21.356  6.512 0.0000000000
113912  -47.908  20.507  8.210 0.0000000000
113934  -48.704  21.222  6.445 0.0000000000
113943  -49.126  21.232  5.085 0.0000000000
112992  -48.187  20.455  2.901 0.0000000000
113001  -47.613  20.116  1.693 0.0000000000
111029  -43.930  17.607  4.272 0.0000000000
115951  -42.487  22.297  8.814 0.0000000000
115957  -42.805  22.410  7.523 0.0000000000
115971  -42.938  21.803  5.822 0.0000000000
118706  -44.464  25.156  5.076 0.0000000000
116940  -43.667  23.450  4.871 0.0000000000
113952  -42.239  20.955  5.073 0.0000000000
114936  -41.566  21.126  4.078 0.0000000000
113960  -40.485  20.498  3.304 0.0000000000
113949  -39.759  20.456  3.631 0.0000000000
116931  -42.225  24.158  5.936 0.0000000000
115956  -41.298  23.102  7.084 0.0000000000
122310  -45.101  29.417  6.797 0.0000000000
122309  -44.023  29.482  6.933 0.0000000000
122324  -42.087  29.627  5.765 0.0000000000
122339  -40.580  29.210  5.359 0.0000000000
120444  -39.143  28.112  5.362 0.0000000000
105769  -42.535  12.647  14.135 0.0000000000
101582  -50.476  7.897  15.384 0.0000000000
100586  -49.971  7.693  15.195 0.0000000000
100599  -49.392  7.641  14.508 0.0000000000
100585  -49.302  7.576  15.610 0.0000000000
98595  -37.839  5.876  17.366 0.0000000000
104886  -50.041  11.483  6.885 0.0000000000
110999  -48.081  17.514  7.472 0.0000000000
110991  -49.063  18.296  8.255 0.0000000000
110885  -49.377  17.735  21.206 0.0000000000
109877  -49.060  17.489  20.663 0.0000000000
110886  -49.811  18.085  20.704 0.0000000000
113881  -42.921  20.769  11.437 0.0000000000
113888  -42.766  20.512  10.722 0.0000000000
113898  -42.450  20.379  9.852 0.0000000000
114890  -42.381  21.302  10.309 0.0000000000
123223  -45.177  30.401  4.446 0.0000000000
123232  -44.671  30.179  3.808 0.0000000000
123222  -44.363  30.097  4.328 0.0000000000
122342  -43.519  29.905  4.636 0.0000000000
104815  -45.163  10.869  10.028 0.0000000000
103791  -45.705  10.998  9.390 0.0000000000
107849  -45.424  14.040  11.657 0.0000000000
108927  -46.487  15.083  12.112 0.0000000000
115888  -50.035  22.974  18.562 0.0000000000
115887  -49.673  22.776  18.108 0.0000000000
117768  -49.042  24.911  12.758 0.0000000000
117766  -46.577  24.520  12.627 0.0000000000
118650  -47.049  25.676  11.260 0.0000000000
117783  -47.488  25.332  11.687 0.0000000000
121399  -50.949  28.062  6.911 0.0000000000
122297  -50.722  28.515  7.540 0.0000000000
122314  -49.691  29.244  6.901 0.0000000000
122296  -50.402  28.793  7.556 0.0000000000
109051  -49.447  16.375  -1.443 0.0000000000
110067  -49.262  16.791  -0.983 0.0000000000
110053  -48.705  16.844  -0.390 0.0000000000
111095  -49.396  17.779  -0.793 0.0000000000
107809  -40.788  13.740  19.602 0.0000000000
109830  -43.560  15.575  23.397 0.0000000000
109831  -44.362  15.860  23.418 0.0000000000
109832  -44.987  15.974  23.367 0.0000000000
110857  -44.296  16.849  22.475 0.0000000000
114814  -46.191  21.961  20.155 0.0000000000
115853  -46.879  22.565  19.889 0.0000000000
105816  -55.130  13.310  9.544 0.0000000000
105828  -53.936  12.845  8.854 0.0000000000
104830  -53.496  11.939  9.875 0.0000000000
101649  -50.574  9.357  10.788 0.0000000000
101635  -49.123  8.234  11.301 0.0000000000
100608  -45.032  7.348  12.747 0.0000000000
100617  -44.805  7.758  12.392 0.0000000000
101614  -43.932  8.252  12.979 0.0000000000
100606  -43.770  7.834  13.352 0.0000000000
98544  -42.794  5.333  20.877 0.0000000000
99573  -43.552  6.321  17.593 0.0000000000
99590  -44.434  6.391  16.711 0.0000000000
102659  -39.880  9.649  15.525 0.0000000000
103716  -39.275  10.598  15.770 0.0000000000
103715  -38.724  10.173  15.891 0.0000000000
106876  -52.073  13.798  2.152 0.0000000000
106824  -46.995  13.669  6.324 0.0000000000
109009  -48.707  16.171  3.015 0.0000000000
109022  -49.641  16.100  1.564 0.0000000000
110027  -49.721  17.035  2.037 0.0000000000
110040  -50.291  17.049  1.123 0.0000000000
111055  -49.788  17.754  2.551 0.0000000000
113964  -51.212  21.068  4.149 0.0000000000
112994  -50.159  20.314  3.055 0.0000000000
113953  -49.719  21.397  3.767 0.0000000000
109907  -44.450  16.423  17.357 0.0000000000
109919  -44.728  16.379  16.745 0.0000000000
109908  -45.351  16.580  17.255 0.0000000000
109928  -49.728  16.138  15.501 0.0000000000
109927  -49.188  15.917  15.019 0.0000000000
108917  -50.311  16.214  14.095 0.0000000000
109939  -50.605  16.844  13.886 0.0000000000
113848  -46.526  20.407  16.681 0.0000000000
112865  -46.585  19.431  17.174 0.0000000000
112870  -46.091  19.483  16.517 0.0000000000
111949  -46.783  18.705  11.461 0.0000000000
111963  -48.913  19.001  10.776 0.0000000000
112914  -48.287  19.605  10.077 0.0000000000
112926  -49.183  19.891  9.680 0.0000000000
112009  -46.750  19.309  6.029 0.0000000000
112048  -44.931  18.382  3.244 0.0000000000
112033  -44.956  17.929  4.281 0.0000000000
112018  -41.691  18.933  5.691 0.0000000000
111015  -41.714  18.360  5.498 0.0000000000
112031  -41.358  18.930  4.864 0.0000000000
112969  -41.688  19.646  5.151 0.0000000000
119549  -45.055  26.381  7.188 0.0000000000
118693  -44.304  25.781  7.150 0.0000000000
119562  -44.849  26.162  6.272 0.0000000000
118716  -42.910  25.037  3.683 0.0000000000
117853  -42.899  24.550  3.522 0.0000000000
116957  -42.286  23.807  3.648 0.0000000000
116948  -42.053  24.158  4.167 0.0000000000
119559  -40.346  26.589  6.185 0.0000000000
118690  -40.976  25.975  7.371 0.0000000000
104805  -43.707  11.565  11.759 0.0000000000
104799  -43.456  11.589  12.347 0.0000000000
106759  -43.582  13.255  13.530 0.0000000000
105776  -43.937  12.931  12.818 0.0000000000
116845  -51.475  23.741  16.151 0.0000000000
117736  -52.060  24.173  15.972 0.0000000000
117758  -51.913  24.952  13.235 0.0000000000
116876  -51.670  24.359  13.945 0.0000000000
117770  -51.046  24.959  12.628 0.0000000000
117769  -50.080  24.881  12.753 0.0000000000
118638  -50.320  25.311  12.043 0.0000000000
118652  -49.640  25.738  11.434 0.0000000000
118653  -50.646  25.717  11.392 0.0000000000
119515  -52.355  26.969  11.083 0.0000000000
119513  -51.456  26.723  10.247 0.0000000000
120409  -51.898  27.825  9.983 0.0000000000
107987  -50.240  15.031  -2.302 0.0000000000
110083  -50.775  16.746  -2.277 0.0000000000
106714  -39.686  13.284  23.090 0.0000000000
106719  -40.558  13.344  22.490 0.0000000000
106703  -39.939  14.209  23.581 0.0000000000
101616  -50.499  8.404  13.228 0.0000000000
101615  -49.771  8.037  13.351 0.0000000000
100622  -49.372  7.715  12.648 0.0000000000
100612  -49.218  7.547  13.495 0.0000000000
99625  -48.023  7.115  13.256 0.0000000000
99624  -47.482  7.106  13.588 0.0000000000
99623  -46.471  6.668  13.980 0.0000000000
99585  -39.278  7.146  16.607 0.0000000000
99584  -38.827  7.304  16.700 0.0000000000
100567  -38.985  7.833  16.502 0.0000000000
100566  -38.405  8.020  16.633 0.0000000000
101578  -38.065  8.600  16.782 0.0000000000
101570  -36.655  8.541  17.687 0.0000000000
108970  -47.132  15.917  7.012 0.0000000000
111009  -48.105  17.521  6.717 0.0000000000
109997  -48.011  17.232  6.255 0.0000000000
110010  -48.262  17.108  4.514 0.0000000000
111019  -48.823  17.923  5.281 0.0000000000
111031  -49.000  18.089  4.266 0.0000000000
112012  -50.120  19.395  6.910 0.0000000000
112024  -49.866  18.851  5.641 0.0000000000
112025  -50.438  19.640  6.223 0.0000000000
112973  -50.678  19.995  5.390 0.0000000000
112963  -50.874  20.077  6.495 0.0000000000
109893  -47.095  16.719  19.676 0.0000000000
109900  -46.724  16.620  18.467 0.0000000000
109903  -49.918  17.322  19.075 0.0000000000
109912  -49.645  16.981  17.964 0.0000000000
109924  -50.375  17.054  17.310 0.0000000000
114855  -44.656  21.004  14.159 0.0000000000
113857  -44.773  20.581  14.593 0.0000000000
113867  -44.420  20.461  13.817 0.0000000000
112895  -44.116  19.646  12.521 0.0000000000
111948  -45.781  18.862  11.282 0.0000000000
112904  -45.123  19.258  10.977 0.0000000000
112912  -45.841  19.789  10.234 0.0000000000
112911  -44.512  19.494  10.477 0.0000000000
111973  -44.242  19.005  9.095 0.0000000000
111974  -44.759  19.250  9.045 0.0000000000
111982  -43.851  18.690  8.278 0.0000000000
112934  -42.500  19.419  8.132 0.0000000000
113921  -42.400  20.341  7.676 0.0000000000
112946  -42.188  19.503  7.019 0.0000000000
121431  -46.904  29.038  3.624 0.0000000000
121421  -46.469  28.218  3.932 0.0000000000
121430  -45.972  28.800  3.115 0.0000000000
121428  -43.473  28.619  2.876 0.0000000000
121429  -44.674  28.364  3.202 0.0000000000
119587  -43.614  26.668  3.707 0.0000000000
119579  -42.991  27.341  3.656 0.0000000000
119572  -43.069  26.691  4.578 0.0000000000
120458  -42.669  27.237  4.190 0.0000000000
120447  -42.109  27.677  4.924 0.0000000000
120446  -40.953  27.804  5.351 0.0000000000
103793  -47.161  10.602  8.245 0.0000000000
103810  -47.829  10.867  7.743 0.0000000000
104843  -46.405  11.523  8.128 0.0000000000
105813  -44.768  11.851  10.020 0.0000000000
105800  -44.878  12.615  10.391 0.0000000000
107868  -45.620  14.064  9.973 0.0000000000
107876  -45.710  14.046  9.210 0.0000000000
106797  -45.885  13.452  8.614 0.0000000000
109966  -47.064  16.501  10.281 0.0000000000
109977  -47.358  16.908  9.842 0.0000000000
109967  -47.882  16.787  10.592 0.0000000000
113808  -50.471  20.445  21.329 0.0000000000
113807  -50.143  20.405  20.788 0.0000000000
114803  -49.847  21.006  20.490 0.0000000000
115886  -48.920  22.320  17.884 0.0000000000
114835  -48.560  21.415  18.651 0.0000000000
114843  -48.143  21.839  17.460 0.0000000000
114842  -47.647  21.156  17.758 0.0000000000
114847  -47.921  22.083  16.915 0.0000000000
116849  -50.784  23.441  15.657 0.0000000000
116872  -47.365  23.491  13.968 0.0000000000
115904  -47.335  22.710  15.282 0.0000000000
115894  -46.851  22.242  15.563 0.0000000000
115903  -46.433  22.366  14.890 0.0000000000
115902  -45.805  22.119  14.544 0.0000000000
115915  -45.992  22.598  14.380 0.0000000000
117765  -45.404  24.442  12.494 0.0000000000
116885  -45.167  23.619  13.011 0.0000000000
116883  -43.524  22.715  12.345 0.0000000000
116895  -44.101  23.752  11.822 0.0000000000
117779  -43.726  24.081  11.179 0.0000000000
118675  -46.223  26.255  9.640 0.0000000000
119522  -45.774  26.561  8.426 0.0000000000
119523  -46.273  26.590  8.683 0.0000000000
119526  -49.304  26.568  9.345 0.0000000000
119539  -49.064  26.743  8.299 0.0000000000
120437  -49.744  27.918  6.893 0.0000000000
120424  -49.011  27.307  7.418 0.0000000000
120436  -48.799  27.887  6.472 0.0000000000
120435  -47.958  27.677  6.259 0.0000000000
120453  -48.360  28.168  5.731 0.0000000000
120463  -48.362  28.165  4.944 0.0000000000
121412  -48.708  28.748  5.447 0.0000000000
122346  -48.179  30.229  5.256 0.0000000000
122329  -47.867  29.613  6.058 0.0000000000
122345  -47.014  30.143  5.263 0.0000000000
121395  -47.281  29.098  6.567 0.0000000000
112094  -48.167  19.096  -0.041 0.0000000000
107815  -42.244  14.652  18.418 0.0000000000
108883  -42.928  15.035  19.097 0.0000000000
106720  -41.272  13.898  22.790 0.0000000000
107803  -41.880  13.837  21.318 0.0000000000
107797  -41.999  13.930  22.420 0.0000000000
108841  -44.002  14.887  22.378 0.0000000000
108857  -43.666  14.931  21.817 0.0000000000
108858  -44.198  15.264  21.845 0.0000000000
108872  -44.514  15.727  20.787 0.0000000000
109873  -45.319  16.307  20.110 0.0000000000
108873  -45.499  16.064  21.195 0.0000000000
109842  -46.599  16.583  22.575 0.0000000000
109843  -47.933  16.744  22.546 0.0000000000
110860  -47.553  17.411  22.582 0.0000000000
112848  -44.559  19.536  19.946 0.0000000000
111852  -44.085  18.217  20.081 0.0000000000
111853  -44.663  18.628  20.565 0.0000000000
111842  -45.080  18.323  21.421 0.0000000000
111854  -45.362  18.987  20.986 0.0000000000
113795  -46.938  20.358  21.142 0.0000000000
112825  -47.019  19.595  21.404 0.0000000000
112826  -47.988  19.733  22.240 0.0000000000
112816  -48.363  19.359  22.297 0.0000000000
112827  -48.527  20.140  22.426 0.0000000000
113789  -49.646  20.463  22.419 0.0000000000
113798  -49.262  20.852  22.072 0.0000000000
116797  -48.860  22.934  20.010 0.0000000000
115843  -49.563  22.453  20.806 0.0000000000
116808  -49.170  23.199  19.584 0.0000000000
116809  -50.142  23.120  19.822 0.0000000000
116823  -49.435  23.430  18.823 0.0000000000
105845  -53.462  13.330  7.422 0.0000000000
105826  -51.959  12.042  8.515 0.0000000000
104869  -51.054  11.651  7.994 0.0000000000
104847  -51.382  11.466  8.704 0.0000000000
102699  -52.064  9.866  11.302 0.0000000000
103753  -52.730  10.307  11.486 0.0000000000
103762  -53.156  10.881  11.033 0.0000000000
102725  -50.519  9.851  9.714 0.0000000000
103775  -50.360  10.252  9.146 0.0000000000
102704  -46.663  9.154  10.140 0.0000000000
102721  -46.282  9.749  9.420 0.0000000000
100628  -47.967  7.745  11.800 0.0000000000
100627  -47.004  7.781  11.558 0.0000000000
101624  -44.956  8.121  11.903 0.0000000000
101633  -45.557  8.251  11.363 0.0000000000
102696  -44.077  9.601  11.771 0.0000000000
100560  -49.265  7.383  17.462 0.0000000000
99529  -44.476  6.237  21.234 0.0000000000
99518  -46.691  7.130  21.180 0.0000000000
99531  -46.162  7.018  20.657 0.0000000000
98570  -42.442  5.672  19.714 0.0000000000
99540  -43.480  5.884  19.674 0.0000000000
99555  -45.942  6.839  18.879 0.0000000000
99543  -46.431  7.093  19.677 0.0000000000
99556  -46.821  6.660  18.785 0.0000000000
99557  -47.760  7.178  18.766 0.0000000000
99593  -47.266  6.490  17.318 0.0000000000
100583  -47.775  7.006  16.684 0.0000000000
100597  -47.549  6.823  15.609 0.0000000000
99617  -46.825  6.534  15.777 0.0000000000
99602  -44.248  6.352  15.540 0.0000000000
99616  -46.341  6.274  15.237 0.0000000000
103717  -40.453  10.562  15.147 0.0000000000
103727  -41.319  10.501  14.524 0.0000000000
104784  -41.216  11.338  14.554 0.0000000000
104777  -40.734  11.682  14.969 0.0000000000
104763  -39.082  11.893  16.826 0.0000000000
105758  -39.452  12.272  16.628 0.0000000000
103698  -37.956  11.036  17.113 0.0000000000
104743  -38.034  11.669  19.651 0.0000000000
105744  -38.649  12.122  19.412 0.0000000000
105738  -38.247  11.979  20.653 0.0000000000
105739  -39.374  12.503  21.445 0.0000000000
105913  -53.606  12.605  1.346 0.0000000000
106895  -53.767  14.040  0.199 0.0000000000
106905  -53.326  14.394  -0.201 0.0000000000
104885  -49.223  11.593  6.503 0.0000000000
104884  -48.036  11.906  6.334 0.0000000000
106839  -48.054  13.123  4.963 0.0000000000
105877  -48.590  12.603  5.248 0.0000000000
107904  -47.462  14.704  5.291 0.0000000000
107932  -49.101  14.549  2.886 0.0000000000
106862  -49.681  13.940  3.013 0.0000000000
106874  -50.128  14.240  2.312 0.0000000000
107946  -50.703  14.389  1.842 0.0000000000
107978  -51.298  15.762  -0.186 0.0000000000
107967  -51.140  15.444  0.171 0.0000000000
107979  -51.740  15.472  -0.328 0.0000000000
109054  -52.481  15.284  -1.328 0.0000000000
109053  -52.032  15.926  -1.086 0.0000000000
109061  -52.139  15.767  -1.912 0.0000000000
111098  -51.439  17.612  -1.034 0.0000000000
111107  -51.243  17.747  -1.742 0.0000000000
111097  -51.180  18.214  -1.090 0.0000000000
111046  -50.142  18.525  2.723 0.0000000000
112064  -50.481  19.432  2.326 0.0000000000
113972  -50.980  20.435  1.396 0.0000000000
113005  -50.755  20.048  0.918 0.0000000000
113985  -50.976  20.138  0.341 0.0000000000
113038  -51.041  19.538  -0.396 0.0000000000
113027  -50.192  19.874  0.089 0.0000000000
113002  -48.777  20.808  1.860 0.0000000000
113025  -47.661  19.766  0.475 0.0000000000
107828  -42.786  14.552  15.306 0.0000000000
107824  -43.387  15.057  15.884 0.0000000000
107830  -44.751  15.058  14.945 0.0000000000
107837  -45.719  14.561  14.312 0.0000000000
109921  -46.964  16.031  16.819 0.0000000000
109920  -46.395  16.036  16.788 0.0000000000
108900  -47.348  15.687  16.086 0.0000000000
108914  -47.952  14.979  14.532 0.0000000000
108909  -47.703  15.415  15.258 0.0000000000
108920  -47.131  14.975  14.048 0.0000000000
109941  -49.380  16.439  12.515 0.0000000000
109953  -49.059  16.685  11.669 0.0000000000
109969  -49.761  17.231  11.231 0.0000000000
111874  -49.196  18.653  19.506 0.0000000000
111888  -48.995  18.640  18.784 0.0000000000
111904  -48.707  18.266  17.136 0.0000000000
111905  -49.707  18.013  17.389 0.0000000000
110917  -49.420  17.781  16.497 0.0000000000
110918  -50.300  17.507  16.770 0.0000000000
111911  -45.910  18.466  14.600 0.0000000000
111912  -46.313  18.303  15.280 0.0000000000
110927  -46.324  17.885  14.153 0.0000000000
110949  -49.403  18.343  13.184 0.0000000000
110938  -48.836  17.843  13.693 0.0000000000
110939  -50.042  18.296  13.694 0.0000000000
110931  -50.676  18.026  14.464 0.0000000000
111923  -50.792  18.589  13.339 0.0000000000
110942  -51.439  17.866  13.056 0.0000000000
111939  -51.271  18.659  12.702 0.0000000000
111964  -50.408  18.931  10.757 0.0000000000
110975  -50.155  17.875  10.425 0.0000000000
111986  -50.580  19.072  8.651 0.0000000000
111976  -50.965  19.663  9.464 0.0000000000
113914  -50.018  20.455  8.595 0.0000000000
113915  -50.689  20.141  8.827 0.0000000000
114907  -49.522  21.187  7.406 0.0000000000
113899  -46.247  20.134  9.202 0.0000000000
113900  -46.830  20.379  8.942 0.0000000000
113911  -46.949  20.483  7.924 0.0000000000
112010  -47.258  19.682  5.763 0.0000000000
113923  -47.654  20.663  7.106 0.0000000000
113933  -47.965  20.906  5.919 0.0000000000
113942  -48.190  20.821  5.277 0.0000000000
112971  -48.233  20.650  4.753 0.0000000000
112982  -48.664  20.907  3.894 0.0000000000
112981  -47.632  19.907  4.180 0.0000000000
112049  -46.247  18.834  3.001 0.0000000000
112991  -47.188  19.636  2.909 0.0000000000
112063  -46.558  19.453  1.921 0.0000000000
112078  -46.784  19.842  1.048 0.0000000000
111008  -43.321  17.404  5.938 0.0000000000
111018  -43.617  17.507  5.185 0.0000000000
111041  -42.125  17.415  3.372 0.0000000000
116911  -43.059  24.179  9.705 0.0000000000
116910  -42.833  23.206  9.591 0.0000000000
117798  -42.947  23.918  8.994 0.0000000000
116926  -43.468  23.610  7.031 0.0000000000
116925  -43.176  23.167  7.601 0.0000000000
115965  -43.256  22.792  6.610 0.0000000000
115964  -42.915  22.014  6.436 0.0000000000
119573  -44.743  25.944  5.384 0.0000000000
116949  -43.497  23.427  4.010 0.0000000000
116941  -43.964  23.855  4.194 0.0000000000
115978  -43.240  22.743  4.423 0.0000000000
114927  -43.023  22.011  4.604 0.0000000000
114937  -42.229  21.559  4.328 0.0000000000
114946  -42.193  22.314  3.885 0.0000000000
115982  -41.213  21.938  3.674 0.0000000000
114944  -40.869  21.393  3.601 0.0000000000
113950  -40.460  20.863  3.615 0.0000000000
114925  -40.400  21.461  5.048 0.0000000000
115955  -40.882  22.306  6.717 0.0000000000
118698  -42.466  25.869  5.462 0.0000000000
117826  -42.296  24.953  5.703 0.0000000000
116924  -41.245  23.907  7.491 0.0000000000
115950  -41.114  23.287  7.591 0.0000000000
115949  -40.906  22.708  7.823 0.0000000000
122308  -42.937  29.440  6.727 0.0000000000
122307  -42.029  29.592  6.794 0.0000000000
122323  -41.185  29.645  5.901 0.0000000000
121406  -39.769  28.864  5.230 0.0000000000
104792  -42.925  11.694  13.237 0.0000000000
106756  -43.513  13.613  14.081 0.0000000000
117738  -52.128  24.343  15.146 0.0000000000
118618  -52.263  25.408  14.035 0.0000000000
118654  -51.521  25.827  11.424 0.0000000000
118641  -52.380  26.104  12.422 0.0000000000
120385  -52.172  26.935  12.094 0.0000000000
120392  -52.295  27.227  11.776 0.0000000000
107995  -51.199  15.442  -2.221 0.0000000000
107784  -37.898  14.657  23.203 0.0000000000
107768  -38.767  14.617  23.275 0.0000000000
101594  -50.803  8.203  14.892 0.0000000000
101605  -50.084  8.280  14.234 0.0000000000
99568  -38.550  6.814  17.058 0.0000000000
100556  -37.931  7.710  17.080 0.0000000000
105843  -51.055  11.848  7.522 0.0000000000
105866  -50.855  12.111  6.777 0.0000000000
109990  -47.386  16.752  7.679 0.0000000000
112023  -49.194  18.192  5.934 0.0000000000
111997  -49.437  18.855  7.513 0.0000000000
111998  -50.156  19.339  7.914 0.0000000000
109876  -48.438  16.990  20.765 0.0000000000
109894  -48.152  16.837  19.789 0.0000000000
109895  -48.960  17.295  19.831 0.0000000000
114874  -43.584  21.361  12.680 0.0000000000
114864  -43.850  20.977  13.130 0.0000000000
113882  -43.145  20.479  12.116 0.0000000000
112902  -43.441  19.838  11.796 0.0000000000
112910  -43.413  19.840  10.659 0.0000000000
112921  -42.866  19.448  9.439 0.0000000000
113910  -42.371  20.292  8.815 0.0000000000
123234  -46.486  30.198  3.843 0.0000000000
123233  -45.488  30.257  3.666 0.0000000000
122364  -44.164  29.195  3.127 0.0000000000
122363  -43.227  29.256  2.868 0.0000000000
121427  -42.565  28.758  2.879 0.0000000000
122352  -42.744  29.475  3.509 0.0000000000
103773  -45.944  10.178  9.394 0.0000000000
103792  -46.147  10.566  8.945 0.0000000000
106769  -44.716  13.427  11.848 0.0000000000
106777  -45.178  13.318  11.028 0.0000000000
107859  -45.617  14.021  10.840 0.0000000000
107860  -46.047  14.787  10.658 0.0000000000
115855  -50.320  22.210  19.638 0.0000000000
115874  -49.858  22.388  19.028 0.0000000000
115892  -49.364  22.783  17.367 0.0000000000
116874  -49.348  23.941  13.945 0.0000000000
116873  -48.475  23.811  14.062 0.0000000000
116871  -46.061  23.240  13.875 0.0000000000
117753  -46.696  23.920  13.412 0.0000000000
117781  -45.802  24.991  11.837 0.0000000000
117780  -44.695  24.722  11.391 0.0000000000
118649  -46.142  25.349  11.138 0.0000000000
118664  -46.521  25.796  10.475 0.0000000000
118676  -47.148  26.156  9.877 0.0000000000
119554  -50.390  27.183  8.198 0.0000000000
119553  -49.982  26.997  7.909 0.0000000000
120438  -50.668  27.889  7.033 0.0000000000
121397  -49.271  28.587  6.315 0.0000000000
121413  -49.067  29.095  5.816 0.0000000000
122331  -49.492  29.041  6.371 0.0000000000
122313  -48.766  29.415  6.745 0.0000000000
106743  -40.791  13.924  18.170 0.0000000000
106739  -40.899  13.949  18.782 0.0000000000
107773  -42.615  14.741  23.699 0.0000000000
107787  -42.651  14.515  22.915 0.0000000000
107774  -43.403  14.775  23.307 0.0000000000
107775  -44.024  14.679  23.084 0.0000000000
108842  -44.480  15.038  22.785 0.0000000000
108843  -45.267  15.640  23.176 0.0000000000
109841  -45.672  16.342  23.117 0.0000000000
113803  -44.861  20.220  20.147 0.0000000000
112834  -46.144  19.538  20.785 0.0000000000
113804  -45.610  20.474  20.322 0.0000000000
113805  -46.474  20.531  20.645 0.0000000000
113806  -47.150  20.906  20.911 0.0000000000
115841  -47.346  22.185  20.360 0.0000000000
115854  -47.608  22.637  19.972 0.0000000000
105846  -54.620  13.430  7.849 0.0000000000
102689  -51.673  9.479  11.806 0.0000000000
102710  -51.754  9.992  10.865 0.0000000000
102709  -51.342  10.010  10.430 0.0000000000
102697  -50.898  9.594  10.851 0.0000000000
102708  -50.629  9.625  10.355 0.0000000000
101663  -49.809  9.319  10.009 0.0000000000
101662  -49.399  9.094  10.031 0.0000000000
102706  -48.253  8.720  10.257 0.0000000000
101646  -47.983  8.289  10.576 0.0000000000
100619  -46.521  7.441  12.283 0.0000000000
100618  -45.552  7.565  12.225 0.0000000000
102688  -43.839  9.111  12.397 0.0000000000
101622  -43.710  8.779  12.738 0.0000000000
98585  -42.469  6.015  18.700 0.0000000000
99553  -43.672  6.372  18.804 0.0000000000
99575  -45.740  6.146  18.184 0.0000000000
99576  -46.694  6.084  18.102 0.0000000000
99604  -46.250  6.312  16.246 0.0000000000
102660  -40.698  9.510  15.284 0.0000000000
103718  -40.948  9.998  14.949 0.0000000000
104776  -39.891  11.566  15.518 0.0000000000
104770  -38.800  11.368  16.537 0.0000000000
106887  -53.895  14.132  1.409 0.0000000000
107959  -52.902  14.261  1.107 0.0000000000
107969  -52.769  14.500  0.461 0.0000000000
105863  -47.404  12.758  6.019 0.0000000000
105876  -47.858  12.843  5.389 0.0000000000
108985  -48.036  16.218  4.760 0.0000000000
108996  -47.960  15.497  4.480 0.0000000000
107944  -48.961  15.573  2.622 0.0000000000
107957  -50.681  15.064  1.025 0.0000000000
107956  -49.978  15.518  1.408 0.0000000000
109034  -50.207  16.028  0.877 0.0000000000
109044  -51.051  16.139  0.057 0.0000000000
110069  -51.347  16.597  -0.177 0.0000000000
110055  -51.000  17.089  0.232 0.0000000000
110041  -50.557  17.530  0.678 0.0000000000
111070  -50.735  18.108  0.398 0.0000000000
112052  -50.547  20.238  3.708 0.0000000000
113003  -49.982  20.964  1.923 0.0000000000
108896  -43.614  15.535  16.626 0.0000000000
108905  -44.024  15.260  16.011 0.0000000000
108907  -45.540  15.391  15.605 0.0000000000
108901  -48.465  15.811  15.920 0.0000000000
109932  -49.091  15.623  14.819 0.0000000000
108915  -48.881  15.357  14.348 0.0000000000
108923  -49.932  16.081  13.674 0.0000000000
109937  -49.706  16.310  13.159 0.0000000000
109942  -50.126  16.762  12.742 0.0000000000
112862  -47.777  19.485  18.285 0.0000000000
111887  -48.353  18.875  18.351 0.0000000000
111903  -47.564  18.218  17.054 0.0000000000
110915  -47.180  17.936  16.330 0.0000000000
110936  -46.820  17.769  13.867 0.0000000000
111936  -48.512  18.234  12.695 0.0000000000
111937  -49.841  18.527  12.585 0.0000000000
111951  -49.439  18.756  11.706 0.0000000000
112916  -50.510  19.594  10.007 0.0000000000
112928  -50.882  19.906  9.671 0.0000000000
112927  -50.186  20.083  9.869 0.0000000000
113902  -49.527  20.330  9.264 0.0000000000
113913  -49.010  20.662  8.501 0.0000000000
112959  -45.887  19.500  7.242 0.0000000000
112948  -46.436  20.014  7.507 0.0000000000
112960  -46.445  19.678  6.762 0.0000000000
112022  -47.179  19.381  5.236 0.0000000000
112035  -46.733  19.207  4.571 0.0000000000
112062  -45.473  18.957  2.009 0.0000000000
111006  -42.130  18.150  6.281 0.0000000000
111017  -42.760  17.555  5.296 0.0000000000
111016  -42.068  17.780  5.437 0.0000000000
117807  -43.236  23.956  8.396 0.0000000000
118692  -43.587  25.125  7.029 0.0000000000
117827  -43.876  24.245  6.231 0.0000000000
119588  -44.094  25.794  3.670 0.0000000000
118712  -44.261  25.073  4.183 0.0000000000
118718  -43.943  24.850  3.669 0.0000000000
116959  -43.567  24.104  3.533 0.0000000000
115984  -42.486  23.066  3.874 0.0000000000
115977  -41.417  22.732  4.240 0.0000000000
115970  -41.320  22.819  5.044 0.0000000000
117825  -41.863  24.854  6.468 0.0000000000
118691  -41.537  25.449  6.903 0.0000000000
116923  -40.801  24.105  7.951 0.0000000000
116916  -40.606  23.663  8.426 0.0000000000
117806  -40.457  24.714  8.261 0.0000000000
117805  -39.987  24.967  8.627 0.0000000000
103758  -44.347  10.443  10.897 0.0000000000
104814  -44.683  11.217  10.286 0.0000000000
104806  -44.173  11.404  11.122 0.0000000000
105788  -44.188  12.402  11.623 0.0000000000
105781  -43.630  12.279  12.619 0.0000000000
105782  -44.018  12.676  12.312 0.0000000000
106768  -44.306  12.967  12.092 0.0000000000
106765  -45.223  13.732  12.756 0.0000000000
106766  -45.948  14.023  13.141 0.0000000000
116861  -50.994  23.525  14.624 0.0000000000
116862  -51.830  23.952  14.590 0.0000000000
116875  -51.274  23.956  14.084 0.0000000000
117745  -50.113  23.817  14.149 0.0000000000
117756  -49.835  24.361  13.510 0.0000000000
118636  -48.608  25.221  12.146 0.0000000000
118651  -48.293  25.784  11.376 0.0000000000
119511  -49.716  26.361  10.116 0.0000000000
119527  -50.319  26.646  9.331 0.0000000000
119501  -51.039  26.202  10.817 0.0000000000
119512  -50.634  26.521  10.135 0.0000000000
119528  -51.165  26.908  9.457 0.0000000000
120416  -51.111  27.778  8.216 0.0000000000
120417  -51.631  27.843  8.765 0.0000000000
121360  -51.493  28.343  9.513 0.0000000000
105740  -39.878  12.815  21.380 0.0000000000
106734  -41.165  13.337  20.968 0.0000000000
106716  -41.287  14.205  23.268 0.0000000000
107770  -40.191  14.775  23.856 0.0000000000
107771  -40.934  14.743  23.761 0.0000000000
107772  -41.823  14.722  23.966 0.0000000000
101626  -50.562  8.662  12.283 0.0000000000
100630  -49.486  8.089  12.150 0.0000000000
99632  -47.705  6.996  12.913 0.0000000000
99630  -45.991  6.856  12.804 0.0000000000
98558  -42.365  5.314  20.480 0.0000000000
98557  -41.851  5.420  20.069 0.0000000000
98569  -41.428  5.413  19.460 0.0000000000
102651  -38.873  9.020  16.197 0.0000000000
102657  -38.529  9.932  16.025 0.0000000000
102650  -38.384  9.445  16.430 0.0000000000
101571  -37.397  8.541  17.266 0.0000000000
102641  -36.982  9.335  17.462 0.0000000000
103696  -36.775  9.799  17.775 0.0000000000
107892  -46.725  14.485  6.826 0.0000000000
108977  -46.827  15.194  6.585 0.0000000000
110003  -47.587  16.233  5.848 0.0000000000
112036  -49.416  18.544  4.299 0.0000000000
112037  -49.733  19.100  4.504 0.0000000000
112983  -50.431  19.735  4.662 0.0000000000
113955  -51.368  20.880  4.936 0.0000000000
114930  -51.062  21.279  5.328 0.0000000000
109891  -45.306  16.321  19.040 0.0000000000
109899  -45.785  16.461  18.272 0.0000000000
109910  -47.408  16.426  17.621 0.0000000000
109923  -49.520  16.286  16.661 0.0000000000
113853  -45.587  20.463  15.520 0.0000000000
112869  -45.619  19.548  15.878 0.0000000000
113852  -45.017  20.299  15.097 0.0000000000
112875  -44.683  19.829  14.339 0.0000000000
112876  -45.037  18.944  14.031 0.0000000000
113876  -44.129  20.147  13.207 0.0000000000
112884  -45.018  18.946  12.942 0.0000000000
111934  -45.892  18.594  12.222 0.0000000000
111961  -46.441  19.154  10.723 0.0000000000
112913  -47.063  19.801  10.294 0.0000000000
113890  -46.314  20.167  9.558 0.0000000000
112923  -44.862  19.476  9.610 0.0000000000
112935  -45.181  19.419  9.017 0.0000000000
112936  -45.641  19.603  8.583 0.0000000000
111996  -45.329  19.174  7.598 0.0000000000
112006  -43.370  17.591  6.444 0.0000000000
110998  -42.482  18.004  6.855 0.0000000000
112005  -42.123  18.487  6.761 0.0000000000
112945  -42.025  19.136  6.622 0.0000000000
113931  -42.218  20.204  6.117 0.0000000000
120451  -46.511  27.512  5.019 0.0000000000
119574  -45.425  26.692  5.321 0.0000000000
120450  -45.575  27.224  4.505 0.0000000000
121410  -45.331  27.534  3.971 0.0000000000
120459  -45.002  26.877  3.782 0.0000000000
120469  -44.414  26.981  3.489 0.0000000000
118710  -42.978  25.422  3.924 0.0000000000
118704  -43.029  25.796  4.620 0.0000000000
119571  -42.780  26.750  5.197 0.0000000000
120457  -42.467  27.969  3.657 0.0000000000
119561  -42.158  26.850  5.784 0.0000000000
119560  -41.258  26.902  5.819 0.0000000000
103811  -48.644  10.887  7.856 0.0000000000
104865  -47.261  11.429  7.311 0.0000000000
104844  -46.987  11.106  7.844 0.0000000000
104882  -46.790  12.594  7.045 0.0000000000
105842  -46.624  12.970  7.383 0.0000000000
104826  -44.877  11.477  10.003 0.0000000000
106809  -46.266  13.647  7.868 0.0000000000
107883  -46.398  14.533  7.640 0.0000000000
108962  -46.563  15.497  8.312 0.0000000000
109983  -46.695  15.968  8.967 0.0000000000
109984  -47.204  16.534  8.769 0.0000000000
110983  -47.938  17.389  9.471 0.0000000000
111847  -50.694  18.818  21.756 0.0000000000
111846  -50.338  18.503  21.419 0.0000000000
112837  -50.402  19.587  21.124 0.0000000000
112850  -49.197  19.339  20.117 0.0000000000
114816  -49.678  21.438  19.717 0.0000000000
114815  -48.834  20.968  19.455 0.0000000000
113837  -48.015  20.331  18.574 0.0000000000
113843  -47.341  20.334  18.036 0.0000000000
113849  -47.032  20.753  17.357 0.0000000000
114845  -46.560  21.034  16.175 0.0000000000
116843  -49.651  23.280  17.022 0.0000000000
115897  -49.146  22.870  16.686 0.0000000000
115896  -48.505  22.645  16.149 0.0000000000
116847  -48.559  22.975  15.660 0.0000000000
115890  -47.949  22.227  16.504 0.0000000000
114851  -46.927  21.956  15.945 0.0000000000
114849  -45.566  21.065  15.173 0.0000000000
114856  -45.234  21.485  14.587 0.0000000000
114866  -44.842  21.911  14.005 0.0000000000
116870  -44.952  22.877  13.425 0.0000000000
115924  -44.143  22.293  13.202 0.0000000000
115923  -43.744  22.264  12.701 0.0000000000
115931  -43.300  22.170  12.118 0.0000000000
116893  -42.606  22.647  11.220 0.0000000000
115937  -42.477  22.135  10.806 0.0000000000
116903  -43.090  23.797  10.558 0.0000000000
117791  -44.523  25.107  10.577 0.0000000000
118662  -44.461  25.248  10.156 0.0000000000
118673  -44.355  25.465  9.329 0.0000000000
118685  -44.673  26.016  8.159 0.0000000000
119535  -45.453  26.479  7.994 0.0000000000
119550  -45.898  26.630  7.130 0.0000000000
118666  -47.990  26.224  10.401 0.0000000000
120415  -48.535  26.997  7.967 0.0000000000
119537  -47.141  27.146  7.989 0.0000000000
120422  -47.445  27.381  7.010 0.0000000000
119551  -46.666  27.066  7.089 0.0000000000
119564  -46.274  27.043  6.250 0.0000000000
120462  -47.633  28.095  4.607 0.0000000000
121422  -47.397  28.550  4.048 0.0000000000
123244  -47.765  29.917  3.872 0.0000000000
122347  -48.713  29.553  5.175 0.0000000000
123226  -48.184  30.228  4.494 0.0000000000
123235  -47.461  30.139  3.988 0.0000000000
122344  -45.830  30.252  5.279 0.0000000000
122327  -45.400  29.620  5.915 0.0000000000
105764  -41.407  12.668  15.354 0.0000000000
107827  -42.041  14.331  15.860 0.0000000000
107817  -41.457  14.387  17.738 0.0000000000
107818  -42.258  14.917  17.379 0.0000000000
108895  -42.971  15.348  17.163 0.0000000000
108888  -43.648  15.717  17.514 0.0000000000
108885  -44.270  15.866  18.048 0.0000000000
107798  -42.554  14.476  21.875 0.0000000000
107805  -43.189  14.516  20.881 0.0000000000
108879  -42.896  14.960  20.171 0.0000000000
108880  -43.585  15.481  19.837 0.0000000000
109874  -46.386  16.391  20.773 0.0000000000
109857  -48.196  16.597  21.769 0.0000000000
109844  -48.569  17.090  22.086 0.0000000000
110873  -49.173  17.661  21.873 0.0000000000
110870  -44.639  17.520  21.805 0.0000000000
110871  -45.644  17.709  21.967 0.0000000000
110872  -46.404  18.017  21.983 0.0000000000
112824  -46.470  19.094  21.297 0.0000000000
111844  -46.778  18.673  21.648 0.0000000000
111833  -47.165  18.119  22.252 0.0000000000
111834  -48.211  18.671  22.248 0.0000000000
111835  -49.300  18.719  22.252 0.0000000000
111836  -50.170  18.775  22.437 0.0000000000
112819  -50.451  19.534  22.264 0.0000000000
113799  -50.515  20.348  21.943 0.0000000000
114793  -50.380  21.279  21.572 0.0000000000
115831  -49.095  22.194  21.212 0.0000000000
115844  -50.242  22.218  20.808 0.0000000000
115856  -50.504  22.335  20.017 0.0000000000
116824  -49.919  23.334  18.606 0.0000000000
117710  -49.871  23.756  17.793 0.0000000000
104845  -49.986  11.018  8.101 0.0000000000
104829  -52.552  11.290  9.715 0.0000000000
104828  -51.823  11.159  9.375 0.0000000000
103760  -51.663  10.427  10.097 0.0000000000
103797  -50.706  10.863  8.906 0.0000000000
103796  -50.153  10.637  8.583 0.0000000000
103795  -49.318  10.513  8.342 0.0000000000
102742  -47.802  9.869  8.881 0.0000000000
102720  -45.852  9.982  9.634 0.0000000000
100642  -48.844  8.168  11.221 0.0000000000
101645  -47.033  8.318  10.682 0.0000000000
101634  -46.348  8.100  11.134 0.0000000000
101644  -46.046  8.632  10.602 0.0000000000
103751  -43.431  11.009  12.054 0.0000000000
103737  -42.933  11.243  12.966 0.0000000000
105768  -41.884  12.348  14.668 0.0000000000
100573  -49.246  7.724  16.630 0.0000000000
100513  -46.746  7.389  21.764 0.0000000000
100514  -47.322  7.578  21.197 0.0000000000
100527  -47.552  7.550  20.261 0.0000000000
98559  -43.131  5.579  20.642 0.0000000000
98572  -43.619  5.714  20.213 0.0000000000
100537  -47.848  7.559  19.523 0.0000000000
100549  -48.500  7.317  18.745 0.0000000000
99558  -48.196  7.097  18.414 0.0000000000
99577  -47.613  6.477  18.126 0.0000000000
100558  -48.014  6.819  17.933 0.0000000000
100559  -48.503  7.045  17.936 0.0000000000
100572  -48.463  7.472  17.086 0.0000000000
100609  -47.057  6.483  14.915 0.0000000000
99621  -44.344  7.082  13.568 0.0000000000
99600  -42.150  7.067  15.376 0.0000000000
99613  -42.948  7.132  14.689 0.0000000000
100594  -43.352  7.640  13.933 0.0000000000
104785  -41.903  11.539  14.341 0.0000000000
105760  -40.799  13.044  16.148 0.0000000000
105762  -39.707  12.239  16.030 0.0000000000
105759  -40.094  12.782  16.712 0.0000000000
106747  -40.225  13.177  17.208 0.0000000000
106737  -39.718  13.112  18.393 0.0000000000
106732  -39.819  13.081  19.299 0.0000000000
103707  -38.355  10.591  16.438 0.0000000000
105746  -39.894  12.853  20.923 0.0000000000
105731  -39.152  12.613  22.508 0.0000000000
105725  -39.017  12.912  23.005 0.0000000000
105730  -38.340  12.217  22.017 0.0000000000
105724  -38.394  12.865  22.777 0.0000000000
106712  -37.712  13.690  23.062 0.0000000000
105921  -53.109  12.730  0.005 0.0000000000
105922  -53.867  13.435  0.106 0.0000000000
105931  -52.620  13.150  -0.670 0.0000000000
106903  -52.323  13.416  -0.910 0.0000000000
106915  -52.604  14.433  -1.250 0.0000000000
104895  -48.361  12.221  5.781 0.0000000000
106848  -47.754  14.162  4.811 0.0000000000
107917  -48.267  14.892  3.955 0.0000000000
107947  -51.374  14.138  1.957 0.0000000000
107968  -51.765  14.773  0.242 0.0000000000
107990  -52.721  14.821  -1.207 0.0000000000
107989  -52.404  14.892  -1.636 0.0000000000
109060  -51.676  15.566  -2.142 0.0000000000
109068  -51.576  15.964  -2.239 0.0000000000
110070  -51.634  16.987  -0.622 0.0000000000
110078  -51.633  16.932  -1.651 0.0000000000
110084  -51.341  16.591  -2.227 0.0000000000
110076  -50.621  17.256  -1.953 0.0000000000
111056  -50.363  18.194  1.791 0.0000000000
111057  -50.624  18.611  0.929 0.0000000000
112079  -51.374  19.243  0.374 0.0000000000
112096  -51.296  19.119  -0.447 0.0000000000
112110  -50.934  18.944  -0.709 0.0000000000
106755  -42.716  13.645  14.679 0.0000000000
106757  -44.220  14.011  14.086 0.0000000000
107829  -43.831  15.014  15.195 0.0000000000
107835  -44.089  14.457  14.488 0.0000000000
107840  -45.258  14.184  13.864 0.0000000000
106762  -45.972  14.196  13.470 0.0000000000
108890  -45.782  16.281  16.913 0.0000000000
108908  -46.540  15.331  15.344 0.0000000000
107832  -46.267  14.893  14.702 0.0000000000
107838  -46.419  14.776  14.163 0.0000000000
107842  -46.483  14.638  13.439 0.0000000000
107847  -46.691  15.002  12.508 0.0000000000
108935  -47.600  16.067  11.374 0.0000000000
108929  -48.440  16.115  12.201 0.0000000000
108936  -48.345  16.382  11.656 0.0000000000
110974  -48.685  17.372  10.113 0.0000000000
111876  -50.356  18.000  19.421 0.0000000000
110908  -50.512  17.813  18.682 0.0000000000
111896  -49.843  18.252  18.179 0.0000000000
110910  -50.261  17.702  17.880 0.0000000000
110924  -50.443  17.370  15.329 0.0000000000
111901  -45.858  18.893  16.202 0.0000000000
110920  -46.757  17.943  15.687 0.0000000000
110921  -47.712  17.780  15.567 0.0000000000
110937  -47.701  17.655  13.912 0.0000000000
110929  -48.271  17.711  14.689 0.0000000000
110922  -48.909  17.632  15.564 0.0000000000
110932  -51.033  17.629  14.262 0.0000000000
110941  -51.159  17.471  13.481 0.0000000000
110951  -51.214  17.519  12.580 0.0000000000
109955  -50.668  17.211  12.344 0.0000000000
111966  -51.597  18.647  11.627 0.0000000000
110965  -51.746  18.243  11.495 0.0000000000
110963  -50.366  17.434  11.256 0.0000000000
110992  -49.938  18.640  8.574 0.0000000000
112938  -50.580  19.521  8.200 0.0000000000
112929  -50.983  19.899  9.214 0.0000000000
114919  -50.708  21.105  6.155 0.0000000000
114929  -50.210  21.417  5.562 0.0000000000
113922  -46.984  20.348  7.404 0.0000000000
113924  -48.832  21.009  7.510 0.0000000000
113944  -50.031  21.538  4.941 0.0000000000
112019  -44.486  17.620  4.956 0.0000000000
111043  -44.211  17.828  3.578 0.0000000000
111028  -42.921  17.501  4.332 0.0000000000
111042  -43.240  17.630  3.281 0.0000000000
115944  -42.349  22.220  9.932 0.0000000000
116918  -42.941  23.238  8.386 0.0000000000
114906  -42.718  21.273  7.115 0.0000000000
114916  -42.718  21.312  6.180 0.0000000000
113941  -42.392  20.808  5.800 0.0000000000
117828  -44.272  24.507  5.560 0.0000000000
117838  -44.237  24.282  4.724 0.0000000000
115972  -43.240  22.426  5.465 0.0000000000
114926  -42.806  21.487  5.270 0.0000000000
113951  -41.691  20.594  4.590 0.0000000000
113961  -41.191  20.603  3.803 0.0000000000
114945  -41.380  21.552  3.713 0.0000000000
113959  -39.836  20.068  2.793 0.0000000000
114924  -39.809  20.955  5.421 0.0000000000
116939  -42.359  24.083  5.096 0.0000000000
116938  -41.850  23.471  5.540 0.0000000000
115963  -41.411  22.878  6.100 0.0000000000
116930  -41.692  23.845  6.581 0.0000000000
115943  -40.391  22.693  8.729 0.0000000000
121359  -50.715  28.700  9.283 0.0000000000
121384  -48.414  29.040  7.447 0.0000000000
121383  -47.258  28.797  7.383 0.0000000000
121394  -46.593  29.014  6.794 0.0000000000
122311  -45.925  29.312  6.633 0.0000000000
121381  -44.920  29.021  7.672 0.0000000000
122326  -44.306  29.611  5.837 0.0000000000
122325  -43.146  29.610  5.721 0.0000000000
122340  -41.361  29.234  5.287 0.0000000000
121407  -40.645  28.726  5.134 0.0000000000
120445  -39.993  28.136  5.294 0.0000000000
119568  -39.682  27.729  5.431 0.0000000000
98588  -46.500  6.331  18.470 0.0000000000
98601  -46.022  6.543  18.517 0.0000000000
98602  -46.230  6.218  18.409 0.0000000000
99539  -43.010  5.722  19.685 0.0000000000
99579  -49.546  7.182  17.744 0.0000000000
99580  -49.751  7.291  17.548 0.0000000000
100548  -48.117  7.481  19.109 0.0000000000
100595  -43.936  7.312  13.598 0.0000000000
100641  -48.404  7.964  11.111 0.0000000000
101593  -50.289  7.923  14.870 0.0000000000
102707  -50.129  9.499  10.021 0.0000000000
102744  -49.418  9.989  8.813 0.0000000000
103744  -43.129  10.807  12.636 0.0000000000
106701  -38.457  14.091  23.288 0.0000000000
106702  -39.203  14.051  23.289 0.0000000000
106704  -40.403  14.478  23.715 0.0000000000
106726  -39.880  12.796  21.630 0.0000000000
106727  -40.394  13.026  21.469 0.0000000000
106914  -51.939  13.868  -1.432 0.0000000000
107769  -39.516  14.680  23.539 0.0000000000
107785  -41.327  14.431  23.589 0.0000000000
107789  -44.063  14.709  22.758 0.0000000000
107799  -43.206  14.603  21.423 0.0000000000
107813  -40.986  13.929  19.237 0.0000000000
108827  -43.206  15.133  23.577 0.0000000000
108828  -44.155  15.270  23.306 0.0000000000
108844  -46.010  16.016  23.067 0.0000000000
108870  -43.088  14.645  20.649 0.0000000000
108889  -44.080  16.075  17.521 0.0000000000
108891  -46.038  16.033  16.753 0.0000000000
108897  -44.443  15.696  16.420 0.0000000000
108911  -49.191  15.953  15.289 0.0000000000
108924  -50.336  16.345  13.788 0.0000000000
109043  -50.678  16.310  0.485 0.0000000000
109058  -49.378  15.775  -1.613 0.0000000000
109067  -50.808  16.061  -2.357 0.0000000000
109840  -44.757  16.391  23.150 0.0000000000
109878  -49.466  17.762  20.644 0.0000000000
109904  -50.348  17.609  18.789 0.0000000000
109906  -43.951  16.210  17.194 0.0000000000
109918  -44.097  16.203  16.809 0.0000000000
109933  -49.452  15.952  14.777 0.0000000000
109943  -50.682  17.070  13.088 0.0000000000
110077  -51.165  17.300  -2.119 0.0000000000
110085  -51.777  16.239  -2.056 0.0000000000
110862  -49.755  18.007  22.288 0.0000000000
110863  -50.273  18.371  22.139 0.0000000000
110875  -50.459  18.473  21.868 0.0000000000
110883  -44.005  17.598  20.768 0.0000000000
110902  -50.109  17.837  19.549 0.0000000000
110903  -50.470  17.853  19.144 0.0000000000
110907  -50.405  17.665  19.021 0.0000000000
110914  -46.609  18.151  16.197 0.0000000000
110933  -51.423  17.858  13.754 0.0000000000
110940  -50.697  18.337  13.850 0.0000000000
110950  -49.870  18.479  13.147 0.0000000000
110964  -51.127  17.601  11.492 0.0000000000
110977  -51.547  18.527  11.333 0.0000000000
110997  -42.261  18.245  6.837 0.0000000000
111030  -44.479  17.740  4.068 0.0000000000
111032  -49.355  18.505  4.534 0.0000000000
111084  -51.381  17.536  -0.635 0.0000000000
111106  -50.999  17.770  -2.022 0.0000000000
111837  -50.665  18.846  22.159 0.0000000000
111855  -50.228  18.779  20.841 0.0000000000
111856  -50.560  19.010  21.390 0.0000000000
111890  -50.448  18.088  19.097 0.0000000000
111893  -47.091  18.800  17.359 0.0000000000
111895  -48.920  18.367  17.968 0.0000000000
111897  -50.404  18.066  18.402 0.0000000000
111908  -45.797  18.850  15.497 0.0000000000
111909  -46.197  18.376  15.964 0.0000000000
111913  -51.015  18.358  13.863 0.0000000000
111915  -51.506  17.973  14.014 0.0000000000
111920  -47.338  17.868  13.208 0.0000000000
111924  -51.249  18.386  13.408 0.0000000000
111925  -51.463  18.109  13.564 0.0000000000
111938  -50.717  18.776  12.588 0.0000000000
111940  -51.456  18.249  12.802 0.0000000000
111953  -51.287  18.849  12.014 0.0000000000
111954  -51.682  18.497  12.100 0.0000000000
111965  -51.264  18.823  11.351 0.0000000000
111984  -45.392  19.394  8.124 0.0000000000
111992  -42.000  18.866  6.873 0.0000000000
112004  -42.006  18.780  6.340 0.0000000000
112013  -50.662  19.697  6.670 0.0000000000
112032  -44.482  17.694  4.409 0.0000000000
112038  -50.394  19.778  4.111 0.0000000000
112050  -49.551  18.594  3.973 0.0000000000
112817  -48.846  19.650  22.434 0.0000000000
112836  -49.906  19.434  20.577 0.0000000000
112849  -48.724  19.391  19.457 0.0000000000
112866  -47.210  19.460  17.718 0.0000000000
112872  -44.809  20.042  14.826 0.0000000000
112925  -46.144  19.998  8.885 0.0000000000
112947  -45.817  19.620  7.900 0.0000000000
112949  -46.924  20.189  7.015 0.0000000000
112950  -50.694  19.724  7.657 0.0000000000
112957  -42.051  19.519  6.109 0.0000000000
112958  -42.249  19.902  6.486 0.0000000000
112995  -50.897  20.775  3.703 0.0000000000
113028  -51.292  19.836  -0.058 0.0000000000
113037  -50.628  19.403  -0.435 0.0000000000
113788  -48.949  20.380  22.385 0.0000000000
113790  -50.237  20.290  22.350 0.0000000000
113796  -47.659  20.584  21.514 0.0000000000
113797  -48.545  20.602  21.940 0.0000000000
113821  -49.638  20.353  20.300 0.0000000000
113838  -48.496  20.341  19.181 0.0000000000
113854  -46.233  20.667  15.953 0.0000000000
113866  -44.085  20.691  13.298 0.0000000000
113875  -43.674  20.430  12.823 0.0000000000
113892  -47.564  19.961  9.841 0.0000000000
113904  -50.860  20.059  9.329 0.0000000000
113963  -50.671  21.239  3.748 0.0000000000
113973  -50.952  20.413  1.237 0.0000000000
113978  -50.778  20.366  1.112 0.0000000000
113979  -50.858  20.250  0.763 0.0000000000
113984  -50.624  20.305  0.650 0.0000000000
114783  -50.147  20.838  22.368 0.0000000000
114784  -50.408  20.920  22.200 0.0000000000
114791  -48.981  21.478  21.547 0.0000000000
114801  -47.901  21.569  21.030 0.0000000000
114802  -48.617  22.017  21.171 0.0000000000
114817  -50.500  21.876  19.943 0.0000000000
114857  -45.985  21.818  14.823 0.0000000000
114875  -43.963  21.834  13.015 0.0000000000
114908  -50.067  21.218  7.281 0.0000000000
114917  -49.467  21.350  6.904 0.0000000000
114928  -49.529  21.352  6.105 0.0000000000
114939  -50.619  21.509  4.827 0.0000000000
114940  -51.119  21.289  4.584 0.0000000000
114947  -42.589  22.714  3.953 0.0000000000
114948  -50.769  21.438  4.290 0.0000000000
114949  -51.021  21.301  4.138 0.0000000000
115832  -49.752  22.008  21.440 0.0000000000
115833  -50.136  21.752  21.519 0.0000000000
115840  -46.600  22.171  20.156 0.0000000000
115852  -46.155  22.296  19.565 0.0000000000
115873  -49.327  22.199  18.545 0.0000000000
115905  -48.088  22.693  15.538 0.0000000000
115913  -44.622  22.285  13.646 0.0000000000
115930  -42.876  22.147  11.452 0.0000000000
115958  -43.292  22.954  7.219 0.0000000000
115985  -42.987  22.972  3.822 0.0000000000
116798  -49.455  22.926  20.253 0.0000000000
116857  -46.372  22.800  14.423 0.0000000000
116869  -44.400  22.681  13.310 0.0000000000
116919  -43.270  23.660  7.843 0.0000000000
116950  -43.760  23.928  3.716 0.0000000000
117746  -50.664  23.932  13.930 0.0000000000
117817  -43.536  24.456  6.897 0.0000000000
117837  -43.971  23.960  5.471 0.0000000000
117854  -43.471  24.460  3.541 0.0000000000
117855  -43.809  24.320  3.657 0.0000000000
118605  -51.924  24.820  15.352 0.0000000000
118617  -52.231  25.450  13.793 0.0000000000
118629  -52.434  25.982  12.755 0.0000000000
118639  -51.243  25.356  11.975 0.0000000000
118640  -52.124  25.719  12.200 0.0000000000
118648  -45.450  25.189  11.200 0.0000000000
118677  -47.626  26.203  10.091 0.0000000000
118699  -43.778  24.760  6.566 0.0000000000
118705  -43.216  26.274  4.355 0.0000000000
119472  -52.179  25.600  14.013 0.0000000000
119492  -52.285  26.488  12.180 0.0000000000
119499  -49.272  26.128  10.841 0.0000000000
119502  -51.825  26.326  10.932 0.0000000000
119503  -52.196  26.587  11.461 0.0000000000
119504  -52.338  27.011  11.333 0.0000000000
119514  -52.170  27.081  10.585 0.0000000000
119538  -48.003  26.933  8.468 0.0000000000
119541  -50.926  27.238  8.620 0.0000000000
119542  -51.522  27.280  9.044 0.0000000000
119552  -49.526  27.075  7.737 0.0000000000
119569  -40.131  27.341  5.453 0.0000000000
119575  -45.877  27.076  5.756 0.0000000000
119580  -43.166  26.704  4.072 0.0000000000
119586  -43.320  27.475  3.498 0.0000000000
120391  -52.219  26.791  11.880 0.0000000000
120400  -52.409  27.342  11.116 0.0000000000
120413  -47.705  27.322  7.455 0.0000000000
120414  -48.088  27.240  7.751 0.0000000000
120426  -50.685  27.631  7.753 0.0000000000
120432  -41.519  27.476  5.454 0.0000000000
120434  -47.060  27.536  6.186 0.0000000000
120439  -51.065  27.962  7.135 0.0000000000
120449  -45.284  27.098  4.035 0.0000000000
120460  -45.193  26.671  4.439 0.0000000000
121385  -49.248  29.209  7.314 0.0000000000
121386  -50.558  28.352  7.152 0.0000000000
121387  -50.851  28.258  7.248 0.0000000000
121398  -50.261  28.359  6.969 0.0000000000
121409  -45.132  27.299  3.799 0.0000000000
121411  -45.871  27.694  4.168 0.0000000000
121419  -44.925  27.578  3.685 0.0000000000
121432  -47.822  29.129  3.670 0.0000000000
121433  -48.211  29.313  3.922 0.0000000000
122294  -43.532  29.281  7.553 0.0000000000
122315  -50.303  28.549  7.197 0.0000000000
122316  -50.669  28.395  7.345 0.0000000000
122348  -48.997  29.304  5.837 0.0000000000
122354  -44.682  29.850  3.324 0.0000000000
122355  -46.563  30.004  3.732 0.0000000000
122357  -48.183  29.774  4.013 0.0000000000
122358  -48.310  29.635  4.199 0.0000000000
122366  -46.374  29.704  3.611 0.0000000000
122367  -47.323  29.686  3.747 0.0000000000
122368  -48.040  29.663  3.836 0.0000000000
122369  -48.219  29.555  3.971 0.0000000000
123227  -48.425  29.938  4.387 0.0000000000
123236  -48.123  29.995  4.068 0.0000000000
123237  -48.317  29.882  4.185 0.0000000000
123242  -45.955  29.950  3.606 0.0000000000
123243  -46.246  29.998  3.680 0.0000000000
123245  -48.000  29.895  3.890 0.0000000000
