#!ascii label  , from subject 3107 vox2ras=TkReg
1567
45692  8.715  -42.505  46.636 0.0000000000
82021  44.863  -12.272  21.853 0.0000000000
56824  28.697  -33.929  34.808 0.0000000000
60760  39.364  -31.650  37.215 0.0000000000
54464  20.616  -36.102  37.356 0.0000000000
49735  17.234  -40.928  47.128 0.0000000000
84545  57.202  -10.419  15.149 0.0000000000
84395  54.789  -11.316  24.638 0.0000000000
69213  41.422  -23.397  29.073 0.0000000000
94473  58.600  -1.149  11.925 0.0000000000
52164  28.126  -38.387  41.156 0.0000000000
48442  12.619  -41.192  46.507 0.0000000000
83264  56.339  -10.807  19.750 0.0000000000
84441  51.577  -11.289  19.438 0.0000000000
78692  45.021  -14.415  26.526 0.0000000000
81933  48.872  -11.918  28.230 0.0000000000
77657  41.826  -16.353  25.770 0.0000000000
63301  35.283  -29.210  31.657 0.0000000000
59460  33.891  -32.863  35.450 0.0000000000
53301  23.338  -37.565  42.532 0.0000000000
49730  22.718  -39.867  47.570 0.0000000000
51012  18.666  -39.434  41.998 0.0000000000
49845  13.684  -40.138  41.266 0.0000000000
56808  24.536  -34.596  36.204 0.0000000000
86726  61.614  -8.260  16.219 0.0000000000
83259  60.861  -10.576  19.233 0.0000000000
81989  49.374  -11.499  23.714 0.0000000000
73629  43.657  -19.632  30.963 0.0000000000
63297  41.069  -28.947  32.194 0.0000000000
86788  60.688  -7.675  11.845 0.0000000000
91228  63.625  -4.204  13.502 0.0000000000
91260  61.681  -3.106  9.306 0.0000000000
50988  27.660  -38.522  43.941 0.0000000000
48444  11.050  -41.432  46.588 0.0000000000
49684  12.096  -40.882  50.548 0.0000000000
49686  10.568  -41.653  50.101 0.0000000000
84486  51.757  -10.881  17.459 0.0000000000
78651  45.264  -15.284  29.380 0.0000000000
79690  46.953  -14.108  30.200 0.0000000000
46986  3.409  -42.459  50.409 0.0000000000
78739  41.537  -14.734  23.599 0.0000000000
59516  29.750  -31.333  31.894 0.0000000000
60823  32.184  -31.111  32.713 0.0000000000
58117  31.740  -33.165  34.876 0.0000000000
53356  21.626  -36.963  39.569 0.0000000000
51009  21.405  -38.676  42.272 0.0000000000
53358  19.672  -37.902  39.896 0.0000000000
55615  22.747  -35.412  36.911 0.0000000000
54440  23.614  -36.163  38.934 0.0000000000
49733  19.490  -40.632  47.227 0.0000000000
84505  60.297  -9.567  16.536 0.0000000000
85598  61.527  -9.418  17.705 0.0000000000
84483  59.191  -10.620  18.419 0.0000000000
83189  55.853  -10.960  22.677 0.0000000000
84429  58.503  -11.238  22.188 0.0000000000
83247  45.652  -11.316  20.478 0.0000000000
83244  48.295  -10.940  20.745 0.0000000000
82005  47.707  -11.837  23.289 0.0000000000
72610  40.599  -20.052  27.294 0.0000000000
74699  40.813  -18.342  28.343 0.0000000000
71471  42.802  -21.616  30.187 0.0000000000
60809  37.317  -31.374  34.442 0.0000000000
64464  38.442  -29.296  32.135 0.0000000000
62032  40.137  -30.372  35.040 0.0000000000
84569  56.448  -9.730  13.310 0.0000000000
86791  58.248  -8.150  11.743 0.0000000000
85667  59.163  -9.421  13.799 0.0000000000
86768  61.310  -8.264  14.085 0.0000000000
93393  60.800  -1.363  8.973 0.0000000000
96845  60.380  -0.477  11.269 0.0000000000
91244  63.251  -3.225  11.687 0.0000000000
92251  61.219  -2.118  12.603 0.0000000000
53415  28.789  -36.814  37.523 0.0000000000
54478  31.286  -36.222  37.116 0.0000000000
52184  31.239  -38.836  39.867 0.0000000000
49759  14.770  -40.612  46.741 0.0000000000
48355  16.898  -41.572  50.208 0.0000000000
48379  14.669  -40.718  50.127 0.0000000000
84529  54.512  -10.328  15.839 0.0000000000
83307  56.940  -10.727  18.046 0.0000000000
83310  54.045  -10.844  17.139 0.0000000000
83239  53.277  -10.928  19.972 0.0000000000
83192  52.852  -10.985  22.151 0.0000000000
80942  44.567  -13.214  23.835 0.0000000000
81976  47.333  -12.379  25.425 0.0000000000
80879  46.996  -13.428  27.449 0.0000000000
68115  39.557  -24.319  28.142 0.0000000000
61966  41.499  -31.183  37.606 0.0000000000
47024  6.661  -42.967  46.454 0.0000000000
48384  8.070  -41.985  50.258 0.0000000000
46971  5.584  -42.694  50.141 0.0000000000
80962  43.014  -12.879  22.281 0.0000000000
79782  43.143  -14.315  24.191 0.0000000000
77655  43.527  -15.380  25.977 0.0000000000
77627  43.233  -16.539  28.516 0.0000000000
63319  32.333  -28.613  31.354 0.0000000000
62060  34.615  -30.782  33.251 0.0000000000
59442  36.445  -32.867  36.374 0.0000000000
56770  33.728  -35.142  37.458 0.0000000000
58055  36.181  -34.425  38.870 0.0000000000
52105  25.251  -38.187  45.275 0.0000000000
50928  24.451  -39.290  47.500 0.0000000000
50959  22.722  -38.716  44.985 0.0000000000
49774  20.691  -40.039  45.230 0.0000000000
49799  18.007  -40.506  44.124 0.0000000000
52210  17.038  -38.525  39.077 0.0000000000
51015  15.872  -39.636  41.671 0.0000000000
49802  14.954  -40.445  44.490 0.0000000000
49823  13.417  -40.994  43.994 0.0000000000
48507  10.893  -41.508  43.475 0.0000000000
47058  8.543  -41.900  43.918 0.0000000000
60826  27.181  -32.151  32.167 0.0000000000
59505  24.989  -32.303  32.975 0.0000000000
56826  26.820  -34.678  34.775 0.0000000000
53393  26.389  -37.085  38.688 0.0000000000
53315  25.375  -37.673  42.245 0.0000000000
82067  60.641  -11.270  17.784 0.0000000000
83261  59.129  -10.806  20.138 0.0000000000
84462  48.612  -10.631  19.296 0.0000000000
83217  50.381  -11.096  21.451 0.0000000000
83160  52.653  -11.265  23.977 0.0000000000
83135  48.891  -11.548  26.135 0.0000000000
84369  51.602  -10.301  26.418 0.0000000000
76657  39.903  -17.090  26.904 0.0000000000
76613  42.322  -17.409  29.157 0.0000000000
75634  44.095  -17.967  31.555 0.0000000000
65711  39.303  -26.881  30.036 0.0000000000
66947  41.113  -26.253  31.021 0.0000000000
62006  42.655  -30.826  36.101 0.0000000000
63268  43.491  -27.998  33.330 0.0000000000
68070  43.177  -24.688  31.757 0.0000000000
70321  44.284  -23.153  32.900 0.0000000000
72531  45.402  -20.840  34.126 0.0000000000
90229  60.280  -4.072  11.709 0.0000000000
89074  61.856  -5.346  12.431 0.0000000000
89035  62.736  -6.376  14.607 0.0000000000
50972  28.581  -38.856  44.735 0.0000000000
48445  10.153  -41.742  46.822 0.0000000000
48403  10.692  -41.796  48.612 0.0000000000
48404  10.064  -42.045  48.797 0.0000000000
77606  45.075  -15.985  29.933 0.0000000000
78632  46.078  -14.995  30.914 0.0000000000
47000  2.558  -42.133  49.208 0.0000000000
58152  29.377  -32.478  33.104 0.0000000000
58135  31.010  -32.852  33.902 0.0000000000
56822  30.719  -33.932  35.021 0.0000000000
53374  21.217  -36.691  38.426 0.0000000000
53357  20.429  -37.606  40.146 0.0000000000
53397  19.517  -36.878  38.097 0.0000000000
56831  22.129  -34.718  35.260 0.0000000000
54463  21.622  -36.186  37.616 0.0000000000
54462  22.377  -35.927  38.108 0.0000000000
49734  18.366  -40.917  47.279 0.0000000000
48397  18.301  -40.962  48.289 0.0000000000
84525  59.290  -9.923  15.815 0.0000000000
84506  59.107  -9.927  17.079 0.0000000000
83172  55.488  -11.027  23.407 0.0000000000
84420  56.255  -11.195  23.246 0.0000000000
83223  45.190  -11.423  21.168 0.0000000000
82034  46.642  -11.376  21.829 0.0000000000
82020  45.990  -11.655  22.234 0.0000000000
70392  39.999  -22.516  27.734 0.0000000000
71489  41.007  -21.477  28.320 0.0000000000
72592  41.552  -20.582  28.380 0.0000000000
70372  41.768  -22.418  29.272 0.0000000000
60792  38.050  -31.745  35.361 0.0000000000
60807  38.964  -30.859  34.669 0.0000000000
62009  39.741  -31.085  35.788 0.0000000000
84560  56.307  -10.263  14.179 0.0000000000
84559  57.404  -9.904  14.065 0.0000000000
84544  58.409  -10.204  14.922 0.0000000000
84543  59.417  -9.588  14.703 0.0000000000
94488  59.435  -0.590  11.104 0.0000000000
94472  59.719  -0.933  12.046 0.0000000000
94464  60.581  -1.268  12.156 0.0000000000
93364  60.063  -2.058  12.380 0.0000000000
52227  28.290  -37.835  38.540 0.0000000000
53367  30.019  -37.689  38.498 0.0000000000
52186  28.966  -38.571  40.054 0.0000000000
49760  14.072  -40.949  47.026 0.0000000000
49697  14.785  -40.615  49.318 0.0000000000
49739  13.804  -40.694  47.999 0.0000000000
49673  12.080  -41.116  51.857 0.0000000000
48329  13.258  -40.789  52.226 0.0000000000
84530  53.710  -10.210  15.799 0.0000000000
83322  54.117  -10.579  16.341 0.0000000000
84509  53.479  -10.658  16.384 0.0000000000
84459  51.685  -11.149  18.430 0.0000000000
84458  52.543  -11.177  18.159 0.0000000000
83240  52.293  -11.266  19.993 0.0000000000
83214  53.602  -10.998  21.185 0.0000000000
83215  52.380  -11.194  21.028 0.0000000000
79763  44.997  -14.129  25.468 0.0000000000
80928  45.923  -13.532  25.743 0.0000000000
79741  46.040  -13.923  27.073 0.0000000000
84548  53.960  -9.941  15.122 0.0000000000
46984  6.516  -42.588  49.279 0.0000000000
46999  5.534  -42.792  48.339 0.0000000000
82024  41.904  -12.603  21.262 0.0000000000
80953  42.733  -13.692  22.999 0.0000000000
80954  42.003  -13.757  22.819 0.0000000000
77673  41.263  -15.928  24.935 0.0000000000
78713  42.377  -14.983  24.891 0.0000000000
77656  42.758  -16.110  26.213 0.0000000000
77643  43.100  -16.373  27.437 0.0000000000
76640  42.291  -16.730  26.934 0.0000000000
63320  31.325  -28.633  30.987 0.0000000000
59484  32.986  -31.926  34.273 0.0000000000
62062  33.032  -30.413  33.386 0.0000000000
59472  34.082  -32.324  34.974 0.0000000000
60794  35.159  -32.006  34.398 0.0000000000
58105  35.341  -32.979  36.233 0.0000000000
53387  32.014  -37.177  38.169 0.0000000000
55606  32.613  -35.631  37.000 0.0000000000
53364  33.319  -36.534  39.128 0.0000000000
55571  35.635  -35.530  39.473 0.0000000000
58053  37.566  -33.657  39.391 0.0000000000
53291  24.144  -37.979  43.566 0.0000000000
52098  23.923  -37.961  45.671 0.0000000000
52117  22.993  -38.183  43.558 0.0000000000
51011  19.585  -39.346  42.365 0.0000000000
49815  20.961  -39.573  43.314 0.0000000000
49817  19.267  -40.021  43.363 0.0000000000
49798  18.982  -40.149  44.166 0.0000000000
49818  18.313  -40.188  43.074 0.0000000000
53378  17.198  -37.990  38.416 0.0000000000
51042  14.119  -39.414  39.803 0.0000000000
51041  14.907  -39.392  39.791 0.0000000000
51016  15.153  -39.680  41.553 0.0000000000
50997  15.400  -40.022  42.146 0.0000000000
49835  14.271  -40.164  42.419 0.0000000000
49822  14.192  -40.495  43.581 0.0000000000
49836  13.054  -40.564  42.599 0.0000000000
48508  9.826  -41.682  43.064 0.0000000000
60857  27.847  -30.953  30.768 0.0000000000
60858  26.712  -30.985  30.763 0.0000000000
56829  23.957  -34.174  35.335 0.0000000000
58123  25.272  -33.802  34.478 0.0000000000
58122  26.198  -34.039  34.264 0.0000000000
56807  25.520  -34.396  36.099 0.0000000000
55611  26.394  -35.702  36.922 0.0000000000
55612  25.513  -35.456  37.115 0.0000000000
53354  23.973  -37.181  40.647 0.0000000000
53353  24.580  -36.884  40.469 0.0000000000
53316  24.468  -37.469  42.194 0.0000000000
53298  25.505  -38.218  43.086 0.0000000000
50929  23.382  -39.412  47.591 0.0000000000
48332  7.555  -41.667  51.653 0.0000000000
48331  8.407  -41.412  51.818 0.0000000000
85613  62.668  -9.176  16.934 0.0000000000
84455  61.143  -9.750  18.678 0.0000000000
83258  61.623  -10.273  18.293 0.0000000000
82057  60.682  -11.363  19.062 0.0000000000
82058  60.466  -12.191  19.840 0.0000000000
83290  56.157  -10.740  18.794 0.0000000000
83288  58.125  -10.753  19.101 0.0000000000
83263  57.329  -10.876  19.912 0.0000000000
84427  59.244  -11.079  21.728 0.0000000000
82017  48.748  -11.542  22.198 0.0000000000
83218  49.545  -11.263  21.445 0.0000000000
83195  49.984  -11.319  22.200 0.0000000000
83177  51.238  -11.195  23.151 0.0000000000
83162  50.778  -10.966  24.093 0.0000000000
81963  47.602  -12.349  26.485 0.0000000000
81975  48.194  -11.784  25.312 0.0000000000
83117  48.814  -11.414  27.045 0.0000000000
76658  39.051  -17.409  26.310 0.0000000000
74681  42.726  -19.072  29.694 0.0000000000
76615  41.324  -17.843  28.649 0.0000000000
75637  42.722  -18.035  30.203 0.0000000000
76589  43.184  -17.515  30.709 0.0000000000
74665  43.596  -18.583  31.313 0.0000000000
65693  34.218  -28.060  30.307 0.0000000000
64505  36.362  -28.766  30.606 0.0000000000
64462  39.906  -29.484  31.995 0.0000000000
64503  38.536  -28.608  30.797 0.0000000000
64501  40.149  -27.966  31.185 0.0000000000
65710  40.251  -26.557  29.981 0.0000000000
64479  41.505  -27.985  31.668 0.0000000000
61988  42.015  -31.078  36.891 0.0000000000
64450  44.066  -27.247  33.740 0.0000000000
65663  43.247  -26.576  32.872 0.0000000000
66927  43.927  -25.331  32.775 0.0000000000
69159  43.682  -23.802  31.937 0.0000000000
68034  44.507  -24.611  33.948 0.0000000000
86790  59.044  -8.054  11.745 0.0000000000
89083  60.641  -5.535  11.146 0.0000000000
90228  61.275  -4.332  11.977 0.0000000000
87928  61.605  -6.352  12.168 0.0000000000
86740  61.701  -7.866  15.422 0.0000000000
89048  62.316  -6.876  14.431 0.0000000000
87886  61.933  -7.562  15.230 0.0000000000
89024  63.160  -6.987  15.215 0.0000000000
93391  61.835  -1.759  9.351 0.0000000000
91235  63.158  -3.404  12.559 0.0000000000
90227  63.892  -4.860  12.330 0.0000000000
90221  64.256  -5.109  13.702 0.0000000000
53313  27.359  -38.084  42.089 0.0000000000
52143  29.551  -38.386  42.110 0.0000000000
50987  28.398  -38.659  43.786 0.0000000000
48443  11.851  -41.140  46.541 0.0000000000
49722  12.604  -41.270  49.049 0.0000000000
49723  11.856  -41.395  49.038 0.0000000000
49685  11.383  -41.313  50.384 0.0000000000
49670  10.754  -41.367  52.081 0.0000000000
84513  50.071  -10.468  16.762 0.0000000000
84488  49.907  -10.481  17.838 0.0000000000
78674  45.044  -14.685  27.311 0.0000000000
79720  45.833  -14.196  27.456 0.0000000000
78650  45.740  -14.758  28.946 0.0000000000
78631  46.671  -14.734  30.952 0.0000000000
45683  3.875  -42.981  48.516 0.0000000000
46987  2.897  -42.335  49.912 0.0000000000
79817  40.956  -14.125  22.475 0.0000000000
77686  40.517  -15.962  23.950 0.0000000000
62102  31.363  -29.481  31.552 0.0000000000
60824  31.016  -30.918  32.246 0.0000000000
59486  31.651  -32.568  33.778 0.0000000000
58116  32.634  -33.129  34.950 0.0000000000
53318  22.861  -37.451  41.806 0.0000000000
52130  22.929  -38.096  42.578 0.0000000000
53320  21.525  -38.007  41.306 0.0000000000
52167  20.297  -38.330  41.126 0.0000000000
52168  19.410  -38.525  40.931 0.0000000000
49857  12.904  -39.878  40.106 0.0000000000
51044  11.668  -39.859  39.261 0.0000000000
56830  22.838  -34.090  35.205 0.0000000000
56809  23.721  -35.128  35.742 0.0000000000
55591  24.235  -35.588  37.761 0.0000000000
55582  23.334  -35.619  38.432 0.0000000000
54426  22.919  -36.481  39.761 0.0000000000
49732  20.635  -40.488  47.253 0.0000000000
85630  60.985  -8.929  16.592 0.0000000000
86709  61.205  -8.472  17.202 0.0000000000
85616  60.904  -9.160  17.287 0.0000000000
85600  60.654  -9.481  17.979 0.0000000000
84456  60.348  -9.907  18.763 0.0000000000
83212  55.698  -10.892  21.563 0.0000000000
83210  57.651  -11.179  21.642 0.0000000000
83188  56.866  -11.250  22.448 0.0000000000
84405  57.878  -11.196  23.309 0.0000000000
83270  47.067  -10.899  19.820 0.0000000000
83246  46.593  -11.174  20.613 0.0000000000
83198  47.647  -11.134  22.001 0.0000000000
82004  48.655  -11.794  23.115 0.0000000000
83097  49.670  -11.055  27.992 0.0000000000
74723  39.462  -18.614  27.158 0.0000000000
75684  39.835  -17.899  27.409 0.0000000000
73681  40.745  -19.501  27.769 0.0000000000
73662  41.869  -19.690  28.642 0.0000000000
72577  43.487  -20.656  30.349 0.0000000000
62083  36.177  -30.061  33.058 0.0000000000
63299  37.106  -29.558  31.925 0.0000000000
63252  38.003  -29.841  33.171 0.0000000000
63251  38.729  -30.078  33.299 0.0000000000
63249  40.648  -29.948  33.595 0.0000000000
85680  55.592  -9.090  12.999 0.0000000000
85690  56.473  -8.402  12.123 0.0000000000
85678  56.986  -8.976  12.402 0.0000000000
85688  58.761  -8.780  12.407 0.0000000000
85675  60.390  -8.390  12.576 0.0000000000
86780  61.237  -7.940  12.919 0.0000000000
85665  60.524  -8.675  13.539 0.0000000000
85656  60.574  -9.066  14.669 0.0000000000
94525  59.747  -0.889  9.438 0.0000000000
94505  61.002  -0.802  10.171 0.0000000000
95691  62.242  -0.742  10.518 0.0000000000
91248  62.506  -3.230  10.611 0.0000000000
94486  62.403  -1.103  11.882 0.0000000000
92257  62.411  -2.347  12.345 0.0000000000
91236  62.403  -3.246  12.511 0.0000000000
54504  28.794  -36.162  36.050 0.0000000000
55630  30.514  -35.321  35.885 0.0000000000
54455  30.026  -36.731  37.559 0.0000000000
52225  31.319  -37.669  38.552 0.0000000000
52183  32.544  -38.316  39.799 0.0000000000
49736  16.293  -40.721  47.300 0.0000000000
48398  17.360  -40.961  48.695 0.0000000000
49718  16.219  -40.794  48.390 0.0000000000
48356  15.957  -41.215  50.465 0.0000000000
49682  13.598  -40.718  50.656 0.0000000000
48328  14.017  -40.891  52.297 0.0000000000
84546  56.027  -10.346  15.215 0.0000000000
84527  56.799  -10.748  16.458 0.0000000000
83320  55.792  -10.707  17.000 0.0000000000
83308  55.956  -10.731  17.891 0.0000000000
83291  55.184  -10.804  18.543 0.0000000000
83293  53.349  -11.060  17.762 0.0000000000
83266  54.316  -10.926  19.235 0.0000000000
83265  55.337  -10.842  19.534 0.0000000000
83213  54.679  -10.837  21.376 0.0000000000
83190  54.885  -10.823  22.385 0.0000000000
83174  54.176  -10.881  23.169 0.0000000000
81994  44.799  -12.666  23.438 0.0000000000
82007  45.592  -12.052  23.151 0.0000000000
80940  46.424  -12.863  24.897 0.0000000000
80926  47.218  -12.677  26.049 0.0000000000
80878  47.728  -12.888  27.573 0.0000000000
79707  46.746  -13.632  28.151 0.0000000000
80836  47.530  -13.180  28.893 0.0000000000
80851  48.531  -12.531  28.801 0.0000000000
69214  40.824  -23.915  28.679 0.0000000000
61968  40.191  -31.384  37.487 0.0000000000
86781  54.256  -8.308  12.803 0.0000000000
84571  54.818  -9.794  13.690 0.0000000000
84561  55.277  -10.100  14.287 0.0000000000
95665  56.673  -0.400  10.974 0.0000000000
94491  56.635  -0.640  11.657 0.0000000000
47023  7.543  -42.749  46.267 0.0000000000
46982  8.733  -42.146  49.180 0.0000000000
46997  7.057  -42.565  48.406 0.0000000000
46970  6.844  -42.211  50.139 0.0000000000
48348  6.021  -41.778  51.462 0.0000000000
45664  5.045  -42.907  49.896 0.0000000000
82036  44.580  -11.766  20.769 0.0000000000
82038  42.917  -12.304  20.677 0.0000000000
80961  43.982  -12.612  22.439 0.0000000000
80952  43.736  -13.175  23.016 0.0000000000
79781  44.036  -13.978  24.390 0.0000000000
79764  44.322  -14.251  25.134 0.0000000000
79783  42.451  -14.419  23.992 0.0000000000
78712  43.037  -14.627  25.087 0.0000000000
78693  44.288  -14.929  26.546 0.0000000000
78675  44.381  -15.257  27.580 0.0000000000
77616  44.638  -15.687  28.895 0.0000000000
77595  44.887  -16.335  30.863 0.0000000000
64487  33.938  -28.776  31.117 0.0000000000
63280  32.352  -29.521  31.905 0.0000000000
62086  33.372  -30.126  32.696 0.0000000000
62084  35.216  -30.061  32.874 0.0000000000
62059  35.603  -30.712  33.439 0.0000000000
59483  36.724  -32.051  34.584 0.0000000000
59455  37.598  -32.620  36.506 0.0000000000
55629  31.250  -35.054  36.134 0.0000000000
56800  32.569  -34.301  36.334 0.0000000000
58092  33.537  -34.234  36.548 0.0000000000
54423  34.467  -36.141  39.423 0.0000000000
56756  34.990  -35.130  38.451 0.0000000000
58090  35.453  -34.100  36.859 0.0000000000
58073  36.695  -34.028  37.655 0.0000000000
58071  37.583  -33.076  37.587 0.0000000000
60742  38.563  -32.533  38.462 0.0000000000
52095  26.167  -38.381  46.166 0.0000000000
52087  24.750  -38.340  46.625 0.0000000000
50948  23.735  -38.460  46.096 0.0000000000
50950  22.597  -39.710  46.312 0.0000000000
50975  22.111  -39.108  43.669 0.0000000000
49773  22.136  -39.896  44.891 0.0000000000
49752  21.859  -39.951  46.073 0.0000000000
48438  20.124  -40.513  45.650 0.0000000000
49755  18.766  -40.853  46.100 0.0000000000
49756  17.487  -41.038  46.181 0.0000000000
53398  18.476  -37.051  37.983 0.0000000000
52208  18.461  -38.030  39.446 0.0000000000
52170  17.685  -38.407  40.852 0.0000000000
52211  15.980  -38.486  38.643 0.0000000000
52172  16.339  -38.983  40.490 0.0000000000
51027  17.277  -38.932  41.363 0.0000000000
50995  16.532  -40.396  42.651 0.0000000000
49800  16.981  -40.294  44.272 0.0000000000
49757  16.486  -40.627  46.303 0.0000000000
49780  14.809  -40.564  45.606 0.0000000000
49803  14.005  -40.331  44.755 0.0000000000
49782  13.106  -41.032  45.419 0.0000000000
48524  12.314  -40.759  42.073 0.0000000000
48506  11.838  -41.287  43.972 0.0000000000
48486  11.908  -40.951  44.978 0.0000000000
48487  11.054  -41.297  44.679 0.0000000000
47039  9.421  -42.136  44.804 0.0000000000
47040  8.483  -42.308  45.058 0.0000000000
47041  7.550  -42.446  45.213 0.0000000000
47042  6.466  -42.587  45.281 0.0000000000
60856  28.766  -30.594  30.900 0.0000000000
59518  28.331  -31.661  32.117 0.0000000000
58120  28.158  -33.604  34.248 0.0000000000
59504  26.140  -32.294  32.797 0.0000000000
58121  27.171  -33.859  34.256 0.0000000000
56825  27.861  -34.402  34.735 0.0000000000
54505  28.170  -36.227  36.460 0.0000000000
54457  27.467  -36.815  37.771 0.0000000000
52207  27.193  -37.903  39.525 0.0000000000
54438  25.237  -36.734  39.204 0.0000000000
53351  26.258  -37.397  40.206 0.0000000000
53331  26.989  -37.850  41.575 0.0000000000
52146  26.754  -38.219  42.902 0.0000000000
52114  26.441  -38.425  44.665 0.0000000000
48361  9.367  -41.783  50.323 0.0000000000
48330  9.478  -41.399  51.873 0.0000000000
84481  62.338  -9.756  17.337 0.0000000000
84484  58.264  -10.752  18.362 0.0000000000
84457  59.622  -10.423  19.531 0.0000000000
84438  59.956  -10.307  19.875 0.0000000000
83234  58.428  -10.857  20.878 0.0000000000
83208  59.298  -11.063  21.295 0.0000000000
83231  60.380  -11.100  20.616 0.0000000000
84489  48.863  -10.443  17.992 0.0000000000
84461  49.653  -11.101  18.891 0.0000000000
83268  48.569  -10.883  20.126 0.0000000000
84443  49.484  -11.031  19.922 0.0000000000
84431  50.999  -11.056  20.625 0.0000000000
83193  51.782  -11.114  22.160 0.0000000000
83176  52.247  -11.274  23.091 0.0000000000
84396  53.939  -11.360  24.627 0.0000000000
81991  47.442  -11.987  24.327 0.0000000000
81990  48.539  -11.770  24.241 0.0000000000
83164  49.371  -11.488  24.524 0.0000000000
83116  49.491  -11.060  26.777 0.0000000000
84371  50.137  -11.006  26.366 0.0000000000
83146  50.509  -11.261  24.934 0.0000000000
84383  51.473  -10.744  25.594 0.0000000000
84381  53.621  -11.010  25.589 0.0000000000
77687  39.789  -16.595  24.234 0.0000000000
76656  40.775  -16.775  26.735 0.0000000000
76643  40.519  -17.374  27.891 0.0000000000
76642  40.879  -16.916  27.691 0.0000000000
76641  41.565  -16.814  27.385 0.0000000000
77619  42.800  -17.140  29.234 0.0000000000
76602  43.516  -16.753  30.526 0.0000000000
76573  44.667  -16.959  32.136 0.0000000000
64504  37.456  -28.535  30.620 0.0000000000
65729  39.779  -26.347  29.378 0.0000000000
66976  40.417  -25.668  29.326 0.0000000000
68087  41.535  -24.557  30.188 0.0000000000
62008  40.542  -30.862  35.998 0.0000000000
62031  41.009  -30.580  35.175 0.0000000000
62081  41.748  -29.691  33.689 0.0000000000
62079  43.381  -29.085  33.652 0.0000000000
63269  42.670  -28.672  32.825 0.0000000000
65676  42.064  -26.872  31.697 0.0000000000
66946  41.862  -25.734  31.154 0.0000000000
69195  42.149  -23.601  30.296 0.0000000000
70355  42.761  -22.657  30.540 0.0000000000
71456  43.653  -21.894  30.980 0.0000000000
72563  44.013  -20.928  31.754 0.0000000000
69134  45.099  -23.184  34.192 0.0000000000
71432  45.118  -21.436  33.603 0.0000000000
72547  44.421  -20.614  32.313 0.0000000000
73599  45.133  -19.623  33.341 0.0000000000
93366  58.455  -1.824  12.561 0.0000000000
92260  59.559  -2.513  12.322 0.0000000000
91238  60.477  -3.309  12.152 0.0000000000
91237  61.606  -3.364  12.382 0.0000000000
91230  62.339  -3.896  12.948 0.0000000000
87917  61.994  -6.340  13.129 0.0000000000
89062  62.594  -5.622  13.749 0.0000000000
91223  63.426  -4.622  13.950 0.0000000000
90199  63.259  -6.075  14.338 0.0000000000
52094  26.897  -38.566  46.349 0.0000000000
50947  27.712  -38.788  46.302 0.0000000000
45702  9.185  -42.347  46.610 0.0000000000
48421  10.266  -42.304  47.913 0.0000000000
46995  9.251  -42.287  48.419 0.0000000000
76586  45.423  -16.345  31.449 0.0000000000
77584  46.204  -16.262  31.871 0.0000000000
58119  29.216  -33.616  34.213 0.0000000000
58136  29.833  -33.117  33.641 0.0000000000
56823  29.592  -33.920  34.970 0.0000000000
53395  20.992  -36.464  37.838 0.0000000000
53375  20.451  -37.197  38.862 0.0000000000
53396  20.423  -36.637  37.981 0.0000000000
49716  17.783  -40.834  47.682 0.0000000000
84526  58.034  -10.006  16.217 0.0000000000
84409  55.104  -11.063  23.827 0.0000000000
84408  55.654  -11.149  23.893 0.0000000000
84394  55.636  -11.272  24.731 0.0000000000
83200  45.614  -11.659  21.699 0.0000000000
69231  40.907  -23.151  28.502 0.0000000000
70391  40.639  -22.446  28.149 0.0000000000
70373  41.242  -22.407  28.689 0.0000000000
60775  39.091  -31.607  36.086 0.0000000000
94489  58.662  -0.771  11.292 0.0000000000
93365  59.546  -1.680  12.323 0.0000000000
52187  27.841  -38.522  39.943 0.0000000000
48441  13.376  -41.185  46.364 0.0000000000
48417  13.277  -41.202  47.229 0.0000000000
84531  52.870  -10.412  15.672 0.0000000000
84440  52.493  -11.133  19.154 0.0000000000
84430  51.516  -11.220  20.397 0.0000000000
78709  45.143  -14.341  25.975 0.0000000000
79762  45.565  -14.081  25.903 0.0000000000
79742  45.641  -14.116  26.687 0.0000000000
45693  5.681  -42.873  47.382 0.0000000000
80963  41.781  -13.368  21.953 0.0000000000
77672  42.159  -15.684  25.285 0.0000000000
59473  33.179  -32.515  34.741 0.0000000000
60796  33.640  -31.779  34.435 0.0000000000
59459  34.610  -32.521  35.739 0.0000000000
53349  33.164  -37.611  39.614 0.0000000000
53365  32.854  -37.156  38.941 0.0000000000
53348  33.828  -37.030  39.677 0.0000000000
53300  23.901  -37.622  42.940 0.0000000000
52116  23.571  -38.002  43.804 0.0000000000
52129  23.460  -37.975  43.023 0.0000000000
50993  18.956  -39.836  42.640 0.0000000000
50994  18.428  -39.966  42.305 0.0000000000
51031  13.784  -39.708  40.316 0.0000000000
51030  14.545  -39.576  40.768 0.0000000000
49844  14.545  -39.906  41.642 0.0000000000
58124  24.335  -33.608  34.660 0.0000000000
56828  24.893  -34.176  35.311 0.0000000000
55634  26.094  -34.881  36.704 0.0000000000
55635  25.133  -34.807  36.736 0.0000000000
53317  23.655  -37.421  42.005 0.0000000000
53334  24.184  -37.299  41.269 0.0000000000
53299  24.710  -37.663  43.083 0.0000000000
50930  22.951  -39.608  47.710 0.0000000000
46960  6.931  -41.769  51.808 0.0000000000
46949  7.443  -41.738  52.053 0.0000000000
86725  62.171  -8.207  16.028 0.0000000000
86707  62.545  -8.611  16.300 0.0000000000
82045  60.602  -11.496  20.173 0.0000000000
82003  49.449  -11.678  22.749 0.0000000000
82016  49.329  -11.476  22.031 0.0000000000
83178  50.199  -11.115  23.238 0.0000000000
81948  48.221  -12.078  27.300 0.0000000000
81962  48.094  -11.787  26.315 0.0000000000
83098  48.913  -11.618  27.627 0.0000000000
76644  38.751  -17.707  26.418 0.0000000000
74667  42.613  -18.310  29.816 0.0000000000
74666  42.978  -18.683  30.277 0.0000000000
75636  43.106  -18.018  30.772 0.0000000000
73628  43.920  -19.212  31.449 0.0000000000
63316  34.751  -28.785  31.213 0.0000000000
64506  35.338  -28.666  30.830 0.0000000000
64461  40.353  -29.349  32.028 0.0000000000
64481  39.736  -29.009  31.440 0.0000000000
64480  40.522  -28.715  31.696 0.0000000000
64500  40.852  -27.686  31.313 0.0000000000
64442  44.220  -27.160  34.722 0.0000000000
65656  44.292  -26.323  34.176 0.0000000000
66907  44.194  -25.531  33.548 0.0000000000
68053  44.181  -24.589  33.125 0.0000000000
66892  44.533  -25.299  34.561 0.0000000000
86789  59.866  -8.055  11.518 0.0000000000
86810  59.292  -7.397  11.236 0.0000000000
87944  60.528  -6.629  11.077 0.0000000000
87943  61.174  -6.164  11.447 0.0000000000
87929  61.178  -6.869  11.692 0.0000000000
87871  61.797  -7.878  15.684 0.0000000000
87870  62.541  -7.564  15.471 0.0000000000
92268  61.641  -2.497  8.848 0.0000000000
92283  62.143  -2.626  7.950 0.0000000000
91281  61.997  -3.386  8.331 0.0000000000
90284  62.195  -4.413  7.721 0.0000000000
91243  63.714  -3.776  12.332 0.0000000000
91234  63.852  -4.092  12.974 0.0000000000
90226  64.188  -4.754  13.021 0.0000000000
52127  27.307  -38.378  43.449 0.0000000000
51007  28.387  -38.582  43.097 0.0000000000
48419  11.637  -41.450  47.453 0.0000000000
48402  11.321  -41.523  48.533 0.0000000000
48381  10.330  -41.695  49.368 0.0000000000
49701  11.250  -41.513  49.498 0.0000000000
49679  11.380  -40.952  51.054 0.0000000000
49680  10.715  -41.340  50.904 0.0000000000
84487  50.855  -10.841  17.630 0.0000000000
78659  44.990  -15.228  28.299 0.0000000000
45696  3.227  -42.686  47.614 0.0000000000
46974  2.524  -42.387  50.223 0.0000000000
60825  30.230  -31.129  31.817 0.0000000000
60837  30.479  -30.410  31.602 0.0000000000
59474  32.478  -32.781  34.624 0.0000000000
58108  32.085  -33.734  35.549 0.0000000000
53336  22.549  -37.183  40.507 0.0000000000
53319  22.132  -37.763  41.394 0.0000000000
53337  21.569  -37.650  40.620 0.0000000000
52190  19.804  -38.176  40.389 0.0000000000
52191  19.048  -38.239  40.062 0.0000000000
56811  22.272  -35.177  35.657 0.0000000000
56810  22.814  -35.127  35.569 0.0000000000
55637  23.119  -35.425  36.179 0.0000000000
55614  23.586  -35.351  36.909 0.0000000000
55593  22.972  -35.404  37.883 0.0000000000
54427  22.327  -36.436  39.351 0.0000000000
54441  22.769  -35.971  38.775 0.0000000000
53355  22.358  -36.732  39.808 0.0000000000
49714  20.247  -40.801  47.821 0.0000000000
85643  60.975  -9.131  15.759 0.0000000000
84482  60.165  -9.840  17.696 0.0000000000
83211  56.692  -11.109  21.649 0.0000000000
84406  57.086  -11.241  23.680 0.0000000000
83272  45.241  -11.267  19.458 0.0000000000
83271  46.189  -11.252  19.614 0.0000000000
82019  47.010  -11.492  22.331 0.0000000000
83221  47.062  -11.218  21.498 0.0000000000
82018  47.995  -11.505  22.484 0.0000000000
73693  39.270  -19.469  26.559 0.0000000000
73682  40.118  -19.372  27.244 0.0000000000
71472  42.336  -21.570  29.349 0.0000000000
72591  42.284  -20.612  28.820 0.0000000000
72578  42.799  -20.601  29.603 0.0000000000
62058  36.704  -30.674  33.661 0.0000000000
62082  37.269  -30.327  32.949 0.0000000000
62057  37.854  -30.299  33.917 0.0000000000
62033  39.457  -30.741  34.846 0.0000000000
62056  38.982  -30.512  34.135 0.0000000000
62055  39.734  -30.485  34.288 0.0000000000
63250  39.740  -30.233  33.443 0.0000000000
63226  40.223  -30.355  34.112 0.0000000000
85679  56.441  -9.040  12.697 0.0000000000
84558  58.584  -9.630  13.813 0.0000000000
84567  58.385  -9.418  12.787 0.0000000000
85677  59.103  -9.326  13.257 0.0000000000
85676  59.736  -8.893  12.967 0.0000000000
85666  59.718  -9.232  13.965 0.0000000000
84524  60.137  -9.481  15.403 0.0000000000
84542  60.005  -9.339  14.863 0.0000000000
95663  59.973  -0.547  11.386 0.0000000000
94487  60.050  -0.608  10.738 0.0000000000
95679  60.609  -0.555  10.514 0.0000000000
94504  61.744  -0.668  10.324 0.0000000000
96855  61.413  -0.268  10.948 0.0000000000
95676  62.335  -0.747  11.210 0.0000000000
96820  61.462  -0.901  12.051 0.0000000000
92250  62.130  -2.088  12.734 0.0000000000
92258  61.727  -2.452  12.549 0.0000000000
54480  29.251  -36.471  36.874 0.0000000000
52203  30.778  -38.188  38.760 0.0000000000
53366  30.575  -37.516  38.381 0.0000000000
52202  31.794  -37.821  38.923 0.0000000000
49737  15.396  -40.246  47.556 0.0000000000
48378  15.423  -40.750  49.892 0.0000000000
48357  15.066  -40.982  50.714 0.0000000000
48341  15.567  -41.219  51.463 0.0000000000
49699  12.847  -41.035  49.867 0.0000000000
49683  12.946  -40.621  50.798 0.0000000000
84528  55.490  -10.637  16.010 0.0000000000
83309  55.025  -10.735  17.584 0.0000000000
84511  51.823  -10.649  16.514 0.0000000000
84485  52.573  -10.892  17.245 0.0000000000
83267  53.373  -11.001  18.782 0.0000000000
83238  54.455  -10.816  20.318 0.0000000000
83191  53.908  -10.970  22.235 0.0000000000
83175  53.234  -11.025  23.108 0.0000000000
81993  45.295  -12.605  23.724 0.0000000000
80941  45.752  -13.237  24.698 0.0000000000
80907  46.354  -13.594  26.614 0.0000000000
80927  46.593  -12.948  25.655 0.0000000000
80906  47.177  -12.913  26.686 0.0000000000
79708  46.180  -14.070  28.391 0.0000000000
79700  46.968  -13.600  29.077 0.0000000000
79699  47.523  -13.312  29.263 0.0000000000
80835  48.075  -13.064  29.304 0.0000000000
80852  48.023  -13.052  28.447 0.0000000000
80834  48.938  -12.624  29.698 0.0000000000
69233  39.380  -23.777  27.818 0.0000000000
69232  40.147  -23.508  28.136 0.0000000000
85682  53.441  -8.701  13.334 0.0000000000
85681  54.462  -9.002  13.122 0.0000000000
85668  53.814  -9.246  13.542 0.0000000000
84547  54.952  -10.002  15.155 0.0000000000
47009  7.419  -42.754  47.382 0.0000000000
48364  6.408  -42.082  50.855 0.0000000000
45672  3.614  -42.854  49.722 0.0000000000
45671  4.777  -43.004  49.385 0.0000000000
45665  4.672  -42.912  50.074 0.0000000000
82047  44.368  -11.632  20.336 0.0000000000
83224  43.630  -11.845  20.267 0.0000000000
82023  42.493  -12.574  21.420 0.0000000000
82022  43.483  -12.386  21.617 0.0000000000
80944  43.065  -14.076  23.537 0.0000000000
80943  43.582  -13.772  23.622 0.0000000000
79765  43.633  -14.333  24.909 0.0000000000
79800  41.427  -14.411  23.053 0.0000000000
77671  42.865  -15.296  25.472 0.0000000000
77670  43.311  -15.003  25.504 0.0000000000
78711  43.827  -14.735  25.547 0.0000000000
77642  43.717  -15.701  26.962 0.0000000000
77626  44.017  -15.867  28.134 0.0000000000
77617  44.039  -16.275  29.236 0.0000000000
77607  43.923  -16.434  30.398 0.0000000000
64509  32.328  -28.439  30.894 0.0000000000
64508  33.307  -28.520  30.815 0.0000000000
63303  33.364  -28.980  31.514 0.0000000000
62088  31.860  -30.074  31.920 0.0000000000
62087  32.647  -30.176  32.648 0.0000000000
62061  33.692  -30.700  33.280 0.0000000000
62085  34.279  -30.273  32.576 0.0000000000
60811  34.930  -31.382  33.872 0.0000000000
59457  36.252  -32.779  35.737 0.0000000000
59470  35.899  -32.504  34.827 0.0000000000
59468  37.715  -32.512  35.892 0.0000000000
59456  37.052  -32.878  36.053 0.0000000000
55608  30.923  -35.758  36.464 0.0000000000
55607  31.830  -35.508  36.529 0.0000000000
55590  33.222  -35.562  37.618 0.0000000000
56785  32.405  -34.855  36.514 0.0000000000
56784  33.161  -34.829  36.653 0.0000000000
56783  33.984  -34.753  36.910 0.0000000000
56745  36.151  -35.014  39.452 0.0000000000
55579  35.247  -35.547  38.846 0.0000000000
56768  35.162  -34.628  37.945 0.0000000000
56782  34.635  -34.543  37.187 0.0000000000
58074  35.989  -34.369  38.227 0.0000000000
59397  37.648  -33.436  38.768 0.0000000000
59419  37.982  -32.882  38.011 0.0000000000
52096  25.454  -38.024  46.083 0.0000000000
50958  23.466  -38.499  45.510 0.0000000000
50949  23.172  -39.220  45.958 0.0000000000
51008  22.127  -38.391  42.478 0.0000000000
50989  22.530  -38.669  43.183 0.0000000000
50990  21.724  -39.035  42.984 0.0000000000
48485  20.490  -40.104  43.853 0.0000000000
49796  20.968  -39.953  44.162 0.0000000000
49753  20.871  -40.317  46.314 0.0000000000
48461  20.054  -40.039  45.308 0.0000000000
49776  18.855  -40.526  45.111 0.0000000000
49777  17.765  -40.754  45.154 0.0000000000
53377  18.100  -37.705  38.613 0.0000000000
52209  17.759  -38.159  39.321 0.0000000000
52192  18.114  -38.226  40.159 0.0000000000
52193  17.394  -38.426  40.064 0.0000000000
52229  14.940  -38.159  37.955 0.0000000000
52212  14.856  -38.944  38.688 0.0000000000
51029  15.595  -39.319  40.782 0.0000000000
51028  16.466  -39.110  41.185 0.0000000000
52171  16.930  -38.554  40.742 0.0000000000
51014  16.829  -40.133  41.791 0.0000000000
49821  15.223  -40.239  43.137 0.0000000000
49820  16.277  -40.384  43.349 0.0000000000
49801  15.973  -40.531  44.338 0.0000000000
49778  16.731  -40.472  45.297 0.0000000000
49779  15.744  -40.563  45.436 0.0000000000
49804  13.307  -40.768  44.945 0.0000000000
49858  11.827  -40.253  39.751 0.0000000000
49846  12.267  -40.394  41.237 0.0000000000
48526  10.567  -41.352  42.307 0.0000000000
48525  11.767  -40.875  42.679 0.0000000000
48467  11.355  -41.031  45.683 0.0000000000
48489  9.293  -41.793  43.631 0.0000000000
48488  10.014  -41.643  44.201 0.0000000000
47057  9.338  -41.922  44.121 0.0000000000
47059  7.563  -41.911  44.317 0.0000000000
47060  6.676  -42.013  44.451 0.0000000000
60840  27.391  -31.631  31.638 0.0000000000
59502  27.811  -32.169  32.477 0.0000000000
59487  28.319  -32.434  33.005 0.0000000000
59488  27.650  -32.628  33.136 0.0000000000
60828  25.557  -31.799  32.071 0.0000000000
59490  25.913  -32.732  33.470 0.0000000000
58139  26.520  -33.381  33.745 0.0000000000
56805  27.552  -35.017  35.440 0.0000000000
54483  25.996  -36.123  37.541 0.0000000000
54482  26.950  -36.341  37.091 0.0000000000
54458  26.619  -36.588  38.054 0.0000000000
53369  27.490  -37.494  38.597 0.0000000000
54461  23.817  -35.765  38.417 0.0000000000
54460  24.376  -36.015  38.276 0.0000000000
54439  24.673  -36.596  39.484 0.0000000000
53333  25.050  -37.219  41.373 0.0000000000
53352  25.485  -36.987  40.534 0.0000000000
53332  26.091  -37.645  41.264 0.0000000000
52189  26.519  -37.781  40.688 0.0000000000
53314  26.472  -38.023  42.389 0.0000000000
53283  25.112  -38.404  44.542 0.0000000000
53289  25.631  -38.427  43.933 0.0000000000
53282  25.785  -38.419  44.667 0.0000000000
52104  26.157  -38.393  45.244 0.0000000000
52078  25.254  -38.974  47.173 0.0000000000
48376  17.265  -41.307  49.427 0.0000000000
48354  17.869  -41.336  50.108 0.0000000000
48383  8.630  -41.949  49.948 0.0000000000
48323  9.129  -41.487  52.189 0.0000000000
48345  9.103  -41.627  51.199 0.0000000000
48322  9.980  -41.344  52.364 0.0000000000
48315  9.528  -41.553  52.544 0.0000000000
86691  61.296  -9.002  17.379 0.0000000000
85614  62.070  -9.427  17.412 0.0000000000
82056  61.168  -10.678  18.105 0.0000000000
84508  57.084  -11.013  17.344 0.0000000000
84507  57.941  -10.730  17.524 0.0000000000
83306  57.689  -10.753  18.406 0.0000000000
83262  58.269  -10.837  20.075 0.0000000000
83287  58.909  -10.695  19.477 0.0000000000
84439  59.615  -10.538  20.093 0.0000000000
83209  58.475  -11.156  21.739 0.0000000000
83207  59.724  -11.274  21.419 0.0000000000
83206  60.209  -11.253  21.050 0.0000000000
82029  60.271  -11.517  20.988 0.0000000000
82046  60.254  -12.144  20.810 0.0000000000
84490  47.770  -10.434  18.119 0.0000000000
83245  47.490  -10.995  20.687 0.0000000000
83269  47.937  -10.713  19.983 0.0000000000
83243  49.091  -11.017  20.645 0.0000000000
83242  49.979  -11.041  20.716 0.0000000000
83241  50.652  -11.037  20.812 0.0000000000
83216  51.216  -11.059  21.258 0.0000000000
83161  51.700  -11.130  24.010 0.0000000000
83159  53.607  -11.300  23.944 0.0000000000
81992  46.420  -12.518  24.280 0.0000000000
82006  46.682  -12.011  23.247 0.0000000000
83148  49.068  -11.590  25.229 0.0000000000
84351  50.853  -10.055  27.149 0.0000000000
84370  50.720  -10.496  26.206 0.0000000000
83133  50.290  -11.084  25.696 0.0000000000
84384  50.831  -10.925  25.477 0.0000000000
83145  51.241  -11.062  24.844 0.0000000000
77660  39.263  -16.873  25.937 0.0000000000
77675  39.469  -16.711  25.140 0.0000000000
77674  40.313  -16.338  25.051 0.0000000000
77659  40.035  -16.560  25.996 0.0000000000
74712  40.339  -18.693  28.021 0.0000000000
75673  40.566  -17.968  28.134 0.0000000000
75663  41.895  -17.750  29.146 0.0000000000
76625  41.305  -17.274  28.379 0.0000000000
76624  41.769  -16.925  28.290 0.0000000000
77628  42.637  -16.993  28.764 0.0000000000
75635  43.689  -17.736  31.378 0.0000000000
76603  43.158  -17.126  30.120 0.0000000000
75622  44.035  -17.337  31.574 0.0000000000
76588  43.791  -16.904  31.247 0.0000000000
76574  44.233  -17.170  31.734 0.0000000000
64484  36.861  -29.252  31.244 0.0000000000
64483  37.868  -29.072  31.595 0.0000000000
65691  39.043  -27.945  30.249 0.0000000000
65692  38.256  -28.150  30.123 0.0000000000
65712  38.516  -27.349  29.755 0.0000000000
65689  40.775  -27.004  30.675 0.0000000000
66962  41.039  -25.666  30.350 0.0000000000
68102  40.977  -24.524  29.480 0.0000000000
61967  40.619  -31.337  37.553 0.0000000000
61990  40.115  -31.289  36.876 0.0000000000
61989  41.038  -31.348  36.806 0.0000000000
62007  41.496  -30.696  36.081 0.0000000000
62030  42.133  -30.766  34.966 0.0000000000
63224  41.389  -30.379  34.498 0.0000000000
62054  41.946  -30.005  34.176 0.0000000000
63247  43.937  -28.181  34.183 0.0000000000
62052  43.751  -29.196  34.693 0.0000000000
64478  42.430  -27.804  32.081 0.0000000000
64460  43.023  -27.487  32.749 0.0000000000
66928  43.255  -25.711  32.250 0.0000000000
66945  42.766  -25.434  31.518 0.0000000000
68071  42.666  -24.762  31.092 0.0000000000
68086  42.167  -24.696  30.540 0.0000000000
69176  42.493  -24.018  30.847 0.0000000000
69194  42.696  -23.405  30.799 0.0000000000
69175  43.043  -23.788  31.284 0.0000000000
70330  44.267  -22.842  32.171 0.0000000000
70331  43.621  -22.939  31.486 0.0000000000
71442  44.052  -22.370  31.546 0.0000000000
71455  43.958  -21.296  31.431 0.0000000000
70329  44.513  -22.146  32.429 0.0000000000
69125  44.976  -24.185  34.779 0.0000000000
69124  44.964  -23.514  35.067 0.0000000000
71426  45.397  -21.625  34.376 0.0000000000
71431  45.375  -20.978  33.879 0.0000000000
72546  44.726  -20.842  33.148 0.0000000000
72533  44.652  -20.216  33.124 0.0000000000
73600  44.602  -19.669  32.563 0.0000000000
94474  57.558  -1.160  12.077 0.0000000000
85703  56.793  -8.065  11.730 0.0000000000
86812  57.377  -7.560  11.454 0.0000000000
91239  59.384  -3.408  12.040 0.0000000000
90223  61.997  -4.451  12.766 0.0000000000
86779  61.649  -7.067  12.819 0.0000000000
86767  61.807  -7.400  13.582 0.0000000000
87903  62.442  -6.213  13.776 0.0000000000
89047  62.638  -6.269  14.096 0.0000000000
90213  62.964  -5.284  14.078 0.0000000000
90212  63.448  -5.289  14.279 0.0000000000
90200  63.041  -6.001  14.465 0.0000000000
89023  63.391  -7.118  14.883 0.0000000000
94535  60.315  -1.205  8.669 0.0000000000
94552  60.395  -0.863  7.685 0.0000000000
93433  60.650  -1.419  8.118 0.0000000000
50957  27.779  -38.629  45.602 0.0000000000
48420  10.968  -41.837  47.631 0.0000000000
48360  9.947  -41.728  49.903 0.0000000000
78643  45.472  -15.417  29.923 0.0000000000
77594  45.732  -15.540  31.015 0.0000000000
58151  30.332  -32.501  33.213 0.0000000000
58118  30.334  -33.374  34.534 0.0000000000
53376  19.268  -37.577  39.144 0.0000000000
55639  21.591  -35.338  35.736 0.0000000000
55616  22.012  -35.715  36.701 0.0000000000
55594  22.382  -35.733  37.452 0.0000000000
54442  21.975  -36.286  38.700 0.0000000000
48415  19.169  -41.050  47.638 0.0000000000
48396  19.523  -41.184  48.235 0.0000000000
48416  18.820  -41.155  47.852 0.0000000000
48374  19.133  -41.049  49.165 0.0000000000
48353  18.748  -41.081  49.847 0.0000000000
84421  55.814  -11.097  23.325 0.0000000000
84407  56.345  -11.191  23.906 0.0000000000
83222  46.100  -11.396  21.496 0.0000000000
82035  46.424  -11.470  21.976 0.0000000000
71507  40.425  -21.556  27.497 0.0000000000
72624  40.574  -20.712  27.201 0.0000000000
72609  41.005  -20.509  27.736 0.0000000000
71488  41.762  -21.543  28.723 0.0000000000
60808  38.390  -31.045  34.553 0.0000000000
60791  38.973  -31.188  35.202 0.0000000000
84557  59.221  -9.466  14.086 0.0000000000
95647  59.947  -0.792  12.037 0.0000000000
95637  60.794  -1.151  11.910 0.0000000000
94465  60.138  -0.962  12.069 0.0000000000
92252  60.719  -2.053  12.507 0.0000000000
52226  28.591  -37.660  38.362 0.0000000000
53390  29.194  -37.261  38.042 0.0000000000
53368  29.439  -37.903  38.588 0.0000000000
52204  29.701  -38.489  38.960 0.0000000000
52185  30.034  -38.717  40.032 0.0000000000
49738  14.560  -40.269  47.784 0.0000000000
49720  14.237  -40.387  48.714 0.0000000000
49698  13.847  -40.852  49.883 0.0000000000
49678  12.054  -40.794  51.240 0.0000000000
49677  12.569  -40.744  51.513 0.0000000000
79780  44.818  -13.700  24.826 0.0000000000
79779  45.411  -13.718  25.318 0.0000000000
80908  45.886  -13.831  26.233 0.0000000000
47010  6.486  -42.883  47.435 0.0000000000
46998  6.066  -42.727  48.245 0.0000000000
46985  5.624  -42.912  48.949 0.0000000000
79798  42.660  -14.182  23.604 0.0000000000
78727  41.237  -15.176  24.175 0.0000000000
78726  41.976  -14.721  24.218 0.0000000000
78714  41.789  -15.275  24.693 0.0000000000
64489  31.953  -28.266  31.439 0.0000000000
60814  32.556  -31.422  33.455 0.0000000000
60822  32.739  -30.791  33.298 0.0000000000
60813  33.122  -31.322  33.866 0.0000000000
60812  34.023  -31.275  33.884 0.0000000000
60795  34.379  -31.809  34.474 0.0000000000
59471  34.847  -32.383  35.021 0.0000000000
58104  35.895  -32.829  36.233 0.0000000000
54453  31.592  -36.469  37.869 0.0000000000
54477  32.072  -36.242  37.190 0.0000000000
54452  32.562  -36.222  38.061 0.0000000000
54451  33.220  -35.848  38.416 0.0000000000
55570  36.304  -35.335  40.024 0.0000000000
58054  36.833  -33.981  39.081 0.0000000000
53290  24.712  -38.330  43.869 0.0000000000
52106  24.432  -38.036  44.949 0.0000000000
52115  24.050  -38.113  44.216 0.0000000000
52107  23.569  -38.153  44.817 0.0000000000
52108  22.972  -38.128  44.320 0.0000000000
51010  20.541  -38.913  42.145 0.0000000000
50991  21.077  -39.103  42.680 0.0000000000
49831  20.384  -39.431  42.732 0.0000000000
49816  20.056  -39.909  43.221 0.0000000000
49797  20.059  -40.407  44.053 0.0000000000
49775  19.640  -39.986  44.974 0.0000000000
53379  16.616  -38.195  38.460 0.0000000000
51055  14.279  -39.183  39.142 0.0000000000
49834  14.926  -40.028  42.173 0.0000000000
58141  24.775  -33.157  33.779 0.0000000000
59491  25.334  -32.883  33.530 0.0000000000
56827  25.860  -34.345  35.103 0.0000000000
56806  26.513  -34.703  35.846 0.0000000000
54425  23.765  -36.749  40.147 0.0000000000
54424  24.330  -36.747  40.043 0.0000000000
48363  7.490  -42.079  50.612 0.0000000000
48362  8.438  -41.817  50.639 0.0000000000
48346  7.981  -41.648  51.251 0.0000000000
46948  8.383  -41.558  52.149 0.0000000000
84454  61.826  -9.909  18.125 0.0000000000
82068  60.455  -12.017  18.718 0.0000000000
83289  57.109  -10.731  19.001 0.0000000000
84417  58.494  -11.240  22.511 0.0000000000
84428  58.893  -11.011  21.968 0.0000000000
83219  48.722  -11.290  21.524 0.0000000000
82032  49.163  -11.403  21.696 0.0000000000
83194  50.791  -11.024  22.256 0.0000000000
77661  38.804  -17.148  25.804 0.0000000000
74697  42.018  -19.110  28.935 0.0000000000
75665  41.089  -18.069  28.541 0.0000000000
74683  41.788  -18.405  29.072 0.0000000000
75652  42.314  -18.022  29.455 0.0000000000
76604  42.774  -17.649  30.050 0.0000000000
76590  42.926  -17.778  30.461 0.0000000000
74664  43.872  -18.144  31.470 0.0000000000
64463  39.127  -29.375  32.106 0.0000000000
64482  38.893  -29.070  31.476 0.0000000000
64502  39.428  -28.441  30.891 0.0000000000
65690  39.810  -27.434  30.557 0.0000000000
65688  41.421  -26.946  31.172 0.0000000000
61965  42.449  -30.979  37.560 0.0000000000
61987  42.938  -30.487  37.023 0.0000000000
64459  43.468  -27.131  33.237 0.0000000000
65662  43.863  -26.483  33.382 0.0000000000
66908  43.771  -25.988  32.898 0.0000000000
68054  43.709  -24.652  32.415 0.0000000000
69158  44.072  -23.764  32.685 0.0000000000
69144  44.633  -23.620  33.443 0.0000000000
86811  58.429  -7.413  11.303 0.0000000000
90237  60.003  -4.769  11.306 0.0000000000
90236  60.804  -4.751  11.394 0.0000000000
89082  61.353  -5.384  11.641 0.0000000000
86756  61.769  -7.643  14.558 0.0000000000
87895  62.088  -7.238  14.811 0.0000000000
89026  62.420  -6.971  14.997 0.0000000000
89025  62.772  -6.788  15.113 0.0000000000
89014  62.979  -7.064  15.366 0.0000000000
93392  61.237  -1.504  9.140 0.0000000000
93408  61.620  -1.828  8.506 0.0000000000
93407  61.958  -2.075  8.458 0.0000000000
90235  63.651  -4.385  11.796 0.0000000000
89081  63.669  -5.537  11.728 0.0000000000
53312  27.748  -38.348  41.808 0.0000000000
52144  28.163  -38.490  42.380 0.0000000000
51006  29.010  -38.684  42.928 0.0000000000
48400  13.080  -41.315  48.159 0.0000000000
48418  12.414  -41.292  47.321 0.0000000000
48401  12.166  -41.511  48.270 0.0000000000
49700  12.025  -41.260  49.768 0.0000000000
49674  11.411  -41.172  51.658 0.0000000000
48321  10.768  -41.339  52.641 0.0000000000
84512  50.976  -10.532  16.646 0.0000000000
84460  50.712  -11.157  18.677 0.0000000000
79721  45.445  -14.361  27.155 0.0000000000
78658  45.743  -14.785  27.899 0.0000000000
79701  46.319  -14.264  29.492 0.0000000000
78642  45.993  -14.976  30.124 0.0000000000
78641  46.502  -14.569  30.325 0.0000000000
45682  4.922  -42.849  48.277 0.0000000000
45695  4.121  -42.908  47.476 0.0000000000
45684  2.823  -42.435  48.581 0.0000000000
45673  2.936  -42.397  49.402 0.0000000000
46973  3.221  -42.059  50.719 0.0000000000
59499  31.416  -32.104  33.062 0.0000000000
59498  32.190  -31.769  33.269 0.0000000000
59485  32.396  -32.335  33.930 0.0000000000
52147  22.289  -37.810  42.120 0.0000000000
52149  21.116  -38.376  41.596 0.0000000000
53338  20.997  -38.010  40.946 0.0000000000
51024  19.744  -38.714  41.687 0.0000000000
51025  19.013  -38.947  41.507 0.0000000000
51056  13.601  -39.113  39.118 0.0000000000
51043  13.477  -39.505  39.678 0.0000000000
49868  11.952  -39.890  39.246 0.0000000000
56787  24.217  -35.206  36.433 0.0000000000
56786  24.460  -35.020  36.596 0.0000000000
55592  23.812  -35.359  38.007 0.0000000000
55581  23.577  -35.692  38.435 0.0000000000
54409  23.407  -36.827  40.528 0.0000000000
53335  23.428  -37.139  40.920 0.0000000000
86741  61.330  -8.467  16.104 0.0000000000
86708  61.999  -8.546  17.172 0.0000000000
86727  60.934  -8.334  16.920 0.0000000000
86710  60.995  -8.615  17.212 0.0000000000
85599  61.013  -9.264  17.874 0.0000000000
83260  60.442  -10.319  19.341 0.0000000000
83236  56.522  -11.007  20.705 0.0000000000
83187  57.687  -11.295  22.288 0.0000000000
84419  56.903  -11.327  23.004 0.0000000000
84418  57.908  -11.248  22.621 0.0000000000
83220  47.917  -11.003  21.447 0.0000000000
83197  48.252  -11.270  21.939 0.0000000000
75686  38.426  -18.002  26.197 0.0000000000
75685  38.879  -17.960  26.814 0.0000000000
74711  40.892  -19.109  28.194 0.0000000000
73663  41.266  -19.654  28.198 0.0000000000
74698  41.387  -18.736  28.616 0.0000000000
73644  42.473  -19.595  29.249 0.0000000000
73643  43.229  -19.621  29.864 0.0000000000
63276  35.727  -29.553  32.493 0.0000000000
63300  36.260  -29.503  31.857 0.0000000000
63275  36.704  -29.842  32.459 0.0000000000
63274  37.718  -29.599  32.476 0.0000000000
63273  38.552  -29.614  32.686 0.0000000000
63272  39.372  -29.723  32.699 0.0000000000
63271  40.385  -29.590  32.624 0.0000000000
85689  57.578  -8.674  12.150 0.0000000000
84568  57.484  -9.539  12.834 0.0000000000
84575  57.922  -9.237  12.532 0.0000000000
84574  58.172  -9.028  12.493 0.0000000000
85687  59.669  -8.453  12.199 0.0000000000
85686  60.206  -8.257  11.984 0.0000000000
85657  59.929  -9.303  14.578 0.0000000000
86757  61.318  -8.379  15.154 0.0000000000
94536  59.346  -0.555  8.544 0.0000000000
94507  59.456  -0.671  10.263 0.0000000000
94506  60.152  -0.909  10.027 0.0000000000
94524  60.676  -1.176  9.495 0.0000000000
94523  61.511  -1.126  9.760 0.0000000000
92267  62.223  -2.299  9.585 0.0000000000
91249  62.077  -3.547  9.761 0.0000000000
92265  62.584  -2.254  10.300 0.0000000000
93378  62.594  -1.575  10.764 0.0000000000
93371  62.544  -1.499  11.557 0.0000000000
94463  61.300  -1.199  12.300 0.0000000000
93363  62.357  -1.518  12.237 0.0000000000
92256  62.806  -2.171  11.997 0.0000000000
56804  28.795  -34.739  35.216 0.0000000000
56803  30.028  -34.702  35.320 0.0000000000
55631  29.430  -35.656  35.800 0.0000000000
55609  30.146  -35.951  36.387 0.0000000000
54454  30.764  -36.490  37.814 0.0000000000
53389  30.321  -37.164  38.037 0.0000000000
53388  31.103  -37.186  38.246 0.0000000000
52224  31.565  -37.481  38.425 0.0000000000
52163  29.186  -38.662  41.218 0.0000000000
52162  30.244  -38.987  41.326 0.0000000000
51022  30.628  -39.085  41.897 0.0000000000
52161  31.629  -38.865  41.125 0.0000000000
54465  19.730  -36.314  37.311 0.0000000000
49717  17.237  -40.667  47.933 0.0000000000
48399  16.796  -41.078  48.967 0.0000000000
48377  16.316  -41.029  49.494 0.0000000000
49696  15.540  -40.725  49.078 0.0000000000
48340  16.453  -41.607  51.024 0.0000000000
49721  13.424  -40.819  48.950 0.0000000000
48358  14.157  -40.777  50.802 0.0000000000
48344  13.123  -40.648  51.551 0.0000000000
48343  13.781  -40.778  51.593 0.0000000000
48342  14.638  -40.859  51.572 0.0000000000
83319  56.533  -10.843  17.349 0.0000000000
83321  54.817  -10.935  16.593 0.0000000000
84510  52.675  -10.722  16.426 0.0000000000
83311  53.235  -10.794  17.020 0.0000000000
83292  54.228  -10.841  18.193 0.0000000000
83237  55.511  -10.850  20.544 0.0000000000
83173  55.000  -10.896  23.246 0.0000000000
83158  54.470  -11.162  23.921 0.0000000000
82008  44.867  -12.343  23.056 0.0000000000
81977  46.691  -12.640  25.069 0.0000000000
81949  47.598  -12.464  27.055 0.0000000000
80877  48.388  -12.596  28.023 0.0000000000
79719  46.346  -13.810  27.527 0.0000000000
80853  47.335  -13.305  28.266 0.0000000000
81920  48.965  -12.007  29.019 0.0000000000
69249  39.532  -23.113  27.735 0.0000000000
60741  39.174  -32.088  38.239 0.0000000000
60740  40.043  -31.517  38.063 0.0000000000
85692  55.026  -8.676  12.621 0.0000000000
84570  55.465  -9.809  13.507 0.0000000000
84562  54.147  -9.899  14.038 0.0000000000
94490  57.546  -0.687  11.308 0.0000000000
47008  8.514  -42.601  47.169 0.0000000000
46996  8.108  -42.388  48.383 0.0000000000
46983  7.665  -42.237  49.648 0.0000000000
46969  7.334  -42.119  50.162 0.0000000000
48347  6.975  -41.928  51.396 0.0000000000
48365  5.503  -42.252  51.100 0.0000000000
48324  5.768  -42.084  52.276 0.0000000000
83248  44.748  -11.468  20.228 0.0000000000
82037  43.886  -12.170  20.609 0.0000000000
80960  44.548  -12.508  22.620 0.0000000000
80951  44.467  -12.791  23.056 0.0000000000
78710  44.614  -14.511  25.847 0.0000000000
79816  41.630  -13.926  22.766 0.0000000000
79799  42.003  -14.134  23.438 0.0000000000
78725  42.576  -14.608  24.498 0.0000000000
77625  44.545  -15.585  28.335 0.0000000000
65694  33.703  -28.052  30.238 0.0000000000
64486  34.249  -28.744  31.118 0.0000000000
63302  34.347  -29.028  31.536 0.0000000000
63306  31.170  -29.003  31.366 0.0000000000
63305  31.777  -28.888  31.575 0.0000000000
63304  32.426  -28.852  31.575 0.0000000000
63279  32.990  -29.593  32.019 0.0000000000
63278  33.866  -29.600  32.081 0.0000000000
63277  34.800  -29.519  32.285 0.0000000000
60810  36.032  -31.522  34.130 0.0000000000
60793  37.445  -31.890  34.901 0.0000000000
60776  38.379  -32.226  36.539 0.0000000000
56802  31.094  -34.659  35.478 0.0000000000
56821  31.560  -33.974  35.344 0.0000000000
56801  31.959  -34.367  36.054 0.0000000000
58107  32.928  -33.461  36.023 0.0000000000
58091  34.162  -34.070  36.551 0.0000000000
54436  33.669  -36.043  38.975 0.0000000000
55589  33.734  -35.411  38.264 0.0000000000
55580  34.465  -35.538  38.766 0.0000000000
56769  34.300  -34.842  37.971 0.0000000000
58106  34.388  -33.257  36.130 0.0000000000
58089  36.314  -33.040  36.938 0.0000000000
58072  37.210  -33.375  37.361 0.0000000000
58088  37.187  -32.860  37.015 0.0000000000
59440  37.761  -32.604  37.139 0.0000000000
60761  38.553  -32.309  37.645 0.0000000000
52086  25.445  -38.476  46.707 0.0000000000
52079  24.926  -38.758  47.084 0.0000000000
52097  24.644  -37.898  45.893 0.0000000000
52088  24.152  -38.121  46.307 0.0000000000
50937  24.566  -38.804  47.089 0.0000000000
50938  23.942  -38.905  46.828 0.0000000000
50939  22.947  -39.654  47.051 0.0000000000
50940  22.375  -39.926  46.667 0.0000000000
50974  22.536  -38.558  44.066 0.0000000000
50960  22.198  -39.095  44.356 0.0000000000
49814  21.633  -39.346  43.485 0.0000000000
49772  22.581  -39.313  45.433 0.0000000000
49751  22.480  -39.639  45.750 0.0000000000
49731  21.987  -40.246  47.168 0.0000000000
49754  19.925  -40.735  46.379 0.0000000000
48462  19.560  -40.401  45.337 0.0000000000
48439  19.424  -40.715  45.749 0.0000000000
52169  18.525  -38.540  40.813 0.0000000000
51026  18.143  -38.925  41.392 0.0000000000
52195  15.814  -39.171  39.666 0.0000000000
52194  16.641  -38.748  39.815 0.0000000000
51013  17.882  -39.780  41.786 0.0000000000
49833  17.659  -40.297  42.352 0.0000000000
49819  17.210  -40.397  43.098 0.0000000000
50996  15.964  -40.200  42.419 0.0000000000
49758  15.575  -40.479  46.511 0.0000000000
49781  13.892  -40.850  45.780 0.0000000000
48464  13.350  -41.131  45.819 0.0000000000
48465  12.848  -41.179  45.862 0.0000000000
49837  12.543  -40.988  43.509 0.0000000000
48543  11.945  -40.827  41.847 0.0000000000
49824  12.652  -41.142  44.476 0.0000000000
49805  12.612  -40.927  45.184 0.0000000000
48466  12.223  -41.046  45.728 0.0000000000
48468  10.313  -41.531  45.567 0.0000000000
47021  9.297  -42.107  46.082 0.0000000000
45703  8.932  -42.387  46.437 0.0000000000
47022  8.448  -42.489  46.120 0.0000000000
45714  5.882  -42.774  45.814 0.0000000000
60838  29.570  -30.745  31.433 0.0000000000
60839  28.519  -31.170  31.528 0.0000000000
59517  29.147  -31.430  32.061 0.0000000000
58153  28.763  -32.468  33.089 0.0000000000
58137  28.580  -32.878  33.579 0.0000000000
60827  26.561  -32.069  32.054 0.0000000000
59503  27.014  -32.472  32.579 0.0000000000
59489  26.779  -32.791  33.244 0.0000000000
58138  27.468  -33.167  33.723 0.0000000000
55632  28.294  -35.541  35.880 0.0000000000
55633  27.092  -35.679  36.340 0.0000000000
54506  27.563  -36.288  36.759 0.0000000000
54481  28.093  -36.664  37.349 0.0000000000
53391  28.031  -37.398  38.030 0.0000000000
52206  27.725  -38.008  39.020 0.0000000000
51040  27.453  -38.274  39.816 0.0000000000
54484  24.981  -36.120  37.544 0.0000000000
54459  25.517  -36.582  38.589 0.0000000000
53373  25.102  -36.757  40.044 0.0000000000
53372  25.558  -36.892  39.571 0.0000000000
53394  25.841  -37.137  38.983 0.0000000000
53350  26.723  -37.656  39.650 0.0000000000
52188  27.030  -38.019  40.193 0.0000000000
52165  27.355  -38.229  40.955 0.0000000000
52145  27.181  -38.167  42.745 0.0000000000
52128  26.898  -38.278  43.207 0.0000000000
53297  26.357  -38.365  43.306 0.0000000000
52113  26.949  -38.410  44.461 0.0000000000
52103  26.979  -38.397  45.480 0.0000000000
48375  18.167  -41.066  49.305 0.0000000000
46981  9.148  -42.034  49.016 0.0000000000
48382  9.451  -41.944  49.410 0.0000000000
49687  9.978  -41.733  50.266 0.0000000000
49676  10.073  -41.497  51.418 0.0000000000
49671  10.214  -41.353  51.907 0.0000000000
83232  60.091  -10.669  20.420 0.0000000000
83235  57.507  -10.947  20.827 0.0000000000
83233  59.350  -10.827  20.633 0.0000000000
84442  50.590  -11.108  19.963 0.0000000000
84463  47.482  -10.583  19.080 0.0000000000
84444  48.933  -10.966  19.982 0.0000000000
83163  49.933  -10.999  24.288 0.0000000000
84352  50.318  -10.784  27.093 0.0000000000
83134  49.625  -11.318  25.918 0.0000000000
83147  49.844  -11.451  25.109 0.0000000000
83144  52.089  -10.874  24.795 0.0000000000
84382  52.402  -10.739  25.653 0.0000000000
83143  53.063  -11.007  24.770 0.0000000000
77658  40.944  -16.519  25.798 0.0000000000
75695  39.319  -17.639  26.809 0.0000000000
76626  41.013  -17.641  28.422 0.0000000000
76655  41.575  -16.693  26.480 0.0000000000
76623  42.396  -16.716  27.926 0.0000000000
77618  43.207  -16.747  29.540 0.0000000000
76612  42.905  -17.167  29.507 0.0000000000
77608  43.407  -16.716  30.188 0.0000000000
76587  44.715  -16.642  31.507 0.0000000000
64485  35.978  -29.285  31.143 0.0000000000
66977  39.559  -25.688  28.840 0.0000000000
68103  40.203  -24.728  28.596 0.0000000000
69196  41.573  -23.855  29.769 0.0000000000
61991  39.611  -31.396  36.509 0.0000000000
63225  40.736  -30.273  34.381 0.0000000000
63248  41.280  -29.820  33.964 0.0000000000
63270  41.529  -29.466  33.008 0.0000000000
62029  43.303  -30.147  35.327 0.0000000000
62028  44.459  -29.354  35.675 0.0000000000
62053  42.864  -29.901  34.337 0.0000000000
62080  42.393  -29.553  33.542 0.0000000000
63296  41.912  -28.691  32.198 0.0000000000
65675  42.882  -26.813  32.113 0.0000000000
66929  42.638  -26.156  31.632 0.0000000000
66961  41.669  -25.186  30.513 0.0000000000
69212  41.833  -23.155  29.673 0.0000000000
70356  42.258  -22.503  29.903 0.0000000000
70340  43.159  -22.949  30.996 0.0000000000
72564  43.868  -20.690  31.195 0.0000000000
73617  44.025  -20.094  31.355 0.0000000000
68021  44.767  -24.562  34.549 0.0000000000
69135  44.964  -24.015  34.323 0.0000000000
69143  44.873  -22.924  33.652 0.0000000000
70306  45.206  -22.438  34.765 0.0000000000
70315  45.151  -22.375  33.926 0.0000000000
70320  44.588  -22.480  33.137 0.0000000000
71440  44.598  -21.523  32.744 0.0000000000
74654  44.236  -18.971  31.790 0.0000000000
74642  44.888  -18.721  32.527 0.0000000000
75614  45.260  -17.942  32.580 0.0000000000
92259  60.644  -2.327  12.390 0.0000000000
91229  62.945  -4.034  13.465 0.0000000000
86787  61.350  -7.229  12.271 0.0000000000
87904  62.249  -6.865  13.931 0.0000000000
87916  62.362  -6.065  13.575 0.0000000000
89063  62.261  -5.390  13.212 0.0000000000
90222  62.570  -4.714  13.424 0.0000000000
91222  63.902  -4.685  14.125 0.0000000000
90211  63.910  -5.557  14.132 0.0000000000
90186  63.276  -6.638  14.729 0.0000000000
90198  63.471  -6.466  14.312 0.0000000000
45691  8.984  -42.493  46.800 0.0000000000
47007  9.446  -42.361  47.128 0.0000000000
48333  5.747  -41.894  51.965 0.0000000000
48359  13.519  -40.611  51.079 0.0000000000
48380  10.836  -41.532  49.097 0.0000000000
48440  18.955  -40.700  45.657 0.0000000000
48463  19.184  -40.594  45.476 0.0000000000
48484  20.729  -39.904  43.724 0.0000000000
48504  20.492  -39.930  43.563 0.0000000000
48505  20.265  -40.142  43.672 0.0000000000
49669  11.457  -41.298  52.276 0.0000000000
49675  10.778  -41.301  51.521 0.0000000000
49681  10.006  -41.725  50.744 0.0000000000
49702  10.736  -41.625  49.504 0.0000000000
49715  19.638  -40.976  47.704 0.0000000000
49719  15.096  -40.234  48.470 0.0000000000
49783  12.634  -41.042  45.492 0.0000000000
49795  21.674  -39.521  43.982 0.0000000000
49830  20.745  -39.256  42.721 0.0000000000
49832  18.088  -40.163  42.334 0.0000000000
50992  19.452  -39.807  42.883 0.0000000000
51039  27.633  -38.298  39.579 0.0000000000
51053  27.451  -38.138  39.536 0.0000000000
51054  27.271  -38.107  39.769 0.0000000000
51058  11.699  -39.282  39.021 0.0000000000
52126  27.978  -38.503  43.328 0.0000000000
52148  21.727  -38.067  41.931 0.0000000000
52166  26.766  -37.975  40.978 0.0000000000
52205  28.726  -38.226  38.836 0.0000000000
53281  26.199  -38.427  44.708 0.0000000000
53287  26.865  -38.376  43.923 0.0000000000
53288  26.385  -38.413  44.164 0.0000000000
53296  26.779  -38.353  43.614 0.0000000000
53330  27.484  -38.204  41.553 0.0000000000
53370  26.981  -37.549  38.991 0.0000000000
53371  26.271  -37.329  39.339 0.0000000000
53392  27.174  -37.134  38.351 0.0000000000
53416  28.557  -37.027  37.720 0.0000000000
54410  23.191  -36.712  40.462 0.0000000000
54437  33.006  -36.196  38.867 0.0000000000
54456  27.862  -36.968  37.678 0.0000000000
54479  30.408  -36.254  37.077 0.0000000000
54485  24.510  -35.785  37.653 0.0000000000
55610  26.757  -35.968  36.707 0.0000000000
55613  24.493  -35.356  37.127 0.0000000000
55636  24.672  -34.913  36.673 0.0000000000
55638  22.457  -35.427  36.102 0.0000000000
56755  35.713  -34.925  38.809 0.0000000000
56766  37.458  -32.887  37.397 0.0000000000
56767  37.405  -33.066  37.380 0.0000000000
56780  37.349  -32.811  37.194 0.0000000000
56781  37.253  -33.016  37.190 0.0000000000
58087  37.658  -32.754  37.367 0.0000000000
58134  31.686  -32.721  34.205 0.0000000000
58140  25.657  -33.402  33.806 0.0000000000
59398  37.249  -33.874  38.240 0.0000000000
59420  37.582  -33.496  37.946 0.0000000000
59421  37.233  -33.811  37.768 0.0000000000
59441  37.063  -32.911  36.687 0.0000000000
59458  35.403  -32.533  35.745 0.0000000000
59469  37.113  -32.478  35.151 0.0000000000
59482  37.181  -31.982  34.725 0.0000000000
59500  30.021  -31.803  32.457 0.0000000000
59501  28.822  -32.082  32.613 0.0000000000
60718  38.544  -32.605  38.827 0.0000000000
60759  39.968  -31.426  37.428 0.0000000000
60797  33.237  -31.844  34.336 0.0000000000
62089  31.137  -30.131  31.631 0.0000000000
63298  40.602  -29.210  32.096 0.0000000000
63317  34.475  -28.743  31.152 0.0000000000
63318  32.731  -28.698  31.248 0.0000000000
64488  32.091  -28.488  31.466 0.0000000000
64507  34.350  -28.387  30.781 0.0000000000
64522  34.948  -28.022  30.299 0.0000000000
64523  34.468  -28.055  30.317 0.0000000000
68008  44.972  -24.574  35.021 0.0000000000
68104  39.262  -24.950  28.448 0.0000000000
71425  45.405  -21.105  34.143 0.0000000000
71441  44.317  -21.711  31.834 0.0000000000
72522  45.375  -20.910  34.342 0.0000000000
72523  45.359  -20.763  34.557 0.0000000000
72532  45.249  -20.548  33.747 0.0000000000
72548  44.126  -20.394  31.659 0.0000000000
73616  44.239  -19.721  31.746 0.0000000000
74643  44.440  -19.254  32.195 0.0000000000
74653  44.256  -18.346  31.667 0.0000000000
74682  42.228  -18.657  29.389 0.0000000000
75621  44.528  -17.701  31.918 0.0000000000
75653  41.942  -18.275  29.253 0.0000000000
75664  41.621  -18.074  28.978 0.0000000000
75696  38.966  -17.713  26.606 0.0000000000
76614  41.578  -17.657  28.765 0.0000000000
76654  42.124  -16.548  26.321 0.0000000000
77596  44.268  -16.530  31.054 0.0000000000
77605  45.549  -15.462  30.271 0.0000000000
78660  44.482  -15.481  28.070 0.0000000000
78673  45.533  -14.521  27.438 0.0000000000
78691  45.357  -14.261  26.268 0.0000000000
79691  46.384  -14.422  30.060 0.0000000000
79743  45.250  -14.341  26.936 0.0000000000
82033  48.994  -11.482  21.857 0.0000000000
82048  44.188  -11.787  20.404 0.0000000000
83186  57.927  -11.319  22.033 0.0000000000
83196  48.557  -11.393  21.882 0.0000000000
83199  45.903  -11.569  21.817 0.0000000000
85615  61.079  -8.769  17.345 0.0000000000
86692  61.027  -8.943  17.369 0.0000000000
86809  60.057  -7.416  11.115 0.0000000000
87884  63.119  -7.369  15.287 0.0000000000
87885  62.023  -7.283  15.218 0.0000000000
87894  63.481  -7.683  14.815 0.0000000000
89013  63.139  -7.250  15.555 0.0000000000
89034  63.532  -7.061  14.490 0.0000000000
89036  62.310  -6.951  14.738 0.0000000000
90185  63.422  -6.856  14.619 0.0000000000
90187  63.028  -6.426  14.954 0.0000000000
90234  63.941  -4.286  12.506 0.0000000000
91221  64.180  -4.864  14.024 0.0000000000
91227  64.098  -4.529  13.643 0.0000000000
91259  62.273  -2.850  9.908 0.0000000000
92263  62.641  -2.300  11.202 0.0000000000
93353  61.981  -1.254  12.574 0.0000000000
93354  61.368  -1.595  12.573 0.0000000000
93355  60.705  -1.650  12.445 0.0000000000
93362  62.563  -1.622  11.968 0.0000000000
93372  62.489  -1.389  11.939 0.0000000000
93390  62.557  -1.574  10.002 0.0000000000
93409  60.960  -1.526  8.523 0.0000000000
94462  61.758  -0.909  12.375 0.0000000000
94470  62.169  -0.892  12.237 0.0000000000
94471  60.287  -1.368  12.289 0.0000000000
94485  62.419  -0.956  11.476 0.0000000000
94503  62.550  -1.048  11.072 0.0000000000
94521  62.530  -1.058  10.515 0.0000000000
94522  62.240  -1.026  9.990 0.0000000000
95635  61.651  -0.840  12.176 0.0000000000
95636  61.125  -0.905  11.996 0.0000000000
95638  60.572  -0.835  12.039 0.0000000000
95645  61.929  -0.688  12.097 0.0000000000
95646  60.265  -0.955  11.929 0.0000000000
95659  62.282  -0.750  11.441 0.0000000000
95660  62.138  -0.672  11.620 0.0000000000
95661  60.975  -0.051  10.816 0.0000000000
95662  60.602  -0.305  10.923 0.0000000000
95677  61.940  -0.490  10.934 0.0000000000
95678  61.209  -0.338  10.696 0.0000000000
95690  62.386  -0.770  10.857 0.0000000000
96819  61.712  -0.751  12.015 0.0000000000
96821  61.033  -1.038  11.800 0.0000000000
96829  61.706  -0.665  11.762 0.0000000000
96830  61.248  -0.684  11.572 0.0000000000
96831  60.673  -0.766  11.607 0.0000000000
96832  60.196  -0.732  11.716 0.0000000000
96843  61.652  -0.411  11.174 0.0000000000
96844  61.062  -0.151  11.022 0.0000000000
96846  59.999  -0.615  11.624 0.0000000000
96856  61.191  -0.146  10.939 0.0000000000
