#!ascii label  , from subject 3762 vox2ras=TkReg
960
118883  47.586  46.007  16.143 0.0000000000
141436  51.935  47.632  14.626 0.0000000000
117248  54.841  43.563  24.684 0.0000000000
118101  42.302  44.663  17.588 0.0000000000
118066  44.619  44.245  21.379 0.0000000000
117390  49.909  43.370  10.523 0.0000000000
122061  46.763  49.138  17.411 0.0000000000
122828  48.775  50.609  11.716 0.0000000000
115757  54.876  41.637  28.872 0.0000000000
141350  50.268  38.621  23.007 0.0000000000
141417  53.240  44.387  14.641 0.0000000000
118837  51.297  45.498  20.142 0.0000000000
119627  54.301  46.219  19.904 0.0000000000
119583  51.528  47.036  24.740 0.0000000000
122865  48.234  50.355  9.580 0.0000000000
118956  51.558  45.364  9.910 0.0000000000
115801  47.082  41.600  23.286 0.0000000000
118886  44.630  45.646  16.727 0.0000000000
118854  43.899  44.984  19.541 0.0000000000
118864  46.506  45.819  18.557 0.0000000000
118157  47.795  44.588  13.534 0.0000000000
118143  45.080  43.941  14.535 0.0000000000
122813  45.241  50.902  14.927 0.0000000000
114308  52.017  39.191  28.851 0.0000000000
113589  53.159  37.696  25.395 0.0000000000
141337  50.958  37.650  24.336 0.0000000000
119748  46.635  46.630  7.157 0.0000000000
118924  54.460  44.776  13.960 0.0000000000
118856  54.206  45.405  17.747 0.0000000000
120440  53.566  47.673  17.101 0.0000000000
122778  49.232  51.012  21.626 0.0000000000
122010  51.254  49.315  22.463 0.0000000000
120412  49.792  47.638  23.163 0.0000000000
118794  50.445  45.714  25.679 0.0000000000
120466  49.163  47.710  13.726 0.0000000000
121274  49.580  47.603  10.722 0.0000000000
118935  51.584  45.745  12.201 0.0000000000
118183  53.206  44.144  11.501 0.0000000000
118039  53.659  44.334  23.188 0.0000000000
117273  49.681  43.933  22.819 0.0000000000
117259  51.025  43.324  24.791 0.0000000000
116514  42.877  42.374  21.046 0.0000000000
115810  44.209  41.694  21.088 0.0000000000
116640  48.951  42.538  7.179 0.0000000000
118208  47.053  44.092  9.203 0.0000000000
121216  49.145  48.322  16.740 0.0000000000
122048  50.791  49.826  18.243 0.0000000000
126274  48.036  56.328  14.610 0.0000000000
125643  49.771  54.522  12.622 0.0000000000
121240  47.112  48.838  14.334 0.0000000000
117220  54.123  43.305  27.111 0.0000000000
115790  50.732  41.550  26.571 0.0000000000
114333  52.279  39.223  26.117 0.0000000000
113635  52.235  38.193  20.202 0.0000000000
118898  50.084  45.254  15.451 0.0000000000
119634  49.495  45.916  17.930 0.0000000000
118859  51.746  45.414  18.171 0.0000000000
118072  53.925  44.565  19.968 0.0000000000
118827  55.265  45.216  22.716 0.0000000000
121209  52.632  48.778  19.681 0.0000000000
120409  53.522  47.419  22.925 0.0000000000
119580  54.208  46.432  25.017 0.0000000000
118761  52.841  45.235  27.181 0.0000000000
117197  51.597  43.812  28.974 0.0000000000
121288  46.289  48.679  9.662 0.0000000000
120525  49.090  46.840  7.540 0.0000000000
121310  51.223  48.060  7.970 0.0000000000
118237  51.048  44.526  6.750 0.0000000000
116625  52.171  42.271  9.263 0.0000000000
117346  50.978  44.139  12.961 0.0000000000
118834  47.896  44.892  21.365 0.0000000000
116508  45.615  42.338  22.133 0.0000000000
115118  45.245  40.326  20.819 0.0000000000
114342  48.031  39.661  23.058 0.0000000000
118885  45.403  45.854  16.486 0.0000000000
118873  45.330  45.651  17.957 0.0000000000
118872  46.860  45.941  17.660 0.0000000000
118914  47.923  45.328  14.834 0.0000000000
118141  47.135  45.024  14.364 0.0000000000
118901  46.767  45.483  15.305 0.0000000000
118903  44.703  45.353  15.845 0.0000000000
113559  50.957  38.833  28.332 0.0000000000
113578  51.481  38.587  27.472 0.0000000000
112839  50.408  38.275  26.140 0.0000000000
112092  43.078  37.086  19.878 0.0000000000
119687  53.793  46.583  14.320 0.0000000000
141424  54.232  47.092  15.410 0.0000000000
141437  53.102  48.350  15.696 0.0000000000
122029  47.932  49.717  21.626 0.0000000000
122012  49.617  49.503  21.946 0.0000000000
141442  51.111  47.318  14.309 0.0000000000
119690  50.714  46.239  12.463 0.0000000000
119677  52.172  46.435  13.259 0.0000000000
119688  52.901  46.393  12.976 0.0000000000
118029  54.179  44.168  23.699 0.0000000000
117266  52.449  43.965  23.692 0.0000000000
117258  52.451  43.527  24.540 0.0000000000
118098  41.290  43.940  18.700 0.0000000000
118091  41.411  43.744  19.404 0.0000000000
118078  43.966  44.540  20.774 0.0000000000
118079  43.100  43.818  20.575 0.0000000000
117284  43.809  43.070  21.437 0.0000000000
115817  43.679  41.213  20.788 0.0000000000
116512  44.393  42.378  21.399 0.0000000000
117422  49.641  42.946  8.696 0.0000000000
117424  48.013  43.496  8.085 0.0000000000
117392  47.864  43.801  10.147 0.0000000000
118110  42.483  44.298  16.605 0.0000000000
117310  41.136  43.724  17.467 0.0000000000
121217  48.157  48.725  16.751 0.0000000000
122050  48.986  49.270  18.542 0.0000000000
122799  47.425  50.321  18.504 0.0000000000
122068  45.691  49.544  16.074 0.0000000000
122073  45.672  50.058  15.081 0.0000000000
122066  47.061  49.024  15.783 0.0000000000
121230  48.133  48.316  15.250 0.0000000000
116480  55.177  42.362  28.107 0.0000000000
115779  53.157  41.213  27.466 0.0000000000
114322  53.648  40.146  27.802 0.0000000000
141356  52.537  37.541  22.578 0.0000000000
113596  52.763  38.028  23.861 0.0000000000
113634  52.921  37.859  20.665 0.0000000000
118121  51.101  45.306  15.095 0.0000000000
141429  51.014  45.360  16.945 0.0000000000
141430  52.369  45.151  15.916 0.0000000000
119630  54.272  46.118  18.663 0.0000000000
118082  54.094  45.163  18.712 0.0000000000
118836  54.760  45.367  20.312 0.0000000000
118057  54.557  44.896  20.742 0.0000000000
119624  54.455  46.026  21.188 0.0000000000
122795  50.877  50.812  18.674 0.0000000000
122046  52.213  49.497  18.482 0.0000000000
122039  51.721  50.233  20.290 0.0000000000
121176  51.488  48.653  23.291 0.0000000000
121183  52.219  48.353  22.369 0.0000000000
120396  52.876  47.747  23.674 0.0000000000
120395  53.647  47.260  23.829 0.0000000000
119581  53.331  46.923  25.128 0.0000000000
119555  54.096  45.738  26.195 0.0000000000
118792  52.444  46.079  25.918 0.0000000000
118000  49.897  44.736  26.837 0.0000000000
117981  50.996  44.739  27.429 0.0000000000
122125  47.691  49.461  9.583 0.0000000000
120512  47.846  47.225  8.336 0.0000000000
121299  49.033  48.240  8.585 0.0000000000
124258  49.453  52.667  12.288 0.0000000000
124998  50.132  52.850  11.665 0.0000000000
123538  49.519  50.976  11.320 0.0000000000
119711  50.898  46.591  9.590 0.0000000000
121283  50.766  48.352  9.392 0.0000000000
119723  51.302  46.187  8.753 0.0000000000
119743  50.754  46.385  7.362 0.0000000000
118979  51.620  45.253  7.951 0.0000000000
117436  51.571  43.093  7.736 0.0000000000
117402  52.365  43.428  9.477 0.0000000000
117343  53.562  44.048  13.420 0.0000000000
117375  52.215  43.514  11.860 0.0000000000
118170  52.012  43.887  13.148 0.0000000000
118138  50.797  44.734  14.302 0.0000000000
118847  50.677  45.708  19.299 0.0000000000
118849  48.602  45.601  19.344 0.0000000000
118832  49.440  45.399  21.120 0.0000000000
117270  47.713  43.100  23.252 0.0000000000
117275  48.062  43.627  22.824 0.0000000000
116503  46.862  42.127  22.978 0.0000000000
115808  45.549  41.499  21.736 0.0000000000
115103  46.217  40.674  21.601 0.0000000000
141348  50.101  39.417  24.354 0.0000000000
115087  49.457  40.400  25.238 0.0000000000
141349  49.476  39.365  23.325 0.0000000000
118888  42.972  45.202  17.229 0.0000000000
118868  43.045  44.828  18.641 0.0000000000
118875  43.750  45.421  17.955 0.0000000000
118853  44.465  45.143  19.462 0.0000000000
118086  45.701  45.229  20.113 0.0000000000
117362  49.230  43.906  12.225 0.0000000000
118109  43.342  44.901  16.382 0.0000000000
114291  53.449  40.063  29.110 0.0000000000
114306  53.718  39.977  28.269 0.0000000000
113557  52.597  38.704  27.831 0.0000000000
112848  52.437  37.557  24.879 0.0000000000
141418  54.474  44.122  14.193 0.0000000000
141407  53.654  44.904  16.259 0.0000000000
141426  54.362  45.375  15.404 0.0000000000
120439  54.134  46.781  17.032 0.0000000000
120437  53.726  47.158  18.105 0.0000000000
123467  50.603  51.949  21.134 0.0000000000
122776  51.058  51.049  21.026 0.0000000000
122027  50.427  50.253  21.779 0.0000000000
121185  50.409  49.094  22.930 0.0000000000
120391  50.597  47.594  23.844 0.0000000000
119571  50.944  46.482  25.274 0.0000000000
119572  50.061  46.209  25.060 0.0000000000
118795  49.091  45.514  25.511 0.0000000000
118015  48.347  44.881  25.805 0.0000000000
123552  48.262  51.621  10.421 0.0000000000
121257  48.603  48.521  12.059 0.0000000000
121266  49.180  48.489  11.253 0.0000000000
120482  49.448  47.303  11.578 0.0000000000
119699  50.571  46.053  11.547 0.0000000000
118957  51.316  45.467  10.771 0.0000000000
118194  52.336  44.425  10.316 0.0000000000
118944  53.024  44.768  11.813 0.0000000000
118933  53.563  45.123  12.847 0.0000000000
118059  52.978  45.053  21.213 0.0000000000
118061  50.430  44.956  21.660 0.0000000000
118041  51.492  44.169  23.137 0.0000000000
117268  50.122  43.597  23.503 0.0000000000
116497  48.440  42.195  24.412 0.0000000000
114382  50.582  38.986  19.598 0.0000000000
114366  49.357  39.404  20.155 0.0000000000
115820  40.990  41.365  20.807 0.0000000000
118080  42.426  43.638  20.430 0.0000000000
117286  42.546  42.675  20.873 0.0000000000
115819  41.907  41.257  20.695 0.0000000000
114371  42.451  39.543  20.746 0.0000000000
115120  43.217  40.311  20.606 0.0000000000
114370  43.717  39.327  19.988 0.0000000000
116641  48.202  42.500  6.520 0.0000000000
118220  46.642  44.242  7.795 0.0000000000
141443  50.516  48.173  16.104 0.0000000000
141445  51.424  48.686  16.446 0.0000000000
122057  50.653  49.140  17.137 0.0000000000
122796  50.169  50.700  18.655 0.0000000000
123488  49.874  52.214  19.325 0.0000000000
124189  50.236  53.121  20.369 0.0000000000
124912  48.824  53.260  21.709 0.0000000000
126286  48.896  55.216  13.481 0.0000000000
124995  48.433  53.561  13.154 0.0000000000
122819  47.905  51.374  12.821 0.0000000000
121259  47.538  49.569  12.958 0.0000000000
120467  48.278  48.212  13.739 0.0000000000
120455  49.086  47.554  14.684 0.0000000000
117238  54.434  43.354  26.371 0.0000000000
116489  52.831  42.707  26.134 0.0000000000
116485  53.266  42.333  26.914 0.0000000000
115085  51.131  39.870  26.230 0.0000000000
114340  51.542  38.836  24.350 0.0000000000
113598  52.691  38.482  25.083 0.0000000000
141353  52.336  38.662  24.249 0.0000000000
113604  51.727  38.541  21.864 0.0000000000
119660  48.378  45.887  15.876 0.0000000000
119641  48.477  46.192  17.227 0.0000000000
141438  50.061  46.063  16.978 0.0000000000
118860  50.909  45.859  18.405 0.0000000000
118846  51.867  45.381  19.259 0.0000000000
118857  53.607  45.165  17.545 0.0000000000
118095  53.326  45.032  18.733 0.0000000000
118073  53.164  44.921  20.249 0.0000000000
118058  53.956  44.788  21.053 0.0000000000
118038  54.635  44.275  23.124 0.0000000000
118027  55.462  44.332  23.890 0.0000000000
141440  52.765  48.735  16.993 0.0000000000
121212  52.763  48.888  18.697 0.0000000000
121208  52.991  48.098  19.882 0.0000000000
122025  52.025  49.147  21.290 0.0000000000
120430  52.660  48.145  21.158 0.0000000000
119625  53.792  46.790  21.021 0.0000000000
119622  54.066  46.786  22.088 0.0000000000
118818  55.122  45.315  23.754 0.0000000000
118014  55.391  44.490  25.241 0.0000000000
117998  55.041  43.832  26.581 0.0000000000
117978  54.122  43.927  27.290 0.0000000000
117194  54.528  43.188  28.449 0.0000000000
118762  51.883  45.093  27.038 0.0000000000
117967  52.987  44.180  28.316 0.0000000000
116440  53.587  41.990  29.588 0.0000000000
115737  52.081  41.491  30.047 0.0000000000
119735  46.597  46.875  8.152 0.0000000000
119747  47.509  45.970  6.798 0.0000000000
118992  49.092  45.224  6.583 0.0000000000
122112  50.297  49.415  10.132 0.0000000000
122137  49.828  50.018  8.743 0.0000000000
121312  50.098  47.996  7.538 0.0000000000
119744  50.195  46.294  7.111 0.0000000000
118239  49.736  44.434  6.167 0.0000000000
117450  50.698  43.050  6.633 0.0000000000
116638  50.996  42.218  7.808 0.0000000000
117403  50.593  42.720  9.777 0.0000000000
116604  52.344  43.267  10.464 0.0000000000
117388  51.851  43.318  10.904 0.0000000000
117377  50.115  43.561  11.480 0.0000000000
118172  49.421  44.219  12.906 0.0000000000
118139  49.462  44.697  14.602 0.0000000000
118863  47.686  45.672  18.419 0.0000000000
118850  47.504  45.544  19.550 0.0000000000
118076  46.150  44.610  20.679 0.0000000000
118063  48.422  44.640  21.809 0.0000000000
118064  47.280  44.406  21.555 0.0000000000
117282  45.995  43.855  21.481 0.0000000000
115809  44.820  41.661  21.314 0.0000000000
115119  44.266  40.181  20.374 0.0000000000
116491  50.488  42.165  25.723 0.0000000000
115796  48.736  41.580  24.890 0.0000000000
115096  47.554  40.752  23.336 0.0000000000
114367  48.222  39.568  20.204 0.0000000000
115099  47.156  40.475  22.265 0.0000000000
141338  50.128  37.961  24.283 0.0000000000
111233  50.184  36.969  22.191 0.0000000000
118884  46.535  45.944  16.596 0.0000000000
119649  46.372  46.071  17.301 0.0000000000
118900  47.722  45.785  15.301 0.0000000000
118915  47.366  45.439  14.925 0.0000000000
118902  45.681  45.431  15.658 0.0000000000
113579  50.440  39.024  27.553 0.0000000000
141428  53.485  47.692  15.319 0.0000000000
141434  52.278  48.049  15.158 0.0000000000
141441  51.410  47.664  14.802 0.0000000000
141432  52.003  47.189  13.933 0.0000000000
117257  53.692  43.958  24.138 0.0000000000
117249  53.768  43.256  25.405 0.0000000000
118097  42.380  44.603  18.679 0.0000000000
118067  43.882  43.860  21.341 0.0000000000
117283  44.835  43.372  21.799 0.0000000000
117404  49.756  43.234  9.591 0.0000000000
117405  48.793  43.433  9.349 0.0000000000
117391  48.877  43.730  10.350 0.0000000000
118111  41.877  44.215  17.202 0.0000000000
118102  41.375  44.209  17.746 0.0000000000
121218  47.264  48.914  16.823 0.0000000000
122060  47.618  49.103  17.473 0.0000000000
122052  47.094  49.722  17.892 0.0000000000
122062  45.804  49.172  17.178 0.0000000000
122067  46.551  49.309  15.900 0.0000000000
121219  46.579  48.962  16.845 0.0000000000
115776  55.121  41.640  28.486 0.0000000000
115777  54.897  41.547  27.907 0.0000000000
115072  54.245  40.824  28.104 0.0000000000
113615  52.677  37.687  21.648 0.0000000000
118137  52.421  44.525  14.506 0.0000000000
141413  53.181  44.690  15.120 0.0000000000
119631  53.912  46.724  19.069 0.0000000000
118844  54.372  45.481  19.162 0.0000000000
123486  51.156  51.969  19.593 0.0000000000
122789  51.333  51.006  19.059 0.0000000000
122787  51.364  51.094  19.941 0.0000000000
120390  51.272  47.571  24.087 0.0000000000
120397  51.877  47.917  23.437 0.0000000000
120389  52.175  47.444  24.213 0.0000000000
120388  53.058  47.384  24.459 0.0000000000
119582  52.460  46.977  24.890 0.0000000000
119569  52.785  46.545  25.528 0.0000000000
119570  51.930  46.497  25.338 0.0000000000
117982  49.750  44.239  27.720 0.0000000000
122850  47.849  50.889  10.190 0.0000000000
122866  47.283  50.200  9.916 0.0000000000
121286  48.197  48.686  8.986 0.0000000000
122124  48.662  49.628  9.124 0.0000000000
123529  48.726  51.778  12.418 0.0000000000
123528  49.359  51.778  11.586 0.0000000000
118969  51.680  45.005  8.826 0.0000000000
118219  51.830  44.126  8.292 0.0000000000
118207  52.139  44.172  9.326 0.0000000000
118136  53.353  44.154  14.134 0.0000000000
118153  52.737  44.128  13.562 0.0000000000
118838  50.393  45.440  20.048 0.0000000000
118830  50.908  45.394  20.568 0.0000000000
116502  47.448  42.326  23.376 0.0000000000
115804  46.517  41.646  22.755 0.0000000000
115100  46.705  40.994  22.561 0.0000000000
141342  50.086  38.996  23.433 0.0000000000
141341  49.777  39.772  24.804 0.0000000000
114345  49.550  38.871  22.049 0.0000000000
118887  43.858  45.484  17.002 0.0000000000
118874  44.776  45.564  17.716 0.0000000000
118865  45.537  45.662  18.555 0.0000000000
118852  45.283  45.356  19.470 0.0000000000
118173  48.473  44.343  12.827 0.0000000000
117363  48.108  43.978  12.187 0.0000000000
118142  46.106  44.521  14.310 0.0000000000
118904  44.035  45.223  16.246 0.0000000000
114292  52.418  39.747  29.333 0.0000000000
114307  53.000  39.074  28.398 0.0000000000
113558  52.009  38.725  28.194 0.0000000000
112838  51.465  38.048  25.963 0.0000000000
113591  51.950  38.122  26.625 0.0000000000
112849  51.729  37.671  25.126 0.0000000000
141360  52.174  37.454  23.220 0.0000000000
141344  51.400  37.513  23.052 0.0000000000
120526  46.140  47.382  7.526 0.0000000000
120536  46.175  47.267  6.460 0.0000000000
141423  54.065  47.376  16.254 0.0000000000
120436  54.044  46.757  17.593 0.0000000000
123468  49.687  51.943  21.405 0.0000000000
122777  50.164  51.152  21.576 0.0000000000
122028  49.677  50.419  21.769 0.0000000000
121187  49.122  48.393  22.124 0.0000000000
121186  50.078  48.753  22.367 0.0000000000
120400  49.823  48.083  23.037 0.0000000000
120399  50.287  48.039  23.417 0.0000000000
119584  50.473  47.025  24.520 0.0000000000
119595  49.928  47.174  23.653 0.0000000000
118805  48.762  46.024  24.683 0.0000000000
118806  48.206  45.687  24.592 0.0000000000
118796  47.972  45.018  25.137 0.0000000000
120476  48.582  48.073  13.191 0.0000000000
120475  48.969  47.826  12.508 0.0000000000
119689  51.352  46.057  12.649 0.0000000000
118936  50.961  45.830  11.935 0.0000000000
118946  51.160  45.642  11.387 0.0000000000
118945  52.051  45.075  11.227 0.0000000000
118934  52.607  45.509  12.283 0.0000000000
118151  54.426  43.992  13.972 0.0000000000
118049  52.689  44.634  22.164 0.0000000000
118050  51.500  44.526  22.273 0.0000000000
118040  52.477  44.396  23.047 0.0000000000
117267  51.407  43.702  23.796 0.0000000000
117260  49.714  43.129  24.434 0.0000000000
117261  49.125  42.873  24.295 0.0000000000
116519  41.507  42.172  20.637 0.0000000000
118096  43.096  44.760  18.966 0.0000000000
118089  43.228  44.746  19.733 0.0000000000
117285  42.892  43.091  21.143 0.0000000000
117291  42.622  43.434  20.654 0.0000000000
116518  42.397  42.094  20.756 0.0000000000
115121  42.331  40.468  20.897 0.0000000000
115818  42.779  41.197  20.727 0.0000000000
116654  49.771  42.730  6.608 0.0000000000
117407  47.366  43.856  8.607 0.0000000000
117425  47.333  43.784  7.906 0.0000000000
118209  46.688  44.233  8.700 0.0000000000
118197  45.984  44.341  9.162 0.0000000000
121222  49.454  47.921  16.134 0.0000000000
122058  49.660  48.769  17.518 0.0000000000
122043  49.616  49.719  18.919 0.0000000000
123499  49.606  51.472  18.946 0.0000000000
124952  48.944  53.438  20.099 0.0000000000
124910  49.856  53.911  21.586 0.0000000000
126987  48.646  56.601  14.016 0.0000000000
126287  48.538  55.743  14.171 0.0000000000
124990  48.226  54.054  13.692 0.0000000000
124255  47.808  53.033  13.287 0.0000000000
124254  48.611  52.702  12.682 0.0000000000
121241  46.609  49.254  14.532 0.0000000000
122075  46.829  49.401  13.999 0.0000000000
122085  46.860  49.910  13.331 0.0000000000
121251  47.363  49.170  13.553 0.0000000000
121250  47.679  48.609  13.763 0.0000000000
121223  48.620  48.044  16.002 0.0000000000
120446  48.737  47.811  15.204 0.0000000000
120441  49.513  47.551  15.431 0.0000000000
116488  53.716  42.987  26.429 0.0000000000
116484  53.989  42.894  27.148 0.0000000000
115074  52.634  40.861  27.435 0.0000000000
115082  51.876  40.321  26.881 0.0000000000
114334  51.505  39.618  26.200 0.0000000000
113590  52.812  38.291  26.170 0.0000000000
114323  53.170  39.423  27.290 0.0000000000
113597  53.304  38.030  25.050 0.0000000000
113616  52.535  38.224  21.827 0.0000000000
141355  51.652  38.536  23.115 0.0000000000
113617  51.516  38.556  20.826 0.0000000000
118882  49.260  45.562  15.796 0.0000000000
119647  49.311  45.954  16.263 0.0000000000
118881  49.708  45.645  15.737 0.0000000000
141422  51.732  45.225  17.108 0.0000000000
119632  50.867  45.638  17.384 0.0000000000
141408  54.144  44.968  16.978 0.0000000000
141409  53.952  44.941  17.216 0.0000000000
118071  54.466  44.880  19.612 0.0000000000
118094  53.609  45.145  18.414 0.0000000000
118083  53.802  44.817  19.074 0.0000000000
118084  52.998  44.948  19.228 0.0000000000
118829  54.803  45.284  21.547 0.0000000000
118047  54.788  44.733  22.135 0.0000000000
118046  55.301  44.744  22.732 0.0000000000
118037  55.229  44.445  23.184 0.0000000000
118826  55.504  44.713  22.997 0.0000000000
122056  51.520  49.357  17.293 0.0000000000
141444  52.432  48.799  16.416 0.0000000000
122055  52.222  49.275  17.502 0.0000000000
122041  52.257  49.552  19.476 0.0000000000
121211  53.247  48.167  18.945 0.0000000000
122026  51.321  49.715  21.428 0.0000000000
121199  52.227  48.637  21.723 0.0000000000
120425  52.761  48.083  21.837 0.0000000000
120429  53.108  47.515  20.963 0.0000000000
120424  53.446  47.560  21.936 0.0000000000
119594  54.285  46.664  24.057 0.0000000000
119593  54.643  45.879  24.307 0.0000000000
118804  55.017  45.261  24.549 0.0000000000
118789  55.001  45.015  25.280 0.0000000000
117997  55.320  44.352  25.711 0.0000000000
118790  54.606  45.074  25.761 0.0000000000
118775  53.322  45.764  26.482 0.0000000000
118759  54.074  44.577  26.890 0.0000000000
118760  53.820  44.953  27.097 0.0000000000
117965  54.360  43.664  28.003 0.0000000000
117979  53.403  44.537  27.668 0.0000000000
118793  51.491  45.903  25.817 0.0000000000
118777  51.058  45.306  26.481 0.0000000000
117968  51.888  44.321  28.348 0.0000000000
117196  52.591  43.833  28.958 0.0000000000
116465  52.960  43.087  29.041 0.0000000000
117174  52.280  43.361  29.379 0.0000000000
116441  52.616  42.500  29.665 0.0000000000
122114  45.877  49.573  10.466 0.0000000000
122115  45.119  49.678  10.285 0.0000000000
122127  45.651  49.241  9.724 0.0000000000
121301  46.451  48.148  9.288 0.0000000000
120511  48.672  47.433  8.113 0.0000000000
119733  48.184  46.651  7.645 0.0000000000
119746  48.628  46.082  6.947 0.0000000000
118993  48.274  45.434  6.485 0.0000000000
119745  49.491  46.205  6.909 0.0000000000
121265  49.527  48.716  10.745 0.0000000000
122105  49.644  49.213  10.718 0.0000000000
121273  49.869  48.443  10.367 0.0000000000
121296  51.075  48.048  8.673 0.0000000000
122122  50.526  49.564  9.322 0.0000000000
121297  51.050  49.011  8.413 0.0000000000
121311  50.714  48.248  7.727 0.0000000000
121298  49.906  48.964  8.314 0.0000000000
118989  51.139  45.382  7.120 0.0000000000
119001  50.824  44.985  6.481 0.0000000000
119003  50.022  44.923  6.212 0.0000000000
118238  50.464  44.160  6.488 0.0000000000
117451  49.768  43.369  6.224 0.0000000000
118227  50.992  43.822  6.811 0.0000000000
116637  51.690  42.394  8.262 0.0000000000
116626  51.137  42.348  8.869 0.0000000000
116616  51.490  42.550  9.819 0.0000000000
118193  52.781  43.902  10.557 0.0000000000
117387  52.547  43.469  10.875 0.0000000000
117360  51.534  43.822  12.727 0.0000000000
117376  51.199  43.580  11.642 0.0000000000
117361  50.358  43.838  12.516 0.0000000000
118122  50.217  44.838  15.010 0.0000000000
118123  49.713  44.848  15.223 0.0000000000
119670  48.747  45.236  15.441 0.0000000000
118870  48.573  46.024  17.507 0.0000000000
118862  48.860  45.765  18.182 0.0000000000
118840  48.487  45.444  20.380 0.0000000000
118841  47.442  45.125  20.682 0.0000000000
118842  46.714  44.979  20.488 0.0000000000
118075  46.897  44.789  20.849 0.0000000000
118051  50.334  44.263  22.598 0.0000000000
118062  49.386  44.833  21.846 0.0000000000
118052  49.203  44.225  22.349 0.0000000000
117276  47.039  43.328  22.260 0.0000000000
118054  47.668  43.871  22.225 0.0000000000
117281  46.705  43.965  21.653 0.0000000000
117277  45.788  43.104  22.185 0.0000000000
117278  45.243  42.795  22.046 0.0000000000
115104  45.494  40.839  21.392 0.0000000000
115815  45.113  41.047  21.247 0.0000000000
115136  44.866  40.277  19.988 0.0000000000
114369  44.180  39.710  19.962 0.0000000000
114388  44.629  39.517  19.658 0.0000000000
116490  51.564  42.385  26.007 0.0000000000
115090  49.097  40.296  24.481 0.0000000000
115792  49.181  41.198  25.359 0.0000000000
115091  48.513  40.852  24.418 0.0000000000
115092  48.027  41.216  23.884 0.0000000000
114384  48.853  39.493  19.225 0.0000000000
114350  48.994  39.549  21.149 0.0000000000
119651  45.235  45.860  17.275 0.0000000000
119650  45.876  46.087  17.206 0.0000000000
119642  46.218  46.040  17.791 0.0000000000
118140  48.275  44.811  14.363 0.0000000000
118124  46.467  44.938  14.761 0.0000000000
118125  45.911  44.692  15.082 0.0000000000
118126  44.995  44.595  15.328 0.0000000000
113546  51.374  38.878  28.903 0.0000000000
113592  51.010  38.550  26.737 0.0000000000
112850  51.000  38.139  25.314 0.0000000000
141427  54.362  46.224  15.315 0.0000000000
141431  53.766  47.729  15.798 0.0000000000
141435  53.366  48.235  16.358 0.0000000000
122763  48.381  49.915  21.653 0.0000000000
122762  48.925  50.121  21.741 0.0000000000
122013  48.493  49.240  21.724 0.0000000000
120413  49.391  47.679  22.654 0.0000000000
120465  49.740  47.440  14.470 0.0000000000
119680  49.650  47.496  13.071 0.0000000000
119679  50.463  47.111  13.616 0.0000000000
119678  51.492  46.360  13.130 0.0000000000
118925  52.106  46.001  12.805 0.0000000000
117265  53.082  44.212  23.550 0.0000000000
118088  44.310  44.826  20.069 0.0000000000
118068  43.418  43.493  21.153 0.0000000000
116517  43.073  41.816  20.913 0.0000000000
116513  43.573  42.227  21.129 0.0000000000
116628  49.593  42.552  7.932 0.0000000000
117438  48.365  42.880  7.727 0.0000000000
117423  48.730  43.007  8.292 0.0000000000
117406  47.807  43.644  9.099 0.0000000000
118195  47.045  44.128  9.927 0.0000000000
117319  42.399  43.265  16.191 0.0000000000
117320  41.517  43.473  17.033 0.0000000000
118099  40.733  43.848  18.241 0.0000000000
122059  48.560  48.852  17.588 0.0000000000
122051  47.980  49.497  18.243 0.0000000000
122809  45.113  50.303  15.714 0.0000000000
122072  46.307  49.413  15.180 0.0000000000
121232  46.712  48.912  14.928 0.0000000000
121231  47.255  48.634  15.197 0.0000000000
121224  47.598  48.626  16.046 0.0000000000
116481  54.616  42.338  27.457 0.0000000000
116482  53.949  42.168  27.344 0.0000000000
115778  53.987  41.496  27.645 0.0000000000
115073  53.247  40.488  27.440 0.0000000000
115081  52.796  39.861  26.849 0.0000000000
112846  52.705  37.702  24.223 0.0000000000
141358  52.667  37.678  22.614 0.0000000000
141439  50.718  45.660  16.282 0.0000000000
122047  51.449  49.898  18.423 0.0000000000
122042  51.681  50.215  19.259 0.0000000000
122000  51.319  49.228  23.147 0.0000000000
121184  51.782  48.898  22.622 0.0000000000
120411  51.911  48.318  22.865 0.0000000000
120410  52.702  48.010  22.762 0.0000000000
120387  53.747  47.046  24.547 0.0000000000
119568  53.617  46.280  25.780 0.0000000000
118791  53.029  46.220  25.956 0.0000000000
118778  50.041  45.219  26.267 0.0000000000
117999  50.484  44.991  26.744 0.0000000000
117969  50.818  44.157  28.334 0.0000000000
122852  46.372  49.956  10.833 0.0000000000
122126  46.616  49.402  10.177 0.0000000000
121287  47.151  48.445  9.629 0.0000000000
120502  46.878  47.540  9.261 0.0000000000
120501  47.561  47.819  8.908 0.0000000000
121300  48.243  47.922  8.539 0.0000000000
124999  50.162  53.611  12.251 0.0000000000
123537  50.026  51.604  11.226 0.0000000000
120492  50.273  47.287  9.920 0.0000000000
120491  50.853  47.256  9.565 0.0000000000
120499  51.142  47.456  9.125 0.0000000000
120509  51.289  47.286  8.291 0.0000000000
120522  51.051  47.348  7.633 0.0000000000
119732  51.284  46.351  7.787 0.0000000000
118226  51.344  44.206  7.373 0.0000000000
117437  51.276  43.296  7.032 0.0000000000
117420  52.149  43.127  8.772 0.0000000000
117419  52.315  42.935  9.448 0.0000000000
117373  53.479  44.257  12.826 0.0000000000
117374  53.153  43.838  12.181 0.0000000000
117359  52.670  43.875  12.840 0.0000000000
118171  51.664  43.939  13.086 0.0000000000
118154  51.500  44.140  13.421 0.0000000000
118861  49.935  45.828  18.484 0.0000000000
118848  49.648  45.643  19.272 0.0000000000
118839  49.483  45.446  20.177 0.0000000000
118833  48.504  45.148  21.251 0.0000000000
117274  49.036  43.766  22.899 0.0000000000
117271  47.415  42.867  22.906 0.0000000000
116507  46.380  42.440  22.504 0.0000000000
115805  46.019  41.852  22.288 0.0000000000
115807  46.236  41.365  22.142 0.0000000000
115086  50.618  40.459  26.203 0.0000000000
115791  49.905  41.352  25.716 0.0000000000
115094  49.459  39.915  24.219 0.0000000000
115095  48.699  40.178  23.784 0.0000000000
118876  42.989  45.011  18.162 0.0000000000
118867  43.613  45.084  18.893 0.0000000000
118866  44.565  45.381  18.672 0.0000000000
118087  45.165  44.987  20.111 0.0000000000
118077  45.074  44.953  21.098 0.0000000000
117378  49.055  44.041  11.313 0.0000000000
118158  46.632  44.357  13.320 0.0000000000
118127  43.856  44.463  15.480 0.0000000000
118128  43.107  44.403  15.985 0.0000000000
122814  44.752  50.786  15.560 0.0000000000
122069  44.975  49.995  16.403 0.0000000000
122063  45.220  49.623  16.843 0.0000000000
115041  53.622  41.011  29.354 0.0000000000
113576  52.776  38.820  27.394 0.0000000000
113577  52.320  38.503  27.293 0.0000000000
112837  52.280  37.723  25.752 0.0000000000
112836  52.859  37.646  25.398 0.0000000000
141363  52.467  37.556  23.773 0.0000000000
141361  52.352  37.479  22.856 0.0000000000
141412  53.891  44.358  14.518 0.0000000000
141406  54.278  45.199  16.614 0.0000000000
141421  54.397  45.945  15.565 0.0000000000
141410  54.446  45.859  16.641 0.0000000000
119638  54.254  46.390  17.734 0.0000000000
119639  54.080  46.572  18.383 0.0000000000
123484  50.553  52.491  20.670 0.0000000000
123483  51.096  51.900  20.534 0.0000000000
122011  50.588  49.337  22.240 0.0000000000
122001  50.839  49.412  23.007 0.0000000000
121177  50.759  48.857  23.408 0.0000000000
120398  51.044  48.151  23.604 0.0000000000
119585  49.398  46.433  24.432 0.0000000000
118779  49.408  44.998  26.343 0.0000000000
118001  48.806  44.286  26.543 0.0000000000
122095  48.536  49.290  11.823 0.0000000000
119691  49.830  47.045  12.503 0.0000000000
119700  49.952  46.478  11.705 0.0000000000
120493  49.844  46.732  10.868 0.0000000000
119712  50.649  46.109  10.605 0.0000000000
118184  52.775  44.445  11.047 0.0000000000
118943  53.424  44.563  12.110 0.0000000000
118182  53.430  44.343  12.457 0.0000000000
118168  53.863  44.267  13.262 0.0000000000
118152  53.688  43.977  13.695 0.0000000000
118060  51.553  45.020  21.127 0.0000000000
118042  50.841  43.958  23.269 0.0000000000
117269  48.818  43.222  23.695 0.0000000000
116501  48.160  42.616  23.857 0.0000000000
116498  47.890  42.092  24.018 0.0000000000
113618  50.648  38.786  20.750 0.0000000000
114349  49.920  39.065  20.995 0.0000000000
114365  50.252  39.184  20.150 0.0000000000
118090  42.008  44.019  19.882 0.0000000000
117296  41.767  43.583  20.144 0.0000000000
117292  42.062  43.115  20.480 0.0000000000
115122  41.459  40.344  21.192 0.0000000000
115105  42.110  40.080  21.274 0.0000000000
113620  42.942  38.438  20.271 0.0000000000
117439  47.872  42.912  7.317 0.0000000000
117440  47.093  43.461  7.136 0.0000000000
118185  47.072  44.227  10.753 0.0000000000
122065  50.908  48.651  16.569 0.0000000000
122049  49.847  49.695  18.486 0.0000000000
123498  50.378  51.557  18.904 0.0000000000
124167  50.024  53.006  21.188 0.0000000000
123469  48.735  51.762  21.518 0.0000000000
125639  49.170  54.646  13.228 0.0000000000
125636  48.689  54.778  13.704 0.0000000000
125640  48.789  54.144  13.313 0.0000000000
124994  49.299  53.619  12.822 0.0000000000
124253  49.176  53.046  12.558 0.0000000000
122829  48.107  50.772  12.509 0.0000000000
122817  45.728  51.046  14.396 0.0000000000
122820  47.068  50.933  13.039 0.0000000000
122830  47.628  50.842  12.752 0.0000000000
122096  47.984  49.848  12.346 0.0000000000
121258  48.078  48.721  12.835 0.0000000000
121239  47.836  48.439  14.469 0.0000000000
120456  48.552  48.022  14.521 0.0000000000
119669  50.475  47.477  14.820 0.0000000000
117237  55.153  43.468  25.666 0.0000000000
115789  51.564  41.936  26.927 0.0000000000
115784  53.388  41.758  27.363 0.0000000000
115785  52.387  41.540  27.325 0.0000000000
115083  51.090  40.827  26.758 0.0000000000
114337  50.770  39.324  25.304 0.0000000000
141354  50.545  39.038  24.005 0.0000000000
114336  52.052  38.932  25.009 0.0000000000
113605  50.770  38.584  21.780 0.0000000000
119648  48.438  46.182  16.674 0.0000000000
119640  49.151  46.226  17.344 0.0000000000
119633  50.079  46.060  17.769 0.0000000000
141415  53.021  45.186  16.329 0.0000000000
141414  52.891  45.220  16.877 0.0000000000
118858  52.794  45.208  18.114 0.0000000000
118093  53.893  45.264  18.123 0.0000000000
118845  52.346  45.181  18.699 0.0000000000
118085  52.611  45.139  19.761 0.0000000000
118074  52.277  45.250  20.306 0.0000000000
118048  53.854  44.456  22.093 0.0000000000
117256  54.740  43.939  23.815 0.0000000000
117247  55.439  43.844  24.247 0.0000000000
121215  52.709  48.843  17.765 0.0000000000
121214  53.283  48.255  17.946 0.0000000000
120434  53.457  47.455  19.353 0.0000000000
122038  52.187  49.415  20.511 0.0000000000
121200  51.671  49.123  21.931 0.0000000000
121206  52.483  48.591  20.680 0.0000000000
121205  52.867  47.978  20.557 0.0000000000
120432  53.223  47.613  20.154 0.0000000000
119628  53.667  47.046  20.069 0.0000000000
119621  54.532  45.928  22.335 0.0000000000
119609  54.111  46.675  23.114 0.0000000000
119608  54.681  45.957  23.367 0.0000000000
118013  55.461  44.419  24.724 0.0000000000
117236  55.570  43.870  25.048 0.0000000000
118774  54.367  44.923  26.329 0.0000000000
117219  54.577  43.049  27.744 0.0000000000
116463  54.833  42.207  28.844 0.0000000000
118776  52.166  45.573  26.486 0.0000000000
117980  52.345  44.739  27.712 0.0000000000
116464  53.869  42.645  29.221 0.0000000000
115758  54.200  41.631  29.071 0.0000000000
115735  53.659  41.557  29.446 0.0000000000
115042  52.786  40.682  29.683 0.0000000000
115043  51.669  40.474  29.873 0.0000000000
118980  47.120  46.452  8.686 0.0000000000
119734  47.247  46.537  8.054 0.0000000000
119005  47.684  45.247  5.935 0.0000000000
119004  48.455  44.827  5.989 0.0000000000
118240  49.117  44.520  6.011 0.0000000000
123570  48.783  51.285  9.802 0.0000000000
122864  49.278  50.442  9.226 0.0000000000
122106  49.266  49.735  11.279 0.0000000000
122839  49.882  50.393  10.803 0.0000000000
122877  49.775  50.433  9.052 0.0000000000
122123  49.418  49.598  8.764 0.0000000000
121284  49.547  49.240  8.621 0.0000000000
120510  49.475  47.785  7.903 0.0000000000
120524  49.885  47.014  7.591 0.0000000000
120523  50.556  47.352  7.487 0.0000000000
118991  49.900  45.350  6.341 0.0000000000
118229  49.576  44.877  6.282 0.0000000000
117459  49.385  43.433  5.479 0.0000000000
117449  51.325  42.627  7.017 0.0000000000
116653  50.862  42.109  6.896 0.0000000000
116639  50.155  42.339  7.376 0.0000000000
116627  50.360  42.458  8.244 0.0000000000
117421  50.347  42.729  9.016 0.0000000000
118206  52.495  43.825  9.903 0.0000000000
117401  52.419  43.333  10.017 0.0000000000
116624  52.257  42.837  9.757 0.0000000000
116605  52.170  43.096  10.428 0.0000000000
116606  51.755  42.906  10.333 0.0000000000
117389  51.033  43.273  10.538 0.0000000000
118156  48.933  44.664  13.561 0.0000000000
118155  50.195  44.431  13.424 0.0000000000
118913  48.580  44.934  15.136 0.0000000000
119671  48.398  45.519  15.316 0.0000000000
118871  47.857  46.013  17.309 0.0000000000
118851  46.332  45.452  19.836 0.0000000000
117289  45.618  44.211  20.935 0.0000000000
118053  48.286  44.088  22.272 0.0000000000
118065  46.537  44.196  21.314 0.0000000000
115816  44.550  41.001  20.946 0.0000000000
117250  52.199  43.017  25.378 0.0000000000
117251  51.426  42.905  25.420 0.0000000000
116495  50.154  42.724  25.159 0.0000000000
116492  49.878  42.016  25.221 0.0000000000
116496  49.240  42.402  24.786 0.0000000000
115797  48.184  41.586  24.253 0.0000000000
115800  47.666  41.589  23.722 0.0000000000
114346  48.567  39.437  22.152 0.0000000000
114351  48.007  39.797  21.253 0.0000000000
114343  47.523  40.146  22.717 0.0000000000
115097  46.838  41.196  23.095 0.0000000000
112851  49.937  38.160  25.159 0.0000000000
141328  50.258  37.437  22.928 0.0000000000
141339  50.638  37.553  23.180 0.0000000000
111240  50.314  36.920  21.909 0.0000000000
112835  53.052  37.607  25.173 0.0000000000
112847  52.895  37.702  24.776 0.0000000000
113599  50.414  39.232  24.511 0.0000000000
114338  49.410  40.080  24.706 0.0000000000
114347  47.679  39.887  22.130 0.0000000000
114352  41.921  39.752  21.253 0.0000000000
114353  41.615  39.848  21.333 0.0000000000
114364  50.855  38.830  20.130 0.0000000000
115056  54.678  41.248  28.649 0.0000000000
115057  54.139  40.706  28.826 0.0000000000
115071  54.775  41.346  28.307 0.0000000000
115088  48.865  40.978  25.082 0.0000000000
115106  41.781  40.020  21.393 0.0000000000
115736  53.112  41.538  29.736 0.0000000000
115786  51.409  41.207  27.116 0.0000000000
115795  49.342  41.735  25.273 0.0000000000
116486  52.287  42.285  26.740 0.0000000000
116494  50.909  42.778  25.476 0.0000000000
116500  48.745  42.674  24.220 0.0000000000
116506  47.053  42.548  22.734 0.0000000000
116511  45.055  42.333  21.722 0.0000000000
116614  52.303  43.109  10.204 0.0000000000
116615  52.072  42.718  9.961 0.0000000000
116652  51.369  42.356  7.488 0.0000000000
117195  53.556  43.548  28.807 0.0000000000
117255  55.224  44.049  23.673 0.0000000000
117263  55.059  44.155  23.392 0.0000000000
117264  54.951  44.008  23.549 0.0000000000
117290  45.277  44.105  21.303 0.0000000000
117344  53.284  44.094  13.338 0.0000000000
117345  51.323  44.039  13.020 0.0000000000
117357  53.650  44.352  13.102 0.0000000000
117358  53.494  44.140  13.137 0.0000000000
117452  47.536  42.771  6.458 0.0000000000
117966  53.948  43.944  28.184 0.0000000000
117977  54.479  43.466  27.906 0.0000000000
117996  55.536  44.264  25.197 0.0000000000
118028  54.368  44.199  23.482 0.0000000000
118103  40.901  44.062  18.047 0.0000000000
118150  54.632  43.936  14.105 0.0000000000
118169  53.773  44.049  13.370 0.0000000000
118228  49.807  44.904  6.237 0.0000000000
118250  49.187  43.945  5.581 0.0000000000
118773  54.813  44.816  25.767 0.0000000000
118788  55.253  44.879  24.691 0.0000000000
118803  55.281  44.783  24.167 0.0000000000
118817  55.408  44.767  23.444 0.0000000000
118831  50.374  45.420  20.844 0.0000000000
118899  49.272  45.111  15.479 0.0000000000
118923  54.707  43.996  14.196 0.0000000000
118926  51.645  46.003  12.719 0.0000000000
118970  47.091  46.564  9.024 0.0000000000
118971  46.841  46.316  8.913 0.0000000000
118981  46.868  46.530  8.552 0.0000000000
118990  50.553  45.617  6.704 0.0000000000
119002  50.284  44.951  6.279 0.0000000000
119554  54.278  45.445  26.088 0.0000000000
119566  54.660  45.426  25.351 0.0000000000
119567  54.395  45.593  25.680 0.0000000000
119579  54.653  45.629  25.050 0.0000000000
119635  46.058  46.001  18.147 0.0000000000
119636  45.907  45.899  18.318 0.0000000000
119643  45.666  45.856  17.863 0.0000000000
119644  45.267  45.691  17.704 0.0000000000
119659  48.860  45.510  15.729 0.0000000000
119713  50.230  46.332  11.166 0.0000000000
119724  47.230  46.953  8.794 0.0000000000
119725  46.754  46.857  8.864 0.0000000000
120500  50.855  47.622  9.536 0.0000000000
120534  51.015  47.689  7.527 0.0000000000
120535  50.832  47.536  7.475 0.0000000000
120545  45.725  47.784  6.140 0.0000000000
121178  50.163  48.561  23.014 0.0000000000
121179  49.794  48.234  22.585 0.0000000000
121221  53.128  48.368  17.190 0.0000000000
121225  46.933  49.113  16.330 0.0000000000
121226  46.305  49.219  16.463 0.0000000000
121282  51.019  47.984  9.040 0.0000000000
121285  49.196  49.053  8.824 0.0000000000
121320  51.024  47.924  7.605 0.0000000000
121321  50.799  47.810  7.498 0.0000000000
122044  49.454  49.530  18.985 0.0000000000
122071  46.761  49.040  15.418 0.0000000000
122077  45.840  50.583  14.536 0.0000000000
122097  47.426  50.294  12.691 0.0000000000
122779  48.144  50.611  21.517 0.0000000000
122790  49.396  49.920  19.115 0.0000000000
122805  45.268  49.713  17.324 0.0000000000
122840  49.406  50.434  11.298 0.0000000000
122867  46.724  50.097  10.252 0.0000000000
123466  51.019  51.685  20.961 0.0000000000
123497  50.997  51.653  18.905 0.0000000000
123523  48.263  51.934  12.887 0.0000000000
123527  49.778  51.901  11.459 0.0000000000
124168  49.208  52.693  21.519 0.0000000000
124188  50.773  52.437  20.176 0.0000000000
124215  49.383  53.012  19.812 0.0000000000
124257  49.849  52.222  11.584 0.0000000000
124259  48.968  52.392  12.427 0.0000000000
124265  50.209  52.316  11.264 0.0000000000
124895  49.089  53.711  21.926 0.0000000000
124911  49.449  53.491  21.669 0.0000000000
124927  50.157  54.098  21.043 0.0000000000
124996  47.970  53.559  13.527 0.0000000000
125007  50.307  52.749  10.971 0.0000000000
125566  49.664  54.138  21.705 0.0000000000
125579  49.719  54.201  21.518 0.0000000000
125635  48.941  54.892  13.458 0.0000000000
126967  48.138  56.860  14.781 0.0000000000
126976  48.360  56.675  14.507 0.0000000000
141327  50.907  37.462  22.689 0.0000000000
141332  50.980  37.502  23.663 0.0000000000
141335  52.133  37.346  22.098 0.0000000000
141340  50.318  39.220  24.294 0.0000000000
141345  52.106  37.389  22.512 0.0000000000
141346  50.410  37.549  23.232 0.0000000000
141347  50.513  37.658  23.587 0.0000000000
141352  51.875  37.453  24.264 0.0000000000
141357  52.636  37.663  22.140 0.0000000000
141362  52.475  37.526  22.295 0.0000000000
141411  54.413  45.806  16.008 0.0000000000
141416  54.380  46.278  15.947 0.0000000000
141419  53.709  43.989  14.145 0.0000000000
141420  54.599  44.222  14.232 0.0000000000
141425  53.281  44.283  14.419 0.0000000000
141433  53.462  48.048  15.761 0.0000000000
