#!ascii label  , from subject 3762 vox2ras=TkReg
1274
62768  23.715  -6.821  54.370 0.0000000000
67780  37.783  -1.864  59.145 0.0000000000
82479  42.349  10.279  36.215 0.0000000000
76350  32.892  3.517  45.840 0.0000000000
71476  39.351  0.233  50.015 0.0000000000
87364  53.531  13.921  26.787 0.0000000000
83617  42.469  11.260  41.148 0.0000000000
81274  37.343  9.667  39.727 0.0000000000
55782  20.719  -13.062  51.867 0.0000000000
65331  31.212  -2.618  57.577 0.0000000000
62749  33.384  -4.425  53.012 0.0000000000
66707  26.374  -3.395  51.399 0.0000000000
84891  47.761  10.992  31.355 0.0000000000
62662  26.484  -6.167  59.732 0.0000000000
56817  22.774  -10.901  58.108 0.0000000000
82490  47.215  11.195  35.206 0.0000000000
54482  17.121  -12.289  57.066 0.0000000000
55665  11.629  -12.531  56.722 0.0000000000
84772  36.252  10.612  45.579 0.0000000000
73905  36.825  1.416  48.428 0.0000000000
65495  34.388  -4.871  47.633 0.0000000000
61651  34.299  -6.697  49.817 0.0000000000
83576  42.509  11.324  43.985 0.0000000000
82410  40.373  10.100  41.043 0.0000000000
82351  40.176  10.655  43.342 0.0000000000
85994  44.264  12.344  43.522 0.0000000000
60479  22.165  -8.936  50.504 0.0000000000
56949  21.473  -12.271  49.522 0.0000000000
58029  22.108  -10.112  52.735 0.0000000000
66641  26.313  -3.334  56.259 0.0000000000
66657  28.231  -2.770  53.982 0.0000000000
65405  24.229  -5.047  52.552 0.0000000000
62823  23.125  -6.759  49.996 0.0000000000
82509  42.054  10.180  34.069 0.0000000000
83660  44.691  11.869  37.782 0.0000000000
82477  44.916  11.182  35.788 0.0000000000
82527  45.402  11.111  33.408 0.0000000000
55633  21.366  -11.516  59.300 0.0000000000
54506  19.864  -11.736  56.521 0.0000000000
55650  18.721  -12.514  59.222 0.0000000000
53150  13.233  -13.640  62.856 0.0000000000
54408  13.660  -12.701  59.997 0.0000000000
54410  11.568  -12.393  59.719 0.0000000000
54389  8.612  -13.696  60.206 0.0000000000
54343  8.032  -13.193  62.742 0.0000000000
77484  38.685  4.655  49.519 0.0000000000
72689  38.300  0.742  48.507 0.0000000000
69150  35.696  -1.360  48.259 0.0000000000
67969  36.657  -2.277  49.615 0.0000000000
64082  31.129  -4.555  49.755 0.0000000000
61594  34.052  -5.881  51.539 0.0000000000
62837  30.770  -7.010  49.508 0.0000000000
61697  32.486  -8.415  47.511 0.0000000000
79980  34.706  7.031  45.816 0.0000000000
80020  33.744  7.484  42.420 0.0000000000
77544  32.420  4.984  43.975 0.0000000000
89791  55.826  14.828  25.684 0.0000000000
88609  53.483  13.646  25.062 0.0000000000
82422  42.111  11.086  38.682 0.0000000000
81278  39.878  9.835  38.432 0.0000000000
84798  44.155  12.524  41.326 0.0000000000
63943  34.593  -3.685  58.236 0.0000000000
65344  35.538  -3.842  56.419 0.0000000000
64001  32.404  -4.158  55.188 0.0000000000
65389  30.660  -2.895  52.254 0.0000000000
66745  27.739  -3.109  48.942 0.0000000000
82522  49.732  10.290  33.517 0.0000000000
83754  50.257  10.878  31.227 0.0000000000
86116  51.297  12.188  29.836 0.0000000000
87366  51.347  13.003  26.989 0.0000000000
62729  24.584  -6.241  56.830 0.0000000000
60380  23.317  -8.847  55.475 0.0000000000
61504  24.595  -7.924  59.153 0.0000000000
65314  27.609  -3.485  59.591 0.0000000000
82525  46.951  10.469  33.692 0.0000000000
55722  20.994  -10.919  54.283 0.0000000000
54553  18.303  -11.841  54.096 0.0000000000
55728  15.719  -12.094  54.477 0.0000000000
55662  16.009  -12.132  59.364 0.0000000000
54484  15.149  -12.106  56.466 0.0000000000
53106  6.655  -14.844  64.570 0.0000000000
84750  39.112  12.382  45.293 0.0000000000
79968  35.277  6.590  47.257 0.0000000000
78700  36.959  5.254  48.470 0.0000000000
75124  35.175  2.356  47.458 0.0000000000
71543  34.957  -0.154  46.249 0.0000000000
66825  33.741  -3.701  45.734 0.0000000000
64179  34.177  -6.324  45.191 0.0000000000
64017  37.221  -3.886  53.796 0.0000000000
64048  37.555  -4.295  51.806 0.0000000000
65443  37.493  -3.588  50.296 0.0000000000
62871  34.975  -6.366  48.216 0.0000000000
61726  33.901  -7.647  45.730 0.0000000000
82394  36.789  10.195  42.489 0.0000000000
80052  34.569  7.920  40.053 0.0000000000
83557  42.361  11.815  44.596 0.0000000000
83596  40.991  10.356  43.466 0.0000000000
83558  41.475  11.517  44.505 0.0000000000
83556  43.434  11.995  44.969 0.0000000000
60463  22.616  -8.242  52.285 0.0000000000
60444  22.460  -8.702  52.512 0.0000000000
60424  22.995  -8.337  53.612 0.0000000000
64023  24.777  -5.346  55.277 0.0000000000
66659  25.553  -4.050  54.544 0.0000000000
64038  23.862  -5.978  53.569 0.0000000000
62805  23.191  -6.914  51.443 0.0000000000
82494  42.962  10.436  35.063 0.0000000000
83682  43.379  11.033  37.906 0.0000000000
83680  45.110  11.504  37.104 0.0000000000
82478  43.725  10.758  35.955 0.0000000000
53151  12.504  -13.124  62.840 0.0000000000
54364  12.532  -13.372  61.244 0.0000000000
54366  10.647  -12.670  61.440 0.0000000000
54388  9.716  -13.111  60.065 0.0000000000
54367  9.682  -12.527  61.705 0.0000000000
54368  8.355  -13.392  61.593 0.0000000000
75101  39.376  2.301  50.140 0.0000000000
72687  39.879  -0.065  48.702 0.0000000000
69136  37.657  -1.299  48.806 0.0000000000
69126  37.685  -1.435  49.409 0.0000000000
67792  38.479  -2.019  57.688 0.0000000000
64099  30.525  -5.039  48.732 0.0000000000
64081  31.358  -6.021  49.553 0.0000000000
64117  29.744  -5.793  47.992 0.0000000000
64132  30.153  -6.842  47.013 0.0000000000
78726  34.150  6.118  45.599 0.0000000000
77543  33.054  5.650  44.469 0.0000000000
87344  54.281  12.951  28.272 0.0000000000
87343  54.990  13.034  28.204 0.0000000000
87362  54.980  13.373  27.054 0.0000000000
88604  54.482  14.223  25.686 0.0000000000
88605  53.638  14.167  25.988 0.0000000000
83628  42.738  11.011  40.242 0.0000000000
82423  41.363  10.604  38.948 0.0000000000
82416  41.110  10.818  39.787 0.0000000000
82419  38.843  10.374  40.649 0.0000000000
81280  38.370  9.201  38.883 0.0000000000
81281  37.698  9.325  39.132 0.0000000000
83593  42.923  11.781  42.625 0.0000000000
84799  43.578  11.868  41.378 0.0000000000
83627  43.607  11.502  39.923 0.0000000000
55801  20.888  -12.783  51.156 0.0000000000
55784  18.744  -13.375  51.687 0.0000000000
63945  32.947  -3.357  58.094 0.0000000000
63958  33.573  -3.886  57.186 0.0000000000
63980  31.729  -3.521  56.311 0.0000000000
66688  27.241  -3.056  52.258 0.0000000000
66670  29.467  -2.668  52.835 0.0000000000
66687  28.548  -2.319  51.953 0.0000000000
66705  29.173  -2.957  50.624 0.0000000000
66728  26.510  -2.916  50.248 0.0000000000
65447  24.867  -4.538  49.777 0.0000000000
70321  33.558  -1.069  45.251 0.0000000000
83724  49.142  10.223  32.308 0.0000000000
82558  50.498  10.480  32.329 0.0000000000
83739  49.532  10.622  31.667 0.0000000000
86117  49.987  12.003  29.904 0.0000000000
86131  50.262  12.355  28.881 0.0000000000
87357  50.781  12.721  28.605 0.0000000000
63948  25.607  -5.752  58.842 0.0000000000
62699  24.764  -7.056  57.848 0.0000000000
61490  25.584  -7.504  59.412 0.0000000000
65293  26.967  -4.674  59.946 0.0000000000
63961  25.855  -4.706  58.705 0.0000000000
81344  48.651  10.809  34.652 0.0000000000
81324  47.385  10.967  34.790 0.0000000000
82547  44.755  10.852  32.580 0.0000000000
59156  23.009  -9.784  56.914 0.0000000000
56871  22.216  -10.380  55.301 0.0000000000
56859  21.827  -10.665  55.986 0.0000000000
54480  18.748  -12.283  56.900 0.0000000000
54535  18.968  -11.530  55.198 0.0000000000
54509  17.631  -11.817  55.549 0.0000000000
55747  17.081  -12.740  53.804 0.0000000000
54510  16.637  -11.976  55.516 0.0000000000
53178  15.657  -13.967  60.782 0.0000000000
54435  12.591  -12.170  58.862 0.0000000000
54433  14.729  -12.380  58.530 0.0000000000
54486  13.417  -12.182  56.305 0.0000000000
55705  13.934  -12.118  55.362 0.0000000000
81169  35.666  8.155  48.111 0.0000000000
76315  37.469  3.364  49.233 0.0000000000
78692  37.764  5.266  48.705 0.0000000000
76327  36.822  3.386  48.649 0.0000000000
77507  35.755  4.538  47.824 0.0000000000
75123  35.811  2.410  47.819 0.0000000000
72721  34.911  0.552  46.674 0.0000000000
72719  35.755  0.626  47.374 0.0000000000
66807  34.645  -2.938  47.497 0.0000000000
67992  34.301  -2.502  46.668 0.0000000000
66809  33.802  -4.201  46.233 0.0000000000
65515  33.664  -5.112  45.694 0.0000000000
64178  33.946  -5.907  45.851 0.0000000000
62726  34.482  -4.487  54.444 0.0000000000
63995  36.344  -3.712  54.699 0.0000000000
62746  35.005  -4.937  53.840 0.0000000000
61610  34.055  -6.597  50.998 0.0000000000
61607  35.646  -5.436  51.797 0.0000000000
62818  36.552  -5.018  51.218 0.0000000000
64064  37.327  -4.098  51.192 0.0000000000
64097  36.479  -5.145  49.899 0.0000000000
64114  36.436  -5.327  48.888 0.0000000000
61673  34.973  -6.534  49.342 0.0000000000
61729  31.595  -8.572  45.281 0.0000000000
61713  32.845  -8.054  46.328 0.0000000000
84770  37.378  12.113  44.836 0.0000000000
83581  37.861  10.641  44.074 0.0000000000
83600  36.320  9.917  43.975 0.0000000000
78769  33.312  6.210  41.527 0.0000000000
80031  34.491  7.939  41.214 0.0000000000
89794  56.014  15.204  24.951 0.0000000000
83594  42.409  11.281  43.032 0.0000000000
82409  40.932  10.956  40.778 0.0000000000
82368  41.022  10.559  42.626 0.0000000000
82391  39.506  10.365  42.057 0.0000000000
82392  38.720  10.086  42.151 0.0000000000
84768  44.442  12.575  45.380 0.0000000000
83575  43.211  11.629  43.646 0.0000000000
58070  21.834  -10.511  50.438 0.0000000000
56913  21.799  -11.458  51.661 0.0000000000
56897  21.636  -12.136  52.173 0.0000000000
69002  28.478  -2.611  57.189 0.0000000000
66622  29.554  -2.661  56.496 0.0000000000
67851  27.862  -2.377  55.770 0.0000000000
66658  26.430  -3.474  54.048 0.0000000000
66708  25.087  -3.772  51.683 0.0000000000
65436  24.228  -5.178  50.424 0.0000000000
64068  23.762  -6.011  50.965 0.0000000000
61640  22.761  -7.634  50.679 0.0000000000
84908  46.187  11.133  30.262 0.0000000000
62647  26.035  -6.704  60.800 0.0000000000
83639  46.436  12.190  37.980 0.0000000000
83679  46.192  11.467  36.948 0.0000000000
82476  45.965  11.264  35.741 0.0000000000
81347  46.144  11.201  34.264 0.0000000000
81327  45.304  11.254  34.763 0.0000000000
82508  43.392  11.159  34.065 0.0000000000
56818  22.646  -11.241  58.541 0.0000000000
55658  21.601  -11.125  57.328 0.0000000000
54450  20.747  -11.614  58.372 0.0000000000
54452  19.521  -12.157  57.933 0.0000000000
54454  18.182  -11.812  58.118 0.0000000000
53203  14.641  -13.417  60.954 0.0000000000
53205  13.193  -13.339  61.498 0.0000000000
54409  12.728  -12.662  59.822 0.0000000000
54436  11.045  -12.078  58.613 0.0000000000
54437  9.812  -12.683  58.278 0.0000000000
75102  38.605  2.391  49.720 0.0000000000
73894  37.687  1.398  48.986 0.0000000000
71527  36.030  -0.003  47.792 0.0000000000
71509  37.406  -0.294  48.263 0.0000000000
69138  36.086  -1.856  48.669 0.0000000000
66790  35.428  -3.454  48.012 0.0000000000
64050  32.470  -4.998  51.663 0.0000000000
62765  33.651  -5.160  52.470 0.0000000000
62786  32.370  -5.815  51.214 0.0000000000
61613  31.902  -7.897  50.716 0.0000000000
61635  32.683  -8.363  50.134 0.0000000000
60511  33.365  -7.832  48.898 0.0000000000
61678  31.503  -8.195  48.184 0.0000000000
61699  30.792  -7.878  46.782 0.0000000000
82335  35.091  8.816  45.590 0.0000000000
82375  34.909  9.137  44.017 0.0000000000
80007  33.754  7.563  43.672 0.0000000000
78760  32.944  6.380  42.773 0.0000000000
88602  56.384  14.528  26.572 0.0000000000
89792  55.230  14.453  25.331 0.0000000000
82433  42.567  10.728  37.976 0.0000000000
82480  40.827  9.897  36.406 0.0000000000
82458  40.969  9.769  37.517 0.0000000000
82417  40.109  10.505  39.944 0.0000000000
81286  38.683  8.764  38.362 0.0000000000
87228  45.517  13.386  43.101 0.0000000000
86022  45.011  13.169  41.325 0.0000000000
87259  45.655  13.380  40.545 0.0000000000
84827  44.020  12.163  39.455 0.0000000000
83642  43.487  11.824  38.965 0.0000000000
66578  36.225  -2.839  58.478 0.0000000000
67795  36.382  -3.326  57.413 0.0000000000
65328  35.166  -3.773  57.171 0.0000000000
63976  34.089  -4.122  56.326 0.0000000000
64000  33.242  -4.396  54.766 0.0000000000
65361  30.837  -3.645  55.196 0.0000000000
65375  31.124  -3.507  53.842 0.0000000000
64037  32.034  -3.770  53.019 0.0000000000
65403  30.941  -3.125  51.222 0.0000000000
65434  29.513  -3.545  49.070 0.0000000000
66761  28.952  -3.879  47.722 0.0000000000
84902  51.672  11.300  31.170 0.0000000000
84904  49.814  11.449  30.603 0.0000000000
86105  50.766  11.812  30.438 0.0000000000
84915  52.096  12.034  30.659 0.0000000000
87337  52.310  12.813  29.552 0.0000000000
87355  52.385  13.513  27.927 0.0000000000
87365  52.383  13.667  26.857 0.0000000000
87370  52.598  13.649  25.785 0.0000000000
62751  23.868  -6.742  55.300 0.0000000000
61569  23.409  -8.115  55.153 0.0000000000
61555  24.051  -7.529  56.392 0.0000000000
61522  23.766  -8.549  57.557 0.0000000000
59142  23.037  -9.662  58.051 0.0000000000
61491  25.193  -8.335  59.740 0.0000000000
57930  23.345  -10.779  59.288 0.0000000000
56795  23.087  -11.284  59.775 0.0000000000
67770  37.079  -2.039  59.655 0.0000000000
66555  35.391  -2.894  59.494 0.0000000000
63917  33.734  -2.896  59.021 0.0000000000
65312  32.146  -2.981  58.364 0.0000000000
63920  30.417  -3.617  59.878 0.0000000000
66581  29.529  -2.806  58.749 0.0000000000
66602  26.996  -3.204  57.910 0.0000000000
65349  25.781  -4.454  57.130 0.0000000000
81343  49.681  10.422  34.808 0.0000000000
82523  48.592  10.592  33.591 0.0000000000
83726  47.566  10.541  32.953 0.0000000000
82526  46.283  10.664  33.602 0.0000000000
82561  46.421  10.579  32.498 0.0000000000
83742  46.199  10.593  31.496 0.0000000000
58013  22.397  -9.632  54.329 0.0000000000
56882  21.749  -10.354  53.998 0.0000000000
55743  20.692  -11.864  53.484 0.0000000000
55698  20.798  -11.010  55.552 0.0000000000
55723  20.309  -11.367  54.575 0.0000000000
55762  19.411  -13.035  52.965 0.0000000000
55763  18.433  -13.080  52.937 0.0000000000
55765  16.673  -13.084  52.854 0.0000000000
140433  17.364  -12.622  59.619 0.0000000000
54455  17.225  -11.938  58.921 0.0000000000
53259  15.113  -12.379  58.160 0.0000000000
54483  16.117  -12.436  56.472 0.0000000000
54512  15.304  -11.882  55.523 0.0000000000
53128  7.200  -14.457  63.874 0.0000000000
84748  41.148  12.421  45.755 0.0000000000
83545  35.783  10.060  46.340 0.0000000000
81185  34.669  8.240  46.206 0.0000000000
79979  34.843  7.060  46.678 0.0000000000
77518  34.370  5.039  46.828 0.0000000000
78701  36.301  5.379  48.040 0.0000000000
77517  35.083  4.305  47.410 0.0000000000
76341  33.869  3.356  46.566 0.0000000000
73932  33.792  1.028  46.729 0.0000000000
71544  34.313  -0.319  45.886 0.0000000000
69162  33.762  -1.730  45.564 0.0000000000
70307  34.901  -0.707  46.643 0.0000000000
68006  33.831  -2.105  46.009 0.0000000000
68007  33.613  -3.002  45.234 0.0000000000
66843  33.611  -4.565  43.986 0.0000000000
64198  34.174  -6.456  43.991 0.0000000000
70260  39.948  -0.553  50.765 0.0000000000
66596  37.620  -2.867  56.510 0.0000000000
66637  38.499  -3.127  55.260 0.0000000000
65385  38.831  -3.725  53.767 0.0000000000
62762  35.612  -5.256  53.261 0.0000000000
64034  37.354  -4.441  53.082 0.0000000000
66685  39.468  -3.256  52.651 0.0000000000
66703  39.135  -2.844  52.108 0.0000000000
67933  39.157  -2.066  51.332 0.0000000000
67954  38.390  -1.528  50.431 0.0000000000
66758  37.227  -3.087  49.932 0.0000000000
65477  36.318  -4.112  48.821 0.0000000000
64147  34.681  -5.616  47.983 0.0000000000
61676  33.671  -7.716  48.117 0.0000000000
62873  33.822  -6.599  47.299 0.0000000000
64149  33.884  -6.074  46.695 0.0000000000
62899  34.048  -7.143  45.609 0.0000000000
83560  39.493  11.613  44.006 0.0000000000
82371  38.663  10.105  43.057 0.0000000000
81235  37.088  10.033  41.728 0.0000000000
81237  34.703  9.602  42.134 0.0000000000
81257  35.094  9.215  41.207 0.0000000000
80051  35.162  9.058  39.464 0.0000000000
87376  52.640  13.137  24.805 0.0000000000
83541  42.073  12.176  45.100 0.0000000000
83540  42.897  12.223  45.474 0.0000000000
61597  23.030  -7.761  53.096 0.0000000000
60443  22.697  -8.348  52.773 0.0000000000
64024  24.070  -5.718  54.943 0.0000000000
62769  23.302  -6.994  53.398 0.0000000000
62770  23.282  -6.930  52.945 0.0000000000
82495  41.493  9.855  35.240 0.0000000000
82456  43.152  10.882  37.064 0.0000000000
53152  11.721  -12.690  62.746 0.0000000000
54340  11.368  -12.873  62.108 0.0000000000
54341  10.812  -12.559  62.567 0.0000000000
55607  10.363  -12.765  61.213 0.0000000000
72670  39.814  0.738  50.476 0.0000000000
72671  39.775  0.556  49.541 0.0000000000
71490  39.468  -0.236  49.312 0.0000000000
70270  38.711  -0.786  49.422 0.0000000000
70269  39.063  -0.259  49.789 0.0000000000
68941  38.557  -1.773  58.768 0.0000000000
67793  38.100  -2.380  58.105 0.0000000000
65463  29.727  -4.572  47.932 0.0000000000
65480  29.859  -5.063  46.883 0.0000000000
64133  29.680  -6.274  46.975 0.0000000000
77526  33.158  5.054  45.541 0.0000000000
87354  53.417  13.367  27.669 0.0000000000
87353  54.378  13.217  27.596 0.0000000000
87363  54.488  13.435  27.036 0.0000000000
88597  54.514  13.724  26.549 0.0000000000
82408  41.856  10.885  40.524 0.0000000000
81254  38.120  10.372  40.369 0.0000000000
80049  37.023  9.175  38.837 0.0000000000
80050  36.298  9.180  39.062 0.0000000000
83608  42.937  11.733  41.686 0.0000000000
84788  43.341  12.316  42.091 0.0000000000
83616  43.234  11.455  40.860 0.0000000000
55802  20.237  -13.345  50.567 0.0000000000
55783  19.844  -13.366  51.839 0.0000000000
55803  19.247  -13.388  50.856 0.0000000000
65330  32.093  -3.071  57.453 0.0000000000
65329  32.564  -3.380  57.536 0.0000000000
65346  31.764  -3.178  56.793 0.0000000000
66706  27.615  -2.850  51.084 0.0000000000
66747  25.775  -3.806  49.374 0.0000000000
66729  25.552  -3.817  50.580 0.0000000000
69177  33.310  -2.210  44.600 0.0000000000
83740  48.480  10.649  31.925 0.0000000000
84890  48.748  10.969  31.228 0.0000000000
86143  50.088  12.715  27.753 0.0000000000
62682  26.319  -5.872  59.532 0.0000000000
62683  25.796  -6.429  59.282 0.0000000000
63923  26.743  -5.481  59.891 0.0000000000
63947  26.137  -5.255  59.544 0.0000000000
82452  47.615  11.452  36.252 0.0000000000
82489  48.088  11.137  35.243 0.0000000000
57954  22.766  -10.306  57.672 0.0000000000
56843  22.176  -10.511  56.529 0.0000000000
56844  21.888  -10.763  56.940 0.0000000000
54481  17.992  -12.166  56.922 0.0000000000
54508  18.566  -12.045  55.795 0.0000000000
55701  16.985  -11.673  55.042 0.0000000000
54459  11.907  -12.133  57.640 0.0000000000
54458  13.220  -12.377  57.415 0.0000000000
55664  12.339  -12.292  56.878 0.0000000000
55682  12.715  -12.592  56.411 0.0000000000
75112  37.140  2.366  48.897 0.0000000000
75122  36.452  2.382  48.307 0.0000000000
73906  36.134  1.452  47.697 0.0000000000
73918  35.583  1.083  47.200 0.0000000000
66791  34.769  -4.087  47.728 0.0000000000
66808  34.193  -3.696  47.255 0.0000000000
65513  34.044  -4.508  46.847 0.0000000000
65514  33.931  -5.199  46.194 0.0000000000
65496  34.215  -5.428  46.854 0.0000000000
62727  33.960  -4.389  54.142 0.0000000000
62725  34.993  -4.380  54.618 0.0000000000
62748  33.935  -4.551  53.174 0.0000000000
61632  34.529  -6.417  50.491 0.0000000000
61631  35.201  -5.741  50.612 0.0000000000
62819  36.181  -5.453  50.556 0.0000000000
62820  35.695  -6.026  50.066 0.0000000000
62835  35.609  -6.367  49.561 0.0000000000
84771  36.610  11.402  45.220 0.0000000000
83562  37.222  11.161  44.544 0.0000000000
83583  35.960  10.085  44.624 0.0000000000
83610  41.715  10.935  42.400 0.0000000000
83595  41.754  10.814  43.307 0.0000000000
82369  40.243  10.581  42.734 0.0000000000
82370  39.468  10.424  42.790 0.0000000000
85987  45.231  13.191  45.812 0.0000000000
59227  22.202  -9.305  52.455 0.0000000000
58049  21.819  -10.388  51.699 0.0000000000
56912  22.156  -10.853  52.388 0.0000000000
67813  27.364  -3.134  57.092 0.0000000000
67833  28.061  -2.662  56.730 0.0000000000
67834  27.122  -2.940  56.416 0.0000000000
66674  24.998  -4.483  53.757 0.0000000000
67872  26.177  -3.436  54.511 0.0000000000
66673  25.857  -3.972  53.462 0.0000000000
66689  26.017  -3.573  52.481 0.0000000000
66691  24.434  -4.601  52.236 0.0000000000
65421  24.192  -4.934  51.633 0.0000000000
61618  22.443  -8.256  51.031 0.0000000000
83640  45.347  12.154  38.295 0.0000000000
82455  44.466  10.987  36.669 0.0000000000
82454  45.531  11.342  36.402 0.0000000000
82453  46.591  11.372  36.303 0.0000000000
82492  45.478  11.193  35.159 0.0000000000
82493  44.490  11.086  34.868 0.0000000000
82529  42.929  10.406  33.230 0.0000000000
55632  22.191  -11.240  59.233 0.0000000000
55647  21.404  -11.390  58.663 0.0000000000
54427  20.822  -11.603  59.056 0.0000000000
54429  19.465  -11.945  58.772 0.0000000000
54430  18.912  -12.194  58.658 0.0000000000
54453  18.812  -12.063  57.903 0.0000000000
54431  18.290  -12.552  59.014 0.0000000000
53149  14.229  -13.968  62.885 0.0000000000
53180  13.663  -13.471  62.115 0.0000000000
54386  12.075  -12.840  60.639 0.0000000000
54411  10.301  -12.655  59.432 0.0000000000
54412  9.138  -13.276  59.186 0.0000000000
73882  39.125  1.661  49.132 0.0000000000
73883  38.492  1.337  48.833 0.0000000000
72706  37.393  0.577  48.293 0.0000000000
72705  38.132  0.104  48.236 0.0000000000
69127  37.115  -1.835  49.361 0.0000000000
69137  36.872  -1.596  48.714 0.0000000000
67977  36.280  -2.375  48.819 0.0000000000
66789  35.969  -2.860  48.532 0.0000000000
64051  32.016  -4.426  51.502 0.0000000000
64066  31.767  -5.256  50.415 0.0000000000
62822  30.910  -6.696  50.144 0.0000000000
62821  31.250  -7.335  50.318 0.0000000000
61636  31.734  -8.112  49.827 0.0000000000
61655  31.718  -8.129  49.041 0.0000000000
62856  31.310  -7.891  48.780 0.0000000000
62889  30.231  -7.237  46.401 0.0000000000
81195  34.513  7.954  45.712 0.0000000000
81210  34.614  8.273  44.461 0.0000000000
79994  33.977  7.383  44.828 0.0000000000
78743  33.018  6.097  43.856 0.0000000000
88608  53.900  13.764  24.360 0.0000000000
82434  41.704  10.288  38.194 0.0000000000
82424  40.434  10.596  38.956 0.0000000000
82435  40.829  9.809  38.468 0.0000000000
81284  40.073  9.467  37.742 0.0000000000
81285  39.267  8.928  37.929 0.0000000000
80070  38.045  8.383  38.327 0.0000000000
80082  38.313  8.169  37.662 0.0000000000
87203  45.124  12.948  44.194 0.0000000000
87217  45.716  13.387  43.969 0.0000000000
86002  44.849  12.535  43.098 0.0000000000
86011  44.738  12.611  42.363 0.0000000000
86033  44.981  13.019  40.330 0.0000000000
84809  45.509  12.532  39.630 0.0000000000
84810  44.406  12.272  40.060 0.0000000000
83643  42.794  11.330  39.319 0.0000000000
83662  42.993  11.307  38.484 0.0000000000
65286  35.560  -3.643  58.359 0.0000000000
65308  35.642  -3.821  57.949 0.0000000000
65309  35.235  -4.093  58.023 0.0000000000
63978  32.903  -3.652  56.066 0.0000000000
63977  33.557  -3.871  56.130 0.0000000000
67869  28.664  -2.742  55.191 0.0000000000
66640  29.536  -3.381  55.437 0.0000000000
66656  28.963  -3.250  54.119 0.0000000000
65376  30.323  -3.179  53.364 0.0000000000
65388  31.333  -3.452  52.622 0.0000000000
65402  31.328  -3.497  51.773 0.0000000000
66726  28.788  -3.176  49.512 0.0000000000
65419  29.777  -3.118  49.608 0.0000000000
65446  29.454  -3.627  48.671 0.0000000000
66762  27.621  -3.523  48.092 0.0000000000
64083  23.637  -5.826  49.923 0.0000000000
65448  24.268  -5.425  49.274 0.0000000000
64100  23.797  -6.352  49.055 0.0000000000
82521  50.841  10.166  33.764 0.0000000000
83738  50.426  10.519  31.691 0.0000000000
83737  51.112  10.655  31.872 0.0000000000
83752  51.482  10.858  31.547 0.0000000000
83753  51.078  10.397  31.092 0.0000000000
86119  48.365  11.615  29.586 0.0000000000
84905  48.982  11.268  30.628 0.0000000000
84916  51.340  11.793  30.715 0.0000000000
86115  52.469  12.455  30.016 0.0000000000
87338  51.921  12.584  29.692 0.0000000000
87356  51.247  13.220  28.147 0.0000000000
61568  23.779  -7.496  55.696 0.0000000000
62713  24.396  -7.106  57.099 0.0000000000
61521  24.240  -7.864  57.953 0.0000000000
60345  23.552  -8.802  58.065 0.0000000000
60333  23.630  -8.400  58.925 0.0000000000
61475  25.749  -7.589  60.208 0.0000000000
59099  24.121  -9.281  60.274 0.0000000000
59112  23.545  -10.126  59.745 0.0000000000
57915  23.798  -10.920  59.910 0.0000000000
56794  23.380  -11.198  59.402 0.0000000000
66554  35.903  -2.142  59.633 0.0000000000
63918  32.843  -3.364  59.154 0.0000000000
63922  28.661  -3.727  60.248 0.0000000000
65291  29.192  -3.494  59.762 0.0000000000
65290  30.335  -3.256  59.520 0.0000000000
66567  28.938  -3.049  59.501 0.0000000000
66601  27.992  -2.932  58.079 0.0000000000
66582  28.189  -3.460  58.928 0.0000000000
63962  25.389  -5.662  58.087 0.0000000000
63981  25.621  -4.889  57.814 0.0000000000
63982  25.164  -5.435  57.123 0.0000000000
64003  24.626  -5.617  56.000 0.0000000000
82481  40.192  9.408  36.172 0.0000000000
81367  47.371  10.575  34.005 0.0000000000
81366  48.095  11.056  34.018 0.0000000000
82524  47.650  10.644  33.631 0.0000000000
83714  48.072  10.483  33.220 0.0000000000
82544  47.211  10.603  33.344 0.0000000000
82506  45.639  11.391  33.902 0.0000000000
82505  46.195  10.899  33.912 0.0000000000
82562  45.536  10.761  32.088 0.0000000000
82546  45.821  10.687  32.956 0.0000000000
60403  23.304  -8.675  54.406 0.0000000000
59186  22.907  -9.352  54.809 0.0000000000
56872  21.927  -10.530  54.979 0.0000000000
57994  22.114  -10.087  54.419 0.0000000000
56873  21.493  -10.634  54.308 0.0000000000
55742  21.343  -11.642  53.281 0.0000000000
55676  20.677  -11.129  56.874 0.0000000000
55677  20.202  -11.501  56.610 0.0000000000
55725  18.956  -11.543  54.586 0.0000000000
55724  19.514  -11.527  54.848 0.0000000000
55745  18.838  -11.824  53.704 0.0000000000
55744  19.886  -11.958  53.590 0.0000000000
55746  17.981  -12.391  53.782 0.0000000000
55727  16.573  -11.854  54.516 0.0000000000
55748  16.143  -12.771  53.449 0.0000000000
55749  15.217  -12.906  53.545 0.0000000000
55663  16.712  -13.424  59.933 0.0000000000
140437  16.767  -12.797  59.788 0.0000000000
53224  14.261  -12.869  60.607 0.0000000000
53243  14.414  -12.711  59.873 0.0000000000
54457  14.556  -12.337  57.671 0.0000000000
140432  15.190  -12.398  57.588 0.0000000000
54456  15.859  -11.785  57.942 0.0000000000
54324  7.594  -13.818  63.834 0.0000000000
54307  7.548  -13.544  64.554 0.0000000000
53105  7.142  -14.267  64.468 0.0000000000
85956  37.398  12.783  46.572 0.0000000000
83519  36.035  10.050  47.438 0.0000000000
82326  35.137  8.845  46.346 0.0000000000
82325  35.546  9.002  47.269 0.0000000000
81183  35.612  6.945  47.556 0.0000000000
81184  35.117  7.727  47.000 0.0000000000
78712  34.705  5.967  46.466 0.0000000000
78703  35.081  5.868  46.990 0.0000000000
79966  36.713  5.938  48.169 0.0000000000
76329  35.369  3.393  47.821 0.0000000000
76340  34.675  3.436  47.295 0.0000000000
75133  34.622  2.246  46.972 0.0000000000
75134  34.126  1.988  46.625 0.0000000000
72733  34.885  0.147  46.270 0.0000000000
70308  34.333  -0.832  45.923 0.0000000000
70296  35.524  -0.664  47.465 0.0000000000
67993  33.847  -3.382  46.240 0.0000000000
68008  33.538  -3.836  44.499 0.0000000000
66826  33.591  -4.313  45.289 0.0000000000
65536  33.851  -5.804  45.543 0.0000000000
65537  33.600  -5.460  44.955 0.0000000000
61740  34.372  -7.985  43.845 0.0000000000
66597  36.729  -4.254  57.007 0.0000000000
69000  37.150  -2.884  56.794 0.0000000000
66620  36.875  -3.457  56.388 0.0000000000
63994  36.817  -3.520  54.297 0.0000000000
65358  37.035  -3.244  55.131 0.0000000000
65374  37.271  -3.410  54.307 0.0000000000
66655  38.706  -3.486  54.566 0.0000000000
65373  38.026  -3.590  54.278 0.0000000000
62784  33.512  -5.660  51.664 0.0000000000
62764  34.239  -5.163  52.594 0.0000000000
61580  34.281  -5.523  52.068 0.0000000000
62800  36.626  -4.923  51.943 0.0000000000
62779  36.775  -4.816  52.716 0.0000000000
64049  37.299  -4.557  52.292 0.0000000000
65399  38.825  -3.756  52.955 0.0000000000
65400  38.050  -4.180  52.457 0.0000000000
65416  38.669  -3.537  52.254 0.0000000000
64078  37.305  -4.067  50.417 0.0000000000
65432  37.839  -3.498  51.034 0.0000000000
66725  38.000  -3.208  50.683 0.0000000000
67943  38.842  -1.921  50.805 0.0000000000
66742  37.805  -2.894  50.456 0.0000000000
67955  37.560  -2.055  50.280 0.0000000000
65460  37.371  -3.551  49.919 0.0000000000
64115  36.111  -5.944  48.651 0.0000000000
65462  36.540  -4.573  48.828 0.0000000000
64129  35.873  -5.306  48.629 0.0000000000
65478  35.544  -4.711  48.634 0.0000000000
64131  34.800  -6.007  47.803 0.0000000000
60512  32.953  -8.163  48.362 0.0000000000
60529  33.087  -8.137  47.827 0.0000000000
61712  33.611  -7.465  46.357 0.0000000000
61695  33.728  -7.041  47.576 0.0000000000
62887  33.898  -6.152  47.085 0.0000000000
62888  33.794  -6.590  46.751 0.0000000000
64162  33.912  -6.288  46.041 0.0000000000
62900  34.015  -7.735  45.446 0.0000000000
84749  40.253  12.302  45.571 0.0000000000
83543  39.983  12.025  44.722 0.0000000000
83544  39.071  12.039  44.525 0.0000000000
83599  37.306  10.015  43.765 0.0000000000
83598  38.227  10.231  43.562 0.0000000000
82372  37.577  10.271  43.095 0.0000000000
82393  37.807  10.318  42.380 0.0000000000
81238  33.956  8.666  42.848 0.0000000000
82396  34.699  9.461  43.220 0.0000000000
80030  34.876  8.774  40.427 0.0000000000
81276  35.601  9.231  40.428 0.0000000000
90928  55.977  15.678  24.269 0.0000000000
86172  52.088  12.378  24.766 0.0000000000
83577  41.710  10.936  44.096 0.0000000000
83578  40.801  10.763  44.071 0.0000000000
61617  22.777  -7.857  52.006 0.0000000000
60464  22.435  -8.636  51.872 0.0000000000
59226  22.469  -8.773  52.860 0.0000000000
59210  22.254  -9.589  53.081 0.0000000000
65377  25.344  -4.850  55.405 0.0000000000
66642  25.663  -3.694  55.678 0.0000000000
65378  24.991  -5.060  54.729 0.0000000000
65390  24.512  -5.122  54.122 0.0000000000
64053  23.891  -5.461  52.978 0.0000000000
64054  23.695  -6.093  52.376 0.0000000000
64055  23.361  -6.651  52.658 0.0000000000
62788  23.172  -7.051  52.572 0.0000000000
83661  43.701  11.755  38.074 0.0000000000
83681  44.138  11.188  37.523 0.0000000000
54379  20.936  -11.896  59.878 0.0000000000
54403  20.904  -11.767  59.584 0.0000000000
54380  20.519  -11.747  59.930 0.0000000000
54365  11.654  -13.218  61.461 0.0000000000
54387  10.781  -12.664  60.560 0.0000000000
55623  10.390  -12.861  61.009 0.0000000000
55624  9.958  -12.960  60.685 0.0000000000
55609  9.317  -13.015  60.922 0.0000000000
54342  9.410  -12.741  62.931 0.0000000000
73881  39.732  1.402  49.666 0.0000000000
72672  39.644  0.797  48.824 0.0000000000
72688  38.977  0.153  48.512 0.0000000000
71508  38.332  -0.509  48.409 0.0000000000
71491  39.134  -0.605  48.705 0.0000000000
70280  38.319  -1.113  48.753 0.0000000000
64098  30.448  -6.404  48.771 0.0000000000
62857  30.800  -7.457  48.453 0.0000000000
64116  30.152  -6.759  47.800 0.0000000000
64151  29.643  -6.491  46.102 0.0000000000
78742  33.438  6.435  44.516 0.0000000000
87345  53.442  13.109  28.580 0.0000000000
86127  54.277  12.615  28.950 0.0000000000
88596  55.367  13.587  26.980 0.0000000000
82415  41.985  11.002  39.590 0.0000000000
83629  39.205  10.264  40.964 0.0000000000
82418  39.398  10.045  40.499 0.0000000000
81273  38.431  9.854  39.830 0.0000000000
80071  37.345  8.606  38.461 0.0000000000
84779  43.545  12.125  43.094 0.0000000000
86001  44.368  12.434  43.136 0.0000000000
83615  43.862  11.834  40.626 0.0000000000
83626  44.000  11.793  40.134 0.0000000000
56932  21.031  -12.688  50.273 0.0000000000
54584  18.409  -13.923  50.970 0.0000000000
55785  17.905  -13.221  51.943 0.0000000000
63944  33.698  -3.507  58.092 0.0000000000
63957  34.262  -3.826  57.291 0.0000000000
63959  32.936  -3.842  57.154 0.0000000000
63960  32.565  -3.627  56.940 0.0000000000
63979  32.177  -3.697  56.384 0.0000000000
67888  27.852  -2.723  53.932 0.0000000000
66671  28.053  -2.848  53.285 0.0000000000
66686  29.849  -2.853  51.645 0.0000000000
66727  27.805  -2.540  49.866 0.0000000000
66746  26.736  -2.923  48.982 0.0000000000
67958  27.017  -3.071  48.540 0.0000000000
71559  33.078  -0.616  45.136 0.0000000000
83713  48.913  10.232  33.017 0.0000000000
82543  49.829  10.071  32.711 0.0000000000
86118  49.036  11.861  29.570 0.0000000000
86132  49.115  12.046  28.889 0.0000000000
87348  50.905  12.493  28.929 0.0000000000
86142  50.607  13.055  27.178 0.0000000000
62712  24.820  -6.329  57.609 0.0000000000
62698  25.086  -6.523  58.435 0.0000000000
61503  24.995  -7.249  58.786 0.0000000000
65292  27.959  -3.760  59.946 0.0000000000
65315  26.770  -3.762  59.602 0.0000000000
81323  48.241  10.897  34.963 0.0000000000
81345  47.550  10.835  34.389 0.0000000000
82504  46.781  10.469  34.073 0.0000000000
59168  22.728  -9.525  56.001 0.0000000000
57978  22.496  -10.169  56.176 0.0000000000
56858  22.199  -10.439  55.701 0.0000000000
55697  21.398  -10.768  55.322 0.0000000000
54479  19.480  -12.183  57.024 0.0000000000
54507  19.395  -11.828  55.928 0.0000000000
54536  18.391  -11.561  54.727 0.0000000000
54554  18.005  -11.794  54.335 0.0000000000
55726  17.424  -11.792  54.454 0.0000000000
54538  16.100  -11.810  55.000 0.0000000000
140426  16.778  -14.647  60.065 0.0000000000
140430  15.925  -12.990  59.994 0.0000000000
55652  13.367  -12.097  59.086 0.0000000000
54434  13.999  -12.066  58.987 0.0000000000
54485  14.079  -11.814  56.564 0.0000000000
55680  14.483  -11.612  55.860 0.0000000000
54513  13.583  -11.828  55.922 0.0000000000
82304  36.009  9.141  48.094 0.0000000000
81168  36.045  7.239  47.858 0.0000000000
77494  38.020  4.364  49.336 0.0000000000
77505  37.199  4.376  48.898 0.0000000000
77506  36.498  4.409  48.406 0.0000000000
76328  36.191  3.415  48.053 0.0000000000
73919  35.132  1.312  47.033 0.0000000000
73907  35.572  1.664  47.445 0.0000000000
72720  35.152  0.503  46.809 0.0000000000
67991  34.934  -2.256  47.824 0.0000000000
69151  34.850  -1.397  47.231 0.0000000000
66827  33.651  -4.653  45.605 0.0000000000
63974  35.368  -4.048  55.821 0.0000000000
65359  36.067  -3.613  55.556 0.0000000000
63996  35.654  -3.957  55.011 0.0000000000
64019  36.098  -4.214  54.375 0.0000000000
62744  36.209  -4.521  54.018 0.0000000000
61593  34.720  -5.622  51.957 0.0000000000
61609  34.545  -5.872  51.115 0.0000000000
61630  35.660  -5.482  51.172 0.0000000000
64065  36.987  -4.578  51.505 0.0000000000
64079  36.765  -4.721  50.582 0.0000000000
64096  37.092  -4.525  49.647 0.0000000000
62834  36.144  -5.884  49.527 0.0000000000
62854  36.257  -5.984  48.958 0.0000000000
61693  34.858  -6.561  48.764 0.0000000000
61714  32.046  -8.910  46.302 0.0000000000
61727  33.525  -8.020  45.345 0.0000000000
61742  33.166  -8.621  44.359 0.0000000000
84751  37.926  12.464  45.576 0.0000000000
83561  38.286  11.631  44.168 0.0000000000
82373  36.535  10.210  43.265 0.0000000000
80021  33.548  6.744  42.100 0.0000000000
81258  34.359  8.591  41.913 0.0000000000
80032  33.826  7.072  41.598 0.0000000000
89795  55.397  14.727  24.576 0.0000000000
83609  42.333  11.379  42.076 0.0000000000
82388  41.720  11.038  41.459 0.0000000000
82389  41.016  10.676  41.727 0.0000000000
82390  40.262  10.552  41.923 0.0000000000
82411  39.461  10.086  41.348 0.0000000000
83619  39.091  10.328  41.227 0.0000000000
82412  38.703  10.543  41.263 0.0000000000
81255  37.359  10.214  40.810 0.0000000000
85988  44.772  12.805  44.722 0.0000000000
84775  44.094  12.097  44.113 0.0000000000
58071  21.791  -11.415  49.908 0.0000000000
59246  21.976  -9.565  51.150 0.0000000000
58050  21.526  -11.084  50.861 0.0000000000
56931  21.564  -11.875  50.588 0.0000000000
56914  21.332  -12.250  51.280 0.0000000000
55781  21.228  -12.621  51.839 0.0000000000
55760  21.375  -12.602  52.781 0.0000000000
66599  30.237  -2.596  57.978 0.0000000000
66621  30.399  -2.394  56.936 0.0000000000
67850  28.745  -2.760  56.108 0.0000000000
67870  27.814  -2.699  54.613 0.0000000000
67853  26.094  -3.327  54.949 0.0000000000
67871  26.741  -3.062  54.574 0.0000000000
67889  27.296  -2.978  53.943 0.0000000000
66672  26.780  -3.218  53.246 0.0000000000
65435  24.516  -4.209  50.899 0.0000000000
84907  47.144  11.252  30.662 0.0000000000
62663  26.223  -6.812  59.931 0.0000000000
62624  26.842  -6.078  61.561 0.0000000000
83658  46.880  11.640  37.473 0.0000000000
83659  45.776  11.778  37.593 0.0000000000
82475  46.949  11.333  35.716 0.0000000000
81325  46.612  11.067  34.730 0.0000000000
82491  46.347  11.247  35.183 0.0000000000
81348  45.379  11.425  34.395 0.0000000000
82507  44.706  11.679  33.908 0.0000000000
82528  44.151  10.945  33.319 0.0000000000
56829  22.321  -11.176  57.680 0.0000000000
55646  21.966  -11.385  58.192 0.0000000000
55659  21.211  -11.399  57.840 0.0000000000
54477  20.592  -11.558  57.697 0.0000000000
54428  20.143  -11.673  58.879 0.0000000000
54451  20.168  -11.942  58.143 0.0000000000
55678  17.923  -11.816  57.611 0.0000000000
53179  14.627  -13.664  61.828 0.0000000000
53204  13.920  -13.098  61.294 0.0000000000
54384  13.741  -12.894  60.716 0.0000000000
54385  13.137  -13.200  60.694 0.0000000000
54461  9.627  -13.009  56.878 0.0000000000
76307  39.053  3.330  50.050 0.0000000000
76314  38.222  3.300  49.621 0.0000000000
75111  37.792  2.370  49.494 0.0000000000
72707  36.562  0.669  47.826 0.0000000000
71510  36.759  0.114  48.159 0.0000000000
70295  36.094  -0.595  48.247 0.0000000000
70281  37.619  -0.967  48.497 0.0000000000
69149  36.373  -1.024  48.482 0.0000000000
67978  35.656  -2.326  48.464 0.0000000000
65494  34.972  -4.273  48.082 0.0000000000
62750  32.915  -4.686  52.592 0.0000000000
62767  32.745  -5.234  51.827 0.0000000000
62785  32.948  -6.039  51.292 0.0000000000
62804  31.328  -6.401  50.602 0.0000000000
62803  31.724  -6.982  51.391 0.0000000000
61596  32.968  -6.985  51.086 0.0000000000
61611  33.452  -7.278  50.850 0.0000000000
61634  33.756  -8.277  50.322 0.0000000000
61652  34.228  -7.702  49.651 0.0000000000
60491  33.024  -8.551  49.191 0.0000000000
61677  32.325  -8.314  48.614 0.0000000000
62874  30.578  -7.314  47.341 0.0000000000
61679  30.902  -7.961  47.611 0.0000000000
61698  31.448  -8.318  47.097 0.0000000000
61715  31.101  -8.394  46.161 0.0000000000
83565  35.346  9.495  45.439 0.0000000000
83601  35.427  9.632  44.296 0.0000000000
82354  34.988  8.722  44.761 0.0000000000
81224  34.305  8.443  44.013 0.0000000000
78759  33.291  6.862  43.462 0.0000000000
88603  55.607  14.192  26.207 0.0000000000
89801  54.383  13.997  23.835 0.0000000000
82457  41.708  10.730  37.243 0.0000000000
81271  39.601  10.307  39.018 0.0000000000
81272  39.266  9.776  39.518 0.0000000000
81279  39.179  9.483  38.697 0.0000000000
86012  45.005  12.541  42.741 0.0000000000
87239  45.418  13.233  42.232 0.0000000000
84826  44.913  12.362  39.129 0.0000000000
83641  44.289  12.233  38.564 0.0000000000
84811  44.030  11.871  39.882 0.0000000000
67781  37.007  -2.443  58.734 0.0000000000
67794  36.679  -2.744  57.781 0.0000000000
66579  35.908  -3.336  57.913 0.0000000000
66598  36.277  -3.703  57.311 0.0000000000
65345  35.118  -3.784  56.748 0.0000000000
63975  34.842  -3.982  56.492 0.0000000000
63998  34.535  -4.256  55.423 0.0000000000
63999  33.947  -4.398  55.245 0.0000000000
64020  33.370  -4.003  53.788 0.0000000000
65347  31.221  -3.115  56.323 0.0000000000
64002  31.645  -3.878  55.691 0.0000000000
65362  30.138  -3.648  54.360 0.0000000000
64022  31.841  -3.777  54.428 0.0000000000
64021  32.849  -3.823  53.593 0.0000000000
64036  32.559  -4.469  52.323 0.0000000000
64052  31.345  -3.838  51.350 0.0000000000
64067  31.196  -4.155  50.804 0.0000000000
66704  30.233  -2.825  50.887 0.0000000000
65418  30.842  -3.003  50.023 0.0000000000
65433  30.284  -3.904  49.307 0.0000000000
65445  29.882  -4.012  48.595 0.0000000000
66760  29.613  -3.965  48.105 0.0000000000
75143  33.391  2.201  46.305 0.0000000000
84901  52.563  11.608  31.099 0.0000000000
83755  49.504  10.997  31.072 0.0000000000
84917  49.463  11.813  30.077 0.0000000000
86106  50.342  11.665  30.533 0.0000000000
84903  50.778  11.308  30.915 0.0000000000
84914  53.111  12.108  30.419 0.0000000000
86114  53.228  12.547  29.911 0.0000000000
86128  53.516  12.697  29.372 0.0000000000
87347  51.472  12.800  29.187 0.0000000000
87346  52.525  13.257  29.044 0.0000000000
61582  23.204  -7.767  54.151 0.0000000000
61581  23.433  -7.371  54.972 0.0000000000
61556  23.929  -8.294  56.084 0.0000000000
61541  24.055  -7.855  56.892 0.0000000000
60361  23.419  -9.012  56.462 0.0000000000
60346  23.558  -9.122  57.327 0.0000000000
61476  25.127  -8.147  60.534 0.0000000000
60324  24.270  -8.706  59.550 0.0000000000
59141  23.078  -9.130  58.750 0.0000000000
59126  22.863  -9.986  59.148 0.0000000000
56806  23.196  -11.142  58.804 0.0000000000
56807  23.051  -11.427  59.137 0.0000000000
56783  22.758  -11.179  60.462 0.0000000000
55618  22.231  -11.567  60.129 0.0000000000
66563  36.230  -2.616  59.101 0.0000000000
66564  35.937  -3.254  58.801 0.0000000000
65287  35.203  -3.595  58.575 0.0000000000
65264  35.042  -3.390  59.359 0.0000000000
65288  34.849  -3.433  58.866 0.0000000000
63946  32.470  -3.158  58.380 0.0000000000
65289  31.277  -2.955  59.349 0.0000000000
65313  31.352  -2.664  58.749 0.0000000000
66600  29.176  -2.635  57.737 0.0000000000
67812  27.948  -2.898  57.392 0.0000000000
66623  26.499  -3.583  57.047 0.0000000000
65332  26.464  -3.684  58.658 0.0000000000
65348  26.208  -4.123  57.908 0.0000000000
66624  25.896  -3.929  56.502 0.0000000000
65363  25.476  -4.713  56.301 0.0000000000
64004  24.097  -6.182  55.642 0.0000000000
81364  50.226  10.281  34.276 0.0000000000
81365  49.167  10.625  34.157 0.0000000000
83725  48.252  10.436  32.613 0.0000000000
83741  47.317  10.437  32.103 0.0000000000
81346  46.726  10.750  34.397 0.0000000000
82545  46.615  10.671  33.231 0.0000000000
82560  47.032  10.691  32.869 0.0000000000
84892  46.814  10.775  31.115 0.0000000000
59209  22.669  -9.103  53.534 0.0000000000
58014  22.111  -9.885  53.605 0.0000000000
56895  22.041  -10.646  53.215 0.0000000000
56896  21.861  -11.453  52.766 0.0000000000
55759  21.586  -11.996  52.766 0.0000000000
55761  20.522  -13.163  53.103 0.0000000000
55675  21.350  -10.816  56.366 0.0000000000
55699  19.959  -11.233  55.844 0.0000000000
55764  17.440  -13.145  52.730 0.0000000000
54570  16.644  -13.945  52.271 0.0000000000
53240  18.238  -12.799  59.208 0.0000000000
54432  17.796  -12.518  59.109 0.0000000000
55660  17.748  -11.670  58.024 0.0000000000
53242  15.196  -12.752  59.290 0.0000000000
54511  15.789  -12.057  55.419 0.0000000000
55704  14.775  -11.976  55.217 0.0000000000
55729  15.015  -12.535  54.438 0.0000000000
55572  8.215  -12.791  63.872 0.0000000000
55590  7.835  -13.212  63.409 0.0000000000
54344  7.499  -13.885  63.219 0.0000000000
53154  7.020  -14.927  62.783 0.0000000000
83518  41.784  12.371  45.586 0.0000000000
84752  36.524  12.434  45.868 0.0000000000
84753  36.464  11.061  45.976 0.0000000000
83546  35.399  9.459  45.819 0.0000000000
82327  34.795  8.509  45.980 0.0000000000
81194  34.756  7.419  46.316 0.0000000000
78713  34.635  5.534  46.685 0.0000000000
79967  36.230  6.351  47.594 0.0000000000
78702  35.708  5.645  47.442 0.0000000000
77508  35.149  5.153  47.279 0.0000000000
73920  34.564  1.177  46.793 0.0000000000
72734  34.395  0.217  46.343 0.0000000000
71545  33.918  -0.294  45.732 0.0000000000
71558  33.750  -0.531  45.552 0.0000000000
71528  35.210  0.012  47.093 0.0000000000
69161  34.382  -1.513  46.276 0.0000000000
68020  33.355  -2.937  44.197 0.0000000000
65555  34.021  -5.574  43.366 0.0000000000
65538  33.545  -4.904  45.398 0.0000000000
64214  34.378  -6.527  42.835 0.0000000000
70261  39.334  -0.378  50.371 0.0000000000
67808  37.350  -2.705  57.053 0.0000000000
66595  38.037  -2.588  56.762 0.0000000000
66618  38.159  -2.758  56.282 0.0000000000
65342  36.837  -3.326  55.905 0.0000000000
66638  37.718  -3.282  55.365 0.0000000000
67829  38.682  -2.199  55.956 0.0000000000
66653  39.885  -2.987  53.718 0.0000000000
62747  34.475  -4.699  53.447 0.0000000000
62761  36.395  -4.846  53.453 0.0000000000
61591  35.608  -5.461  52.208 0.0000000000
62760  36.842  -4.630  53.157 0.0000000000
64035  36.877  -4.403  53.481 0.0000000000
65386  38.201  -4.094  53.303 0.0000000000
66669  39.494  -3.452  53.401 0.0000000000
66668  40.019  -2.941  52.980 0.0000000000
66667  40.457  -2.423  52.607 0.0000000000
65431  38.480  -3.297  51.647 0.0000000000
66702  39.662  -2.283  51.904 0.0000000000
67932  39.975  -1.780  51.483 0.0000000000
67942  39.607  -1.594  50.992 0.0000000000
69117  39.037  -1.081  50.558 0.0000000000
70262  38.712  -0.561  50.108 0.0000000000
69118  38.225  -1.131  50.106 0.0000000000
67956  37.026  -2.677  49.901 0.0000000000
66759  36.760  -3.132  49.653 0.0000000000
65461  37.017  -3.894  49.274 0.0000000000
66775  36.259  -3.286  48.988 0.0000000000
66776  35.918  -3.921  48.611 0.0000000000
61674  34.272  -6.808  49.147 0.0000000000
61675  33.762  -7.310  48.796 0.0000000000
61694  34.259  -6.676  48.353 0.0000000000
61696  33.461  -8.020  47.343 0.0000000000
62872  34.149  -6.364  47.562 0.0000000000
64148  34.208  -5.779  47.266 0.0000000000
64161  33.975  -5.773  46.459 0.0000000000
62913  34.280  -7.354  44.455 0.0000000000
62914  34.055  -7.753  45.028 0.0000000000
61741  33.947  -8.216  44.370 0.0000000000
83542  41.094  11.892  45.144 0.0000000000
83559  40.545  11.506  44.256 0.0000000000
83579  39.944  11.036  43.664 0.0000000000
83580  38.851  10.863  43.591 0.0000000000
82352  39.370  10.579  43.311 0.0000000000
82413  37.922  10.485  41.688 0.0000000000
82374  35.566  9.808  43.559 0.0000000000
82395  35.646  10.087  42.701 0.0000000000
81236  36.000  9.691  41.906 0.0000000000
81256  36.341  9.535  41.048 0.0000000000
81275  36.426  9.387  40.103 0.0000000000
87369  53.142  14.057  26.050 0.0000000000
88610  53.086  13.679  25.450 0.0000000000
87375  53.298  12.832  24.241 0.0000000000
53127  11.418  -12.649  63.195 0.0000000000
53153  11.325  -12.626  62.854 0.0000000000
53221  17.988  -12.899  59.619 0.0000000000
53241  17.603  -12.895  59.787 0.0000000000
53258  14.951  -12.449  57.791 0.0000000000
54381  19.837  -11.783  59.998 0.0000000000
54404  20.282  -11.634  59.517 0.0000000000
54478  20.135  -11.823  57.232 0.0000000000
54514  13.411  -12.093  55.959 0.0000000000
54537  17.849  -11.595  54.738 0.0000000000
54539  15.807  -11.845  54.977 0.0000000000
55573  7.722  -13.293  63.913 0.0000000000
55591  7.657  -13.577  63.585 0.0000000000
55608  10.064  -12.802  61.156 0.0000000000
55619  21.438  -11.747  59.845 0.0000000000
55625  9.391  -13.164  60.440 0.0000000000
55637  13.207  -12.430  59.481 0.0000000000
55638  12.956  -12.349  59.352 0.0000000000
55651  13.561  -12.312  59.421 0.0000000000
55661  17.452  -11.863  57.822 0.0000000000
55679  17.669  -12.020  57.468 0.0000000000
55681  14.002  -11.520  55.869 0.0000000000
55700  19.621  -11.493  55.543 0.0000000000
55702  16.688  -11.717  55.056 0.0000000000
55703  15.333  -11.944  54.960 0.0000000000
55721  21.449  -10.696  54.724 0.0000000000
55804  18.731  -13.542  50.937 0.0000000000
56808  13.132  -12.266  59.289 0.0000000000
56809  12.989  -12.181  59.173 0.0000000000
56819  13.368  -12.233  59.287 0.0000000000
56820  13.179  -12.100  59.114 0.0000000000
56828  22.388  -10.663  57.341 0.0000000000
56830  12.352  -12.466  56.611 0.0000000000
56831  12.125  -12.361  56.671 0.0000000000
56846  12.116  -12.528  56.492 0.0000000000
56883  21.537  -10.916  53.610 0.0000000000
57941  22.944  -10.538  58.558 0.0000000000
57966  22.534  -10.234  56.895 0.0000000000
57967  22.635  -10.037  56.586 0.0000000000
57979  22.556  -10.115  56.414 0.0000000000
57993  22.449  -10.081  55.201 0.0000000000
59111  24.065  -9.428  59.901 0.0000000000
59157  22.716  -9.840  56.459 0.0000000000
59169  22.613  -9.937  56.257 0.0000000000
60313  24.478  -8.749  60.171 0.0000000000
60473  33.726  -8.521  49.921 0.0000000000
60474  33.441  -8.530  49.836 0.0000000000
60489  34.202  -8.240  49.507 0.0000000000
60490  33.848  -8.541  49.530 0.0000000000
60510  33.977  -8.003  49.307 0.0000000000
60528  33.371  -8.008  48.095 0.0000000000
61520  24.746  -7.171  58.271 0.0000000000
61542  23.862  -8.469  57.021 0.0000000000
61579  34.524  -5.450  52.356 0.0000000000
61592  35.278  -5.576  52.045 0.0000000000
61595  33.469  -6.447  51.198 0.0000000000
61608  35.129  -5.488  51.424 0.0000000000
61612  32.698  -7.780  51.212 0.0000000000
61633  33.927  -7.167  50.308 0.0000000000
61641  22.560  -8.362  49.940 0.0000000000
61650  35.066  -6.319  49.984 0.0000000000
61653  34.215  -8.369  49.792 0.0000000000
61654  32.277  -8.320  49.368 0.0000000000
61716  30.507  -7.904  46.044 0.0000000000
62724  35.319  -4.213  54.738 0.0000000000
62728  33.624  -4.232  53.776 0.0000000000
62730  24.036  -6.686  56.205 0.0000000000
62745  35.669  -4.588  54.162 0.0000000000
62763  34.909  -5.252  52.762 0.0000000000
62766  33.159  -5.246  52.141 0.0000000000
62780  36.071  -5.291  52.437 0.0000000000
62781  35.442  -5.498  52.532 0.0000000000
62782  35.085  -5.579  52.348 0.0000000000
62783  33.927  -5.478  52.025 0.0000000000
62787  32.099  -5.960  50.762 0.0000000000
62789  23.292  -6.886  52.706 0.0000000000
62801  36.146  -5.313  51.520 0.0000000000
62802  32.461  -6.866  50.690 0.0000000000
62836  31.325  -7.620  49.318 0.0000000000
62855  35.705  -6.369  48.840 0.0000000000
63916  34.359  -3.179  59.253 0.0000000000
63919  31.807  -3.141  59.307 0.0000000000
63921  29.334  -3.519  60.254 0.0000000000
63942  34.879  -4.128  57.985 0.0000000000
63956  34.833  -3.901  57.580 0.0000000000
63997  35.089  -4.133  55.350 0.0000000000
64016  37.730  -4.105  53.534 0.0000000000
64018  36.574  -4.166  54.010 0.0000000000
64033  37.787  -4.273  53.192 0.0000000000
64039  23.346  -6.513  52.983 0.0000000000
64040  23.342  -6.723  52.884 0.0000000000
64080  36.488  -5.119  50.340 0.0000000000
64095  37.435  -4.069  49.948 0.0000000000
64113  36.972  -4.637  49.001 0.0000000000
64130  35.508  -5.715  48.411 0.0000000000
64150  29.859  -6.768  46.560 0.0000000000
65263  35.447  -3.428  58.902 0.0000000000
65270  27.153  -5.059  59.922 0.0000000000
65310  34.942  -3.793  58.340 0.0000000000
65311  32.700  -3.308  57.857 0.0000000000
65326  36.080  -4.063  57.067 0.0000000000
65327  35.786  -3.765  57.290 0.0000000000
65343  36.178  -3.896  56.214 0.0000000000
65357  37.845  -3.314  55.013 0.0000000000
65360  35.650  -3.858  55.712 0.0000000000
65372  38.771  -3.600  54.259 0.0000000000
65387  37.824  -4.326  52.920 0.0000000000
65401  37.638  -4.398  52.667 0.0000000000
65404  24.338  -5.010  53.309 0.0000000000
65417  37.997  -3.839  51.714 0.0000000000
65420  24.515  -4.240  51.567 0.0000000000
65444  37.625  -3.978  49.630 0.0000000000
65479  34.822  -5.338  48.469 0.0000000000
65516  33.622  -4.885  45.627 0.0000000000
66565  30.628  -2.777  59.310 0.0000000000
66566  29.902  -3.010  59.318 0.0000000000
66580  30.532  -2.394  58.768 0.0000000000
66583  27.104  -2.868  58.900 0.0000000000
66619  37.412  -3.106  55.959 0.0000000000
66639  30.312  -3.270  56.207 0.0000000000
66660  25.037  -4.691  54.283 0.0000000000
66690  24.813  -4.190  52.736 0.0000000000
66709  24.561  -4.299  51.987 0.0000000000
66723  39.316  -2.127  51.584 0.0000000000
66724  38.671  -2.678  51.209 0.0000000000
66741  38.393  -2.508  50.684 0.0000000000
66743  29.392  -3.728  48.355 0.0000000000
66744  28.772  -3.548  48.666 0.0000000000
66763  26.740  -3.545  48.267 0.0000000000
66810  33.780  -4.600  45.889 0.0000000000
66811  33.710  -4.811  45.787 0.0000000000
67807  38.316  -2.147  57.029 0.0000000000
67809  36.871  -3.277  57.052 0.0000000000
67810  36.591  -3.630  57.216 0.0000000000
67811  28.521  -2.695  57.491 0.0000000000
67830  37.170  -2.919  56.540 0.0000000000
67831  36.958  -2.986  56.436 0.0000000000
67832  28.724  -2.454  56.959 0.0000000000
67852  26.730  -2.900  55.479 0.0000000000
67887  40.115  -2.533  53.218 0.0000000000
67944  38.148  -2.368  50.510 0.0000000000
67945  27.312  -3.194  48.568 0.0000000000
67946  27.204  -2.973  48.738 0.0000000000
67968  37.162  -1.837  49.731 0.0000000000
68957  38.550  -1.875  58.293 0.0000000000
68975  36.989  -2.878  57.066 0.0000000000
68976  36.953  -2.994  56.856 0.0000000000
68977  28.327  -2.739  57.341 0.0000000000
68978  28.264  -2.706  57.104 0.0000000000
69001  36.902  -2.769  56.605 0.0000000000
69003  28.407  -2.577  56.957 0.0000000000
69107  40.093  -1.212  50.932 0.0000000000
69108  39.417  -1.454  50.773 0.0000000000
69116  39.609  -0.795  50.613 0.0000000000
70294  36.856  -0.796  48.402 0.0000000000
71526  36.612  -0.305  48.242 0.0000000000
72673  38.972  0.924  48.656 0.0000000000
73893  38.309  1.700  49.393 0.0000000000
77509  34.876  5.437  46.978 0.0000000000
77519  34.685  5.376  46.851 0.0000000000
78704  34.811  5.661  46.809 0.0000000000
79969  34.864  6.525  46.694 0.0000000000
81186  34.581  8.310  45.973 0.0000000000
81196  34.480  8.135  45.871 0.0000000000
81209  34.647  8.005  44.756 0.0000000000
81225  34.497  8.329  44.315 0.0000000000
81307  40.155  9.508  36.447 0.0000000000
81326  45.886  11.269  34.718 0.0000000000
82336  34.695  8.340  45.763 0.0000000000
82353  38.940  10.439  43.390 0.0000000000
82355  34.790  8.393  44.585 0.0000000000
82376  34.677  8.546  44.343 0.0000000000
82559  49.909  10.271  32.110 0.0000000000
83563  36.445  10.617  44.941 0.0000000000
83564  35.676  10.071  45.386 0.0000000000
83582  36.869  10.389  44.317 0.0000000000
83584  35.195  9.616  45.010 0.0000000000
83597  38.695  10.391  43.406 0.0000000000
83618  39.186  10.188  41.200 0.0000000000
83630  39.055  10.438  41.066 0.0000000000
83715  47.596  10.581  33.329 0.0000000000
84769  38.352  12.335  44.745 0.0000000000
84774  44.203  12.254  43.749 0.0000000000
84778  44.040  12.260  43.378 0.0000000000
84919  48.531  11.530  30.206 0.0000000000
85995  44.561  12.535  43.778 0.0000000000
86097  52.231  11.373  31.301 0.0000000000
86103  52.037  11.424  31.178 0.0000000000
86104  51.945  11.248  31.302 0.0000000000
86107  48.010  11.541  30.025 0.0000000000
86129  52.922  12.774  29.606 0.0000000000
86130  51.028  12.358  29.150 0.0000000000
87218  45.194  12.850  43.529 0.0000000000
87229  45.238  12.782  42.897 0.0000000000
87240  45.130  12.698  42.552 0.0000000000
88598  54.060  13.800  26.598 0.0000000000
88606  53.117  13.851  25.781 0.0000000000
140427  16.921  -14.491  59.724 0.0000000000
140434  17.013  -12.385  59.655 0.0000000000
140436  17.078  -12.981  59.885 0.0000000000
