#!ascii label  , from subject 4113 vox2ras=TkReg
1142
121588  44.985  29.684  22.952 0.0000000000
128927  46.652  38.396  25.166 0.0000000000
120778  50.108  28.618  26.958 0.0000000000
120018  38.699  27.647  23.106 0.0000000000
119240  41.500  26.105  22.774 0.0000000000
128248  45.414  37.816  22.021 0.0000000000
131870  40.549  42.450  29.716 0.0000000000
134870  42.855  45.841  34.417 0.0000000000
119131  53.030  27.126  31.659 0.0000000000
117519  50.439  24.473  30.057 0.0000000000
125947  48.796  34.810  20.200 0.0000000000
120835  47.861  27.989  21.106 0.0000000000
125006  52.258  33.906  24.235 0.0000000000
125774  51.241  33.881  30.765 0.0000000000
132707  41.101  43.630  28.250 0.0000000000
133517  47.091  43.863  25.883 0.0000000000
119949  45.723  26.972  27.235 0.0000000000
120827  41.952  28.566  22.699 0.0000000000
118401  39.545  25.731  22.232 0.0000000000
120852  43.079  27.542  21.357 0.0000000000
125054  45.042  33.856  21.740 0.0000000000
123217  43.145  31.826  24.020 0.0000000000
132588  39.301  44.082  34.834 0.0000000000
118262  51.603  25.511  33.544 0.0000000000
117484  54.111  24.562  33.387 0.0000000000
116645  52.835  23.738  35.834 0.0000000000
133600  43.328  45.163  21.939 0.0000000000
127484  48.301  36.708  21.832 0.0000000000
125944  51.039  33.906  20.763 0.0000000000
126719  48.672  35.396  22.529 0.0000000000
124063  46.342  32.508  28.693 0.0000000000
124934  49.277  34.031  29.104 0.0000000000
124887  47.597  34.248  32.126 0.0000000000
123135  49.215  32.324  32.545 0.0000000000
131867  43.929  42.690  30.165 0.0000000000
133435  45.494  44.710  30.509 0.0000000000
131135  46.606  41.952  25.667 0.0000000000
128952  48.466  39.253  22.789 0.0000000000
121572  48.389  29.016  23.842 0.0000000000
119999  47.141  27.096  23.898 0.0000000000
119966  49.019  27.471  25.657 0.0000000000
118373  39.295  25.516  24.882 0.0000000000
118359  41.101  26.042  26.514 0.0000000000
133567  47.350  44.222  22.964 0.0000000000
130408  43.580  40.461  22.738 0.0000000000
131139  42.483  41.277  26.457 0.0000000000
127462  45.817  36.612  25.031 0.0000000000
134917  38.887  46.655  31.539 0.0000000000
136749  40.736  49.298  31.870 0.0000000000
132620  41.763  44.119  32.721 0.0000000000
120765  52.339  28.773  29.482 0.0000000000
119181  52.175  26.742  26.945 0.0000000000
118304  53.457  25.948  29.881 0.0000000000
116689  52.746  22.815  30.651 0.0000000000
124162  47.115  32.520  21.719 0.0000000000
121607  47.046  28.807  21.023 0.0000000000
123267  49.247  30.919  20.302 0.0000000000
123245  49.744  30.747  22.134 0.0000000000
124092  50.264  32.358  25.795 0.0000000000
124985  50.046  33.961  25.010 0.0000000000
125826  52.372  34.626  27.506 0.0000000000
123181  50.600  31.737  29.067 0.0000000000
122309  51.368  30.494  31.244 0.0000000000
120742  49.826  29.036  31.372 0.0000000000
131926  41.324  42.866  24.698 0.0000000000
133535  43.920  44.576  25.594 0.0000000000
133484  44.255  44.589  28.671 0.0000000000
135049  46.635  45.867  24.714 0.0000000000
131162  48.200  41.174  22.599 0.0000000000
127500  46.676  36.646  21.075 0.0000000000
119265  45.053  26.588  21.144 0.0000000000
120003  43.782  27.381  25.192 0.0000000000
118342  43.530  25.551  27.888 0.0000000000
119169  47.779  26.296  28.845 0.0000000000
121590  43.317  29.380  23.336 0.0000000000
120841  42.332  27.914  21.736 0.0000000000
120840  43.567  28.366  21.801 0.0000000000
124164  45.403  32.539  22.404 0.0000000000
124166  43.938  32.870  22.835 0.0000000000
123235  43.838  31.350  23.916 0.0000000000
121573  42.928  29.924  24.132 0.0000000000
118216  51.592  25.402  35.819 0.0000000000
117431  53.064  24.916  36.208 0.0000000000
116603  51.993  24.423  37.268 0.0000000000
116739  41.269  23.752  27.685 0.0000000000
128943  47.672  38.275  23.834 0.0000000000
127483  48.869  35.973  22.093 0.0000000000
127469  47.227  36.347  23.343 0.0000000000
124922  45.187  33.295  30.063 0.0000000000
124920  47.402  33.554  29.750 0.0000000000
131137  44.436  41.790  25.728 0.0000000000
132743  45.113  43.334  27.141 0.0000000000
130387  46.746  40.407  25.464 0.0000000000
128925  48.190  39.239  24.325 0.0000000000
121557  48.867  29.038  25.340 0.0000000000
119984  49.237  27.677  25.096 0.0000000000
120789  50.479  28.123  26.176 0.0000000000
120020  37.266  27.002  23.549 0.0000000000
119257  38.143  26.525  22.756 0.0000000000
118392  40.372  25.703  22.536 0.0000000000
118393  39.443  25.473  22.892 0.0000000000
119230  40.843  26.114  23.843 0.0000000000
118360  40.299  25.759  26.150 0.0000000000
119221  41.014  26.516  25.283 0.0000000000
131154  46.140  41.825  23.348 0.0000000000
131155  45.043  41.784  23.249 0.0000000000
129705  44.172  39.452  22.730 0.0000000000
120817  39.216  28.576  24.113 0.0000000000
120818  38.488  28.245  24.120 0.0000000000
131128  41.454  41.280  27.625 0.0000000000
130391  42.308  40.053  25.531 0.0000000000
130367  41.030  40.636  27.173 0.0000000000
132647  39.935  43.852  32.034 0.0000000000
132621  40.513  44.368  33.154 0.0000000000
131854  41.021  42.968  30.413 0.0000000000
131868  42.748  42.489  29.753 0.0000000000
119926  52.875  28.171  30.221 0.0000000000
119929  53.435  27.163  29.214 0.0000000000
119129  54.167  26.435  31.119 0.0000000000
115842  53.498  22.874  32.659 0.0000000000
116677  53.683  23.481  31.961 0.0000000000
115867  53.301  22.386  30.982 0.0000000000
125051  47.811  33.763  20.914 0.0000000000
123259  48.133  31.022  21.265 0.0000000000
124180  48.554  32.778  20.647 0.0000000000
125912  51.517  33.992  22.322 0.0000000000
124179  50.944  32.587  21.303 0.0000000000
124143  51.286  32.596  23.219 0.0000000000
123215  49.589  31.734  24.540 0.0000000000
124110  51.945  33.253  25.046 0.0000000000
125856  45.977  34.436  25.118 0.0000000000
125009  48.364  33.645  24.545 0.0000000000
124987  48.226  33.294  25.623 0.0000000000
125792  50.698  34.914  29.642 0.0000000000
126671  50.927  35.388  28.139 0.0000000000
125791  51.339  34.434  29.392 0.0000000000
124932  51.531  33.790  28.600 0.0000000000
124917  51.313  33.472  29.881 0.0000000000
123177  51.387  31.451  30.452 0.0000000000
124885  51.172  32.649  31.709 0.0000000000
123158  48.024  31.435  32.448 0.0000000000
122311  49.501  30.422  31.494 0.0000000000
131908  41.070  42.795  26.433 0.0000000000
132778  42.812  43.862  24.948 0.0000000000
132745  42.854  43.635  26.786 0.0000000000
135571  41.066  48.281  33.547 0.0000000000
135581  41.437  48.222  31.967 0.0000000000
134900  42.269  46.575  33.159 0.0000000000
133482  46.173  44.697  28.648 0.0000000000
134195  44.958  45.320  30.148 0.0000000000
134235  46.097  45.742  27.743 0.0000000000
135009  45.664  46.210  26.649 0.0000000000
133533  46.963  44.994  25.748 0.0000000000
133549  48.404  44.110  23.994 0.0000000000
132776  48.585  43.173  24.306 0.0000000000
128254  47.790  37.580  21.545 0.0000000000
128981  47.599  38.085  21.660 0.0000000000
126751  47.381  35.863  20.784 0.0000000000
125932  47.060  34.803  21.116 0.0000000000
120848  47.623  27.880  20.040 0.0000000000
120059  45.890  26.976  19.752 0.0000000000
119274  47.298  26.674  20.242 0.0000000000
119987  47.098  27.434  24.999 0.0000000000
120001  45.349  27.400  24.496 0.0000000000
119989  45.106  27.441  25.563 0.0000000000
119208  43.773  26.873  26.919 0.0000000000
119187  44.607  26.475  27.629 0.0000000000
119154  51.059  26.378  29.413 0.0000000000
119167  50.130  26.765  28.179 0.0000000000
118318  49.528  25.284  29.940 0.0000000000
120829  40.330  28.066  22.970 0.0000000000
120032  39.226  27.036  22.319 0.0000000000
120031  40.545  27.234  22.050 0.0000000000
118407  41.020  26.286  21.350 0.0000000000
119253  41.714  26.178  21.747 0.0000000000
128257  44.972  37.034  21.790 0.0000000000
121575  41.149  29.651  24.369 0.0000000000
118286  52.028  26.457  32.428 0.0000000000
118285  53.980  26.257  32.594 0.0000000000
118237  53.437  25.587  34.146 0.0000000000
116659  53.705  23.978  34.117 0.0000000000
127519  48.938  36.017  20.404 0.0000000000
125946  49.286  34.391  20.227 0.0000000000
127517  49.479  35.866  21.120 0.0000000000
125914  50.108  34.702  22.141 0.0000000000
125897  50.823  34.338  23.166 0.0000000000
124080  47.154  32.561  27.818 0.0000000000
124079  47.686  32.716  27.328 0.0000000000
124936  47.674  33.165  28.829 0.0000000000
125794  48.912  34.450  30.332 0.0000000000
125760  49.915  34.549  31.760 0.0000000000
125746  50.225  33.500  32.406 0.0000000000
125739  48.841  34.069  33.440 0.0000000000
123120  48.038  32.377  33.935 0.0000000000
123138  47.004  31.456  33.280 0.0000000000
134215  40.270  45.951  28.708 0.0000000000
133396  44.093  44.422  32.921 0.0000000000
134130  44.368  45.183  33.356 0.0000000000
132664  45.251  43.686  30.780 0.0000000000
132702  45.819  44.120  29.214 0.0000000000
132741  46.372  43.758  26.542 0.0000000000
131915  48.368  42.196  25.422 0.0000000000
130385  48.358  40.521  24.697 0.0000000000
128953  48.106  38.445  22.763 0.0000000000
121586  48.314  28.895  22.395 0.0000000000
120011  47.719  27.003  22.344 0.0000000000
120815  48.406  28.153  23.362 0.0000000000
119986  47.988  27.275  24.683 0.0000000000
119967  47.965  27.460  25.810 0.0000000000
116703  50.735  23.502  29.835 0.0000000000
116704  49.400  23.538  29.604 0.0000000000
118362  38.351  25.195  25.954 0.0000000000
119242  38.467  25.755  22.733 0.0000000000
118384  38.503  25.489  24.065 0.0000000000
118361  39.206  25.299  25.802 0.0000000000
117569  39.705  25.205  26.415 0.0000000000
118345  40.812  25.248  27.031 0.0000000000
117555  41.395  24.659  27.440 0.0000000000
132810  46.038  44.279  22.910 0.0000000000
131949  44.558  42.894  22.541 0.0000000000
129667  45.190  40.134  25.309 0.0000000000
128214  46.068  37.355  25.120 0.0000000000
128929  44.328  38.356  25.228 0.0000000000
128216  43.808  37.436  25.422 0.0000000000
126697  43.798  35.630  25.676 0.0000000000
124991  43.988  33.871  25.758 0.0000000000
124096  44.163  32.739  26.873 0.0000000000
135598  39.620  48.163  31.832 0.0000000000
136167  39.857  48.460  33.607 0.0000000000
134871  41.734  46.692  34.438 0.0000000000
133380  42.221  44.779  34.296 0.0000000000
131835  43.062  43.261  31.097 0.0000000000
131894  43.567  42.409  27.752 0.0000000000
120771  50.931  28.888  28.358 0.0000000000
120788  51.584  27.803  26.763 0.0000000000
120775  52.652  27.736  27.829 0.0000000000
119152  52.713  26.439  28.715 0.0000000000
118306  52.250  25.721  30.103 0.0000000000
117496  54.415  25.140  31.621 0.0000000000
117501  52.882  24.068  31.034 0.0000000000
116690  51.776  23.445  30.478 0.0000000000
123249  45.891  31.370  22.732 0.0000000000
121599  45.449  28.836  22.275 0.0000000000
122387  47.312  30.689  21.595 0.0000000000
122397  47.948  29.868  20.736 0.0000000000
122396  48.899  29.951  20.102 0.0000000000
124192  49.778  32.324  20.321 0.0000000000
122384  50.112  30.764  21.148 0.0000000000
123246  49.063  30.203  22.116 0.0000000000
123232  48.949  30.735  23.085 0.0000000000
123205  48.783  31.166  25.061 0.0000000000
123188  49.149  31.159  26.852 0.0000000000
126705  46.728  35.455  24.236 0.0000000000
125876  49.458  34.181  23.758 0.0000000000
125874  51.798  34.331  24.437 0.0000000000
124965  49.248  33.544  26.774 0.0000000000
125841  51.398  34.903  26.556 0.0000000000
124963  52.279  33.900  25.880 0.0000000000
124090  51.819  33.534  26.380 0.0000000000
124061  50.389  32.468  27.622 0.0000000000
121528  50.136  30.150  28.371 0.0000000000
121521  51.311  30.260  29.396 0.0000000000
121509  52.050  29.425  30.247 0.0000000000
120740  51.425  28.976  31.025 0.0000000000
123155  50.568  31.419  31.843 0.0000000000
121499  50.756  29.856  31.560 0.0000000000
119909  51.434  27.882  31.408 0.0000000000
119111  50.593  26.540  32.066 0.0000000000
133570  41.980  44.186  22.881 0.0000000000
133568  43.363  44.774  23.696 0.0000000000
135067  44.925  46.531  23.327 0.0000000000
134165  43.433  45.523  32.291 0.0000000000
132688  42.447  43.769  29.336 0.0000000000
133504  44.382  44.760  27.523 0.0000000000
134273  44.761  45.742  25.490 0.0000000000
135065  46.470  46.371  23.623 0.0000000000
134308  48.055  45.053  22.953 0.0000000000
131937  47.649  42.581  23.177 0.0000000000
130405  47.045  40.385  22.542 0.0000000000
130403  48.400  40.581  22.716 0.0000000000
129702  47.438  39.612  22.310 0.0000000000
128247  46.405  37.985  21.803 0.0000000000
126752  46.250  35.662  20.968 0.0000000000
125033  46.039  33.472  21.874 0.0000000000
120850  45.337  27.805  20.830 0.0000000000
119278  44.091  26.714  20.422 0.0000000000
119252  42.760  26.499  22.049 0.0000000000
120026  46.314  26.708  22.472 0.0000000000
120028  44.805  27.063  22.905 0.0000000000
119239  42.869  26.732  23.272 0.0000000000
119220  42.216  26.933  25.533 0.0000000000
119190  42.080  25.992  27.234 0.0000000000
119945  50.854  26.744  26.111 0.0000000000
119184  49.364  27.033  27.254 0.0000000000
119937  47.179  26.805  28.199 0.0000000000
117522  47.676  24.526  29.257 0.0000000000
119171  45.535  26.036  28.205 0.0000000000
116647  50.909  23.399  36.457 0.0000000000
115830  50.696  22.950  34.560 0.0000000000
121589  44.113  29.580  23.154 0.0000000000
121601  43.642  28.984  22.639 0.0000000000
121600  44.419  28.883  22.459 0.0000000000
122375  45.407  30.763  23.105 0.0000000000
123234  44.514  31.653  23.432 0.0000000000
122376  44.495  30.532  23.509 0.0000000000
122377  43.723  30.233  23.849 0.0000000000
117433  51.896  24.815  37.102 0.0000000000
128944  47.209  38.248  24.637 0.0000000000
128227  47.206  37.077  23.415 0.0000000000
130377  45.439  40.763  25.433 0.0000000000
130388  46.148  40.504  25.435 0.0000000000
129676  47.103  39.574  25.266 0.0000000000
121539  49.570  28.821  26.407 0.0000000000
121556  49.596  28.447  25.793 0.0000000000
120004  38.002  27.636  23.707 0.0000000000
120019  37.831  26.945  23.123 0.0000000000
120034  38.088  26.751  22.814 0.0000000000
119241  40.704  25.805  23.102 0.0000000000
119229  41.864  26.710  24.187 0.0000000000
130406  46.011  40.343  22.760 0.0000000000
130400  45.706  41.093  23.128 0.0000000000
129704  45.373  39.467  22.696 0.0000000000
120831  38.965  28.145  23.670 0.0000000000
131114  41.276  41.498  28.410 0.0000000000
131129  40.773  41.070  27.794 0.0000000000
131855  40.026  43.055  30.354 0.0000000000
132668  40.478  43.445  31.128 0.0000000000
131869  41.553  42.393  29.802 0.0000000000
119908  52.431  27.892  31.145 0.0000000000
119907  53.071  27.655  30.663 0.0000000000
119130  53.494  27.090  31.113 0.0000000000
115855  53.335  22.541  31.692 0.0000000000
125931  48.236  34.912  20.545 0.0000000000
125050  48.669  33.935  20.492 0.0000000000
125021  51.656  33.661  23.102 0.0000000000
124142  51.541  33.062  22.753 0.0000000000
124126  51.694  33.224  23.746 0.0000000000
124127  51.286  32.661  24.133 0.0000000000
124989  46.008  33.793  25.577 0.0000000000
125011  46.702  33.660  25.196 0.0000000000
124988  47.023  32.983  25.776 0.0000000000
125775  50.685  34.555  30.741 0.0000000000
124903  51.436  33.023  30.905 0.0000000000
125758  51.157  33.367  31.531 0.0000000000
123159  47.477  31.256  32.401 0.0000000000
133505  40.143  44.015  27.849 0.0000000000
131898  40.641  43.038  27.094 0.0000000000
132727  40.727  43.505  27.718 0.0000000000
131896  41.609  43.226  26.944 0.0000000000
132726  41.822  43.400  27.331 0.0000000000
134888  41.760  47.015  33.491 0.0000000000
134887  42.668  46.225  33.828 0.0000000000
133501  46.364  44.541  27.421 0.0000000000
134213  46.003  45.375  28.660 0.0000000000
134234  46.426  45.416  27.305 0.0000000000
134985  46.339  45.747  27.169 0.0000000000
133518  46.737  44.626  26.399 0.0000000000
133532  47.366  44.369  25.399 0.0000000000
132761  47.624  43.577  25.374 0.0000000000
126750  48.304  35.996  20.562 0.0000000000
127499  47.675  36.867  20.876 0.0000000000
121597  48.059  28.236  20.433 0.0000000000
120039  47.717  27.203  20.370 0.0000000000
120836  47.903  27.714  20.548 0.0000000000
119969  45.901  27.367  26.429 0.0000000000
119988  46.115  27.483  25.323 0.0000000000
119970  44.875  27.146  26.699 0.0000000000
119950  45.192  26.801  27.346 0.0000000000
118317  50.540  25.447  30.014 0.0000000000
119155  49.807  26.235  29.294 0.0000000000
120828  41.162  28.362  22.965 0.0000000000
120016  40.199  27.628  22.577 0.0000000000
120843  40.849  27.918  22.513 0.0000000000
120853  42.532  27.534  21.426 0.0000000000
120030  41.612  27.482  21.614 0.0000000000
120044  42.264  27.210  21.331 0.0000000000
119268  41.508  26.525  21.404 0.0000000000
119267  42.599  26.709  21.423 0.0000000000
126753  45.119  35.472  21.131 0.0000000000
127502  44.513  36.227  21.575 0.0000000000
125934  44.712  34.474  21.446 0.0000000000
124147  43.441  32.682  23.448 0.0000000000
125036  43.520  33.474  22.497 0.0000000000
121591  42.478  29.163  23.471 0.0000000000
121574  42.044  29.761  24.261 0.0000000000
121592  41.615  28.999  23.629 0.0000000000
121593  40.764  28.846  23.757 0.0000000000
118261  52.544  26.029  33.125 0.0000000000
118238  52.494  25.549  34.422 0.0000000000
116630  53.016  24.476  36.136 0.0000000000
116644  53.420  24.243  35.196 0.0000000000
116660  53.148  23.499  34.749 0.0000000000
116673  52.605  23.096  34.077 0.0000000000
133601  42.720  44.708  21.468 0.0000000000
127518  49.245  36.058  20.737 0.0000000000
127497  49.085  36.338  21.394 0.0000000000
126735  49.035  35.571  22.268 0.0000000000
126734  49.354  35.410  22.085 0.0000000000
126718  49.140  35.264  22.370 0.0000000000
125898  49.557  34.575  22.802 0.0000000000
124081  45.929  32.409  27.721 0.0000000000
124952  47.569  32.874  28.334 0.0000000000
124045  47.257  33.086  29.205 0.0000000000
124905  47.815  34.315  30.892 0.0000000000
125778  48.289  34.526  31.086 0.0000000000
125777  48.794  34.583  30.865 0.0000000000
125761  49.064  34.725  31.714 0.0000000000
125748  49.167  34.476  32.697 0.0000000000
125749  48.366  34.515  32.439 0.0000000000
124851  47.748  33.009  34.607 0.0000000000
123976  47.228  32.610  34.935 0.0000000000
123121  47.280  31.840  34.218 0.0000000000
123108  46.675  32.038  34.967 0.0000000000
132643  44.089  43.570  31.623 0.0000000000
132617  44.336  44.086  32.178 0.0000000000
131866  44.740  43.194  30.439 0.0000000000
131904  45.929  42.877  26.126 0.0000000000
132723  45.130  43.494  27.649 0.0000000000
132742  45.516  43.479  27.000 0.0000000000
132722  45.949  44.062  27.890 0.0000000000
131903  46.914  42.636  25.779 0.0000000000
131133  48.146  41.831  25.739 0.0000000000
131143  47.986  41.146  25.559 0.0000000000
128942  48.456  39.108  23.540 0.0000000000
128245  48.030  37.629  21.916 0.0000000000
119985  48.631  27.596  24.461 0.0000000000
119946  48.719  27.281  26.557 0.0000000000
118375  37.471  25.453  25.218 0.0000000000
119255  39.769  26.375  21.979 0.0000000000
119256  38.683  26.169  22.369 0.0000000000
118402  38.878  25.588  22.576 0.0000000000
118383  39.328  25.458  23.795 0.0000000000
118374  38.391  25.464  25.013 0.0000000000
119211  40.988  26.261  26.146 0.0000000000
118344  41.492  25.598  27.120 0.0000000000
133581  47.646  44.562  22.791 0.0000000000
132809  46.800  44.124  23.099 0.0000000000
131163  44.129  41.536  22.707 0.0000000000
131138  43.449  41.411  26.128 0.0000000000
129678  44.716  39.443  25.218 0.0000000000
130389  43.990  39.776  25.224 0.0000000000
128930  43.263  38.321  25.337 0.0000000000
127464  44.333  36.570  25.525 0.0000000000
125859  43.243  34.583  25.848 0.0000000000
124970  43.661  33.395  26.393 0.0000000000
134948  39.327  47.843  30.097 0.0000000000
134931  39.403  47.538  31.064 0.0000000000
135582  39.371  47.963  33.077 0.0000000000
135559  39.678  47.795  34.778 0.0000000000
135558  40.747  47.856  34.264 0.0000000000
133399  41.537  44.550  33.682 0.0000000000
133362  41.792  45.288  34.721 0.0000000000
133398  42.507  44.389  33.490 0.0000000000
132619  42.799  43.894  32.526 0.0000000000
132645  42.143  43.567  31.614 0.0000000000
131895  42.732  41.874  27.826 0.0000000000
131885  42.764  42.187  28.610 0.0000000000
131126  43.053  41.734  27.057 0.0000000000
131906  43.771  42.160  26.609 0.0000000000
120770  51.676  28.800  28.543 0.0000000000
120776  52.155  28.057  27.450 0.0000000000
120769  52.606  28.167  28.424 0.0000000000
119147  53.752  26.585  30.179 0.0000000000
119151  53.220  26.655  29.010 0.0000000000
118314  53.055  26.284  29.254 0.0000000000
118316  52.605  25.926  29.621 0.0000000000
118305  53.020  25.556  29.926 0.0000000000
117483  54.322  25.225  32.667 0.0000000000
118284  54.367  26.082  32.025 0.0000000000
117497  54.107  24.388  32.279 0.0000000000
116680  53.225  23.182  31.149 0.0000000000
117500  53.848  24.331  31.076 0.0000000000
116681  52.581  23.522  30.890 0.0000000000
117502  52.422  23.961  31.060 0.0000000000
116682  52.155  23.818  30.954 0.0000000000
116702  51.508  23.035  29.968 0.0000000000
115875  52.395  22.540  30.053 0.0000000000
123248  46.560  31.633  22.251 0.0000000000
122388  46.507  30.378  22.288 0.0000000000
123247  47.263  31.864  21.774 0.0000000000
123258  48.714  31.502  20.699 0.0000000000
121605  48.268  29.354  20.539 0.0000000000
125945  50.386  34.429  20.518 0.0000000000
125065  50.057  33.369  20.168 0.0000000000
125064  50.765  33.387  20.594 0.0000000000
123244  50.576  31.545  21.974 0.0000000000
123256  50.296  31.481  20.805 0.0000000000
122385  49.448  30.207  21.163 0.0000000000
124112  50.117  32.217  25.028 0.0000000000
123204  49.523  31.753  25.503 0.0000000000
123192  48.912  31.160  26.087 0.0000000000
123191  49.613  31.792  26.416 0.0000000000
127471  46.305  36.473  24.721 0.0000000000
128229  46.401  37.104  24.821 0.0000000000
125877  48.569  34.118  23.792 0.0000000000
125008  49.294  33.864  24.436 0.0000000000
125875  50.566  34.252  24.331 0.0000000000
124950  49.218  33.738  28.169 0.0000000000
125843  49.950  34.179  27.663 0.0000000000
126654  52.274  35.248  27.832 0.0000000000
126688  51.139  35.245  27.408 0.0000000000
126686  52.177  35.272  27.225 0.0000000000
125840  52.115  35.039  26.505 0.0000000000
124962  52.211  34.444  26.436 0.0000000000
124948  52.134  34.042  27.237 0.0000000000
124060  50.850  32.844  28.426 0.0000000000
123182  50.148  31.774  28.297 0.0000000000
122321  50.355  30.809  28.716 0.0000000000
121527  50.909  29.717  28.743 0.0000000000
122320  50.929  30.798  29.298 0.0000000000
123169  51.416  31.230  31.206 0.0000000000
122314  51.528  30.552  30.563 0.0000000000
121510  51.648  29.631  30.679 0.0000000000
120757  51.819  29.056  30.783 0.0000000000
121498  51.230  30.014  31.366 0.0000000000
124004  49.922  32.657  32.395 0.0000000000
124020  50.273  32.398  32.154 0.0000000000
124021  49.751  32.339  32.305 0.0000000000
121500  49.970  29.939  31.573 0.0000000000
120741  50.651  28.978  31.276 0.0000000000
119910  50.534  28.141  31.357 0.0000000000
119110  51.455  26.943  31.870 0.0000000000
131918  39.859  42.487  25.554 0.0000000000
131928  39.539  42.436  24.563 0.0000000000
131927  40.479  42.569  24.647 0.0000000000
132796  41.696  43.562  23.740 0.0000000000
132777  43.346  44.155  25.436 0.0000000000
133552  42.960  44.296  24.163 0.0000000000
133551  43.625  44.669  24.604 0.0000000000
134292  44.308  45.682  24.150 0.0000000000
134144  44.585  45.044  32.226 0.0000000000
134146  43.913  45.661  32.999 0.0000000000
134164  44.234  45.345  32.106 0.0000000000
133459  44.678  44.950  29.386 0.0000000000
133436  44.308  44.861  30.467 0.0000000000
133460  43.751  44.460  29.632 0.0000000000
132704  43.599  44.179  28.976 0.0000000000
132724  43.689  44.086  28.136 0.0000000000
135029  46.032  46.275  25.742 0.0000000000
134254  45.039  46.003  26.620 0.0000000000
135030  45.372  46.289  25.630 0.0000000000
135050  45.876  46.420  24.627 0.0000000000
135064  47.089  45.927  23.804 0.0000000000
135048  47.053  45.764  24.242 0.0000000000
132790  48.377  43.417  23.454 0.0000000000
131936  48.233  42.467  23.193 0.0000000000
131153  47.159  41.802  23.042 0.0000000000
130398  47.515  41.122  22.670 0.0000000000
131146  48.808  41.295  24.051 0.0000000000
129700  48.509  39.940  22.811 0.0000000000
128255  47.088  37.705  21.496 0.0000000000
128982  47.427  38.267  21.731 0.0000000000
128246  46.851  38.096  21.666 0.0000000000
128256  46.023  37.264  21.500 0.0000000000
125052  46.698  33.640  21.533 0.0000000000
124163  46.456  32.775  21.975 0.0000000000
121598  46.410  28.988  21.603 0.0000000000
120839  44.785  28.250  21.650 0.0000000000
119276  45.782  26.695  20.275 0.0000000000
119277  44.756  26.699  20.413 0.0000000000
119266  43.844  26.550  21.108 0.0000000000
119251  44.300  26.826  22.458 0.0000000000
120012  47.136  26.704  22.742 0.0000000000
119237  47.403  26.751  22.189 0.0000000000
120013  46.334  26.982  23.318 0.0000000000
120002  44.222  27.385  24.656 0.0000000000
120015  44.767  27.231  23.520 0.0000000000
119238  43.812  27.123  23.799 0.0000000000
119228  43.187  27.182  24.706 0.0000000000
119219  42.981  27.270  25.809 0.0000000000
119188  43.562  26.361  27.402 0.0000000000
119189  42.692  26.191  27.301 0.0000000000
118343  42.590  25.457  27.568 0.0000000000
119203  52.134  27.006  26.514 0.0000000000
119944  51.234  26.819  25.992 0.0000000000
119182  51.447  26.715  26.759 0.0000000000
119168  48.875  26.674  28.338 0.0000000000
119936  47.811  27.009  27.919 0.0000000000
116705  48.236  23.633  29.421 0.0000000000
117521  48.641  24.499  29.773 0.0000000000
120826  42.859  28.762  22.553 0.0000000000
125035  44.498  33.609  21.942 0.0000000000
124165  44.396  32.863  22.494 0.0000000000
124146  44.375  32.418  22.972 0.0000000000
122358  43.126  30.956  24.212 0.0000000000
118239  51.495  25.336  34.821 0.0000000000
118215  52.526  25.379  35.670 0.0000000000
118194  52.084  25.268  36.316 0.0000000000
117432  52.489  24.895  36.716 0.0000000000
116631  52.316  24.019  36.868 0.0000000000
128237  47.705  37.449  22.592 0.0000000000
127475  47.807  36.144  22.574 0.0000000000
124047  45.700  32.881  29.463 0.0000000000
124046  46.697  32.949  29.366 0.0000000000
124921  46.154  33.375  29.995 0.0000000000
124888  46.760  33.801  31.828 0.0000000000
131893  44.452  43.095  28.270 0.0000000000
131905  44.749  42.884  26.787 0.0000000000
131136  45.559  42.024  25.625 0.0000000000
130375  47.165  41.130  25.628 0.0000000000
130386  47.568  40.428  25.276 0.0000000000
120804  48.829  28.190  24.563 0.0000000000
120803  49.584  28.076  25.357 0.0000000000
119965  50.130  27.356  25.760 0.0000000000
118400  40.375  25.901  21.747 0.0000000000
118382  40.122  25.665  23.416 0.0000000000
118372  40.122  25.828  24.543 0.0000000000
131938  46.739  42.656  23.384 0.0000000000
132793  46.320  43.513  23.299 0.0000000000
130407  44.806  40.568  23.030 0.0000000000
121577  39.493  29.396  24.545 0.0000000000
121578  38.746  29.134  24.711 0.0000000000
120819  37.642  28.113  24.327 0.0000000000
120005  37.356  27.433  23.812 0.0000000000
131127  42.206  41.512  27.337 0.0000000000
130379  42.920  40.713  25.727 0.0000000000
131140  41.601  41.066  26.753 0.0000000000
130392  41.719  40.094  25.865 0.0000000000
132622  39.266  44.040  33.022 0.0000000000
132602  39.581  44.262  33.905 0.0000000000
132646  41.029  43.777  31.945 0.0000000000
132667  41.358  43.415  31.081 0.0000000000
131853  42.113  43.042  30.612 0.0000000000
131099  41.889  41.989  29.004 0.0000000000
119930  53.068  27.893  29.266 0.0000000000
119925  53.363  27.446  30.109 0.0000000000
119146  54.206  26.169  30.684 0.0000000000
116671  53.815  23.713  33.021 0.0000000000
116688  53.157  22.567  30.762 0.0000000000
124182  47.010  32.883  21.673 0.0000000000
124181  47.704  32.511  21.320 0.0000000000
124193  49.193  31.949  20.331 0.0000000000
125928  51.205  34.123  21.405 0.0000000000
125049  51.171  33.452  21.141 0.0000000000
124160  51.443  33.001  21.935 0.0000000000
124161  51.205  32.416  22.326 0.0000000000
123230  50.778  32.077  22.864 0.0000000000
123231  49.973  31.567  23.306 0.0000000000
124144  50.765  32.253  23.547 0.0000000000
124128  50.426  32.247  24.252 0.0000000000
124111  50.935  32.604  25.042 0.0000000000
126706  46.038  35.297  24.732 0.0000000000
125879  46.503  34.393  24.755 0.0000000000
125010  47.352  33.607  24.840 0.0000000000
124986  49.261  33.611  25.369 0.0000000000
125810  49.747  34.472  29.235 0.0000000000
125828  49.909  34.361  28.514 0.0000000000
125809  50.432  34.865  28.868 0.0000000000
126643  51.492  35.018  28.915 0.0000000000
125808  52.177  34.704  28.185 0.0000000000
124933  51.506  33.558  27.735 0.0000000000
124059  51.211  33.024  29.309 0.0000000000
124044  50.999  32.355  29.356 0.0000000000
123178  51.123  31.599  29.711 0.0000000000
124043  51.269  32.450  30.137 0.0000000000
124031  51.369  32.105  31.071 0.0000000000
123157  48.647  31.756  32.463 0.0000000000
122302  49.084  31.065  31.683 0.0000000000
121501  49.114  30.092  31.268 0.0000000000
132747  39.466  43.258  26.913 0.0000000000
131909  40.145  42.744  26.558 0.0000000000
131917  40.782  42.591  25.590 0.0000000000
132779  42.003  43.407  24.809 0.0000000000
131916  41.580  42.922  25.615 0.0000000000
132763  42.872  43.686  25.899 0.0000000000
132762  43.462  44.107  26.210 0.0000000000
136180  40.819  49.064  32.471 0.0000000000
136766  41.205  49.303  31.591 0.0000000000
135570  41.405  48.069  32.965 0.0000000000
134901  41.694  47.174  32.529 0.0000000000
133458  45.924  44.763  29.578 0.0000000000
134178  45.114  45.102  30.841 0.0000000000
134194  45.501  45.141  29.810 0.0000000000
134214  45.293  45.250  29.001 0.0000000000
133483  44.849  45.250  28.298 0.0000000000
134236  45.497  45.743  27.713 0.0000000000
135008  46.140  46.145  26.661 0.0000000000
134272  46.775  45.436  25.447 0.0000000000
134291  47.007  45.461  24.859 0.0000000000
134270  47.862  44.677  24.550 0.0000000000
131935  48.720  42.355  23.723 0.0000000000
128965  47.832  38.684  22.156 0.0000000000
121606  47.709  28.774  20.666 0.0000000000
120040  46.345  27.647  20.115 0.0000000000
120856  47.003  27.683  19.847 0.0000000000
119282  46.936  26.706  19.743 0.0000000000
119264  46.106  26.574  21.036 0.0000000000
120000  46.295  27.305  24.270 0.0000000000
119990  44.248  27.387  25.716 0.0000000000
119991  43.577  27.337  25.704 0.0000000000
119971  44.014  27.199  26.411 0.0000000000
119207  44.303  26.959  26.948 0.0000000000
118341  43.998  26.041  27.908 0.0000000000
119166  51.240  26.613  27.953 0.0000000000
119156  48.809  26.094  29.400 0.0000000000
120830  39.470  28.141  23.390 0.0000000000
120033  38.370  26.860  22.631 0.0000000000
120017  39.736  27.619  22.723 0.0000000000
120842  41.387  27.945  22.197 0.0000000000
120046  40.863  26.955  21.526 0.0000000000
119254  40.447  26.421  21.655 0.0000000000
118399  41.043  26.051  21.488 0.0000000000
118391  41.005  25.822  21.959 0.0000000000
128968  44.795  38.548  22.419 0.0000000000
126754  44.058  35.398  21.422 0.0000000000
125915  44.097  34.256  21.671 0.0000000000
122359  42.331  30.740  24.423 0.0000000000
122360  41.476  30.616  24.640 0.0000000000
120816  39.943  28.728  23.902 0.0000000000
132603  38.816  43.673  34.075 0.0000000000
132648  38.880  43.721  31.999 0.0000000000
132669  39.472  43.479  31.148 0.0000000000
119109  52.527  26.854  32.113 0.0000000000
119108  53.557  26.632  32.137 0.0000000000
119094  52.954  26.432  32.757 0.0000000000
118236  53.855  25.755  33.479 0.0000000000
117466  54.118  25.340  33.600 0.0000000000
117450  53.332  25.069  35.474 0.0000000000
117467  53.892  24.822  34.426 0.0000000000
116672  53.344  23.232  33.666 0.0000000000
115843  52.978  22.532  33.211 0.0000000000
126765  48.855  35.316  20.198 0.0000000000
126764  49.431  35.360  20.312 0.0000000000
126770  49.454  35.484  20.508 0.0000000000
127496  49.302  35.832  21.681 0.0000000000
126749  49.689  35.313  21.506 0.0000000000
125929  50.407  34.758  21.405 0.0000000000
125913  50.994  34.361  22.247 0.0000000000
125896  51.561  34.110  23.238 0.0000000000
124094  46.635  32.592  26.762 0.0000000000
124967  47.264  32.668  26.512 0.0000000000
124951  48.117  33.150  27.856 0.0000000000
124935  48.417  33.594  28.962 0.0000000000
124919  48.670  34.160  29.903 0.0000000000
124918  49.336  34.347  29.574 0.0000000000
125793  49.562  34.699  29.933 0.0000000000
125776  49.820  34.934  30.820 0.0000000000
125759  50.639  33.941  31.772 0.0000000000
125747  49.883  34.037  32.520 0.0000000000
124871  49.417  33.987  33.185 0.0000000000
124857  49.224  32.955  33.129 0.0000000000
123992  48.276  32.949  34.092 0.0000000000
123119  48.521  32.464  33.429 0.0000000000
123137  48.012  31.778  33.308 0.0000000000
122304  46.938  30.954  32.265 0.0000000000
133486  40.393  44.546  28.447 0.0000000000
133360  43.554  45.097  34.387 0.0000000000
134886  43.380  45.740  34.095 0.0000000000
133377  44.403  44.893  33.276 0.0000000000
133395  44.531  44.525  32.356 0.0000000000
132663  45.364  44.228  31.039 0.0000000000
132703  45.290  43.525  28.770 0.0000000000
132685  45.379  43.520  29.870 0.0000000000
132684  45.704  44.155  30.233 0.0000000000
132721  46.205  44.142  27.302 0.0000000000
132740  47.366  43.029  25.607 0.0000000000
132760  48.249  42.957  25.221 0.0000000000
132739  48.017  42.485  25.605 0.0000000000
131142  48.497  41.534  25.086 0.0000000000
130394  48.728  40.407  23.899 0.0000000000
129674  48.255  39.852  24.469 0.0000000000
129687  48.556  39.812  24.084 0.0000000000
127498  48.503  36.733  21.056 0.0000000000
120023  47.877  27.677  21.652 0.0000000000
120825  47.976  28.079  22.071 0.0000000000
119997  48.095  27.500  22.964 0.0000000000
119998  47.831  27.103  23.501 0.0000000000
119968  46.946  27.659  26.178 0.0000000000
117520  49.636  24.317  29.951 0.0000000000
118363  37.409  25.177  26.396 0.0000000000
119243  37.837  26.014  23.041 0.0000000000
118395  37.999  25.639  23.586 0.0000000000
118394  38.562  25.454  23.153 0.0000000000
117571  38.442  24.772  26.777 0.0000000000
117570  39.214  24.864  26.509 0.0000000000
117556  40.251  24.725  27.098 0.0000000000
132794  45.495  43.540  22.984 0.0000000000
132811  45.289  44.098  22.358 0.0000000000
128249  44.341  37.792  21.999 0.0000000000
128969  43.710  38.526  22.276 0.0000000000
128213  46.538  37.732  25.016 0.0000000000
128928  45.467  38.443  25.287 0.0000000000
128215  44.896  37.454  25.296 0.0000000000
129679  43.716  39.166  25.166 0.0000000000
127463  45.269  36.617  25.240 0.0000000000
126696  44.829  35.735  25.439 0.0000000000
125857  45.435  34.817  25.187 0.0000000000
124968  45.354  33.380  25.990 0.0000000000
124095  45.420  32.789  26.638 0.0000000000
124082  44.738  32.520  27.737 0.0000000000
136199  39.861  49.214  31.100 0.0000000000
134902  39.221  47.574  32.521 0.0000000000
136181  40.145  48.918  32.375 0.0000000000
136166  40.553  48.611  33.388 0.0000000000
135557  41.304  47.606  33.772 0.0000000000
133364  39.799  44.709  35.331 0.0000000000
134116  41.172  45.911  34.920 0.0000000000
134115  42.341  45.722  34.811 0.0000000000
133361  42.791  45.135  34.643 0.0000000000
133397  43.393  44.353  33.254 0.0000000000
132618  43.693  43.906  32.373 0.0000000000
131852  43.220  43.055  30.833 0.0000000000
131884  43.713  42.584  29.034 0.0000000000
120777  50.894  28.530  27.514 0.0000000000
119943  52.280  27.599  27.054 0.0000000000
119180  52.499  26.786  26.948 0.0000000000
119934  53.019  27.383  28.330 0.0000000000
119164  52.711  26.867  27.893 0.0000000000
119165  52.122  26.541  27.823 0.0000000000
119153  52.114  26.341  29.105 0.0000000000
119149  51.621  25.983  29.888 0.0000000000
118307  51.418  25.492  30.237 0.0000000000
119107  53.973  26.599  31.630 0.0000000000
118301  54.439  25.820  31.075 0.0000000000
117499  54.180  25.262  30.771 0.0000000000
117507  53.601  25.245  30.453 0.0000000000
117508  53.008  24.885  30.558 0.0000000000
117509  52.071  24.539  30.831 0.0000000000
117510  51.195  24.529  30.313 0.0000000000
116691  51.020  23.964  30.189 0.0000000000
121587  45.885  29.767  22.670 0.0000000000
122374  46.005  30.403  22.816 0.0000000000
122398  47.212  29.571  21.280 0.0000000000
121596  48.296  28.824  20.928 0.0000000000
125066  49.264  33.122  20.359 0.0000000000
123266  49.700  31.309  20.377 0.0000000000
124191  50.358  32.481  20.526 0.0000000000
122402  49.445  30.774  20.275 0.0000000000
122395  49.589  30.693  20.513 0.0000000000
122386  48.750  29.601  21.486 0.0000000000
122373  48.588  29.770  22.872 0.0000000000
122357  48.528  30.195  24.308 0.0000000000
123216  49.025  31.165  24.057 0.0000000000
122345  48.503  30.277  25.733 0.0000000000
121540  48.971  29.639  26.541 0.0000000000
121532  48.958  29.965  27.207 0.0000000000
127470  46.906  36.434  23.988 0.0000000000
126720  47.951  35.099  23.088 0.0000000000
125878  47.522  34.468  23.894 0.0000000000
125900  48.167  34.562  23.460 0.0000000000
125899  48.705  34.611  23.170 0.0000000000
124966  47.932  32.825  26.653 0.0000000000
124964  50.105  33.842  25.950 0.0000000000
125827  50.478  34.872  27.910 0.0000000000
125842  50.509  34.460  26.864 0.0000000000
125855  50.769  34.385  25.706 0.0000000000
125854  51.548  34.489  25.557 0.0000000000
125853  52.097  34.387  25.542 0.0000000000
125005  52.246  34.195  24.749 0.0000000000
124091  51.144  32.926  26.023 0.0000000000
124077  51.221  33.177  27.152 0.0000000000
124078  50.335  32.491  26.742 0.0000000000
123187  49.683  31.652  27.405 0.0000000000
122326  49.197  30.586  27.427 0.0000000000
121531  49.778  29.489  27.637 0.0000000000
121530  50.524  29.037  28.165 0.0000000000
120766  51.891  29.176  29.206 0.0000000000
122315  51.417  30.748  29.855 0.0000000000
121520  51.786  29.732  29.724 0.0000000000
121519  52.268  29.291  29.997 0.0000000000
120756  52.224  28.897  30.463 0.0000000000
120739  51.992  28.719  30.900 0.0000000000
124886  50.747  33.150  32.190 0.0000000000
124019  51.102  31.794  31.730 0.0000000000
123154  51.241  30.991  31.750 0.0000000000
122301  50.119  30.775  31.692 0.0000000000
122300  50.922  30.564  31.811 0.0000000000
119897  52.078  27.467  31.620 0.0000000000
118287  51.506  26.112  32.590 0.0000000000
118263  50.644  25.346  33.799 0.0000000000
133586  42.648  44.581  22.423 0.0000000000
132795  42.416  43.875  24.203 0.0000000000
133569  42.606  44.329  23.419 0.0000000000
133585  43.278  44.960  22.861 0.0000000000
134310  44.327  46.072  22.966 0.0000000000
133463  40.573  45.288  29.580 0.0000000000
133485  41.144  43.947  28.773 0.0000000000
134147  42.941  45.978  33.035 0.0000000000
134180  43.865  45.149  31.439 0.0000000000
133462  41.457  44.297  29.602 0.0000000000
132706  41.942  43.591  28.589 0.0000000000
132725  42.857  43.627  27.778 0.0000000000
132744  43.628  44.059  27.139 0.0000000000
133520  44.151  44.592  26.469 0.0000000000
133503  44.839  45.543  27.377 0.0000000000
133519  44.648  45.307  26.563 0.0000000000
133534  44.507  44.990  25.824 0.0000000000
135051  45.040  46.481  24.490 0.0000000000
135066  45.720  46.717  23.481 0.0000000000
135078  47.116  46.281  22.767 0.0000000000
134289  48.170  44.998  23.709 0.0000000000
132807  48.261  43.960  22.964 0.0000000000
132792  47.323  43.540  23.223 0.0000000000
130399  46.635  41.058  22.973 0.0000000000
129703  46.496  39.492  22.411 0.0000000000
131925  48.711  42.262  24.674 0.0000000000
131151  48.507  41.395  23.039 0.0000000000
129701  48.094  39.841  22.476 0.0000000000
130404  47.955  40.640  22.397 0.0000000000
128967  45.940  38.592  22.304 0.0000000000
127501  45.584  36.392  21.258 0.0000000000
125933  45.863  34.667  21.215 0.0000000000
125053  45.608  33.959  21.684 0.0000000000
120851  44.162  27.688  21.033 0.0000000000
120042  44.775  27.275  20.343 0.0000000000
120054  43.970  26.897  20.289 0.0000000000
120043  43.640  26.979  20.694 0.0000000000
119247  47.568  26.840  21.815 0.0000000000
119249  46.511  26.550  21.747 0.0000000000
119250  45.616  26.699  21.930 0.0000000000
120014  45.632  27.232  23.680 0.0000000000
120027  45.397  26.998  22.870 0.0000000000
119210  41.761  26.381  26.517 0.0000000000
119209  42.863  26.849  26.612 0.0000000000
119205  49.825  27.302  26.093 0.0000000000
119183  50.372  26.955  26.737 0.0000000000
119206  49.499  27.228  26.430 0.0000000000
119947  47.798  27.341  26.901 0.0000000000
119948  46.722  27.128  27.411 0.0000000000
117511  49.101  24.833  30.042 0.0000000000
118319  48.715  25.298  29.786 0.0000000000
119157  48.295  25.785  29.393 0.0000000000
116706  47.360  23.827  28.998 0.0000000000
118328  47.139  25.414  28.909 0.0000000000
119170  46.505  26.344  28.264 0.0000000000
119185  46.126  26.742  27.664 0.0000000000
119186  45.611  26.536  27.711 0.0000000000
118331  44.450  25.482  28.229 0.0000000000
116632  51.377  23.574  37.198 0.0000000000
116646  51.880  23.578  36.194 0.0000000000
116662  51.281  23.312  35.393 0.0000000000
116674  51.664  23.087  34.333 0.0000000000
115876  51.853  22.839  30.015 0.0000000000
116661  52.279  23.373  35.133 0.0000000000
117404  52.010  24.640  37.184 0.0000000000
117451  52.979  25.153  36.124 0.0000000000
117506  53.855  25.554  30.406 0.0000000000
117512  48.775  24.876  29.926 0.0000000000
118195  51.436  25.127  36.786 0.0000000000
118214  53.041  25.493  35.010 0.0000000000
118259  54.114  25.844  32.952 0.0000000000
118260  53.504  26.176  33.028 0.0000000000
118303  54.068  25.857  30.461 0.0000000000
118308  49.105  25.170  30.000 0.0000000000
118309  48.890  25.057  30.012 0.0000000000
118315  52.860  26.063  29.392 0.0000000000
118320  47.995  25.312  29.388 0.0000000000
118408  40.732  26.194  21.428 0.0000000000
119093  53.161  26.537  32.548 0.0000000000
119132  50.997  27.560  31.505 0.0000000000
119148  51.772  26.143  29.637 0.0000000000
119163  53.150  26.956  28.431 0.0000000000
119202  52.275  27.105  26.698 0.0000000000
119204  51.753  26.842  26.372 0.0000000000
119227  43.713  27.250  24.373 0.0000000000
119236  47.608  26.868  22.111 0.0000000000
119248  47.172  26.568  21.831 0.0000000000
119262  47.517  26.754  21.062 0.0000000000
119263  46.934  26.459  21.004 0.0000000000
119269  40.879  26.629  21.425 0.0000000000
119275  46.621  26.542  20.271 0.0000000000
119283  46.399  26.752  19.798 0.0000000000
119284  46.015  26.789  19.829 0.0000000000
119898  51.884  27.261  31.741 0.0000000000
119933  53.332  27.009  28.679 0.0000000000
119935  48.516  27.087  27.399 0.0000000000
119942  52.523  27.377  27.325 0.0000000000
119962  52.344  27.212  26.838 0.0000000000
119963  52.138  27.352  26.729 0.0000000000
119964  51.449  27.281  26.167 0.0000000000
119972  43.412  27.178  26.328 0.0000000000
120010  47.876  27.479  22.078 0.0000000000
120024  47.805  27.297  21.338 0.0000000000
120025  46.804  26.556  22.211 0.0000000000
120029  42.044  27.530  21.484 0.0000000000
120041  45.877  27.461  20.229 0.0000000000
120045  41.238  27.018  21.376 0.0000000000
120050  47.265  27.192  19.684 0.0000000000
120051  46.503  27.404  19.809 0.0000000000
120052  45.518  26.958  19.855 0.0000000000
120053  44.397  26.846  20.182 0.0000000000
120057  46.700  26.951  19.534 0.0000000000
120058  46.181  26.939  19.675 0.0000000000
120787  52.001  27.908  26.934 0.0000000000
120837  46.302  28.457  21.142 0.0000000000
120838  45.820  28.382  21.328 0.0000000000
120849  46.601  28.057  20.496 0.0000000000
120857  46.760  27.722  19.947 0.0000000000
121511  49.822  30.278  31.563 0.0000000000
121512  49.627  30.175  31.473 0.0000000000
121526  51.580  29.341  29.073 0.0000000000
122287  46.656  31.302  32.983 0.0000000000
122299  51.185  30.529  31.578 0.0000000000
122310  49.734  30.501  31.568 0.0000000000
122325  49.713  30.743  28.122 0.0000000000
122331  48.806  30.462  26.697 0.0000000000
122389  46.001  30.752  22.806 0.0000000000
122394  50.072  30.892  20.697 0.0000000000
122403  49.300  30.528  20.216 0.0000000000
123106  47.767  32.410  34.476 0.0000000000
123107  47.476  32.302  34.626 0.0000000000
123136  48.757  32.315  32.951 0.0000000000
123156  49.518  31.957  32.138 0.0000000000
123233  45.107  31.905  22.954 0.0000000000
123257  49.998  30.997  20.506 0.0000000000
123265  50.043  31.860  20.461 0.0000000000
123975  47.766  32.635  34.574 0.0000000000
123990  49.139  32.750  33.025 0.0000000000
123991  48.780  32.722  33.294 0.0000000000
124005  49.430  32.620  32.666 0.0000000000
124006  48.983  32.561  32.967 0.0000000000
124062  47.177  32.747  28.761 0.0000000000
124076  51.802  33.611  27.010 0.0000000000
124093  47.372  32.569  26.998 0.0000000000
124114  45.749  33.227  26.062 0.0000000000
124145  44.810  32.439  22.680 0.0000000000
124178  51.278  33.134  21.488 0.0000000000
124858  48.900  33.397  33.472 0.0000000000
124869  50.076  32.936  32.499 0.0000000000
124870  49.608  33.360  32.864 0.0000000000
124904  48.541  34.390  30.499 0.0000000000
124947  52.391  34.576  27.166 0.0000000000
124949  51.725  33.624  27.280 0.0000000000
124969  44.591  33.289  26.169 0.0000000000
124983  52.361  34.170  25.238 0.0000000000
124984  52.414  33.813  25.076 0.0000000000
125007  49.876  34.077  24.366 0.0000000000
125032  51.530  33.522  22.266 0.0000000000
125034  45.465  33.361  21.913 0.0000000000
125048  51.426  33.515  21.652 0.0000000000
125740  48.430  34.250  33.200 0.0000000000
125762  48.297  34.585  31.523 0.0000000000
125807  52.380  35.125  28.001 0.0000000000
125825  52.440  35.023  27.395 0.0000000000
125873  52.243  34.280  24.970 0.0000000000
125880  45.956  34.713  24.901 0.0000000000
125927  51.483  33.814  21.883 0.0000000000
125930  48.770  34.550  20.307 0.0000000000
126642  51.799  34.910  28.659 0.0000000000
126655  52.033  35.284  28.290 0.0000000000
126656  51.240  35.285  28.644 0.0000000000
126669  52.141  35.363  27.651 0.0000000000
126670  51.611  35.444  27.893 0.0000000000
126687  51.841  35.377  27.194 0.0000000000
126695  45.615  35.938  25.063 0.0000000000
126704  47.277  35.653  23.478 0.0000000000
126763  49.727  35.360  20.819 0.0000000000
126769  49.474  35.627  20.671 0.0000000000
127474  48.433  35.865  22.344 0.0000000000
127482  49.207  35.790  21.955 0.0000000000
127526  49.431  35.817  20.802 0.0000000000
127527  49.312  35.736  20.544 0.0000000000
128228  46.790  37.465  24.566 0.0000000000
128926  47.532  38.883  24.765 0.0000000000
128964  48.250  39.453  22.556 0.0000000000
128966  46.970  38.578  21.882 0.0000000000
129666  45.552  40.205  25.368 0.0000000000
129675  47.851  39.760  24.805 0.0000000000
129677  45.925  39.748  25.364 0.0000000000
129680  42.716  39.208  25.352 0.0000000000
129693  48.660  39.855  23.375 0.0000000000
130376  46.321  41.132  25.511 0.0000000000
130378  44.189  40.509  25.472 0.0000000000
130380  41.928  40.701  25.966 0.0000000000
130381  41.282  40.131  26.355 0.0000000000
130390  43.288  39.942  25.274 0.0000000000
130396  48.714  40.585  23.266 0.0000000000
130397  47.977  41.179  22.483 0.0000000000
131100  40.979  41.837  29.148 0.0000000000
131113  42.063  41.661  28.185 0.0000000000
131134  47.479  41.813  25.775 0.0000000000
131152  47.954  41.668  22.798 0.0000000000
131161  48.327  40.970  22.611 0.0000000000
131833  44.737  43.644  31.353 0.0000000000
131834  44.531  43.532  31.341 0.0000000000
131836  42.748  43.306  31.074 0.0000000000
131850  44.750  43.486  31.114 0.0000000000
131851  44.165  43.128  31.016 0.0000000000
131883  44.621  43.061  29.462 0.0000000000
131897  41.285  43.129  27.029 0.0000000000
131901  48.129  42.180  25.725 0.0000000000
131902  47.731  42.294  25.756 0.0000000000
131907  41.722  43.138  26.497 0.0000000000
131939  45.627  42.725  23.331 0.0000000000
132616  44.542  44.229  32.016 0.0000000000
132641  45.128  44.271  31.356 0.0000000000
132642  44.849  43.980  31.600 0.0000000000
132644  43.199  43.452  31.476 0.0000000000
132665  43.619  43.250  31.215 0.0000000000
132666  43.352  43.239  31.149 0.0000000000
132686  43.528  44.241  29.315 0.0000000000
132687  43.212  44.024  29.355 0.0000000000
132705  43.012  43.712  28.720 0.0000000000
132746  42.320  43.394  26.433 0.0000000000
132764  42.251  43.339  25.687 0.0000000000
132791  48.023  43.447  23.011 0.0000000000
132808  48.031  44.073  22.801 0.0000000000
133378  43.894  44.747  33.778 0.0000000000
133379  43.136  44.680  34.129 0.0000000000
133381  41.249  44.887  34.353 0.0000000000
133382  40.265  44.659  34.367 0.0000000000
133394  44.650  44.849  32.070 0.0000000000
133416  45.035  44.609  31.396 0.0000000000
133417  44.716  44.522  31.832 0.0000000000
133481  46.366  45.065  28.088 0.0000000000
133502  46.267  44.616  28.065 0.0000000000
133531  48.024  43.788  24.776 0.0000000000
133550  44.319  45.082  25.095 0.0000000000
133565  48.288  44.339  23.258 0.0000000000
133566  47.757  43.965  22.873 0.0000000000
133580  48.100  44.474  22.831 0.0000000000
134113  43.589  45.354  34.332 0.0000000000
134114  43.166  45.414  34.529 0.0000000000
134131  44.024  45.365  33.832 0.0000000000
134132  43.455  45.778  33.635 0.0000000000
134145  44.507  45.169  32.735 0.0000000000
134163  44.609  44.986  31.800 0.0000000000
134179  44.577  45.053  31.168 0.0000000000
134212  46.231  45.444  27.975 0.0000000000
134253  46.597  45.376  26.313 0.0000000000
134271  47.275  45.099  25.067 0.0000000000
134290  47.403  45.474  24.278 0.0000000000
134293  43.755  45.160  23.938 0.0000000000
134309  47.583  45.572  23.299 0.0000000000
134311  43.766  45.437  23.344 0.0000000000
134325  47.788  44.892  22.779 0.0000000000
134869  43.462  45.488  34.316 0.0000000000
134986  46.205  45.946  27.237 0.0000000000
134987  45.965  46.135  27.280 0.0000000000
135007  46.363  45.783  26.827 0.0000000000
135028  46.383  45.833  25.977 0.0000000000
135572  39.321  48.051  34.086 0.0000000000
135597  41.443  48.364  31.101 0.0000000000
136155  40.115  48.347  34.151 0.0000000000
136156  39.735  48.223  34.205 0.0000000000
136165  41.057  48.698  32.956 0.0000000000
136179  41.210  48.936  32.158 0.0000000000
136198  41.405  48.948  31.408 0.0000000000
136747  41.174  49.248  31.878 0.0000000000
136748  41.026  49.343  31.909 0.0000000000
136767  40.982  49.557  31.359 0.0000000000
136768  40.488  49.470  31.275 0.0000000000
