#!ascii label  , from subject 4113 vox2ras=TkReg
2275
11546  50.195  -68.641  1.045 0.2000000030
12496  50.577  -68.302  2.390 0.2000000030
12519  50.262  -68.067  0.656 0.2000000030
11532  49.847  -69.418  1.273 0.2000000030
13633  49.270  -67.715  -1.900 0.1000000015
13533  50.254  -67.754  2.909 0.3000000119
13540  50.235  -67.773  1.888 0.2000000030
12540  49.889  -68.295  0.016 0.1000000015
11547  49.859  -68.979  0.506 0.2000000030
13594  49.923  -67.775  0.138 0.1000000015
13615  49.708  -67.759  -0.751 0.1000000015
13616  48.939  -67.444  -1.288 0.1000000015
14647  48.417  -66.575  -1.620 0.1000000015
13634  48.900  -66.911  -2.027 0.1000000015
16575  48.048  -65.045  -1.582 0.1000000015
14662  48.712  -66.171  -2.244 0.1000000015
15619  48.379  -65.531  -1.910 0.1000000015
16558  48.185  -63.992  -1.154 0.2000000030
16574  48.490  -64.339  -1.813 0.1000000015
13556  47.991  -67.232  1.550 0.1000000015
14617  46.822  -66.303  1.118 0.1000000015
13554  49.724  -67.573  1.307 0.2000000030
14633  48.066  -67.212  -0.219 0.1000000015
13575  49.189  -67.497  0.676 0.1000000015
13595  49.179  -67.519  -0.212 0.1000000015
15607  47.406  -65.992  -0.429 0.1000000015
17547  47.768  -63.514  0.036 0.1000000015
18581  48.240  -62.365  0.770 0.2000000030
18604  48.417  -62.815  0.131 0.2000000030
19648  48.816  -61.399  0.911 0.1000000015
17546  48.469  -62.978  -0.232 0.2000000030
20699  48.803  -60.351  1.240 0.2000000030
21754  49.604  -59.280  1.139 0.1000000015
22819  49.285  -58.134  1.619 0.1000000015
15592  46.923  -65.721  0.525 0.1000000015
15593  46.455  -65.588  1.284 0.1000000015
16544  47.186  -64.773  0.021 0.1000000015
20700  47.903  -60.208  1.764 0.2000000030
21733  48.101  -58.650  2.110 0.2000000030
22808  47.947  -58.099  2.314 0.2000000030
22807  48.456  -58.267  1.940 0.2000000030
23851  48.758  -57.343  2.186 0.1000000015
23861  50.110  -57.293  1.610 0.2000000030
16545  46.701  -64.743  0.793 0.1000000015
17548  47.056  -64.139  0.462 0.1000000015
17532  47.451  -62.941  0.908 0.2000000030
19650  47.253  -61.334  1.758 0.2000000030
19649  47.929  -61.256  1.455 0.3000000119
24942  47.764  -56.626  2.978 0.3000000119
24940  49.328  -56.291  2.220 0.2000000030
24953  50.078  -56.390  1.784 0.2000000030
24951  51.563  -56.324  0.776 0.2000000030
20680  47.265  -60.073  2.368 0.3000000119
23841  47.274  -56.829  3.078 0.3000000119
24930  47.677  -56.103  3.261 0.3000000119
26019  47.247  -55.280  3.510 0.3000000119
24929  48.133  -55.857  3.166 0.3000000119
26031  49.127  -55.308  2.665 0.2000000030
26041  50.568  -55.939  1.695 0.2000000030
26039  51.695  -55.544  0.769 0.2000000030
26003  45.446  -55.134  4.131 0.4000000060
23842  46.520  -57.365  3.208 0.3000000119
24931  46.810  -56.235  3.404 0.3000000119
21734  47.609  -59.001  2.343 0.2000000030
22809  47.087  -58.067  2.662 0.2000000030
27046  47.936  -54.366  3.254 0.3000000119
26030  50.193  -55.484  1.993 0.2000000030
27057  49.034  -54.060  2.873 0.2000000030
27055  50.617  -54.809  1.784 0.2000000030
27028  46.036  -54.380  4.177 0.3000000119
27048  46.344  -54.632  3.883 0.3000000119
28080  47.673  -53.225  3.287 0.2000000030
29101  48.962  -51.831  2.261 0.2000000030
28096  48.252  -52.461  2.667 0.2000000030
30199  49.521  -51.573  1.610 0.1000000015
28095  49.003  -52.858  2.495 0.2000000030
28108  51.043  -53.356  1.132 0.2000000030
28094  49.814  -53.232  2.089 0.2000000030
27066  51.186  -54.345  1.300 0.2000000030
29067  45.530  -52.262  4.488 0.3000000119
29066  46.300  -52.511  4.091 0.3000000119
27027  46.400  -54.074  4.006 0.3000000119
30170  46.282  -51.149  4.157 0.2000000030
29085  46.879  -51.710  3.538 0.3000000119
31271  46.448  -49.919  4.256 0.2000000030
28081  46.959  -52.889  3.679 0.3000000119
29084  47.538  -52.065  3.039 0.1000000015
29102  48.191  -51.385  2.461 0.1000000015
30200  48.832  -50.993  1.919 0.1000000015
30201  48.191  -50.453  2.361 0.1000000015
32460  47.318  -49.430  3.105 0.1000000015
30218  50.129  -51.592  0.824 0.1000000015
29068  44.714  -52.043  4.759 0.3000000119
30171  45.280  -51.278  4.588 0.2000000030
31258  45.035  -49.622  5.188 0.2000000030
33630  44.463  -48.323  5.823 0.2000000030
34884  42.727  -47.288  6.834 0.1000000015
32427  45.713  -49.063  4.750 0.1000000015
34919  44.809  -47.952  5.325 0.1000000015
31270  46.857  -49.660  3.720 0.1000000015
32474  47.581  -49.576  2.666 0.1000000015
31319  47.271  -49.846  1.971 0.1000000015
31259  44.166  -50.082  5.367 0.2000000030
34903  43.570  -47.652  5.845 0.1000000015
34904  42.575  -47.600  5.928 0.1000000015
33649  45.182  -48.126  4.652 0.1000000015
33650  44.411  -47.995  4.614 0.1000000015
33648  46.123  -48.527  4.046 0.1000000015
33651  43.709  -48.205  4.550 0.1000000015
32445  45.001  -48.553  3.255 0.1000000015
33668  46.108  -48.620  3.550 0.1000000015
37147  40.938  -45.722  6.760 0.1000000015
32429  43.302  -48.689  4.371 0.1000000015
31290  44.400  -49.389  3.141 0.1000000015
37136  41.367  -45.458  7.454 0.1000000015
15620  47.879  -65.759  -1.338 0.1000000015
14616  47.439  -66.760  0.642 0.1000000015
20716  49.358  -60.830  0.760 0.1000000015
25871  56.871  -55.584  13.363 0.5000000000
24757  55.498  -56.428  14.138 0.5000000000
25872  55.986  -55.601  13.680 0.5000000000
26897  56.459  -54.602  13.448 0.5000000000
27930  56.978  -53.724  13.779 0.5000000000
24728  52.991  -57.132  16.369 0.2000000030
23660  53.989  -57.799  16.030 0.2000000030
24744  53.110  -56.556  15.497 0.3000000119
24743  53.786  -56.837  15.099 0.3000000119
24758  54.545  -56.309  14.236 0.5000000000
25873  54.996  -55.545  13.787 0.5000000000
26899  54.442  -54.673  13.970 0.5000000000
26898  55.476  -54.669  13.721 0.5000000000
27932  55.052  -54.039  14.084 0.5000000000
27931  55.902  -53.801  13.866 0.5000000000
26896  57.459  -54.539  13.104 0.5000000000
27929  58.038  -53.631  13.819 0.5000000000
26895  58.376  -53.832  12.998 0.5000000000
27967  57.691  -53.369  10.456 0.5000000000
25826  52.791  -56.425  15.588 0.3000000119
25849  52.945  -55.825  14.957 0.3000000119
25874  54.131  -55.467  14.010 0.5000000000
27908  56.378  -53.393  14.679 0.5000000000
27941  58.646  -53.202  12.545 0.5000000000
26979  55.588  -54.415  6.965 0.4000000060
28001  55.902  -53.741  8.283 0.5000000000
28000  56.796  -53.551  8.434 0.5000000000
29009  57.371  -52.809  9.684 0.5000000000
27954  58.214  -53.282  11.587 0.5000000000
26980  55.015  -54.616  6.851 0.4000000060
24729  51.836  -56.530  16.577 0.3000000119
26861  51.631  -55.344  15.395 0.4000000060
25850  52.206  -55.291  15.094 0.4000000060
26877  53.630  -54.764  14.244 0.5000000000
27911  53.129  -53.615  14.792 0.5000000000
27910  54.238  -53.842  14.408 0.5000000000
27909  55.200  -53.407  14.665 0.5000000000
28928  54.491  -53.230  14.838 0.5000000000
27953  58.558  -52.807  11.993 0.6000000238
29017  57.104  -52.881  8.883 0.5000000000
28996  57.715  -52.468  10.811 0.5000000000
28982  58.335  -52.376  11.657 0.5000000000
25981  54.078  -55.969  5.473 0.4000000060
25963  54.347  -55.570  5.674 0.4000000060
26957  55.361  -54.304  7.511 0.5000000000
25760  48.114  -56.120  20.118 0.1000000015
25778  48.243  -55.725  19.093 0.1000000015
26803  47.443  -55.264  18.495 0.1000000015
25795  48.608  -55.837  18.640 0.1000000015
26822  48.138  -55.377  17.939 0.1000000015
25794  49.024  -55.879  18.157 0.1000000015
26821  48.668  -55.471  17.636 0.1000000015
26844  47.792  -54.457  16.858 0.1000000015
24730  51.250  -56.315  16.615 0.2000000030
25807  50.740  -56.126  16.731 0.1000000015
25828  51.221  -55.903  15.983 0.3000000119
26878  52.629  -54.627  14.733 0.5000000000
26862  50.907  -54.858  15.456 0.4000000060
26879  51.787  -54.521  15.058 0.4000000060
28930  53.263  -52.939  15.219 0.5000000000
28929  53.893  -53.006  14.924 0.5000000000
28912  54.596  -52.886  15.516 0.5000000000
27890  55.699  -53.195  15.632 0.5000000000
27928  58.930  -53.174  13.805 0.5000000000
28997  57.000  -52.205  10.194 0.5000000000
29019  56.072  -53.229  8.814 0.5000000000
26999  54.046  -55.369  6.122 0.4000000060
23821  53.061  -57.863  4.923 0.5000000000
25712  47.780  -55.732  22.545 0.1000000015
25728  47.489  -55.728  21.599 0.1000000015
25743  47.755  -55.965  20.795 0.1000000015
25779  47.359  -55.420  19.322 0.1000000015
25780  46.791  -55.289  19.452 0.1000000015
25744  46.928  -55.396  20.708 0.1000000015
25761  47.292  -55.478  20.045 0.1000000015
28899  48.648  -52.668  16.162 0.2000000030
29998  48.531  -51.741  16.962 0.2000000030
25793  49.833  -56.293  18.061 0.1000000015
25809  49.382  -55.750  17.491 0.1000000015
26843  48.873  -55.171  16.851 0.1000000015
27874  48.306  -53.980  16.044 0.1000000015
28919  48.923  -52.987  15.860 0.2000000030
26842  49.454  -55.271  16.492 0.2000000030
26863  49.740  -54.868  15.879 0.1000000015
27895  49.553  -53.661  15.578 0.2000000030
28917  50.073  -52.828  15.664 0.2000000030
29997  49.404  -51.780  16.734 0.2000000030
27914  51.234  -53.613  15.134 0.3000000119
28915  51.865  -52.417  15.696 0.3000000119
28914  52.786  -52.610  15.646 0.4000000060
30093  58.789  -52.093  12.841 0.5000000000
28913  53.638  -52.641  15.686 0.4000000060
30096  56.132  -51.507  11.533 0.5000000000
30095  57.289  -51.578  11.901 0.5000000000
30066  58.546  -51.707  13.186 0.5000000000
28983  55.519  -52.078  10.839 0.5000000000
30110  57.142  -51.783  11.003 0.5000000000
30094  58.341  -51.729  12.191 0.5000000000
27889  56.865  -53.260  15.710 0.5000000000
29012  55.278  -53.150  9.376 0.5000000000
28998  56.167  -52.367  10.068 0.5000000000
30111  56.422  -51.917  10.684 0.5000000000
30065  59.127  -52.108  13.550 0.5000000000
26981  54.065  -54.942  6.809 0.5000000000
28002  54.852  -54.131  8.259 0.5000000000
30109  57.878  -51.854  11.412 0.5000000000
28964  58.956  -52.597  13.151 0.6000000238
29010  56.778  -52.521  9.360 0.5000000000
24903  53.232  -57.230  5.183 0.4000000060
25697  47.067  -55.479  23.140 0.1000000015
25713  46.748  -55.474  22.300 0.1000000015
25729  46.320  -55.339  21.437 0.1000000015
26724  45.014  -54.872  22.932 0.1000000015
26784  45.539  -54.841  19.734 0.1000000015
26804  46.122  -54.819  18.711 0.1000000015
26823  46.961  -54.600  17.538 0.1000000015
27854  46.636  -53.488  17.151 0.1000000015
27876  47.163  -52.959  16.863 0.2000000030
28900  47.624  -52.283  16.870 0.2000000030
27875  47.682  -53.357  16.444 0.2000000030
28916  50.976  -52.487  15.668 0.3000000119
29996  50.299  -51.812  16.612 0.3000000119
29980  49.230  -51.307  17.507 0.2000000030
30014  51.487  -52.175  15.913 0.3000000119
28894  53.147  -52.361  16.461 0.4000000060
29977  51.845  -51.629  16.793 0.3000000119
28893  54.076  -52.500  16.526 0.4000000060
28882  52.630  -51.913  17.151 0.4000000060
30042  56.598  -51.427  13.837 0.5000000000
30041  58.091  -51.385  13.868 0.5000000000
30040  59.031  -51.649  14.046 0.5000000000
30011  57.385  -51.375  15.744 0.5000000000
29990  59.130  -51.681  16.163 0.5000000000
29989  59.838  -52.017  16.100 0.5000000000
30023  59.468  -51.798  14.879 0.5000000000
30039  59.495  -52.209  14.441 0.6000000238
27873  56.103  -53.334  16.725 0.5000000000
28892  55.034  -52.951  16.615 0.5000000000
28891  59.640  -52.058  16.599 0.5000000000
28910  60.506  -52.715  16.653 0.5000000000
30022  59.762  -52.259  15.218 0.6000000238
27927  59.339  -52.889  14.363 0.5000000000
27906  58.601  -53.376  14.817 0.5000000000
27905  59.457  -53.059  15.005 0.5000000000
19584  52.285  -61.341  5.732 0.4000000060
22777  52.523  -58.564  5.493 0.4000000060
23820  53.563  -57.546  4.791 0.4000000060
28817  44.202  -52.680  23.157 0.1000000015
27778  44.102  -53.899  22.902 0.1000000015
27788  43.661  -53.461  21.803 0.1000000015
25745  45.872  -55.163  20.569 0.1000000015
25714  45.542  -55.247  22.205 0.1000000015
26752  44.596  -54.717  20.912 0.1000000015
26768  43.903  -54.107  21.099 0.1000000015
25730  45.093  -55.065  21.317 0.1000000015
26785  44.756  -54.293  19.768 0.1000000015
27815  44.070  -53.520  19.989 0.1000000015
26805  45.278  -54.431  19.235 0.1000000015
27835  44.864  -53.569  18.883 0.1000000015
27855  46.006  -53.051  17.520 0.1000000015
28885  46.098  -52.076  17.795 0.2000000030
29983  46.692  -51.546  17.754 0.2000000030
29982  47.482  -51.567  17.437 0.2000000030
29999  47.992  -51.657  17.196 0.2000000030
32214  55.686  -50.195  22.374 0.2000000030
29979  50.112  -51.438  17.424 0.2000000030
29914  56.770  -51.755  22.583 0.2000000030
29923  56.206  -52.045  22.001 0.2000000030
29924  55.350  -51.502  21.430 0.2000000030
29933  54.827  -51.525  20.687 0.2000000030
29978  51.033  -51.491  17.206 0.2000000030
28829  57.349  -52.560  21.707 0.2000000030
28830  56.906  -52.690  21.783 0.2000000030
28841  56.571  -52.798  21.116 0.2000000030
28853  56.168  -53.039  19.992 0.2000000030
29946  55.349  -52.171  20.151 0.3000000119
28854  55.126  -52.573  19.462 0.2000000030
28867  54.746  -52.706  18.581 0.4000000060
28851  57.621  -52.427  19.862 0.2000000030
27812  57.665  -52.989  20.218 0.3000000119
27813  57.481  -53.302  19.833 0.3000000119
27814  57.041  -53.598  19.707 0.4000000060
28866  55.680  -53.341  18.824 0.4000000060
28880  54.388  -52.629  17.571 0.4000000060
29975  57.828  -51.532  17.287 0.5000000000
29959  58.342  -52.132  17.641 0.4000000060
28864  58.610  -52.713  17.836 0.4000000060
27831  58.219  -52.992  18.789 0.4000000060
27851  58.444  -53.290  17.816 0.4000000060
27852  57.532  -53.534  17.915 0.5000000000
27853  56.453  -53.509  17.850 0.5000000000
28878  59.457  -52.451  17.110 0.5000000000
27849  60.690  -52.911  17.279 0.5000000000
27870  59.433  -53.329  16.932 0.5000000000
27886  60.090  -52.961  16.226 0.5000000000
27887  59.116  -53.395  15.935 0.5000000000
27888  58.019  -53.478  15.804 0.5000000000
31049  44.708  -50.928  22.967 0.1000000015
29909  44.794  -51.664  23.540 0.1000000015
29915  44.432  -51.612  22.845 0.1000000015
31061  43.959  -50.672  22.337 0.1000000015
28831  43.601  -52.534  21.846 0.1000000015
29925  43.601  -51.366  21.588 0.1000000015
28842  43.377  -52.137  20.858 0.1000000015
29935  43.500  -51.061  20.674 0.1000000015
28856  44.086  -52.462  19.418 0.1000000015
28871  44.771  -52.079  18.700 0.1000000015
28870  45.435  -52.650  18.168 0.1000000015
29970  45.612  -51.410  18.353 0.2000000030
29984  46.217  -51.522  18.060 0.2000000030
29981  48.401  -51.181  17.656 0.2000000030
32225  55.183  -49.676  21.838 0.1000000015
31067  55.376  -51.069  22.069 0.2000000030
31068  54.510  -50.855  21.285 0.2000000030
29964  50.840  -51.269  18.212 0.2000000030
33434  55.138  -48.965  21.267 0.1000000015
32215  54.856  -50.322  21.812 0.1000000015
32216  54.285  -50.248  21.372 0.1000000015
31069  54.011  -50.406  21.102 0.1000000015
29947  54.527  -51.823  19.891 0.1000000015
29963  51.968  -51.523  18.006 0.2000000030
29934  54.053  -51.355  20.355 0.1000000015
28855  54.263  -52.206  19.249 0.1000000015
28869  52.884  -51.963  17.969 0.2000000030
27872  57.261  -53.467  16.833 0.5000000000
28879  55.364  -53.175  17.721 0.5000000000
27871  58.390  -53.598  16.903 0.5000000000
31040  44.098  -50.488  24.246 0.1000000015
32175  43.634  -50.247  23.143 0.1000000015
32197  43.525  -50.124  22.772 0.1000000015
32217  43.449  -49.649  21.883 0.1000000015
29952  43.754  -50.835  19.947 0.1000000015
31081  43.783  -50.147  20.395 0.1000000015
29951  44.223  -51.095  19.198 0.1000000015
29971  44.842  -51.234  18.639 0.2000000030
29969  46.485  -51.029  18.278 0.2000000030
29968  47.210  -50.923  18.045 0.2000000030
31106  46.928  -50.207  18.219 0.2000000030
31115  47.958  -50.827  17.961 0.2000000030
29967  48.620  -50.825  18.077 0.2000000030
29966  49.057  -50.899  18.133 0.2000000030
29965  49.894  -51.039  18.156 0.2000000030
34690  54.781  -47.934  20.885 0.1000000015
33435  54.264  -48.967  20.856 0.1000000015
32227  53.786  -49.856  21.014 0.1000000015
31079  53.581  -50.660  20.527 0.1000000015
29950  51.458  -51.153  18.738 0.1000000015
31080  53.008  -50.225  20.318 0.1000000015
31088  53.188  -50.899  20.048 0.1000000015
29948  53.397  -51.452  19.637 0.1000000015
28868  53.652  -52.234  18.489 0.2000000030
29962  52.807  -51.702  18.680 0.2000000030
32154  41.790  -49.477  24.640 0.1000000015
32176  43.222  -50.150  23.457 0.1000000015
33352  41.119  -48.989  24.592 0.1000000015
32198  42.780  -49.455  22.668 0.1000000015
32199  41.939  -48.939  22.960 0.1000000015
32218  42.840  -49.016  21.882 0.1000000015
32229  43.720  -49.374  20.886 0.1000000015
31093  44.397  -49.888  19.206 0.1000000015
31108  45.026  -50.352  18.638 0.1000000015
32251  44.890  -49.269  18.920 0.1000000015
32250  45.668  -49.325  18.511 0.1000000015
31105  47.720  -50.238  18.302 0.2000000030
31104  48.609  -50.421  18.416 0.2000000030
31103  49.667  -50.418  18.664 0.2000000030
36903  54.328  -45.519  21.514 0.1000000015
35836  53.469  -46.841  20.272 0.1000000015
34691  53.921  -47.945  20.497 0.1000000015
33437  52.966  -49.433  20.299 0.1000000015
31102  50.525  -50.733  18.718 0.2000000030
34703  53.145  -48.104  20.021 0.1000000015
33449  52.648  -48.944  20.014 0.1000000015
32228  53.180  -49.846  20.537 0.1000000015
31089  52.665  -50.568  19.880 0.1000000015
29949  52.207  -51.265  19.144 0.1000000015
33377  40.488  -48.102  23.711 0.1000000015
33401  41.296  -48.187  22.613 0.1000000015
33423  42.422  -48.468  21.451 0.1000000015
32239  44.077  -49.218  19.863 0.1000000015
32238  44.498  -49.208  19.318 0.1000000015
32249  46.667  -49.266  18.130 0.2000000030
33474  47.300  -48.791  18.124 0.1000000015
32259  47.206  -49.095  18.023 0.1000000015
33473  47.436  -48.992  18.184 0.2000000030
32247  48.259  -49.486  18.589 0.2000000030
33461  48.814  -48.574  18.662 0.1000000015
36940  51.515  -45.906  19.839 0.1000000015
35853  51.148  -46.593  19.288 0.1000000015
34706  50.678  -47.496  19.052 0.1000000015
33460  49.691  -48.453  18.771 0.1000000015
32245  50.243  -48.982  19.021 0.1000000015
32246  49.397  -49.515  18.838 0.1000000015
36918  53.784  -45.894  20.812 0.1000000015
35837  52.736  -46.442  20.152 0.1000000015
34704  52.373  -47.907  19.604 0.1000000015
34705  51.502  -47.645  19.338 0.1000000015
33450  51.693  -48.703  19.613 0.1000000015
32236  50.891  -49.484  19.463 0.1000000015
32237  50.166  -49.641  19.064 0.1000000015
31091  50.385  -50.172  19.107 0.1000000015
32235  51.954  -49.697  19.813 0.1000000015
31090  51.350  -50.551  19.291 0.1000000015
34653  41.022  -47.690  22.489 0.1000000015
33424  41.681  -48.053  21.707 0.1000000015
33439  42.669  -48.127  20.794 0.1000000015
33453  43.933  -48.179  19.719 0.1000000015
33465  45.281  -48.372  18.707 0.1000000015
33464  46.125  -48.373  18.287 0.1000000015
36943  48.918  -45.593  19.899 0.1000000015
35856  48.629  -45.814  19.293 0.1000000015
35874  48.268  -46.320  18.666 0.1000000015
34718  47.556  -47.462  18.358 0.1000000015
33463  47.011  -48.396  18.150 0.1000000015
36922  50.247  -45.491  20.777 0.1000000015
35855  49.181  -46.030  19.126 0.1000000015
34717  48.500  -47.584  18.510 0.1000000015
36921  51.183  -45.505  20.674 0.1000000015
36941  50.707  -45.705  19.727 0.1000000015
36942  49.767  -45.628  19.806 0.1000000015
35873  49.208  -46.842  18.637 0.1000000015
35872  49.681  -47.157  18.689 0.1000000015
34716  49.322  -47.708  18.643 0.1000000015
34707  44.199  -47.552  19.401 0.1000000015
35878  44.816  -46.649  19.006 0.1000000015
34720  45.704  -47.439  18.528 0.1000000015
36963  45.274  -46.040  19.116 0.1000000015
35877  45.333  -46.569  18.810 0.1000000015
34719  46.611  -47.446  18.347 0.1000000015
36924  48.441  -45.489  20.819 0.1000000015
36944  48.080  -45.601  19.712 0.1000000015
36961  46.641  -45.730  18.934 0.1000000015
35876  46.184  -46.556  18.581 0.1000000015
36923  49.317  -45.477  20.858 0.1000000015
36960  47.487  -45.752  18.968 0.1000000015
25848  53.626  -55.824  14.442 0.4000000060
27907  57.527  -53.406  14.715 0.5000000000
27912  52.295  -53.891  14.894 0.4000000060
25777  48.917  -56.468  19.200 0.1000000015
25829  50.457  -55.514  16.142 0.2000000030
27893  51.442  -53.131  15.277 0.4000000060
27891  52.869  -53.061  15.197 0.4000000060
28918  49.277  -52.944  15.788 0.3000000119
28883  47.290  -52.031  17.110 0.2000000030
26864  48.998  -54.283  15.869 0.2000000030
27894  50.584  -53.655  15.277 0.2000000030
28898  49.689  -52.329  16.129 0.3000000119
28895  52.365  -52.072  16.282 0.3000000119
30067  57.589  -51.509  12.896 0.5000000000
25731  44.600  -54.797  21.738 0.1000000015
26766  44.973  -54.780  20.455 0.1000000015
26824  46.131  -54.034  17.646 0.1000000015
26845  47.158  -53.822  16.841 0.1000000015
28884  46.862  -52.360  17.197 0.2000000030
28881  53.444  -52.301  17.384 0.4000000060
30025  57.680  -51.314  14.772 0.5000000000
30010  58.456  -51.407  15.528 0.5000000000
30026  56.581  -51.274  15.066 0.5000000000
29974  58.787  -51.962  16.817 0.5000000000
27779  43.825  -53.382  22.538 0.1000000015
28821  44.055  -52.400  22.688 0.1000000015
26754  43.839  -54.023  21.598 0.1000000015
27800  43.631  -53.429  20.914 0.1000000015
27816  43.573  -52.688  20.164 0.1000000015
31059  56.210  -51.152  22.610 0.2000000030
31058  56.990  -51.085  22.714 0.2000000030
29922  57.079  -52.283  22.275 0.2000000030
29932  55.774  -52.183  20.917 0.2000000030
31078  54.192  -51.116  20.766 0.1000000015
28839  57.552  -52.587  21.073 0.2000000030
27798  57.406  -53.226  20.566 0.2000000030
28865  57.962  -52.264  18.677 0.5000000000
27832  57.615  -53.456  18.890 0.4000000060
27833  56.758  -53.593  18.917 0.5000000000
29960  57.461  -51.541  18.384 0.5000000000
27850  59.400  -52.933  17.436 0.5000000000
31050  44.050  -50.443  23.301 0.1000000015
31060  44.346  -51.157  22.588 0.1000000015
29916  44.040  -51.601  22.295 0.1000000015
28857  43.584  -51.713  19.970 0.1000000015
32226  54.532  -49.723  21.400 0.1000000015
31051  43.719  -50.363  23.797 0.1000000015
32153  42.672  -50.040  24.364 0.1000000015
31070  43.640  -50.348  21.318 0.1000000015
31094  44.026  -50.228  19.696 0.1000000015
31107  46.075  -50.282  18.431 0.2000000030
35834  55.167  -47.020  21.090 0.1000000015
32234  52.687  -49.805  20.215 0.1000000015
32177  42.241  -49.522  23.618 0.1000000015
33353  40.300  -48.564  24.847 0.1000000015
33376  41.236  -48.767  23.757 0.1000000015
33400  42.162  -48.702  22.199 0.1000000015
33422  43.184  -48.788  21.247 0.1000000015
31092  49.905  -49.953  18.917 0.1000000015
35835  54.429  -46.704  20.752 0.1000000015
35851  52.830  -47.191  19.813 0.1000000015
33448  53.064  -48.718  20.126 0.1000000015
33402  40.888  -48.151  23.198 0.1000000015
33438  43.468  -48.348  20.401 0.1000000015
33452  44.544  -48.452  19.265 0.1000000015
33462  47.766  -48.601  18.420 0.1000000015
36920  52.148  -45.726  20.519 0.1000000015
35852  52.109  -46.713  19.629 0.1000000015
35854  50.089  -46.548  19.009 0.1000000015
34715  49.994  -47.595  18.775 0.1000000015
33451  50.876  -48.434  19.274 0.1000000015
33440  41.998  -47.920  21.054 0.1000000015
34692  42.931  -47.545  20.416 0.1000000015
34708  43.492  -47.275  19.867 0.1000000015
34721  44.819  -47.357  18.906 0.1000000015
36945  47.127  -45.370  19.779 0.1000000015
35875  47.132  -46.488  18.493 0.1000000015
35858  44.264  -46.470  19.413 0.1000000015
36962  45.764  -45.884  19.048 0.1000000015
36947  45.055  -45.504  19.582 0.1000000015
36925  47.545  -45.373  20.841 0.1000000015
21591  53.904  -59.383  15.685 0.1000000015
22653  54.184  -59.107  14.953 0.1000000015
21589  55.240  -59.245  15.345 0.1000000015
22624  55.426  -59.092  16.170 0.1000000015
23659  54.987  -58.046  15.880 0.1000000015
22615  53.500  -58.898  17.410 0.1000000015
23633  53.433  -58.512  17.552 0.1000000015
23661  53.582  -57.778  16.738 0.1000000015
22668  54.647  -58.711  14.121 0.2000000030
22651  55.652  -58.894  14.970 0.1000000015
23685  54.976  -58.298  13.337 0.2000000030
22650  56.036  -58.469  15.027 0.1000000015
23674  54.691  -57.530  15.394 0.1000000015
23703  54.524  -57.556  12.580 0.2000000030
22667  55.617  -58.654  13.778 0.2000000030
23657  56.005  -58.278  15.278 0.2000000030
22666  56.369  -58.365  13.986 0.2000000030
23671  56.376  -57.808  14.549 0.2000000030
23673  55.478  -57.621  15.287 0.3000000119
24742  55.008  -57.033  14.768 0.3000000119
24740  56.191  -57.406  14.577 0.3000000119
24741  55.863  -57.165  14.681 0.3000000119
22681  56.109  -58.396  13.248 0.2000000030
23684  56.772  -57.405  13.531 0.2000000030
23718  55.207  -57.322  11.652 0.2000000030
23717  56.179  -57.529  11.448 0.2000000030
23754  53.262  -58.426  8.486 0.1000000015
24774  54.366  -56.897  11.673 0.2000000030
23702  55.717  -58.195  12.670 0.2000000030
24756  56.402  -56.758  13.942 0.3000000119
24819  54.001  -57.163  8.989 0.1000000015
24791  54.628  -56.669  10.845 0.1000000015
23701  56.694  -57.794  12.685 0.2000000030
23683  57.266  -57.135  12.839 0.2000000030
23741  53.161  -57.687  8.855 0.1000000015
24807  54.804  -56.772  9.809 0.2000000030
22721  54.534  -58.420  7.800 0.2000000030
23740  53.723  -57.579  8.736 0.1000000015
23753  54.003  -57.916  8.414 0.1000000015
24790  55.494  -56.956  10.674 0.2000000030
23716  56.967  -57.145  11.620 0.2000000030
23715  57.306  -56.852  11.943 0.2000000030
24773  57.384  -56.429  12.322 0.4000000060
25893  57.441  -55.368  11.672 0.4000000060
25870  57.299  -55.504  13.040 0.4000000060
24806  55.619  -56.911  9.721 0.3000000119
23729  56.090  -57.053  10.470 0.3000000119
24818  55.051  -57.299  8.916 0.2000000030
24817  55.762  -56.943  8.719 0.4000000060
25887  57.508  -55.433  12.610 0.4000000060
24789  56.801  -56.404  10.882 0.3000000119
24816  56.299  -56.179  8.461 0.4000000060
24805  56.381  -56.475  9.782 0.3000000119
34652  57.516  -48.362  22.966 0.1000000015
33399  56.227  -49.684  22.573 0.1000000015
25894  57.098  -55.770  11.021 0.4000000060
26911  57.955  -54.254  12.231 0.5000000000
25909  56.706  -55.333  9.065 0.4000000060
25898  56.922  -55.655  10.177 0.4000000060
25908  57.116  -54.790  9.685 0.4000000060
33398  56.845  -49.143  22.872 0.1000000015
33397  58.056  -49.156  23.382 0.1000000015
32196  56.567  -50.293  22.743 0.1000000015
26912  57.665  -54.217  11.121 0.5000000000
27942  58.349  -53.625  12.213 0.5000000000
32195  57.450  -50.186  23.035 0.1000000015
32213  58.307  -50.092  22.353 0.1000000015
31057  57.625  -50.985  22.486 0.1000000015
29921  57.538  -51.965  21.919 0.1000000015
21571  53.110  -59.435  16.166 0.1000000015
21549  54.822  -59.222  16.536 0.1000000015
23644  54.696  -58.438  16.415 0.1000000015
22626  54.161  -58.797  16.755 0.1000000015
21551  53.185  -59.377  16.868 0.1000000015
22616  53.019  -58.970  18.250 0.1000000015
24715  52.729  -57.686  17.897 0.1000000015
29913  57.266  -51.681  22.426 0.1000000015
22670  52.997  -58.453  14.348 0.1000000015
24755  57.282  -56.362  13.199 0.3000000119
23728  56.472  -56.938  10.867 0.2000000030
24788  57.200  -56.374  11.592 0.3000000119
22617  52.100  -59.056  18.351 0.1000000015
16438  42.186  -64.562  8.621 0.1000000015
16452  41.866  -64.717  7.638 0.1000000015
15495  44.279  -66.091  8.201 0.1000000015
16453  40.960  -64.570  7.044 0.1000000015
15480  43.582  -65.520  8.596 0.1000000015
16439  41.265  -64.117  8.184 0.1000000015
16440  40.471  -64.092  7.660 0.1000000015
16455  39.243  -64.320  7.291 0.1000000015
16469  40.684  -64.994  6.481 0.1000000015
9469  44.151  -71.968  17.642 0.1000000015
15436  37.166  -65.697  12.261 0.1000000015
16416  36.721  -64.902  10.298 0.1000000015
15456  42.994  -64.994  9.990 0.1000000015
16430  37.247  -64.241  9.927 0.1000000015
15468  42.921  -65.018  9.107 0.1000000015
16441  37.933  -64.116  8.448 0.1000000015
15467  43.555  -65.486  9.694 0.1000000015
16456  38.345  -64.462  7.646 0.1000000015
15479  44.311  -66.029  9.259 0.1000000015
8560  43.865  -72.549  19.486 0.1000000015
10405  43.447  -71.294  16.656 0.1000000015
10384  43.510  -71.089  17.518 0.1000000015
9403  43.361  -72.092  22.693 0.1000000015
8543  43.435  -72.505  20.593 0.1000000015
9439  44.169  -72.199  18.653 0.1000000015
9452  43.983  -71.702  18.346 0.1000000015
11312  42.225  -69.920  17.026 0.1000000015
13375  39.078  -67.312  14.098 0.1000000015
14431  37.680  -66.115  13.415 0.1000000015
16428  42.430  -64.539  9.618 0.1000000015
16429  41.763  -64.083  9.186 0.1000000015
17426  40.243  -63.547  8.419 0.1000000015
15455  43.450  -65.336  10.667 0.1000000015
14486  44.944  -66.605  9.902 0.1000000015
14507  45.016  -66.963  8.701 0.1000000015
10371  43.216  -70.200  18.193 0.1000000015
9402  43.723  -71.597  23.632 0.1000000015
9414  43.517  -71.876  21.462 0.1000000015
9426  43.858  -71.869  20.300 0.1000000015
10362  43.777  -70.989  19.947 0.1000000015
10385  42.694  -70.128  17.506 0.1000000015
11295  41.618  -68.798  17.266 0.1000000015
12303  40.985  -68.282  16.294 0.1000000015
13362  40.200  -67.762  15.518 0.1000000015
13349  40.667  -67.523  16.466 0.1000000015
13350  39.936  -67.146  15.950 0.1000000015
15373  38.720  -65.897  15.237 0.1000000015
14416  38.204  -66.190  14.153 0.1000000015
15386  37.996  -65.368  14.486 0.1000000015
16373  37.311  -64.923  12.940 0.1000000015
17416  38.751  -62.902  9.828 0.1000000015
16413  42.681  -64.494  10.694 0.1000000015
17413  41.473  -63.599  9.743 0.1000000015
17414  40.774  -63.239  9.402 0.1000000015
18470  39.315  -62.613  10.460 0.1000000015
17428  38.298  -63.550  8.907 0.1000000015
15454  44.006  -65.859  11.032 0.1000000015
15466  44.161  -65.953  10.301 0.1000000015
12269  43.125  -68.538  18.832 0.1000000015
9385  44.013  -71.502  24.403 0.1000000015
10330  43.611  -71.462  22.294 0.1000000015
10343  43.719  -71.189  21.762 0.1000000015
10353  43.800  -71.023  20.991 0.1000000015
11260  43.731  -69.882  19.798 0.1000000015
11276  43.355  -69.611  18.903 0.1000000015
11294  42.056  -69.284  17.556 0.1000000015
12271  41.933  -67.711  17.869 0.1000000015
13333  41.002  -67.051  17.255 0.1000000015
15343  39.931  -65.489  16.688 0.1000000015
10312  44.477  -71.055  24.115 0.1000000015
10342  43.955  -70.833  22.392 0.1000000015
11244  44.197  -70.058  21.288 0.1000000015
11259  44.076  -69.636  20.560 0.1000000015
14387  40.017  -66.533  16.400 0.1000000015
15359  39.610  -66.015  16.218 0.1000000015
15374  38.370  -65.468  15.002 0.1000000015
17330  37.757  -63.994  14.356 0.1000000015
16361  37.545  -64.911  13.709 0.1000000015
18378  37.801  -63.216  14.273 0.1000000015
17345  37.540  -64.061  13.652 0.1000000015
18418  37.800  -62.958  12.206 0.1000000015
18395  37.725  -62.984  13.253 0.1000000015
18444  39.793  -62.462  10.988 0.1000000015
18427  38.443  -62.631  11.680 0.1000000015
17367  37.434  -63.676  11.559 0.1000000015
17389  41.789  -63.618  10.806 0.1000000015
18468  40.525  -62.941  9.998 0.1000000015
18469  39.873  -62.671  10.219 0.1000000015
16391  42.928  -64.445  11.468 0.1000000015
15435  43.695  -65.353  11.283 0.1000000015
14457  45.053  -66.173  11.265 0.1000000015
14473  44.792  -66.378  10.878 0.1000000015
15452  46.026  -65.424  10.697 0.1000000015
15433  45.345  -65.689  11.260 0.1000000015
13315  43.998  -67.670  19.359 0.1000000015
10294  44.582  -71.299  24.712 0.1000000015
11182  45.795  -70.445  24.932 0.1000000015
11215  44.574  -70.200  23.265 0.1000000015
12219  45.079  -69.291  23.012 0.1000000015
12244  44.507  -68.952  21.028 0.1000000015
12258  44.132  -68.921  20.180 0.1000000015
12259  43.670  -68.807  19.534 0.1000000015
13316  43.099  -67.464  18.498 0.1000000015
13332  41.614  -67.209  17.664 0.1000000015
15342  40.791  -65.459  17.466 0.1000000015
10311  45.033  -70.684  24.409 0.1000000015
11231  44.257  -70.238  22.160 0.1000000015
16309  40.331  -64.527  17.312 0.1000000015
16310  39.647  -64.447  16.751 0.1000000015
16324  38.587  -64.488  15.690 0.1000000015
17310  39.298  -63.626  16.538 0.1000000015
17320  38.293  -63.721  15.364 0.1000000015
18359  38.965  -62.975  16.247 0.1000000015
18370  38.037  -63.161  14.998 0.1000000015
18417  38.737  -62.114  12.853 0.1000000015
18394  38.201  -62.290  13.935 0.1000000015
17358  42.106  -63.365  12.259 0.1000000015
18424  41.400  -62.924  11.961 0.1000000015
18416  39.970  -61.952  12.530 0.1000000015
18426  39.358  -62.312  11.779 0.1000000015
17356  43.152  -63.101  12.106 0.1000000015
18443  40.861  -62.839  10.917 0.1000000015
17365  42.698  -64.003  11.990 0.1000000015
17364  43.581  -63.656  11.629 0.1000000015
17363  44.372  -64.081  11.405 0.1000000015
16388  45.166  -65.072  11.272 0.1000000015
16408  47.313  -65.000  10.150 0.1000000015
10274  46.637  -70.705  26.289 0.1000000015
9337  45.581  -71.353  25.939 0.1000000015
9338  45.164  -71.404  25.920 0.1000000015
12204  46.174  -69.128  24.146 0.1000000015
12218  45.722  -68.875  23.486 0.1000000015
10292  45.880  -70.643  25.235 0.1000000015
11196  45.540  -69.998  24.289 0.1000000015
12231  44.628  -69.360  22.147 0.1000000015
13275  45.586  -67.712  21.317 0.1000000015
13314  44.667  -67.337  19.758 0.1000000015
14356  43.820  -66.551  18.683 0.1000000015
14357  42.938  -66.480  18.187 0.1000000015
15324  41.672  -65.384  17.997 0.1000000015
16296  42.275  -64.794  18.274 0.1000000015
17298  40.723  -63.589  17.699 0.1000000015
17299  39.920  -63.583  17.134 0.1000000015
18358  39.524  -62.663  16.757 0.1000000015
18368  39.053  -62.289  16.148 0.1000000015
19457  38.988  -61.583  15.533 0.1000000015
19466  38.522  -61.767  14.646 0.1000000015
19497  39.730  -61.497  13.225 0.1000000015
19478  38.786  -61.534  13.865 0.1000000015
18414  41.989  -62.518  12.445 0.1000000015
18413  42.863  -62.468  12.009 0.1000000015
18422  43.531  -62.535  11.362 0.1000000015
17386  44.643  -63.579  10.943 0.1000000015
16411  44.724  -64.255  11.248 0.1000000015
16410  45.345  -64.580  10.883 0.1000000015
16409  46.634  -64.612  10.216 0.1000000015
14323  46.709  -67.098  20.975 0.1000000015
14334  46.943  -66.522  19.994 0.1000000015
11165  47.142  -69.829  26.002 0.1000000015
11181  46.427  -69.937  25.123 0.1000000015
12181  47.118  -69.085  24.819 0.1000000015
12203  46.864  -68.848  24.273 0.1000000015
13242  45.883  -68.356  22.867 0.1000000015
13274  46.238  -67.302  21.338 0.1000000015
14355  44.924  -66.606  19.309 0.1000000015
14354  46.186  -66.323  19.181 0.1000000015
13257  45.958  -67.963  22.369 0.1000000015
13292  45.291  -67.412  20.516 0.1000000015
15321  44.504  -65.562  18.380 0.1000000015
16307  43.735  -64.360  18.280 0.1000000015
17296  42.840  -63.394  18.143 0.1000000015
15322  43.468  -65.642  18.367 0.1000000015
16295  43.089  -64.783  18.370 0.1000000015
18343  41.234  -62.589  17.674 0.1000000015
19444  39.557  -61.670  16.477 0.1000000015
20521  39.749  -60.939  16.133 0.1000000015
19465  39.121  -61.090  14.619 0.1000000015
19475  41.104  -60.987  13.345 0.1000000015
19477  39.568  -61.005  13.879 0.1000000015
20549  42.137  -60.637  12.489 0.1000000015
19495  41.546  -61.456  12.830 0.1000000015
19496  40.631  -61.587  13.123 0.1000000015
19507  42.842  -61.521  11.652 0.1000000015
19506  43.333  -61.565  11.114 0.1000000015
18441  44.296  -62.596  10.722 0.1000000015
13217  48.573  -67.690  23.562 0.1000000015
12180  47.528  -68.730  25.125 0.1000000015
12201  48.132  -67.989  24.436 0.1000000015
13239  48.405  -67.698  22.489 0.1000000015
13255  47.768  -67.431  21.495 0.1000000015
14333  47.825  -67.062  19.469 0.1000000015
11148  47.423  -69.830  27.042 0.1000000015
12138  47.590  -69.138  26.581 0.1000000015
12202  47.643  -68.393  24.297 0.1000000015
13240  47.362  -67.770  22.720 0.1000000015
13256  46.651  -67.493  21.889 0.1000000015
15319  46.688  -65.977  18.184 0.1000000015
15340  45.177  -65.162  17.984 0.1000000015
15320  45.587  -65.852  18.403 0.1000000015
17295  43.871  -63.573  17.938 0.1000000015
18342  42.292  -62.608  17.727 0.1000000015
19422  41.765  -61.595  17.287 0.1000000015
20503  40.587  -60.757  16.763 0.1000000015
20520  40.336  -60.368  15.847 0.1000000015
20540  39.833  -60.676  14.583 0.1000000015
20531  41.082  -59.981  14.404 0.1000000015
20560  42.633  -60.678  11.842 0.1000000015
20550  41.637  -60.451  13.073 0.1000000015
20570  43.795  -60.787  10.669 0.1000000015
20569  44.672  -60.884  10.319 0.1000000015
13273  48.395  -67.445  20.362 0.1000000015
15318  47.385  -66.341  17.983 0.1000000015
15338  47.459  -65.827  17.140 0.1000000015
15339  46.170  -65.366  17.607 0.1000000015
16305  45.601  -64.482  17.456 0.1000000015
18340  44.266  -62.711  17.380 0.1000000015
18341  43.339  -62.643  17.699 0.1000000015
19441  42.383  -61.169  16.982 0.1000000015
19442  41.947  -61.167  17.069 0.1000000015
21597  41.528  -59.467  15.052 0.1000000015
21557  41.341  -60.255  16.455 0.1000000015
21607  41.750  -59.441  14.038 0.1000000015
21605  42.930  -59.149  12.831 0.1000000015
22697  43.518  -59.048  12.061 0.1000000015
21628  42.571  -59.976  12.131 0.1000000015
21637  43.678  -60.086  10.966 0.1000000015
21635  45.689  -60.038  10.186 0.1000000015
20566  47.923  -60.422  10.351 0.1000000015
13216  49.406  -66.971  23.542 0.1000000015
13272  49.373  -67.643  20.155 0.1000000015
14352  48.201  -66.990  17.988 0.1000000015
14375  48.316  -66.349  17.142 0.1000000015
13192  48.838  -67.098  24.375 0.1000000015
13291  48.750  -67.526  19.238 0.1000000015
16304  46.721  -64.566  16.974 0.1000000015
18339  44.910  -62.570  16.775 0.1000000015
19420  43.865  -61.937  17.240 0.1000000015
19440  43.361  -61.258  16.792 0.1000000015
20500  43.747  -60.689  16.262 0.1000000015
22672  43.577  -58.861  13.256 0.1000000015
21596  42.910  -59.035  14.471 0.1000000015
21606  42.600  -59.194  13.470 0.1000000015
21626  43.967  -59.496  11.095 0.1000000015
22704  45.292  -59.079  10.742 0.1000000015
22703  46.294  -58.960  10.542 0.1000000015
22701  48.120  -58.810  10.781 0.1000000015
22699  50.117  -58.538  10.218 0.1000000015
14247  49.902  -66.250  24.067 0.1000000015
14291  50.623  -66.698  22.399 0.1000000015
13271  50.149  -67.368  19.939 0.1000000015
14372  50.380  -66.246  18.013 0.1000000015
14374  49.050  -66.467  17.143 0.1000000015
13253  50.021  -67.375  20.953 0.1000000015
13290  49.635  -67.621  19.218 0.1000000015
16303  47.570  -64.792  16.681 0.1000000015
17293  46.036  -63.667  16.942 0.1000000015
17309  45.561  -63.031  16.642 0.1000000015
19439  44.618  -61.572  16.389 0.1000000015
21575  43.894  -59.657  15.040 0.1000000015
24763  48.229  -55.975  14.013 0.1000000015
25889  47.109  -55.728  13.349 0.1000000015
24781  46.952  -56.043  12.530 0.1000000015
24783  45.217  -56.769  12.864 0.1000000015
23709  44.757  -57.603  12.612 0.1000000015
22659  43.645  -59.103  13.886 0.1000000015
24780  48.069  -55.955  12.970 0.1000000015
24798  47.414  -56.460  11.942 0.1000000015
24782  46.064  -56.545  12.409 0.1000000015
24762  49.032  -56.303  13.998 0.1000000015
24779  49.341  -56.323  12.808 0.1000000015
24797  48.505  -56.496  11.894 0.1000000015
23721  47.774  -57.335  11.378 0.1000000015
23723  45.378  -57.633  11.771 0.1000000015
22696  44.102  -58.905  11.600 0.1000000015
24761  50.244  -56.894  13.949 0.1000000015
24778  50.402  -56.600  12.656 0.1000000015
22694  45.886  -58.238  11.168 0.1000000015
23720  48.877  -57.020  11.219 0.1000000015
24794  51.606  -56.577  11.494 0.1000000015
23733  48.532  -57.881  10.992 0.1000000015
23731  50.885  -57.440  10.114 0.1000000015
14265  51.049  -66.151  23.117 0.1000000015
14266  50.121  -66.654  23.061 0.1000000015
13237  50.728  -66.894  21.552 0.1000000015
14307  51.420  -66.248  21.174 0.1000000015
13270  50.516  -66.871  19.711 0.1000000015
14349  50.450  -66.425  18.762 0.1000000015
15335  50.227  -65.793  17.610 0.1000000015
15357  48.827  -64.930  16.530 0.1000000015
16321  48.111  -64.242  16.476 0.1000000015
16322  47.338  -64.080  16.601 0.1000000015
18357  45.583  -62.344  16.132 0.1000000015
19438  45.571  -61.657  15.670 0.1000000015
20517  44.908  -60.277  15.225 0.1000000015
22657  44.919  -58.623  14.408 0.1000000015
21595  44.083  -59.359  14.345 0.1000000015
25877  46.333  -55.796  13.847 0.1000000015
24765  45.108  -56.652  13.714 0.1000000015
23691  44.653  -57.573  13.360 0.1000000015
22658  44.325  -58.992  13.878 0.1000000015
25876  47.175  -55.675  14.184 0.1000000015
23689  51.334  -57.532  14.178 0.1000000015
24760  50.995  -57.131  13.325 0.1000000015
15228  51.442  -65.639  23.341 0.1000000015
14290  51.388  -66.433  22.082 0.1000000015
15306  50.683  -65.993  19.430 0.1000000015
15307  49.933  -65.376  18.984 0.1000000015
14321  50.819  -66.404  20.142 0.1000000015
15316  50.485  -65.811  18.357 0.1000000015
15317  50.072  -65.230  17.779 0.1000000015
16301  49.294  -64.712  16.733 0.1000000015
17305  48.736  -63.948  16.668 0.1000000015
17306  48.187  -63.349  16.542 0.1000000015
18356  46.489  -62.062  15.594 0.1000000015
19455  45.884  -61.117  15.167 0.1000000015
18367  46.473  -61.349  15.329 0.1000000015
22656  45.413  -58.934  15.068 0.1000000015
20515  46.255  -60.354  15.454 0.1000000015
20516  45.699  -60.184  15.041 0.1000000015
25854  45.900  -55.899  14.514 0.1000000015
24749  45.297  -56.414  14.683 0.1000000015
21574  44.646  -59.711  14.747 0.1000000015
24747  48.379  -56.331  14.917 0.1000000015
25853  46.576  -55.723  14.739 0.1000000015
24746  49.662  -57.016  15.349 0.1000000015
15272  51.543  -65.303  21.586 0.1000000015
15295  50.999  -65.908  20.605 0.1000000015
15296  50.391  -65.774  20.190 0.1000000015
15308  49.392  -65.115  19.490 0.1000000015
16292  48.974  -64.241  17.610 0.1000000015
17281  48.395  -63.681  17.452 0.1000000015
18354  47.702  -62.424  16.635 0.1000000015
18355  47.407  -62.136  15.966 0.1000000015
20497  46.296  -60.189  15.876 0.1000000015
19454  46.465  -60.918  15.208 0.1000000015
22641  45.427  -59.053  15.558 0.1000000015
21552  46.050  -59.861  15.688 0.1000000015
22642  45.102  -58.442  15.204 0.1000000015
25851  47.879  -56.091  14.835 0.1000000015
24745  50.327  -57.182  14.800 0.1000000015
23675  51.942  -58.178  14.783 0.1000000015
15273  50.841  -65.540  21.123 0.1000000015
16233  49.326  -65.299  21.079 0.1000000015
15297  49.691  -65.445  20.120 0.1000000015
16234  48.415  -64.727  21.052 0.1000000015
16257  48.919  -65.035  20.073 0.1000000015
16293  48.396  -63.963  18.099 0.1000000015
16278  48.939  -64.574  18.876 0.1000000015
17291  48.188  -63.042  17.087 0.1000000015
18337  47.500  -62.375  17.339 0.1000000015
19436  47.330  -61.775  16.449 0.1000000015
19437  46.904  -61.038  15.898 0.1000000015
21553  45.554  -59.582  16.174 0.1000000015
23651  44.703  -57.715  15.650 0.1000000015
22631  44.964  -58.674  16.044 0.1000000015
25830  47.345  -56.165  15.812 0.1000000015
24734  45.212  -56.393  15.691 0.1000000015
22655  51.837  -58.453  15.376 0.1000000015
22654  52.821  -59.064  15.217 0.1000000015
17232  47.514  -63.990  21.032 0.1000000015
16258  48.057  -64.413  19.939 0.1000000015
16279  47.877  -63.907  18.868 0.1000000015
17272  46.839  -62.945  19.360 0.1000000015
17282  47.819  -63.265  17.916 0.1000000015
18324  47.208  -62.589  18.143 0.1000000015
19416  47.413  -61.961  16.878 0.1000000015
19417  46.659  -61.500  17.272 0.1000000015
20498  46.034  -60.172  16.335 0.1000000015
23664  49.984  -57.656  16.455 0.1000000015
24732  48.654  -56.811  16.173 0.1000000015
24723  44.691  -56.890  16.145 0.1000000015
23662  51.270  -58.144  15.815 0.1000000015
17253  47.213  -63.533  19.863 0.1000000015
18316  45.859  -62.014  19.508 0.1000000015
17254  46.505  -62.876  20.060 0.1000000015
20472  45.068  -60.719  19.447 0.1000000015
19402  45.425  -61.404  19.902 0.1000000015
18315  46.373  -62.463  19.276 0.1000000015
20480  44.683  -59.701  18.341 0.1000000015
19418  45.779  -61.025  17.742 0.1000000015
20485  45.615  -60.347  17.049 0.1000000015
24731  49.352  -57.404  16.742 0.1000000015
24720  47.654  -56.599  16.777 0.1000000015
24733  47.883  -56.349  15.604 0.1000000015
25812  45.720  -56.077  16.227 0.1000000015
24722  45.273  -56.429  16.541 0.1000000015
22620  44.708  -58.453  17.048 0.1000000015
23647  51.185  -58.460  16.750 0.1000000015
24721  46.780  -56.226  16.732 0.1000000015
21524  44.517  -59.082  19.213 0.1000000015
20479  45.168  -60.523  18.277 0.1000000015
19409  45.832  -61.508  18.566 0.1000000015
22606  44.607  -58.361  18.050 0.1000000015
20486  44.966  -60.077  17.690 0.1000000015
24688  46.004  -56.758  18.333 0.1000000015
23621  44.808  -57.507  17.744 0.1000000015
24709  45.659  -56.393  17.346 0.1000000015
23639  44.664  -57.665  16.627 0.1000000015
14441  37.591  -66.556  12.559 0.1000000015
15399  37.532  -65.495  13.495 0.1000000015
17359  37.377  -63.853  12.578 0.1000000015
16392  37.121  -64.739  11.814 0.1000000015
16415  37.159  -64.320  10.858 0.1000000015
15481  42.745  -65.098  8.035 0.1000000015
17427  39.149  -63.349  8.738 0.1000000015
17417  37.781  -63.630  9.472 0.1000000015
17438  39.841  -63.967  7.634 0.1000000015
16454  40.007  -64.358  7.089 0.1000000015
17439  39.211  -63.794  7.921 0.1000000015
9468  44.269  -72.487  17.866 0.1000000015
16393  36.845  -65.070  11.017 0.1000000015
16442  37.276  -64.363  8.952 0.1000000015
9440  44.041  -71.814  19.231 0.1000000015
14388  39.521  -66.481  15.822 0.1000000015
14415  38.735  -66.506  14.555 0.1000000015
16414  42.029  -64.072  10.024 0.1000000015
17415  39.897  -63.000  9.378 0.1000000015
10370  43.626  -70.792  18.853 0.1000000015
11245  43.878  -70.332  20.520 0.1000000015
11277  42.707  -69.390  18.255 0.1000000015
12286  41.652  -68.099  17.521 0.1000000015
12314  41.166  -68.812  16.210 0.1000000015
12270  42.253  -68.304  18.126 0.1000000015
13348  41.220  -67.658  17.160 0.1000000015
15360  39.004  -65.505  15.863 0.1000000015
16335  38.136  -64.558  15.033 0.1000000015
17392  37.727  -63.333  10.532 0.1000000015
17388  42.423  -64.039  11.423 0.1000000015
18442  41.517  -63.257  11.422 0.1000000015
13317  42.313  -67.251  18.055 0.1000000015
14376  41.270  -66.319  17.596 0.1000000015
14377  40.590  -66.410  17.013 0.1000000015
18377  38.173  -62.494  14.774 0.1000000015
18425  40.417  -62.387  11.802 0.1000000015
13293  44.690  -67.951  20.349 0.1000000015
10293  45.272  -71.021  24.987 0.1000000015
12243  44.958  -68.524  21.622 0.1000000015
13276  44.928  -68.267  21.077 0.1000000015
14358  42.054  -66.371  17.984 0.1000000015
16308  41.131  -64.543  17.881 0.1000000015
19458  38.448  -62.079  15.160 0.1000000015
18415  40.972  -62.255  12.617 0.1000000015
12217  46.481  -68.642  23.740 0.1000000015
14336  45.075  -67.210  20.051 0.1000000015
15323  42.583  -65.578  18.208 0.1000000015
17284  42.538  -64.152  18.295 0.1000000015
17285  42.083  -64.286  18.256 0.1000000015
17297  41.797  -63.690  18.080 0.1000000015
18344  40.290  -62.648  17.350 0.1000000015
19476  40.417  -60.956  13.570 0.1000000015
19518  43.998  -61.716  10.642 0.1000000015
18440  45.144  -62.647  10.288 0.1000000015
17385  45.940  -63.503  10.114 0.1000000015
14322  47.509  -67.122  20.574 0.1000000015
14335  45.805  -66.857  20.366 0.1000000015
11180  47.062  -69.425  25.261 0.1000000015
13219  47.006  -68.262  23.522 0.1000000015
13241  46.452  -68.147  23.007 0.1000000015
16306  44.546  -64.592  17.967 0.1000000015
17283  43.215  -64.027  18.291 0.1000000015
19423  40.684  -61.607  17.260 0.1000000015
20539  40.427  -60.523  14.198 0.1000000015
20559  43.160  -60.708  11.214 0.1000000015
19517  44.814  -61.820  10.294 0.1000000015
13218  47.678  -68.096  23.515 0.1000000015
14353  47.227  -66.476  18.799 0.1000000015
17294  44.980  -63.508  17.317 0.1000000015
19421  42.827  -61.845  17.324 0.1000000015
20532  40.526  -60.211  14.992 0.1000000015
21598  40.917  -59.911  15.615 0.1000000015
21627  43.266  -59.739  11.594 0.1000000015
21636  44.497  -59.900  10.660 0.1000000015
20580  46.308  -60.703  9.792 0.1000000015
13254  48.996  -67.500  21.291 0.1000000015
13238  49.679  -67.294  22.351 0.1000000015
15337  48.578  -65.735  16.763 0.1000000015
21556  42.069  -60.139  16.300 0.1000000015
21576  42.698  -59.768  15.744 0.1000000015
21616  42.302  -59.719  12.762 0.1000000015
22684  43.418  -59.002  12.562 0.1000000015
21634  46.815  -59.810  10.218 0.1000000015
21643  46.666  -60.307  9.976 0.1000000015
21633  47.668  -59.602  10.486 0.1000000015
21632  48.506  -59.580  10.635 0.1000000015
14351  49.412  -67.001  17.885 0.1000000015
20499  44.499  -60.724  15.854 0.1000000015
22695  44.965  -58.510  11.343 0.1000000015
22700  49.061  -58.608  10.685 0.1000000015
22702  47.255  -58.902  10.644 0.1000000015
23732  49.653  -57.305  10.768 0.1000000015
13312  49.809  -67.205  18.607 0.1000000015
17307  47.302  -63.140  16.346 0.1000000015
19456  45.161  -61.052  15.638 0.1000000015
24764  45.733  -56.216  13.276 0.1000000015
24799  46.716  -56.502  12.062 0.1000000015
23708  45.422  -57.093  12.297 0.1000000015
23724  44.629  -58.209  11.922 0.1000000015
22683  44.109  -58.604  12.476 0.1000000015
22671  44.416  -58.276  13.397 0.1000000015
21594  44.887  -59.425  14.456 0.1000000015
23722  46.483  -57.192  11.649 0.1000000015
24796  49.605  -56.609  11.605 0.1000000015
22693  46.907  -58.151  11.086 0.1000000015
24810  51.721  -56.770  10.288 0.1000000015
24811  50.740  -56.791  10.854 0.1000000015
20529  45.286  -59.734  14.777 0.1000000015
25878  45.633  -56.143  13.996 0.1000000015
24750  44.715  -57.037  14.334 0.1000000015
23679  44.677  -57.733  13.975 0.1000000015
23676  51.341  -57.810  15.028 0.1000000015
18366  46.792  -61.482  15.513 0.1000000015
23677  50.617  -57.520  15.369 0.1000000015
21554  44.911  -59.083  16.582 0.1000000015
19408  46.387  -61.682  18.048 0.1000000015
25897  57.295  -54.997  10.633 0.4000000060
24836  56.114  -55.978  7.531 0.3000000119
25926  56.403  -55.291  7.995 0.3000000119
26936  56.954  -54.604  9.061 0.3000000119
26935  57.194  -54.034  9.182 0.4000000060
27984  57.421  -53.496  9.642 0.4000000060
26978  56.343  -54.738  7.588 0.3000000119
27999  57.225  -53.357  9.018 0.4000000060
12425  50.147  -68.328  7.683 0.1000000015
13476  50.205  -67.194  7.540 0.1000000015
16436  50.750  -64.481  8.327 0.2000000030
19567  51.763  -61.992  6.280 0.3000000119
27968  54.468  -53.264  9.598 0.4000000060
24837  55.874  -56.776  7.838 0.3000000119
23798  52.667  -57.595  5.561 0.4000000060
25964  53.640  -55.920  5.723 0.4000000060
18494  51.145  -62.659  6.881 0.2000000030
20638  51.935  -60.451  5.765 0.3000000119
24882  52.967  -56.622  5.733 0.4000000060
25947  53.381  -55.459  6.464 0.4000000060
27986  55.051  -53.584  8.904 0.4000000060
12440  49.587  -68.786  7.221 0.1000000015
17449  50.565  -63.068  6.942 0.3000000119
25965  52.826  -55.927  6.300 0.4000000060
26959  53.609  -54.684  7.697 0.4000000060
26937  53.265  -54.418  8.529 0.4000000060
12457  49.850  -68.881  6.373 0.1000000015
16449  50.077  -64.140  7.984 0.2000000030
18512  51.081  -62.141  6.335 0.3000000119
22778  52.013  -59.049  5.928 0.3000000119
25948  52.551  -55.551  6.881 0.4000000060
30097  54.819  -51.681  11.641 0.4000000060
30068  56.443  -51.428  12.624 0.4000000060
22761  52.243  -58.035  5.973 0.4000000060
24883  52.097  -56.365  6.549 0.4000000060
26960  52.673  -54.806  8.013 0.4000000060
27988  52.920  -54.079  9.383 0.4000000060
27987  53.999  -53.868  8.949 0.5000000000
12456  50.329  -68.561  5.812 0.2000000030
13486  50.278  -67.884  6.870 0.2000000030
14519  49.863  -66.424  7.701 0.2000000030
17450  49.920  -63.264  6.765 0.2000000030
15478  50.177  -65.460  8.347 0.2000000030
20620  51.162  -60.189  6.179 0.3000000119
22762  51.556  -58.562  6.258 0.3000000119
11463  49.628  -69.229  5.495 0.1000000015
25966  52.268  -55.871  6.701 0.4000000060
19585  51.146  -61.514  6.112 0.3000000119
23799  51.894  -57.336  6.324 0.4000000060
26983  52.125  -55.201  7.554 0.4000000060
29000  53.932  -52.828  10.371 0.5000000000
28984  54.395  -52.288  10.991 0.5000000000
30069  55.181  -51.321  12.564 0.4000000060
24861  51.448  -56.443  6.981 0.4000000060
26938  52.295  -54.501  8.818 0.4000000060
27969  53.437  -53.411  9.830 0.5000000000
28985  53.311  -52.273  11.016 0.5000000000
13487  49.801  -67.300  6.660 0.2000000030
15493  49.388  -65.354  7.761 0.2000000030
17437  49.285  -64.191  7.450 0.2000000030
18513  50.330  -62.454  6.270 0.4000000060
17466  49.583  -62.894  6.316 0.2000000030
20639  50.711  -60.892  5.992 0.3000000119
19586  49.944  -61.575  5.917 0.4000000060
21689  50.757  -59.482  6.425 0.3000000119
27970  52.457  -53.596  10.132 0.5000000000
30098  53.677  -51.717  11.620 0.5000000000
30043  55.778  -51.323  13.179 0.4000000060
19568  49.852  -61.045  6.048 0.4000000060
23800  50.828  -57.816  6.812 0.4000000060
25949  51.625  -55.792  7.180 0.4000000060
29001  52.910  -52.914  10.551 0.5000000000
14520  49.062  -66.138  7.314 0.2000000030
13503  50.326  -67.835  5.590 0.2000000030
16451  48.980  -64.647  7.355 0.2000000030
31159  54.923  -50.999  13.733 0.4000000060
17451  49.080  -63.896  7.107 0.2000000030
22763  50.402  -58.617  6.684 0.3000000119
24862  50.795  -56.389  7.423 0.4000000060
26961  51.713  -54.799  8.255 0.4000000060
11462  50.457  -69.056  5.027 0.2000000030
14531  48.492  -66.407  6.527 0.2000000030
18514  49.329  -62.466  6.144 0.3000000119
19587  48.915  -61.851  6.150 0.4000000060
21690  49.696  -59.389  6.618 0.3000000119
26939  51.327  -54.420  8.969 0.5000000000
29991  58.120  -51.546  16.371 0.4000000060
12471  50.608  -68.512  4.637 0.2000000030
13488  49.193  -67.033  6.246 0.2000000030
23777  49.871  -57.302  7.511 0.4000000060
25950  50.684  -55.695  7.734 0.4000000060
30071  52.997  -50.916  11.958 0.5000000000
31185  54.246  -50.766  12.900 0.4000000060
29944  57.390  -51.724  19.531 0.4000000060
12485  50.679  -68.365  3.476 0.2000000030
13505  48.700  -66.989  5.506 0.2000000030
16467  48.193  -64.506  6.804 0.2000000030
26920  50.945  -54.169  9.763 0.5000000000
29002  51.991  -53.094  10.808 0.5000000000
11502  49.632  -69.909  3.377 0.2000000030
19569  49.299  -61.093  6.237 0.4000000060
23801  50.120  -58.013  6.943 0.3000000119
26962  50.808  -54.746  8.435 0.5000000000
27971  51.510  -53.775  10.394 0.5000000000
30070  54.000  -51.241  12.313 0.5000000000
11520  50.515  -69.121  2.846 0.2000000030
29976  56.980  -51.150  17.784 0.4000000060
30012  56.425  -51.187  16.001 0.4000000060
31158  55.697  -51.149  14.605 0.4000000060
13504  49.617  -67.381  5.439 0.2000000030
18515  48.438  -62.564  6.227 0.4000000060
31186  53.326  -50.538  12.718 0.4000000060
13520  50.082  -67.809  4.236 0.2000000030
16468  47.620  -65.002  6.489 0.2000000030
13521  49.045  -67.341  4.428 0.2000000030
29993  56.278  -50.996  16.552 0.4000000060
31142  54.798  -50.771  14.948 0.4000000060
31143  53.729  -50.358  14.464 0.4000000060
24863  49.987  -56.162  7.856 0.3000000119
27955  51.099  -53.334  11.130 0.5000000000
30099  52.686  -51.677  11.531 0.5000000000
31160  53.660  -50.390  13.480 0.4000000060
22764  49.485  -58.397  6.948 0.4000000060
23755  49.549  -56.595  7.894 0.3000000119
25928  50.405  -55.250  8.143 0.4000000060
20622  48.819  -60.241  6.656 0.4000000060
27972  50.545  -53.782  10.508 0.5000000000
31131  54.888  -50.657  15.919 0.4000000060
30072  51.890  -51.267  12.206 0.5000000000
24840  49.217  -56.180  8.110 0.4000000060
26940  50.422  -54.421  9.122 0.5000000000
28987  51.547  -52.584  11.431 0.5000000000
26941  49.549  -54.521  9.283 0.5000000000
26964  49.131  -55.080  8.842 0.5000000000
26955  57.076  -53.770  8.685 0.4000000060
28003  54.051  -54.325  8.189 0.4000000060
29992  56.948  -51.184  16.795 0.4000000060
31141  55.679  -51.007  15.474 0.4000000060
22759  54.926  -57.884  5.995 0.3000000119
24880  55.493  -56.073  6.177 0.3000000119
25961  55.802  -55.312  6.447 0.2000000030
26996  56.205  -54.700  6.917 0.2000000030
20617  54.323  -59.974  6.814 0.2000000030
23797  54.744  -57.811  5.489 0.3000000119
23819  54.234  -57.632  4.818 0.3000000119
25980  54.435  -56.023  5.472 0.3000000119
20636  53.637  -60.365  5.716 0.2000000030
21700  53.645  -59.707  5.012 0.2000000030
22789  53.690  -58.516  4.496 0.2000000030
18488  51.408  -63.144  7.406 0.2000000030
10619  49.242  -70.453  1.520 0.1000000015
9751  49.054  -70.874  0.593 0.1000000015
15549  45.650  -65.539  3.575 0.1000000015
23774  54.960  -58.121  7.599 0.1000000015
24859  56.004  -55.864  7.029 0.2000000030
22739  55.040  -57.999  6.495 0.2000000030
24860  55.686  -56.440  6.944 0.2000000030
22722  53.715  -58.968  7.876 0.1000000015
20609  54.350  -59.870  7.187 0.1000000015
21675  54.569  -59.527  7.006 0.2000000030
21659  53.713  -59.948  7.864 0.1000000015
20597  53.482  -60.876  8.620 0.1000000015
11501  50.544  -69.122  3.870 0.1000000015
11521  49.851  -69.692  2.239 0.1000000015
13535  48.304  -67.279  3.481 0.1000000015
14561  46.970  -66.561  4.919 0.1000000015
14545  46.626  -65.906  5.088 0.1000000015
16481  46.184  -64.435  5.722 0.1000000015
13542  48.646  -67.400  2.416 0.1000000015
14562  46.354  -66.130  4.326 0.1000000015
15527  46.002  -65.189  4.868 0.1000000015
17453  46.189  -62.980  6.371 0.1000000015
15548  45.978  -65.907  3.905 0.1000000015
17471  44.965  -63.280  5.312 0.1000000015
20624  45.419  -60.956  6.899 0.1000000015
18517  44.994  -62.544  5.968 0.1000000015
20625  44.655  -60.656  6.597 0.1000000015
22741  54.400  -58.922  7.554 0.2000000030
19588  48.303  -62.019  6.297 0.1000000015
22742  48.930  -57.978  7.261 0.3000000119
13534  49.365  -67.559  3.270 0.1000000015
14532  47.700  -66.107  6.189 0.1000000015
17468  47.663  -63.319  6.228 0.1000000015
19560  47.518  -60.841  6.972 0.2000000030
22743  48.123  -58.498  7.364 0.3000000119
24841  48.324  -56.393  8.034 0.3000000119
25910  48.216  -55.090  8.820 0.3000000119
10634  49.537  -69.945  0.492 0.1000000015
15526  46.733  -65.307  5.620 0.1000000015
18497  46.618  -62.302  6.539 0.1000000015
21678  47.453  -59.394  7.344 0.2000000030
24864  47.695  -56.936  7.875 0.3000000119
13541  49.588  -67.558  2.201 0.1000000015
19572  46.111  -61.524  6.869 0.1000000015
22745  45.971  -58.639  7.510 0.2000000030
24865  46.937  -56.981  7.848 0.3000000119
21680  45.548  -59.568  7.374 0.1000000015
23781  45.442  -57.921  7.725 0.2000000030
24843  46.399  -56.605  8.410 0.4000000060
19589  44.406  -61.508  5.866 0.1000000015
22746  45.031  -58.779  7.473 0.1000000015
23759  44.950  -57.381  8.186 0.3000000119
23687  53.158  -58.016  13.745 0.1000000015
24775  53.555  -56.800  12.043 0.1000000015
28965  51.163  -51.987  12.024 0.4000000060
27973  49.607  -53.731  10.563 0.4000000060
25930  48.716  -55.656  8.410 0.3000000119
26942  48.654  -54.605  9.370 0.4000000060
26922  49.124  -54.189  9.970 0.4000000060
26943  47.750  -54.676  9.433 0.4000000060
27975  47.761  -53.874  10.745 0.4000000060
25932  47.052  -55.889  8.556 0.4000000060
26945  46.093  -55.157  9.864 0.5000000000
23758  45.823  -57.270  8.169 0.3000000119
24822  45.730  -56.245  9.092 0.5000000000
19590  44.098  -60.875  5.557 0.2000000030
21692  44.261  -59.915  6.649 0.1000000015
24823  44.944  -56.305  9.206 0.4000000060
18549  44.541  -62.519  4.090 0.1000000015
19602  44.148  -61.149  4.784 0.1000000015
21682  44.037  -59.407  6.909 0.2000000030
22747  44.192  -58.803  7.296 0.2000000030
18559  45.768  -62.484  2.355 0.1000000015
19618  44.706  -61.535  3.700 0.1000000015
21703  43.661  -59.503  5.697 0.2000000030
18583  46.434  -63.021  1.851 0.1000000015
19635  45.198  -61.728  2.977 0.1000000015
31187  52.318  -50.480  12.663 0.4000000060
31188  51.265  -50.477  12.712 0.4000000060
27957  49.177  -53.350  11.279 0.4000000060
28988  50.626  -52.691  11.678 0.4000000060
27974  48.684  -53.780  10.644 0.4000000060
28989  49.660  -52.771  11.826 0.4000000060
26944  46.890  -54.950  9.646 0.4000000060
26925  46.391  -54.605  10.333 0.4000000060
27976  46.814  -53.968  10.848 0.4000000060
26926  45.301  -54.846  10.325 0.5000000000
25899  45.077  -55.239  10.023 0.4000000060
23783  43.646  -57.896  7.410 0.3000000119
23760  44.061  -57.344  8.103 0.4000000060
24824  44.108  -56.234  9.134 0.4000000060
20665  45.339  -59.976  3.442 0.2000000030
20666  44.554  -60.317  3.946 0.2000000030
22748  43.619  -58.800  6.821 0.2000000030
20682  45.775  -60.466  3.084 0.1000000015
19617  45.227  -60.886  3.303 0.2000000030
17562  48.581  -63.271  -0.972 0.1000000015
31162  51.738  -49.913  13.157 0.4000000060
31161  52.614  -50.083  13.384 0.4000000060
30074  49.543  -51.096  12.934 0.4000000060
28968  48.214  -52.435  12.544 0.4000000060
28967  49.124  -52.145  12.393 0.4000000060
27959  47.301  -53.480  11.458 0.4000000060
26913  45.849  -54.221  11.058 0.4000000060
27960  46.340  -53.590  11.607 0.4000000060
25915  43.828  -55.603  9.567 0.4000000060
25900  44.560  -55.265  10.017 0.4000000060
23802  43.186  -57.858  6.486 0.3000000119
23761  43.286  -57.186  8.057 0.3000000119
24846  43.613  -56.691  8.587 0.4000000060
21736  45.989  -59.824  3.163 0.2000000030
21725  44.858  -59.229  3.808 0.2000000030
21716  43.821  -59.336  5.058 0.2000000030
22779  43.461  -58.570  5.612 0.2000000030
20681  46.386  -60.330  2.739 0.2000000030
17577  49.918  -62.569  -2.672 0.1000000015
17578  49.416  -63.073  -2.197 0.1000000015
18624  49.575  -62.567  -1.188 0.1000000015
31132  53.990  -50.273  15.540 0.3000000119
32288  52.257  -49.547  14.252 0.4000000060
32287  52.966  -49.957  14.462 0.3000000119
31189  50.241  -50.485  12.893 0.4000000060
31165  48.837  -50.391  13.831 0.4000000060
30076  47.742  -52.043  13.002 0.4000000060
30075  48.475  -51.680  12.954 0.4000000060
27945  45.856  -53.044  12.308 0.4000000060
27944  46.855  -53.081  12.189 0.4000000060
26927  44.229  -54.581  10.564 0.4000000060
27961  45.325  -53.635  11.713 0.3000000119
25968  42.198  -55.411  7.141 0.3000000119
25934  42.082  -55.555  8.160 0.3000000119
25933  42.479  -55.431  8.831 0.3000000119
25916  42.919  -55.288  9.499 0.3000000119
25901  43.590  -54.984  10.129 0.3000000119
23843  45.568  -57.388  3.568 0.2000000030
23844  44.980  -57.426  3.798 0.2000000030
24904  43.115  -56.460  5.315 0.3000000119
24905  42.741  -56.297  5.987 0.2000000030
24847  42.665  -56.350  8.344 0.3000000119
24826  42.822  -55.774  8.920 0.3000000119
21724  45.707  -59.050  3.373 0.2000000030
23822  43.259  -57.352  5.469 0.2000000030
21735  46.561  -59.176  2.834 0.2000000030
31124  54.306  -50.196  16.325 0.3000000119
32258  53.894  -49.312  17.172 0.3000000119
32268  53.448  -49.609  16.365 0.3000000119
32269  52.574  -49.316  16.001 0.4000000060
32275  52.942  -49.768  15.212 0.3000000119
32290  50.428  -48.691  14.521 0.3000000119
33503  50.913  -48.403  15.143 0.4000000060
32306  48.421  -49.738  14.199 0.4000000060
33516  49.366  -48.668  14.342 0.4000000060
31164  49.614  -50.198  13.589 0.4000000060
31166  47.872  -50.476  13.852 0.4000000060
30046  47.579  -51.322  13.382 0.4000000060
28948  45.694  -51.739  13.319 0.3000000119
28970  46.442  -52.523  12.830 0.4000000060
28946  47.015  -52.061  13.269 0.4000000060
28004  41.795  -53.619  9.192 0.3000000119
27979  41.968  -53.271  10.387 0.2000000030
29003  42.342  -53.047  11.112 0.2000000030
28972  44.180  -52.251  12.663 0.2000000030
27946  44.785  -53.022  12.340 0.3000000119
28971  45.372  -52.227  12.995 0.3000000119
26984  42.033  -54.124  7.546 0.3000000119
26966  42.106  -54.566  8.802 0.3000000119
27990  42.390  -53.977  10.158 0.2000000030
27977  43.084  -53.694  10.928 0.2000000030
26915  43.858  -53.924  11.058 0.2000000030
24932  45.926  -56.467  3.583 0.2000000030
26005  44.062  -55.600  4.631 0.3000000119
25982  43.264  -55.515  5.292 0.3000000119
25967  42.408  -55.369  6.652 0.3000000119
31112  55.736  -50.379  18.009 0.3000000119
31121  56.438  -50.854  17.563 0.3000000119
31123  55.011  -50.405  16.851 0.3000000119
32307  47.130  -49.641  14.155 0.3000000119
31192  43.457  -50.445  12.273 0.2000000030
32310  44.511  -49.984  12.905 0.2000000030
31168  45.561  -50.383  13.561 0.2000000030
32308  45.961  -49.573  13.902 0.2000000030
30112  42.007  -51.367  11.066 0.2000000030
28974  42.622  -52.060  12.042 0.2000000030
30079  43.564  -51.372  12.606 0.2000000030
30078  44.614  -51.332  13.116 0.2000000030
29961  56.748  -50.847  18.618 0.2000000030
18582  46.918  -62.170  1.518 0.1000000015
18558  46.317  -61.747  2.154 0.1000000015
26004  44.835  -55.689  4.240 0.3000000119
22799  46.434  -58.303  3.037 0.2000000030
28016  56.272  -54.239  7.694 0.3000000119
26997  55.586  -54.729  6.538 0.3000000119
25962  55.114  -55.558  5.745 0.3000000119
21701  52.964  -59.411  5.064 0.2000000030
23686  54.095  -58.104  13.529 0.1000000015
23751  55.554  -57.279  8.171 0.2000000030
25946  56.253  -55.356  7.077 0.2000000030
16479  47.945  -63.898  6.412 0.1000000015
21691  48.773  -59.162  6.963 0.3000000119
31111  56.422  -50.744  18.156 0.3000000119
16480  47.283  -64.462  6.148 0.1000000015
31144  52.998  -50.135  13.993 0.3000000119
19570  48.216  -61.281  6.587 0.3000000119
23756  49.104  -56.806  8.012 0.2000000030
20612  47.955  -60.165  7.048 0.2000000030
14560  47.447  -66.619  5.235 0.1000000015
22760  54.751  -58.560  5.965 0.2000000030
23818  54.703  -57.099  5.433 0.3000000119
20635  54.129  -59.932  6.193 0.1000000015
21712  54.155  -59.127  4.781 0.2000000030
15537  45.492  -65.079  4.242 0.1000000015
23773  55.320  -57.558  7.309 0.2000000030
13536  47.297  -67.162  3.586 0.1000000015
14544  47.174  -66.163  5.621 0.1000000015
17469  46.626  -63.625  6.152 0.1000000015
16482  45.295  -64.218  5.104 0.1000000015
18516  45.477  -62.734  6.203 0.1000000015
20614  46.064  -60.465  7.259 0.1000000015
18496  47.619  -62.298  6.389 0.2000000030
23778  48.494  -57.374  7.721 0.3000000119
19561  46.769  -60.954  7.088 0.2000000030
23779  47.426  -57.633  7.628 0.3000000119
24842  47.345  -56.355  8.083 0.4000000060
26923  48.215  -54.256  10.051 0.4000000060
21679  46.499  -59.481  7.444 0.3000000119
22744  46.972  -58.536  7.502 0.3000000119
23757  46.291  -57.154  8.097 0.3000000119
28966  50.120  -51.944  12.162 0.4000000060
27958  48.245  -53.426  11.372 0.4000000060
20654  44.123  -60.063  4.685 0.2000000030
30073  50.697  -51.184  12.455 0.4000000060
28990  48.740  -52.985  12.027 0.4000000060
22792  43.881  -58.295  4.831 0.2000000030
32303  51.380  -49.396  13.738 0.4000000060
24867  42.431  -56.355  7.469 0.3000000119
23823  42.897  -57.116  6.147 0.2000000030
23835  43.725  -57.444  4.799 0.2000000030
32289  51.118  -48.831  14.598 0.4000000060
32276  51.822  -49.047  15.418 0.4000000060
32304  50.255  -49.222  14.090 0.4000000060
26985  42.007  -54.696  7.752 0.3000000119
24933  45.026  -56.660  3.860 0.2000000030
24922  43.626  -56.612  4.768 0.2000000030
33483  52.210  -48.602  16.314 0.4000000060
31167  46.656  -50.593  13.746 0.4000000060
29020  41.453  -52.729  8.880 0.2000000030
30113  41.624  -51.898  10.598 0.2000000030
28993  41.919  -52.321  11.112 0.2000000030
27948  43.272  -52.860  11.914 0.2000000030
33491  51.699  -48.522  15.864 0.3000000119
33482  52.770  -49.111  16.492 0.2000000030
34737  51.937  -47.680  16.610 0.3000000119
32257  54.754  -49.665  17.735 0.2000000030
33470  54.066  -48.615  17.560 0.2000000030
19565  53.335  -61.716  6.349 0.1000000015
18492  53.065  -62.267  6.799 0.1000000015
19566  52.677  -61.980  6.089 0.1000000015
24838  54.904  -57.548  8.597 0.1000000015
20637  52.938  -60.547  5.168 0.1000000015
17423  51.467  -64.057  8.121 0.1000000015
18487  51.933  -62.918  7.414 0.1000000015
29945  56.912  -51.018  19.343 0.1000000015
31087  56.562  -50.252  19.340 0.1000000015
32232  56.624  -49.363  19.872 0.1000000015
32242  56.166  -49.655  19.324 0.1000000015
31100  55.649  -50.005  18.602 0.1000000015
32233  56.111  -48.970  19.442 0.1000000015
32244  55.037  -49.135  18.432 0.1000000015
33457  55.251  -48.333  18.530 0.1000000015
33458  54.649  -48.529  18.067 0.1000000015
33472  52.445  -48.152  16.781 0.2000000030
34727  54.302  -48.019  17.763 0.1000000015
34714  54.061  -46.850  17.880 0.2000000030
34748  50.387  -47.273  15.485 0.2000000030
35888  53.700  -46.417  17.569 0.2000000030
35901  52.188  -47.141  16.924 0.2000000030
35902  51.601  -46.610  16.745 0.2000000030
34738  51.090  -47.398  16.078 0.2000000030
36991  53.452  -45.319  16.704 0.2000000030
36977  52.375  -45.835  16.958 0.2000000030
35903  50.834  -46.453  16.230 0.2000000030
33505  49.468  -47.965  14.550 0.2000000030
33506  48.681  -47.965  14.236 0.2000000030
33517  48.529  -48.761  14.237 0.2000000030
33508  47.029  -48.062  14.368 0.1000000015
35887  54.076  -45.962  17.564 0.2000000030
35917  50.361  -46.326  15.687 0.2000000030
35926  49.735  -46.341  15.149 0.2000000030
34757  48.785  -47.253  14.603 0.1000000015
37018  48.259  -45.867  14.350 0.1000000015
34758  47.964  -47.294  14.350 0.1000000015
31099  56.090  -50.273  18.790 0.1000000015
29931  57.122  -51.096  20.154 0.1000000015
31077  56.938  -50.308  20.053 0.1000000015
32224  57.286  -49.595  20.679 0.1000000015
33446  56.532  -48.309  19.672 0.1000000015
33447  55.837  -48.269  19.140 0.1000000015
34728  53.616  -47.543  17.595 0.2000000030
36993  51.721  -45.493  16.404 0.2000000030
27009  43.876  -54.428  5.360 0.2000000030
27010  42.810  -54.388  6.027 0.2000000030
27029  44.744  -54.485  4.750 0.2000000030
28044  44.346  -53.765  5.332 0.2000000030
28018  42.039  -53.751  7.331 0.2000000030
28046  42.942  -53.077  6.258 0.2000000030
28033  42.371  -53.542  6.779 0.2000000030
28061  44.941  -53.119  4.979 0.2000000030
28019  41.822  -53.629  8.085 0.2000000030
29043  42.345  -52.576  6.733 0.1000000015
29056  42.782  -52.094  6.214 0.2000000030
30135  41.858  -52.207  7.186 0.2000000030
29031  41.523  -52.471  7.891 0.2000000030
31261  42.611  -50.919  6.024 0.1000000015
31248  42.143  -50.381  6.560 0.1000000015
31238  41.697  -50.513  7.454 0.1000000015
32394  43.708  -48.786  6.275 0.1000000015
32412  44.380  -48.900  5.754 0.1000000015
36959  54.981  -45.690  17.989 0.1000000015
31223  41.596  -51.051  9.359 0.1000000015
32379  42.185  -49.479  7.610 0.1000000015
31233  41.655  -50.613  8.357 0.1000000015
32395  42.679  -49.234  6.756 0.1000000015
33598  42.585  -48.866  7.813 0.1000000015
34864  43.364  -47.137  7.861 0.1000000015
33612  43.300  -48.380  6.835 0.1000000015
37123  42.473  -45.517  8.290 0.1000000015
37970  54.323  -45.028  16.943 0.1000000015
36972  56.165  -44.875  17.561 0.1000000015
36973  55.275  -45.069  17.561 0.1000000015
30102  42.433  -51.501  11.674 0.1000000015
31216  41.559  -51.351  10.013 0.1000000015
32376  41.856  -50.061  8.324 0.1000000015
31222  41.972  -50.234  9.155 0.1000000015
33597  43.185  -48.044  7.891 0.1000000015
36039  42.910  -46.117  8.264 0.1000000015
36038  43.348  -46.430  8.542 0.1000000015
37968  55.677  -44.694  16.861 0.1000000015
36992  52.654  -45.394  16.552 0.1000000015
32361  44.639  -49.173  9.715 0.1000000015
32340  43.521  -49.768  11.542 0.1000000015
34818  45.475  -47.756  9.990 0.1000000015
32362  43.677  -49.212  9.880 0.1000000015
32353  42.633  -49.973  10.384 0.1000000015
31214  42.678  -50.154  10.734 0.1000000015
34819  44.930  -47.343  10.023 0.1000000015
33577  43.233  -48.729  9.476 0.1000000015
38062  45.069  -45.342  10.028 0.1000000015
36018  44.469  -46.832  9.770 0.1000000015
33589  42.787  -48.725  8.768 0.1000000015
40036  46.068  -42.851  9.357 0.1000000015
38077  44.413  -44.934  9.658 0.1000000015
36019  43.839  -46.591  9.175 0.1000000015
39071  44.774  -43.938  9.619 0.1000000015
37981  55.121  -44.535  16.158 0.1000000015
37982  54.097  -44.766  16.363 0.1000000015
32322  43.437  -49.995  11.937 0.1000000015
39068  47.938  -43.814  9.753 0.1000000015
38060  46.402  -45.211  10.139 0.1000000015
39069  46.857  -43.883  10.308 0.1000000015
32320  44.885  -49.325  12.540 0.1000000015
30161  43.107  -51.490  5.773 0.1000000015
31260  43.307  -50.570  5.613 0.1000000015
37097  43.585  -45.886  9.019 0.1000000015
39072  43.692  -43.924  9.180 0.1000000015
32351  44.325  -49.430  10.345 0.1000000015
22882  50.698  -58.878  -1.858 0.1000000015
23926  50.997  -58.269  -1.326 0.1000000015
22883  50.183  -58.977  -2.019 0.1000000015
21831  49.972  -59.434  -2.885 0.1000000015
19707  48.398  -60.874  -2.379 0.1000000015
19727  47.649  -61.948  -2.802 0.1000000015
17579  46.031  -63.398  -2.147 0.1000000015
22881  51.155  -58.882  -1.638 0.1000000015
23925  51.253  -57.920  -0.942 0.1000000015
21812  49.537  -59.546  -2.124 0.1000000015
19725  48.875  -60.755  -3.031 0.1000000015
24987  52.317  -56.189  -0.848 0.1000000015
24969  52.158  -56.526  0.140 0.1000000015
22817  51.261  -58.162  0.680 0.1000000015
21777  51.355  -59.067  -0.389 0.1000000015
22892  50.780  -59.313  -2.198 0.1000000015
23909  50.301  -57.793  -0.615 0.1000000015
23860  51.073  -57.351  1.142 0.1000000015
22818  50.396  -58.251  1.250 0.1000000015
24988  51.801  -56.181  -1.005 0.1000000015
26054  52.220  -55.610  0.186 0.1000000015
28107  51.460  -53.903  0.543 0.1000000015
26071  51.358  -55.362  -0.493 0.1000000015
27087  52.220  -55.157  -0.319 0.1000000015
28129  51.284  -53.625  -0.180 0.1000000015
22840  51.560  -58.093  0.055 0.1000000015
17580  45.488  -63.498  -1.676 0.1000000015
8522  43.103  -72.661  22.489 0.1000000015
8559  44.110  -72.372  18.973 0.1000000015
8576  44.153  -72.714  18.496 0.1000000015
9363  45.116  -71.377  25.461 0.1000000015
9451  44.225  -72.229  18.202 0.1000000015
9492  44.225  -72.476  17.330 0.1000000015
9735  49.005  -70.870  1.189 0.1000000015
10275  46.066  -71.051  25.747 0.1000000015
10276  45.423  -71.303  25.641 0.1000000015
10329  43.919  -71.244  23.097 0.1000000015
10352  43.939  -70.670  21.711 0.1000000015
11166  46.595  -70.450  25.788 0.1000000015
11195  46.264  -69.470  24.517 0.1000000015
11197  44.899  -70.514  24.056 0.1000000015
11214  45.230  -69.593  23.544 0.1000000015
11480  50.566  -69.057  4.498 0.1000000015
11531  50.349  -68.894  1.859 0.2000000030
12160  47.536  -68.892  25.845 0.1000000015
12179  48.106  -67.945  24.965 0.1000000015
12230  45.385  -68.553  22.433 0.1000000015
12285  41.850  -68.631  17.647 0.1000000015
12302  41.284  -68.372  16.788 0.1000000015
12439  50.116  -68.476  6.762 0.1000000015
12506  50.431  -68.194  1.467 0.2000000030
12520  50.072  -68.457  0.560 0.2000000030
12539  50.100  -67.982  0.254 0.2000000030
13191  49.348  -66.754  23.967 0.1000000015
13252  50.744  -66.953  20.537 0.1000000015
13288  50.431  -66.761  19.119 0.1000000015
13289  50.184  -67.191  19.205 0.1000000015
13294  44.137  -68.330  19.836 0.1000000015
13310  50.403  -66.684  18.889 0.1000000015
13311  50.245  -66.851  18.793 0.1000000015
13313  49.169  -67.452  18.501 0.1000000015
13363  39.611  -67.153  15.223 0.1000000015
13522  47.820  -66.970  4.642 0.1000000015
13523  46.817  -66.910  4.215 0.1000000015
13524  46.447  -66.586  3.896 0.1000000015
13553  50.177  -67.762  1.070 0.2000000030
13573  50.080  -67.791  0.588 0.2000000030
13574  49.805  -67.599  0.587 0.1000000015
13576  48.394  -67.328  0.713 0.1000000015
13593  50.127  -67.859  0.399 0.2000000030
13596  48.745  -67.414  0.222 0.1000000015
14264  51.732  -65.955  22.452 0.1000000015
14306  51.823  -65.729  21.581 0.1000000015
14308  47.298  -67.247  21.110 0.1000000015
14309  47.126  -67.310  21.380 0.1000000015
14324  46.073  -67.191  21.020 0.1000000015
14332  50.601  -66.482  19.415 0.1000000015
14350  50.069  -66.704  18.233 0.1000000015
14373  49.862  -66.305  17.541 0.1000000015
14401  39.026  -66.436  15.113 0.1000000015
14402  38.603  -66.104  14.829 0.1000000015
14417  37.749  -65.819  13.803 0.1000000015
14530  49.308  -66.686  6.909 0.2000000030
14543  47.859  -66.618  5.669 0.1000000015
14574  46.092  -66.272  3.512 0.1000000015
14632  48.460  -67.206  -0.944 0.1000000015
14648  47.896  -66.656  -1.015 0.1000000015
15216  51.690  -65.273  23.457 0.1000000015
15227  51.797  -65.466  22.924 0.1000000015
15336  49.566  -65.353  16.877 0.1000000015
15341  44.733  -65.099  18.125 0.1000000015
15344  39.394  -64.984  16.427 0.1000000015
15356  49.277  -64.793  16.609 0.1000000015
15358  48.132  -65.128  16.619 0.1000000015
15361  38.465  -65.019  15.450 0.1000000015
15387  37.740  -65.425  14.039 0.1000000015
15414  37.356  -65.775  12.969 0.1000000015
15434  44.394  -65.616  11.369 0.1000000015
15453  45.431  -65.206  11.085 0.1000000015
15494  48.606  -65.463  7.144 0.2000000030
15511  47.921  -65.532  6.638 0.2000000030
15512  47.362  -65.460  6.142 0.1000000015
15528  45.476  -64.753  4.644 0.1000000015
15536  45.877  -65.593  4.193 0.1000000015
15631  48.793  -65.292  -2.550 0.1000000015
16277  49.588  -64.776  18.063 0.1000000015
16291  49.541  -64.707  17.263 0.1000000015
16294  43.873  -64.964  18.367 0.1000000015
16297  41.769  -64.543  18.154 0.1000000015
16302  49.089  -64.249  16.891 0.1000000015
16319  49.515  -64.786  16.606 0.1000000015
16320  48.975  -64.332  16.513 0.1000000015
16323  39.079  -64.456  16.251 0.1000000015
16336  37.895  -64.255  14.643 0.1000000015
16348  38.041  -65.025  14.746 0.1000000015
16349  37.781  -64.695  14.359 0.1000000015
16389  44.574  -64.742  11.520 0.1000000015
16390  43.546  -64.759  11.658 0.1000000015
16412  43.277  -64.881  11.192 0.1000000015
16437  49.884  -64.736  8.211 0.2000000030
16450  49.505  -64.465  7.759 0.2000000030
16470  40.136  -64.824  6.541 0.1000000015
16472  38.738  -64.778  6.963 0.1000000015
16483  44.887  -63.703  4.915 0.1000000015
16559  47.760  -64.625  -0.950 0.1000000015
17271  47.304  -63.146  18.816 0.1000000015
17290  48.636  -63.745  16.974 0.1000000015
17292  46.786  -63.667  16.634 0.1000000015
17308  46.322  -62.973  16.331 0.1000000015
17311  38.759  -63.656  15.966 0.1000000015
17321  37.938  -63.806  14.799 0.1000000015
17357  42.734  -63.235  12.231 0.1000000015
17366  41.916  -63.648  11.779 0.1000000015
17387  43.978  -63.119  11.172 0.1000000015
17390  41.126  -63.191  10.162 0.1000000015
17391  38.344  -62.851  10.528 0.1000000015
17424  50.994  -63.987  8.074 0.2000000030
17425  41.151  -63.641  8.945 0.1000000015
17429  37.789  -63.874  8.913 0.1000000015
17434  51.780  -63.514  7.719 0.1000000015
17435  50.768  -63.561  7.609 0.3000000119
17436  49.730  -63.849  7.492 0.2000000030
17440  38.570  -63.813  8.298 0.1000000015
17452  46.940  -62.925  6.314 0.1000000015
17454  45.738  -62.903  6.277 0.1000000015
17467  48.758  -63.335  6.470 0.3000000119
17470  45.618  -63.400  5.965 0.1000000015
17563  48.037  -63.830  -0.779 0.2000000030
17597  49.753  -62.929  -3.284 0.1000000015
17600  45.787  -63.841  -2.390 0.1000000015
18303  46.052  -62.410  20.021 0.1000000015
18314  46.848  -62.660  18.773 0.1000000015
18325  46.571  -62.074  18.331 0.1000000015
18326  46.131  -62.049  18.907 0.1000000015
18338  47.009  -62.139  17.738 0.1000000015
18369  38.515  -62.715  15.562 0.1000000015
18412  43.300  -62.960  11.908 0.1000000015
18423  43.123  -62.036  11.555 0.1000000015
18428  37.840  -63.019  11.382 0.1000000015
18445  38.868  -62.613  10.882 0.1000000015
18446  38.184  -62.807  10.983 0.1000000015
18486  52.767  -62.771  7.724 0.1000000015
18493  52.207  -62.322  6.897 0.1000000015
18495  50.482  -62.863  6.654 0.2000000030
18498  45.771  -62.399  6.490 0.1000000015
18499  45.329  -62.378  6.313 0.1000000015
18560  44.800  -62.526  3.154 0.1000000015
18660  47.213  -62.617  -2.904 0.1000000015
19419  44.442  -62.183  16.971 0.1000000015
19424  39.928  -61.950  17.079 0.1000000015
19443  40.072  -61.368  16.917 0.1000000015
19494  42.317  -61.567  12.261 0.1000000015
19498  39.177  -61.520  13.453 0.1000000015
19516  45.432  -61.924  9.954 0.1000000015
19559  47.981  -60.737  6.863 0.2000000030
19571  47.136  -61.549  6.737 0.2000000030
19573  45.170  -61.755  6.517 0.1000000015
19582  53.519  -61.060  6.232 0.2000000030
19583  53.150  -61.311  5.632 0.1000000015
19603  43.978  -60.625  5.319 0.1000000015
19632  47.418  -60.798  1.904 0.3000000119
19633  46.781  -61.107  2.173 0.2000000030
19634  45.869  -61.230  2.623 0.1000000015
19706  48.749  -60.605  -2.669 0.1000000015
20484  46.386  -60.614  16.436 0.1000000015
20487  41.096  -61.091  17.193 0.1000000015
20488  40.755  -61.106  17.133 0.1000000015
20501  42.708  -60.489  16.417 0.1000000015
20502  41.728  -60.775  16.873 0.1000000015
20504  39.919  -61.119  16.624 0.1000000015
20518  43.865  -60.170  15.720 0.1000000015
20519  43.257  -60.234  16.065 0.1000000015
20530  45.093  -59.949  14.800 0.1000000015
20533  39.688  -60.725  15.289 0.1000000015
20538  41.164  -60.280  13.719 0.1000000015
20567  47.402  -60.093  10.251 0.1000000015
20568  45.466  -61.143  9.980 0.1000000015
20578  47.664  -60.769  10.097 0.1000000015
20611  48.408  -59.740  6.945 0.2000000030
20613  47.054  -60.256  7.346 0.2000000030
20615  45.224  -60.296  7.123 0.1000000015
20619  51.743  -59.946  5.957 0.3000000119
20621  50.039  -60.439  6.214 0.4000000060
20623  48.239  -60.614  6.789 0.2000000030
20626  44.167  -60.243  6.288 0.2000000030
20640  50.124  -61.013  6.000 0.4000000060
20641  44.220  -60.727  6.037 0.2000000030
20642  43.923  -60.272  5.785 0.2000000030
20655  43.890  -60.171  5.202 0.1000000015
20698  49.564  -60.172  0.773 0.1000000015
20755  49.387  -59.833  -2.539 0.1000000015
20756  48.996  -60.231  -2.436 0.1000000015
20776  49.485  -59.885  -2.800 0.1000000015
20777  49.244  -60.280  -3.090 0.1000000015
21533  44.524  -58.974  18.383 0.1000000015
21539  53.368  -59.036  17.550 0.1000000015
21541  45.303  -59.822  16.781 0.1000000015
21542  44.827  -59.435  17.283 0.1000000015
21548  55.270  -59.172  16.312 0.1000000015
21550  53.800  -59.107  16.873 0.1000000015
21555  42.484  -60.094  16.171 0.1000000015
21568  55.312  -59.352  15.934 0.1000000015
21569  54.447  -59.423  16.192 0.1000000015
21570  53.655  -59.371  16.289 0.1000000015
21572  46.151  -60.022  15.552 0.1000000015
21573  45.802  -59.673  15.372 0.1000000015
21577  41.545  -59.816  15.941 0.1000000015
21578  40.884  -60.100  16.186 0.1000000015
21590  54.758  -59.427  15.501 0.1000000015
21592  53.373  -59.410  15.845 0.1000000015
21593  45.399  -59.404  14.822 0.1000000015
21615  42.953  -59.383  12.286 0.1000000015
21617  41.831  -59.743  13.382 0.1000000015
21644  46.362  -60.187  9.999 0.1000000015
21660  53.208  -59.903  8.353 0.1000000015
21676  54.266  -59.492  7.408 0.1000000015
21677  48.139  -59.396  7.154 0.3000000119
21681  44.652  -59.672  7.135 0.1000000015
21687  54.502  -59.366  6.427 0.2000000030
21688  51.595  -59.484  6.121 0.3000000119
21693  43.802  -59.617  6.359 0.2000000030
21699  54.254  -59.414  5.513 0.1000000015
21702  52.177  -59.514  5.724 0.3000000119
21713  53.680  -59.051  4.636 0.2000000030
21714  53.427  -58.853  4.673 0.2000000030
21715  44.295  -59.301  4.447 0.2000000030
21723  46.165  -58.692  3.179 0.2000000030
21755  48.405  -59.181  1.734 0.2000000030
21756  47.783  -59.620  2.060 0.2000000030
21829  50.997  -59.794  -2.333 0.1000000015
21830  50.388  -59.729  -2.735 0.1000000015
22603  52.379  -58.812  18.815 0.1000000015
22625  55.229  -58.909  16.472 0.1000000015
22630  45.346  -59.109  15.892 0.1000000015
22636  55.961  -58.547  15.343 0.1000000015
22637  55.626  -58.726  15.698 0.1000000015
22638  55.345  -58.514  16.087 0.1000000015
22652  55.070  -59.093  14.797 0.1000000015
22673  43.187  -59.021  13.747 0.1000000015
22682  55.856  -58.465  13.229 0.2000000030
22705  44.548  -59.144  11.044 0.1000000015
22740  54.899  -58.752  7.093 0.2000000030
22765  48.817  -58.502  7.126 0.3000000119
22766  43.373  -58.933  6.206 0.2000000030
22776  54.519  -58.549  5.045 0.3000000119
22788  54.093  -58.524  4.573 0.2000000030
22790  53.243  -58.450  4.718 0.5000000000
22791  44.479  -58.502  4.207 0.2000000030
22800  45.923  -58.177  3.370 0.2000000030
22801  45.092  -58.183  3.721 0.2000000030
22816  51.551  -57.882  0.409 0.1000000015
22864  51.462  -58.184  -0.763 0.1000000015
22865  50.599  -58.368  -1.271 0.1000000015
22891  51.053  -59.428  -2.052 0.1000000015
22893  50.439  -59.230  -2.429 0.1000000015
23645  53.834  -58.280  16.822 0.1000000015
23646  53.351  -57.884  17.422 0.1000000015
23658  55.681  -58.188  15.611 0.2000000030
23663  50.625  -57.896  16.216 0.1000000015
23665  44.788  -57.727  14.775 0.1000000015
23672  56.070  -57.727  15.103 0.3000000119
23678  50.210  -57.520  15.819 0.1000000015
23690  50.768  -57.384  14.635 0.1000000015
23700  57.218  -57.152  12.281 0.2000000030
23707  45.827  -57.087  11.999 0.1000000015
23719  49.366  -56.899  11.139 0.1000000015
23734  47.721  -58.239  11.036 0.1000000015
23738  55.604  -57.159  8.450 0.4000000060
23739  55.423  -57.292  8.491 0.4000000060
23752  54.977  -57.705  8.224 0.1000000015
23775  51.621  -56.765  6.704 0.4000000060
23776  51.109  -57.023  7.029 0.4000000060
23780  46.409  -57.624  7.747 0.3000000119
23782  44.538  -58.007  7.656 0.2000000030
23784  42.862  -57.177  7.459 0.3000000119
23796  55.067  -57.135  6.170 0.3000000119
23803  42.739  -56.841  6.729 0.3000000119
23831  53.951  -58.173  4.478 0.2000000030
23832  53.676  -58.027  4.501 0.2000000030
23833  53.370  -57.951  4.600 0.5000000000
23834  44.373  -57.451  4.270 0.2000000030
23850  49.529  -56.946  1.918 0.2000000030
23852  47.755  -57.237  2.702 0.3000000119
23853  47.137  -57.366  2.878 0.3000000119
23859  51.693  -57.374  0.431 0.2000000030
23862  49.407  -57.417  1.811 0.1000000015
23880  52.278  -56.546  -0.690 0.1000000015
23881  52.085  -57.129  -0.335 0.1000000015
23906  52.238  -56.501  -0.925 0.1000000015
23907  51.889  -56.921  -0.799 0.1000000015
23908  51.155  -57.194  -0.772 0.1000000015
24710  44.910  -56.845  17.082 0.1000000015
24717  51.330  -56.567  17.286 0.2000000030
24727  53.583  -57.276  15.841 0.2000000030
24735  44.708  -56.944  15.199 0.1000000015
24748  47.895  -56.172  15.076 0.1000000015
24759  53.978  -56.145  14.357 0.5000000000
24766  44.734  -57.190  13.708 0.1000000015
24784  44.819  -57.108  13.224 0.1000000015
24825  43.305  -55.997  9.010 0.3000000119
24839  54.606  -57.536  8.622 0.1000000015
24844  45.394  -56.791  8.649 0.3000000119
24845  44.494  -56.833  8.691 0.4000000060
24848  42.147  -56.141  7.951 0.3000000119
24866  46.521  -57.089  8.023 0.3000000119
24868  42.157  -55.878  7.684 0.3000000119
24879  55.876  -55.775  6.689 0.2000000030
24881  53.518  -56.347  5.533 0.4000000060
24884  42.484  -56.140  6.805 0.3000000119
24900  54.986  -56.398  5.629 0.3000000119
24901  54.457  -56.626  5.397 0.3000000119
24902  53.798  -56.606  5.248 0.4000000060
24921  44.361  -56.405  4.325 0.2000000030
24941  48.367  -56.299  2.801 0.3000000119
24952  50.796  -56.462  1.470 0.2000000030
24968  52.426  -56.168  -0.392 0.1000000015
24989  51.398  -56.203  -0.664 0.1000000015
25715  44.829  -54.998  21.993 0.1000000015
25762  46.404  -55.244  19.840 0.1000000015
25796  46.145  -56.087  16.851 0.1000000015
25797  45.680  -56.218  16.739 0.1000000015
25808  49.843  -55.722  16.881 0.2000000030
25810  46.990  -56.120  16.198 0.1000000015
25811  46.379  -55.948  16.157 0.1000000015
25827  52.166  -56.148  15.607 0.3000000119
25831  46.777  -55.859  15.549 0.1000000015
25832  45.908  -55.885  15.362 0.1000000015
25852  47.440  -55.921  15.027 0.1000000015
25875  47.809  -55.936  14.445 0.1000000015
25888  47.690  -55.804  13.772 0.1000000015
25890  46.409  -55.958  13.035 0.1000000015
25902  42.922  -54.667  10.107 0.3000000119
25911  47.359  -55.314  8.986 0.4000000060
25912  46.442  -55.712  9.217 0.5000000000
25913  45.348  -55.582  9.681 0.4000000060
25914  44.556  -55.816  9.552 0.4000000060
25927  51.186  -55.167  7.814 0.4000000060
25929  49.661  -55.547  8.307 0.4000000060
25931  47.813  -55.713  8.390 0.4000000060
25951  50.177  -55.633  8.002 0.4000000060
25952  42.258  -55.776  7.211 0.3000000119
25953  42.107  -55.414  7.528 0.3000000119
25979  54.780  -56.131  5.511 0.3000000119
25983  42.742  -55.400  5.951 0.3000000119
26017  48.427  -55.565  3.041 0.3000000119
26018  48.018  -55.375  3.335 0.3000000119
26020  46.231  -55.275  3.735 0.3000000119
26021  45.471  -55.843  3.869 0.2000000030
26029  50.659  -55.248  1.771 0.2000000030
26040  51.119  -55.445  1.488 0.2000000030
26053  52.444  -55.652  -0.296 0.1000000015
26069  52.420  -55.650  -0.500 0.1000000015
26070  52.081  -55.488  -0.670 0.1000000015
26735  44.882  -54.958  22.383 0.1000000015
26736  44.292  -54.422  22.304 0.1000000015
26737  43.800  -53.867  22.090 0.1000000015
26753  44.306  -54.537  21.359 0.1000000015
26767  44.199  -54.201  20.590 0.1000000015
26802  47.953  -55.442  18.510 0.1000000015
26876  54.091  -54.392  14.161 0.5000000000
26880  51.215  -54.061  15.066 0.3000000119
26900  54.033  -54.947  13.962 0.5000000000
26910  58.364  -53.730  12.492 0.5000000000
26914  44.807  -54.185  11.116 0.4000000060
26916  43.356  -53.762  10.991 0.2000000030
26919  57.472  -54.141  10.088 0.4000000060
26921  50.014  -54.026  9.808 0.5000000000
26924  47.305  -54.374  10.161 0.4000000060
26928  43.286  -54.144  10.569 0.2000000030
26929  42.691  -54.161  10.251 0.2000000030
26946  42.410  -54.448  9.696 0.2000000030
26947  42.073  -54.087  9.414 0.3000000119
26956  56.759  -54.389  8.411 0.3000000119
26958  54.511  -54.500  7.525 0.5000000000
26963  49.991  -54.906  8.676 0.4000000060
26965  42.451  -54.949  9.222 0.3000000119
26982  53.092  -55.172  7.246 0.4000000060
26998  54.717  -55.042  6.174 0.4000000060
27000  42.158  -54.422  6.996 0.3000000119
27001  42.106  -55.070  7.190 0.3000000119
27008  44.332  -54.240  5.177 0.2000000030
27030  43.953  -55.006  4.979 0.3000000119
27045  48.532  -54.946  3.116 0.3000000119
27047  46.785  -54.202  3.719 0.3000000119
27056  49.955  -54.453  2.319 0.2000000030
27058  48.363  -53.399  2.910 0.2000000030
27065  51.752  -54.884  0.754 0.1000000015
27073  52.403  -55.330  -0.216 0.1000000015
27074  52.149  -54.638  0.076 0.1000000015
27088  51.616  -54.517  -0.253 0.1000000015
27772  43.959  -52.944  22.979 0.1000000015
27797  57.530  -53.055  20.826 0.2000000030
27799  43.921  -53.739  20.479 0.1000000015
27830  58.647  -53.042  17.902 0.5000000000
27834  45.573  -53.693  18.061 0.1000000015
27848  60.995  -52.744  17.041 0.5000000000
27868  61.013  -52.994  17.140 0.5000000000
27869  60.367  -53.021  17.011 0.5000000000
27885  60.786  -52.947  16.795 0.5000000000
27892  52.303  -53.192  15.227 0.4000000060
27896  48.910  -53.413  15.795 0.2000000030
27913  51.712  -53.705  15.073 0.3000000119
27943  47.801  -53.079  12.108 0.4000000060
27947  43.783  -52.946  12.115 0.2000000030
27956  50.130  -53.379  11.251 0.4000000060
27962  44.292  -53.510  11.634 0.3000000119
27963  43.193  -53.317  11.437 0.2000000030
27964  42.592  -53.151  11.241 0.2000000030
27978  42.526  -53.546  10.703 0.2000000030
27985  55.685  -53.292  8.921 0.5000000000
27989  51.915  -54.185  9.631 0.5000000000
27991  41.993  -53.749  9.980 0.2000000030
28017  55.907  -54.194  7.313 0.4000000060
28031  56.032  -54.360  6.978 0.2000000030
28032  55.814  -54.411  6.872 0.4000000060
28045  43.612  -53.466  5.710 0.2000000030
28059  46.380  -53.593  4.071 0.3000000119
28060  45.698  -53.408  4.507 0.3000000119
28093  50.500  -53.865  1.669 0.2000000030
28109  50.462  -52.986  1.457 0.2000000030
28116  51.561  -53.861  0.020 0.1000000015
28820  44.418  -52.162  23.145 0.1000000015
28828  57.502  -52.422  21.610 0.2000000030
28840  57.235  -53.017  21.162 0.2000000030
28852  57.004  -53.465  20.525 0.2000000030
28876  60.973  -52.782  17.267 0.5000000000
28877  60.458  -52.694  17.192 0.5000000000
28889  60.964  -52.660  16.960 0.5000000000
28890  60.336  -52.374  16.703 0.5000000000
28896  50.857  -52.193  15.980 0.3000000119
28897  50.494  -52.228  16.034 0.3000000119
28901  47.205  -52.522  16.960 0.2000000030
28911  60.091  -52.426  16.024 0.6000000238
28927  59.757  -52.619  15.399 0.6000000238
28944  59.531  -52.650  14.686 0.5000000000
28945  59.291  -52.620  13.978 0.5000000000
28947  46.182  -51.918  13.319 0.4000000060
28969  47.353  -52.569  12.684 0.4000000060
28973  43.153  -52.369  12.238 0.2000000030
28981  58.704  -52.440  12.344 0.5000000000
28986  52.395  -52.389  11.155 0.5000000000
28991  42.989  -52.803  11.822 0.2000000030
28992  42.448  -52.567  11.548 0.2000000030
28999  55.112  -52.690  10.082 0.4000000060
29004  41.972  -52.824  10.821 0.2000000030
29011  55.982  -52.882  9.328 0.5000000000
29013  41.594  -52.896  9.955 0.2000000030
29018  56.512  -53.089  8.809 0.5000000000
29030  41.935  -53.037  7.307 0.2000000030
29054  44.189  -52.707  5.307 0.2000000030
29055  43.415  -52.385  5.706 0.2000000030
29100  49.506  -52.296  2.008 0.1000000015
29116  50.071  -52.273  1.491 0.1000000015
29127  51.331  -53.240  0.145 0.1000000015
29142  51.316  -53.383  -0.079 0.1000000015
29912  57.460  -51.582  22.303 0.1000000015
29994  51.748  -51.989  16.103 0.3000000119
29995  51.094  -51.949  16.269 0.3000000119
30008  59.800  -52.013  15.542 0.5000000000
30009  59.342  -51.628  15.482 0.5000000000
30013  51.733  -52.169  15.891 0.3000000119
30024  58.751  -51.410  14.730 0.5000000000
30038  59.665  -52.442  14.943 0.6000000238
30044  49.164  -50.686  13.468 0.4000000060
30045  48.590  -50.965  13.425 0.4000000060
30047  46.669  -51.424  13.447 0.4000000060
30048  45.897  -51.226  13.486 0.3000000119
30049  45.219  -50.974  13.408 0.2000000030
30077  45.345  -51.513  13.315 0.2000000030
30080  42.875  -51.680  12.239 0.2000000030
30100  51.942  -51.964  11.661 0.5000000000
30101  42.972  -51.064  12.116 0.1000000015
30103  41.958  -51.928  11.291 0.2000000030
30120  41.419  -51.937  9.579 0.2000000030
30127  41.444  -51.698  8.592 0.2000000030
30136  41.620  -51.409  7.544 0.1000000015
30148  42.165  -51.503  6.620 0.1000000015
30149  41.763  -50.840  6.963 0.1000000015
30160  43.985  -51.411  5.154 0.3000000119
30162  42.655  -51.509  6.138 0.2000000030
30172  44.670  -51.340  4.764 0.3000000119
30186  47.498  -50.749  3.064 0.1000000015
30187  46.857  -50.947  3.528 0.2000000030
30219  49.261  -51.079  1.057 0.1000000015
31041  43.382  -50.334  24.303 0.1000000015
31101  51.044  -50.929  18.757 0.1000000015
31113  55.358  -50.352  17.450 0.3000000119
31114  48.387  -50.809  18.038 0.2000000030
31122  55.956  -50.720  17.078 0.3000000119
31130  55.712  -50.856  16.318 0.4000000060
31145  49.387  -50.125  13.822 0.4000000060
31146  49.176  -50.201  13.880 0.4000000060
31163  50.731  -49.842  13.241 0.4000000060
31190  49.800  -50.579  13.113 0.4000000060
31191  44.122  -50.485  12.831 0.2000000030
31209  42.881  -50.452  11.406 0.1000000015
31210  42.321  -50.981  11.155 0.2000000030
31215  42.086  -50.641  10.400 0.1000000015
31232  41.893  -50.113  8.584 0.1000000015
31249  41.756  -50.383  6.966 0.1000000015
31272  45.666  -50.265  4.712 0.2000000030
31273  44.791  -50.636  4.882 0.2000000030
31287  47.388  -49.821  3.402 0.1000000015
31288  46.905  -50.331  3.662 0.1000000015
31289  45.394  -49.312  2.886 0.1000000015
31302  47.890  -49.818  2.883 0.1000000015
31303  46.546  -49.725  2.373 0.1000000015
31318  47.998  -49.749  2.238 0.1000000015
32243  55.623  -49.316  18.916 0.1000000015
32248  47.440  -49.437  18.225 0.1000000015
32256  55.349  -49.732  18.371 0.1000000015
32260  47.055  -48.876  17.944 0.1000000015
32267  54.260  -49.883  16.922 0.3000000119
32277  51.278  -48.625  15.165 0.4000000060
32291  49.184  -50.023  14.072 0.4000000060
32292  48.917  -50.137  14.066 0.4000000060
32302  52.036  -49.616  13.560 0.4000000060
32305  49.264  -49.462  14.186 0.4000000060
32321  44.148  -49.580  12.322 0.1000000015
32339  44.112  -49.419  11.233 0.1000000015
32350  45.235  -49.321  10.144 0.1000000015
32352  43.254  -49.657  10.671 0.1000000015
32363  42.627  -49.512  9.703 0.1000000015
32375  42.193  -49.602  8.484 0.1000000015
32380  41.807  -49.979  7.881 0.1000000015
32393  44.095  -48.613  6.093 0.1000000015
32396  41.845  -49.886  7.125 0.1000000015
32411  45.084  -48.933  5.334 0.2000000030
32413  43.467  -49.545  5.880 0.1000000015
32414  42.736  -50.068  6.022 0.1000000015
32425  46.806  -49.411  3.714 0.1000000015
32426  46.600  -49.226  3.962 0.1000000015
32428  43.673  -48.485  4.249 0.1000000015
32430  42.537  -48.846  4.433 0.1000000015
32442  46.945  -49.425  3.508 0.1000000015
32443  46.594  -49.051  3.424 0.1000000015
32444  46.019  -48.796  3.089 0.1000000015
32446  43.913  -48.630  3.822 0.1000000015
32461  46.933  -49.397  2.728 0.1000000015
32462  46.178  -49.410  2.745 0.1000000015
32475  47.505  -49.626  2.424 0.1000000015
33436  53.375  -49.016  20.404 0.1000000015
33459  50.314  -48.208  18.951 0.1000000015
33471  53.050  -48.647  17.064 0.2000000030
33484  51.601  -48.112  16.115 0.3000000119
33492  51.223  -48.253  15.611 0.3000000119
33493  50.695  -48.003  15.408 0.2000000030
33504  50.296  -48.163  14.939 0.3000000119
33507  47.802  -48.017  14.200 0.1000000015
33515  49.970  -48.564  14.503 0.3000000119
33518  47.566  -48.786  14.271 0.3000000119
33519  46.439  -48.574  14.128 0.1000000015
33531  44.878  -49.161  12.151 0.1000000015
33548  44.692  -49.262  11.634 0.1000000015
33576  44.064  -48.437  9.638 0.1000000015
33588  43.411  -48.057  9.027 0.1000000015
33611  44.031  -48.285  6.235 0.1000000015
33613  42.916  -48.558  7.315 0.1000000015
33629  44.887  -48.344  5.409 0.2000000030
33631  43.186  -47.895  5.261 0.1000000015
33669  45.568  -48.367  3.732 0.1000000015
33670  44.748  -48.135  3.981 0.1000000015
33671  44.232  -48.180  4.224 0.1000000015
34729  52.627  -47.639  17.068 0.2000000030
34739  50.631  -46.876  15.886 0.2000000030
34747  50.839  -47.743  15.654 0.2000000030
34756  49.596  -47.243  14.945 0.2000000030
34838  44.757  -47.879  9.808 0.1000000015
34839  43.936  -47.469  9.449 0.1000000015
34853  43.525  -47.242  8.686 0.1000000015
34885  41.889  -47.196  6.528 0.1000000015
34886  41.218  -46.971  6.219 0.1000000015
34901  44.700  -48.039  5.524 0.1000000015
34902  44.327  -47.960  5.849 0.2000000030
34920  44.422  -47.867  5.234 0.1000000015
34921  43.906  -47.817  5.085 0.1000000015
35857  44.936  -46.228  19.137 0.1000000015
35870  54.408  -46.335  17.875 0.2000000030
35871  54.065  -46.536  17.778 0.2000000030
35889  52.634  -46.636  17.166 0.2000000030
35890  51.993  -46.103  16.975 0.2000000030
35927  48.909  -46.411  14.801 0.1000000015
35928  48.179  -46.586  14.475 0.1000000015
35992  45.976  -47.214  10.260 0.1000000015
35993  45.138  -46.876  10.182 0.1000000015
36050  43.099  -46.578  7.953 0.1000000015
36051  42.524  -46.432  7.718 0.1000000015
36068  42.053  -46.761  7.158 0.1000000015
36069  41.415  -46.394  6.855 0.1000000015
36974  54.441  -45.445  17.424 0.2000000030
36975  53.778  -45.688  17.258 0.2000000030
36976  53.066  -45.836  17.130 0.2000000030
36990  54.005  -45.230  16.956 0.1000000015
36994  51.127  -45.964  16.489 0.2000000030
37070  45.474  -46.110  10.222 0.1000000015
37071  44.735  -45.963  9.986 0.1000000015
37096  44.081  -45.851  9.492 0.1000000015
37122  43.139  -45.616  8.648 0.1000000015
37137  40.765  -45.105  6.984 0.1000000015
37969  54.791  -44.779  16.964 0.1000000015
37993  54.496  -44.411  15.471 0.1000000015
38059  46.933  -45.129  10.102 0.1000000015
38061  45.700  -45.163  10.133 0.1000000015
38076  45.072  -44.703  9.937 0.1000000015
38078  43.561  -45.036  9.112 0.1000000015
39058  46.594  -44.634  10.253 0.1000000015
39059  46.108  -44.424  10.302 0.1000000015
39060  45.458  -44.321  10.052 0.1000000015
39070  45.667  -43.614  9.943 0.1000000015
39073  43.221  -44.384  8.915 0.1000000015
