#!ascii label  , from subject 4094 vox2ras=TkReg
1607
90932  -38.853  2.716  28.824 0.0000000000
86943  -51.157  -1.600  17.839 0.0000000000
97478  -40.404  8.760  30.764 0.0000000000
87883  -46.568  -1.558  24.755 0.0000000000
88798  -44.564  -0.820  33.851 0.0000000000
92074  -44.650  3.803  21.769 0.0000000000
95791  -37.043  5.840  20.966 0.0000000000
101621  -37.383  13.551  15.898 0.0000000000
86705  -36.623  -3.078  37.634 0.0000000000
88865  -39.391  -1.743  25.209 0.0000000000
88921  -42.434  -0.667  20.622 0.0000000000
90965  -42.029  2.687  26.467 0.0000000000
97501  -42.668  10.178  27.237 0.0000000000
95720  -36.892  6.564  26.785 0.0000000000
98259  -38.488  10.991  24.201 0.0000000000
99064  -34.973  10.807  19.760 0.0000000000
100761  -41.935  12.796  19.853 0.0000000000
88001  -48.408  -1.154  14.524 0.0000000000
91892  -37.075  3.180  35.215 0.0000000000
93894  -41.242  4.990  31.938 0.0000000000
93926  -49.305  3.691  29.520 0.0000000000
88839  -46.004  -0.605  29.996 0.0000000000
86832  -40.518  -5.108  29.127 0.0000000000
87763  -38.016  -3.312  34.032 0.0000000000
90004  -47.211  0.946  17.644 0.0000000000
93099  -45.156  3.568  16.658 0.0000000000
95716  -42.804  4.954  27.136 0.0000000000
96700  -43.606  5.599  21.016 0.0000000000
94953  -42.610  5.058  15.929 0.0000000000
95886  -38.960  6.003  14.961 0.0000000000
97589  -35.404  7.807  15.030 0.0000000000
88845  -38.999  0.383  27.574 0.0000000000
89890  -40.607  1.436  25.374 0.0000000000
89856  -40.682  2.579  28.776 0.0000000000
98233  -44.372  11.083  25.887 0.0000000000
98229  -40.752  10.640  25.801 0.0000000000
99010  -43.140  11.918  24.162 0.0000000000
99042  -40.880  12.500  21.991 0.0000000000
87985  -49.349  -1.094  15.882 0.0000000000
95639  -35.400  5.082  33.496 0.0000000000
96610  -38.518  6.975  34.531 0.0000000000
88815  -45.431  -1.275  31.920 0.0000000000
87825  -44.127  -3.236  29.917 0.0000000000
85755  -43.436  -3.538  32.193 0.0000000000
87713  -36.703  -2.470  35.890 0.0000000000
86800  -32.116  -2.172  31.173 0.0000000000
89810  -31.847  1.234  32.258 0.0000000000
87759  -30.088  -1.262  33.520 0.0000000000
89934  -47.692  -0.805  22.749 0.0000000000
91026  -42.662  1.878  20.654 0.0000000000
89975  -44.466  -0.325  18.807 0.0000000000
92092  -43.611  2.549  18.576 0.0000000000
92116  -45.827  2.111  16.690 0.0000000000
94002  -45.406  4.470  19.088 0.0000000000
95658  -40.723  6.285  32.134 0.0000000000
94793  -42.887  4.018  29.836 0.0000000000
95696  -40.818  5.502  29.493 0.0000000000
95758  -37.011  5.631  22.923 0.0000000000
95759  -40.369  4.868  23.310 0.0000000000
94895  -40.538  5.194  20.427 0.0000000000
95843  -43.687  6.328  17.957 0.0000000000
94919  -40.382  5.125  18.489 0.0000000000
95871  -40.200  5.335  15.902 0.0000000000
95827  -37.635  6.032  17.882 0.0000000000
100775  -36.549  12.779  18.161 0.0000000000
98307  -35.388  9.708  17.525 0.0000000000
99103  -35.207  10.948  15.223 0.0000000000
98326  -34.288  9.453  14.761 0.0000000000
99967  -35.441  11.615  13.658 0.0000000000
87881  -44.255  -2.953  24.919 0.0000000000
86904  -44.589  -2.084  22.324 0.0000000000
88894  -41.126  -1.260  22.412 0.0000000000
91006  -41.662  2.040  23.219 0.0000000000
90995  -43.716  3.129  24.260 0.0000000000
97486  -41.068  9.586  29.239 0.0000000000
96651  -38.282  7.145  28.920 0.0000000000
97498  -39.551  9.346  27.877 0.0000000000
97511  -36.710  9.061  25.465 0.0000000000
97529  -35.830  8.961  23.524 0.0000000000
96687  -35.694  7.538  20.474 0.0000000000
99021  -36.638  10.935  22.175 0.0000000000
99066  -38.474  13.061  20.138 0.0000000000
99931  -39.545  13.309  18.071 0.0000000000
87998  -45.763  -1.146  14.099 0.0000000000
91937  -37.106  4.305  31.809 0.0000000000
91957  -40.245  3.505  30.858 0.0000000000
92923  -39.184  4.932  33.317 0.0000000000
95633  -39.879  6.687  33.467 0.0000000000
98178  -40.485  9.305  32.381 0.0000000000
100660  -40.406  11.488  30.989 0.0000000000
98965  -41.638  10.771  30.295 0.0000000000
90956  -48.088  1.212  27.590 0.0000000000
91978  -47.571  1.692  29.705 0.0000000000
87848  -46.357  -1.503  27.461 0.0000000000
87845  -43.813  -3.548  27.583 0.0000000000
87833  -39.159  -4.344  27.033 0.0000000000
89768  -43.313  -0.425  36.253 0.0000000000
86706  -39.941  -2.605  37.381 0.0000000000
87717  -40.627  -1.391  35.956 0.0000000000
87766  -41.184  -2.429  34.102 0.0000000000
87792  -39.469  -4.592  32.159 0.0000000000
90929  -35.624  1.690  29.479 0.0000000000
91043  -51.344  -0.243  18.944 0.0000000000
87934  -46.504  -1.910  20.775 0.0000000000
88952  -47.924  -0.340  18.748 0.0000000000
90021  -49.371  -0.238  17.030 0.0000000000
90033  -48.242  0.454  15.729 0.0000000000
91102  -46.541  1.100  14.857 0.0000000000
91100  -45.042  1.311  15.256 0.0000000000
91970  -42.176  3.751  30.121 0.0000000000
93000  -44.367  3.910  27.305 0.0000000000
93955  -45.690  4.333  24.802 0.0000000000
94817  -40.074  4.792  27.462 0.0000000000
95746  -43.591  5.305  24.332 0.0000000000
94885  -45.979  5.350  21.827 0.0000000000
95830  -46.061  6.503  18.423 0.0000000000
94973  -44.773  4.517  15.826 0.0000000000
92155  -43.142  2.958  14.454 0.0000000000
96722  -36.426  7.570  17.813 0.0000000000
96755  -37.351  7.263  14.747 0.0000000000
94042  -36.667  5.296  14.950 0.0000000000
95867  -34.777  6.529  15.633 0.0000000000
97569  -33.450  7.833  16.246 0.0000000000
89853  -39.077  0.987  28.461 0.0000000000
90941  -39.761  1.960  27.896 0.0000000000
89827  -39.905  2.646  29.569 0.0000000000
98265  -43.711  11.435  24.998 0.0000000000
99029  -44.121  12.541  23.600 0.0000000000
87974  -49.765  -1.102  17.035 0.0000000000
88799  -45.243  -0.519  33.500 0.0000000000
87797  -44.938  -1.915  32.063 0.0000000000
87780  -44.015  -2.185  33.258 0.0000000000
85733  -31.511  -3.389  31.754 0.0000000000
86798  -30.900  -1.915  31.578 0.0000000000
89908  -47.634  -0.482  24.585 0.0000000000
88887  -46.942  -0.922  23.639 0.0000000000
91027  -43.144  2.816  21.418 0.0000000000
91034  -42.967  1.711  19.582 0.0000000000
93060  -44.105  3.439  20.248 0.0000000000
93078  -44.421  3.634  18.641 0.0000000000
93071  -45.121  4.441  20.321 0.0000000000
96641  -40.223  7.278  31.582 0.0000000000
95679  -41.094  5.857  30.679 0.0000000000
95686  -39.606  6.571  30.567 0.0000000000
95774  -37.292  5.689  22.058 0.0000000000
94868  -38.370  5.150  22.143 0.0000000000
94880  -38.498  5.154  21.062 0.0000000000
94907  -40.427  5.136  19.466 0.0000000000
94906  -39.381  5.157  19.214 0.0000000000
94918  -39.350  5.295  18.160 0.0000000000
94905  -38.117  5.517  18.933 0.0000000000
100810  -36.471  12.941  16.693 0.0000000000
100809  -35.647  12.463  16.668 0.0000000000
100827  -35.883  12.749  15.976 0.0000000000
99958  -35.696  11.587  14.775 0.0000000000
99959  -36.164  12.394  14.605 0.0000000000
87878  -40.698  -3.154  24.245 0.0000000000
87894  -41.902  -2.833  23.117 0.0000000000
87892  -39.899  -1.953  24.054 0.0000000000
89876  -41.297  2.372  26.134 0.0000000000
89907  -41.264  1.424  24.062 0.0000000000
90978  -41.732  2.327  24.465 0.0000000000
92046  -42.541  2.570  23.774 0.0000000000
90967  -43.192  3.107  25.482 0.0000000000
97493  -42.412  9.979  28.083 0.0000000000
97491  -40.237  9.499  28.649 0.0000000000
97507  -41.122  10.367  27.080 0.0000000000
98244  -39.736  10.769  25.015 0.0000000000
97513  -39.004  10.142  26.099 0.0000000000
98242  -37.631  10.136  24.766 0.0000000000
97521  -36.505  9.311  24.615 0.0000000000
98257  -36.574  9.950  23.657 0.0000000000
98270  -36.124  10.189  22.678 0.0000000000
99004  -37.898  11.171  23.134 0.0000000000
99861  -41.211  12.370  21.363 0.0000000000
99055  -39.704  12.498  21.282 0.0000000000
99899  -40.411  13.067  20.123 0.0000000000
99917  -39.140  13.277  18.999 0.0000000000
99919  -41.056  13.352  19.256 0.0000000000
87999  -46.726  -1.122  14.120 0.0000000000
92951  -36.559  4.163  33.680 0.0000000000
92953  -38.319  4.511  32.820 0.0000000000
92921  -37.518  4.444  34.050 0.0000000000
97449  -38.928  8.422  34.690 0.0000000000
96605  -39.314  6.656  34.519 0.0000000000
98161  -40.401  8.645  34.246 0.0000000000
97444  -40.257  7.951  33.520 0.0000000000
98939  -40.644  9.914  33.390 0.0000000000
101468  -39.836  12.019  30.115 0.0000000000
99788  -40.898  11.215  30.999 0.0000000000
100678  -42.073  12.115  29.671 0.0000000000
98969  -42.646  10.898  29.520 0.0000000000
99805  -42.998  11.604  28.926 0.0000000000
91996  -48.896  2.611  27.301 0.0000000000
93009  -48.770  2.879  27.873 0.0000000000
91971  -47.317  2.033  30.512 0.0000000000
89846  -46.731  0.554  29.783 0.0000000000
89858  -47.032  0.184  28.882 0.0000000000
88847  -46.220  -0.944  29.031 0.0000000000
87846  -44.813  -2.761  27.834 0.0000000000
87837  -45.102  -2.339  28.974 0.0000000000
86833  -41.718  -4.794  29.284 0.0000000000
87834  -40.967  -4.999  27.685 0.0000000000
87823  -40.346  -4.991  28.194 0.0000000000
86727  -39.062  -2.724  37.329 0.0000000000
87733  -38.410  -1.823  35.552 0.0000000000
87749  -39.026  -2.189  34.634 0.0000000000
87751  -41.445  -1.737  34.771 0.0000000000
87765  -40.052  -2.932  33.734 0.0000000000
86782  -40.570  -3.472  33.247 0.0000000000
87775  -38.203  -3.917  33.099 0.0000000000
91964  -34.759  3.032  30.726 0.0000000000
90913  -34.036  1.978  30.547 0.0000000000
89965  -51.526  -0.197  20.299 0.0000000000
87919  -44.097  -1.744  21.445 0.0000000000
87920  -45.354  -1.961  21.491 0.0000000000
87932  -44.382  -1.547  20.696 0.0000000000
89987  -46.073  -0.056  17.913 0.0000000000
88951  -47.038  -0.624  18.621 0.0000000000
89989  -48.020  0.279  18.113 0.0000000000
89991  -49.481  -0.529  18.417 0.0000000000
90005  -48.239  0.643  17.330 0.0000000000
90035  -49.382  0.059  16.094 0.0000000000
91068  -47.902  1.001  16.862 0.0000000000
92127  -45.602  2.600  16.400 0.0000000000
91088  -46.852  1.507  15.540 0.0000000000
91087  -46.103  1.851  15.396 0.0000000000
91101  -45.839  1.270  15.069 0.0000000000
92137  -45.223  3.071  15.414 0.0000000000
91926  -40.785  4.007  31.624 0.0000000000
91959  -41.375  3.543  30.814 0.0000000000
92970  -42.131  4.098  31.015 0.0000000000
94810  -43.079  4.885  28.253 0.0000000000
93923  -44.213  4.050  28.749 0.0000000000
94819  -43.958  4.014  26.989 0.0000000000
93946  -45.051  4.127  25.893 0.0000000000
94827  -44.600  4.417  25.829 0.0000000000
96655  -37.766  7.364  28.373 0.0000000000
95712  -39.365  5.239  28.226 0.0000000000
94823  -38.584  4.837  26.529 0.0000000000
94871  -42.083  5.160  22.019 0.0000000000
95761  -42.005  4.726  23.852 0.0000000000
95780  -43.594  5.500  22.529 0.0000000000
95764  -44.506  5.410  23.190 0.0000000000
96681  -44.543  5.655  21.323 0.0000000000
95808  -46.017  5.538  20.246 0.0000000000
96703  -44.900  6.130  19.772 0.0000000000
95858  -43.294  5.803  17.098 0.0000000000
96757  -44.676  6.287  16.576 0.0000000000
94971  -43.751  4.859  15.040 0.0000000000
93122  -43.779  3.730  14.999 0.0000000000
94060  -43.232  4.157  15.216 0.0000000000
92154  -42.483  2.827  14.836 0.0000000000
93121  -42.587  4.026  15.393 0.0000000000
95870  -39.303  5.767  15.528 0.0000000000
94968  -40.573  4.740  15.493 0.0000000000
98292  -35.542  9.228  19.745 0.0000000000
96710  -36.243  7.437  18.662 0.0000000000
98301  -35.741  9.153  18.857 0.0000000000
97570  -34.839  8.920  16.032 0.0000000000
97581  -36.029  7.798  15.921 0.0000000000
97590  -35.998  7.709  15.217 0.0000000000
95890  -36.626  6.528  13.874 0.0000000000
95883  -35.917  6.632  14.222 0.0000000000
94961  -35.474  6.120  15.260 0.0000000000
95882  -34.996  6.754  14.825 0.0000000000
98325  -33.404  9.928  14.718 0.0000000000
97587  -33.708  8.650  15.175 0.0000000000
97586  -32.791  9.458  15.273 0.0000000000
97567  -32.431  9.240  16.383 0.0000000000
88858  -38.838  -1.096  25.803 0.0000000000
89889  -39.722  0.252  25.528 0.0000000000
89874  -39.591  0.870  26.707 0.0000000000
90951  -40.615  2.476  27.218 0.0000000000
90952  -41.563  2.714  27.159 0.0000000000
97516  -41.458  10.484  26.584 0.0000000000
98231  -42.683  10.993  26.070 0.0000000000
98246  -41.524  11.060  25.310 0.0000000000
98261  -40.541  11.224  24.474 0.0000000000
99006  -39.288  11.514  23.516 0.0000000000
99027  -41.929  12.158  23.233 0.0000000000
99044  -42.295  12.635  22.764 0.0000000000
88002  -48.918  -1.022  14.768 0.0000000000
94720  -36.001  4.513  35.871 0.0000000000
94722  -37.298  4.965  35.267 0.0000000000
95641  -37.153  5.982  33.817 0.0000000000
88830  -45.950  -0.548  30.869 0.0000000000
87826  -45.052  -2.317  29.954 0.0000000000
87814  -45.108  -2.173  31.006 0.0000000000
86835  -43.995  -3.303  30.594 0.0000000000
87811  -41.894  -4.654  31.167 0.0000000000
86744  -36.664  -2.527  36.689 0.0000000000
87760  -35.883  -3.260  34.491 0.0000000000
87802  -32.477  -0.989  30.481 0.0000000000
89823  -32.275  0.764  30.981 0.0000000000
88811  -31.150  -0.223  31.703 0.0000000000
88803  -30.408  -0.022  32.854 0.0000000000
89959  -42.270  0.004  20.335 0.0000000000
88936  -43.534  -0.569  19.580 0.0000000000
89974  -43.639  0.245  18.962 0.0000000000
91051  -44.018  1.098  18.359 0.0000000000
91065  -45.278  1.165  17.113 0.0000000000
91066  -46.139  1.424  17.092 0.0000000000
92115  -44.755  2.145  16.908 0.0000000000
93093  -45.013  2.772  17.036 0.0000000000
94009  -45.264  4.458  18.161 0.0000000000
94767  -41.423  5.359  31.803 0.0000000000
93901  -41.885  4.545  31.201 0.0000000000
95673  -41.565  5.597  31.034 0.0000000000
95689  -42.079  5.430  29.522 0.0000000000
95705  -42.007  5.237  28.381 0.0000000000
95729  -36.632  6.241  25.610 0.0000000000
94830  -38.416  4.772  25.333 0.0000000000
94856  -38.567  4.893  23.124 0.0000000000
94869  -39.871  4.924  22.391 0.0000000000
94897  -42.434  5.466  20.600 0.0000000000
96724  -43.593  5.964  19.600 0.0000000000
94921  -42.097  5.487  18.905 0.0000000000
95842  -42.459  5.491  17.949 0.0000000000
95857  -42.313  5.274  16.987 0.0000000000
94952  -41.815  4.712  16.039 0.0000000000
94941  -40.487  5.342  16.933 0.0000000000
94939  -39.293  5.613  16.697 0.0000000000
95853  -38.647  6.048  16.292 0.0000000000
99893  -34.958  11.626  19.288 0.0000000000
98300  -35.388  9.858  18.420 0.0000000000
99927  -34.838  11.464  17.559 0.0000000000
99087  -34.963  10.497  16.867 0.0000000000
98319  -34.584  9.582  15.472 0.0000000000
97588  -34.648  8.163  15.182 0.0000000000
99102  -34.688  10.321  14.932 0.0000000000
99110  -34.347  10.580  14.230 0.0000000000
99966  -34.151  11.237  13.376 0.0000000000
86874  -45.553  -2.467  24.787 0.0000000000
86886  -46.200  -2.252  23.796 0.0000000000
86884  -44.630  -2.642  23.870 0.0000000000
87907  -42.982  -2.265  22.234 0.0000000000
88895  -41.547  -1.016  21.813 0.0000000000
89918  -40.399  0.141  23.888 0.0000000000
88886  -41.038  -0.307  22.705 0.0000000000
89932  -41.623  0.378  21.730 0.0000000000
89933  -41.948  1.392  21.676 0.0000000000
91017  -43.268  2.935  22.453 0.0000000000
92047  -44.164  3.359  23.083 0.0000000000
97482  -40.620  9.153  30.044 0.0000000000
97484  -39.386  8.191  29.804 0.0000000000
97485  -40.008  9.010  29.546 0.0000000000
97497  -38.339  8.561  27.972 0.0000000000
97496  -37.544  7.876  27.704 0.0000000000
97514  -39.865  10.352  26.382 0.0000000000
97505  -38.866  9.519  26.923 0.0000000000
96660  -36.517  7.936  25.991 0.0000000000
96666  -36.243  6.932  25.094 0.0000000000
95741  -36.032  6.818  23.650 0.0000000000
95773  -36.311  6.528  21.906 0.0000000000
95790  -36.106  6.592  20.773 0.0000000000
96678  -35.645  7.513  21.613 0.0000000000
98277  -35.464  9.714  21.655 0.0000000000
99036  -35.426  11.106  21.239 0.0000000000
99040  -39.061  12.274  22.001 0.0000000000
99053  -37.669  12.446  20.863 0.0000000000
99876  -36.666  12.131  20.478 0.0000000000
99915  -37.311  12.816  19.065 0.0000000000
99929  -37.898  13.018  18.193 0.0000000000
100812  -38.506  13.248  16.976 0.0000000000
91967  -37.983  3.573  30.226 0.0000000000
90903  -40.039  3.270  30.241 0.0000000000
91939  -39.215  4.200  31.362 0.0000000000
92966  -39.524  4.344  31.940 0.0000000000
92943  -40.079  4.584  32.859 0.0000000000
94724  -38.337  5.660  33.955 0.0000000000
94734  -39.797  5.927  33.512 0.0000000000
94749  -40.489  5.749  32.924 0.0000000000
95643  -40.352  6.418  32.750 0.0000000000
97459  -40.351  8.391  32.292 0.0000000000
98191  -40.574  8.779  31.507 0.0000000000
99771  -40.002  10.860  32.791 0.0000000000
99787  -40.320  10.667  31.626 0.0000000000
98960  -40.708  10.312  31.307 0.0000000000
98196  -41.217  9.887  30.591 0.0000000000
98200  -41.659  9.927  29.965 0.0000000000
98206  -43.009  9.971  29.051 0.0000000000
98210  -43.340  9.965  28.187 0.0000000000
90968  -48.654  1.188  26.571 0.0000000000
89878  -47.577  -0.249  26.631 0.0000000000
92987  -48.078  2.799  30.438 0.0000000000
92994  -48.414  2.780  29.523 0.0000000000
90947  -47.847  1.360  28.407 0.0000000000
89865  -47.409  0.082  27.763 0.0000000000
87858  -46.533  -1.437  26.724 0.0000000000
86854  -45.050  -2.610  25.975 0.0000000000
86860  -43.315  -3.898  25.805 0.0000000000
87853  -40.896  -4.434  25.857 0.0000000000
87836  -44.124  -3.325  28.674 0.0000000000
87843  -40.851  -4.699  26.764 0.0000000000
87852  -39.388  -3.301  25.641 0.0000000000
87841  -38.425  -2.330  26.655 0.0000000000
88723  -41.759  -2.166  37.336 0.0000000000
87697  -38.394  -1.647  37.013 0.0000000000
87699  -39.966  -1.408  36.660 0.0000000000
89748  -42.497  -1.381  36.990 0.0000000000
88762  -42.481  -1.335  36.178 0.0000000000
88788  -42.903  -1.174  35.440 0.0000000000
87768  -43.255  -1.747  34.129 0.0000000000
85728  -42.720  -3.278  33.417 0.0000000000
87779  -41.553  -4.414  32.164 0.0000000000
86808  -39.620  -5.002  31.041 0.0000000000
90931  -37.822  2.219  29.102 0.0000000000
91966  -36.856  3.662  30.253 0.0000000000
91936  -35.946  4.106  32.167 0.0000000000
91923  -35.228  3.132  33.746 0.0000000000
91890  -35.543  2.492  35.722 0.0000000000
88930  -52.856  -1.189  20.229 0.0000000000
88955  -52.255  -0.760  18.512 0.0000000000
88964  -51.580  -0.678  17.795 0.0000000000
87909  -46.745  -1.801  22.807 0.0000000000
88909  -47.231  -1.393  21.744 0.0000000000
88938  -45.744  -1.189  19.351 0.0000000000
88939  -46.942  -1.349  19.549 0.0000000000
88927  -49.559  -0.865  20.373 0.0000000000
89976  -49.983  -0.810  19.040 0.0000000000
91070  -50.676  -0.550  18.283 0.0000000000
88975  -50.152  -0.987  17.598 0.0000000000
88987  -49.663  -0.785  16.665 0.0000000000
91105  -49.846  -0.055  15.227 0.0000000000
90063  -48.741  -0.084  14.713 0.0000000000
91079  -47.266  1.412  16.244 0.0000000000
90047  -48.057  0.271  15.103 0.0000000000
90062  -47.724  -0.055  14.520 0.0000000000
90061  -46.780  0.232  14.284 0.0000000000
90060  -45.893  0.084  14.244 0.0000000000
90044  -44.558  0.833  14.778 0.0000000000
90920  -40.344  3.030  29.926 0.0000000000
90922  -41.500  3.260  29.902 0.0000000000
90945  -42.660  3.509  27.982 0.0000000000
92977  -43.593  3.933  30.328 0.0000000000
92992  -43.798  3.713  28.787 0.0000000000
91993  -43.009  3.466  26.706 0.0000000000
92004  -43.754  3.563  25.510 0.0000000000
92034  -44.809  3.685  24.477 0.0000000000
92063  -45.681  3.625  23.004 0.0000000000
95694  -39.129  6.724  29.924 0.0000000000
95713  -40.622  4.890  28.139 0.0000000000
95723  -41.782  4.749  27.045 0.0000000000
94844  -40.354  4.636  24.781 0.0000000000
95744  -42.138  4.585  25.142 0.0000000000
95733  -43.347  4.998  25.229 0.0000000000
95735  -44.655  5.257  24.716 0.0000000000
94860  -45.973  4.879  23.428 0.0000000000
93063  -46.198  4.313  21.574 0.0000000000
93996  -45.844  4.738  20.046 0.0000000000
94020  -45.736  4.970  17.335 0.0000000000
96727  -45.148  6.990  18.378 0.0000000000
95861  -45.791  6.075  17.050 0.0000000000
94036  -44.822  4.327  16.057 0.0000000000
93123  -44.401  3.714  15.183 0.0000000000
91099  -44.386  1.701  14.526 0.0000000000
93108  -41.817  4.285  15.707 0.0000000000
95814  -37.001  6.388  18.739 0.0000000000
95826  -37.343  6.532  17.623 0.0000000000
95852  -37.879  6.689  15.882 0.0000000000
97562  -35.995  8.127  17.540 0.0000000000
96746  -36.707  7.587  16.167 0.0000000000
95868  -37.851  6.773  15.036 0.0000000000
95892  -37.918  6.182  13.612 0.0000000000
94043  -37.264  5.211  14.518 0.0000000000
93103  -37.038  4.614  15.353 0.0000000000
96761  -34.571  7.598  15.080 0.0000000000
96753  -33.795  7.490  15.945 0.0000000000
101623  -38.761  13.994  16.110 0.0000000000
101639  -37.615  13.961  15.576 0.0000000000
100853  -36.617  13.312  13.657 0.0000000000
101656  -35.282  13.350  12.785 0.0000000000
100850  -33.739  12.621  13.457 0.0000000000
89841  -39.179  2.420  28.826 0.0000000000
89842  -39.622  2.378  28.816 0.0000000000
89826  -39.955  2.559  29.310 0.0000000000
87965  -50.415  -1.272  17.765 0.0000000000
89794  -45.098  0.406  34.359 0.0000000000
89804  -45.573  0.179  33.683 0.0000000000
87781  -44.626  -1.723  33.071 0.0000000000
84627  -31.554  -4.101  32.334 0.0000000000
88876  -47.031  -0.906  24.652 0.0000000000
92073  -43.865  3.288  20.970 0.0000000000
93061  -44.529  3.924  20.792 0.0000000000
93070  -44.398  3.719  19.749 0.0000000000
97472  -40.175  7.628  31.318 0.0000000000
95670  -40.071  6.979  30.950 0.0000000000
96647  -39.705  7.493  30.766 0.0000000000
95792  -37.720  5.432  21.308 0.0000000000
94879  -37.844  5.386  20.685 0.0000000000
94893  -38.503  5.338  20.035 0.0000000000
94892  -37.577  5.604  19.991 0.0000000000
100811  -37.446  13.201  16.792 0.0000000000
100828  -36.694  13.200  15.726 0.0000000000
99950  -35.910  12.406  15.284 0.0000000000
87877  -39.821  -2.530  24.627 0.0000000000
89877  -41.912  2.522  25.829 0.0000000000
89892  -42.077  2.518  25.305 0.0000000000
90979  -42.700  2.650  24.915 0.0000000000
90966  -42.633  2.886  26.011 0.0000000000
97500  -41.713  10.185  27.573 0.0000000000
98260  -39.564  11.155  24.372 0.0000000000
98243  -38.768  10.573  24.869 0.0000000000
98241  -37.004  10.032  24.199 0.0000000000
98258  -37.521  10.607  23.644 0.0000000000
99005  -38.431  11.329  23.435 0.0000000000
100751  -41.823  12.631  20.682 0.0000000000
99878  -40.838  12.310  20.936 0.0000000000
99900  -41.260  12.609  20.265 0.0000000000
99918  -40.004  13.552  19.009 0.0000000000
86991  -48.301  -1.458  14.869 0.0000000000
86990  -47.816  -1.499  14.653 0.0000000000
86989  -47.096  -1.495  14.529 0.0000000000
88000  -47.621  -1.152  14.223 0.0000000000
91909  -36.794  3.512  34.697 0.0000000000
92939  -36.917  4.156  34.153 0.0000000000
92920  -37.132  3.966  34.966 0.0000000000
98168  -39.607  9.187  34.444 0.0000000000
98159  -39.720  8.541  34.597 0.0000000000
98169  -40.449  9.332  34.327 0.0000000000
98170  -40.824  9.133  33.921 0.0000000000
98938  -40.919  10.072  34.023 0.0000000000
100689  -41.959  12.386  29.528 0.0000000000
99803  -42.422  11.672  29.557 0.0000000000
93934  -49.553  3.582  28.570 0.0000000000
93010  -49.079  3.072  27.641 0.0000000000
93933  -49.073  3.573  28.557 0.0000000000
89857  -46.559  -0.087  29.243 0.0000000000
88846  -45.742  -1.398  29.372 0.0000000000
87838  -45.585  -1.864  28.637 0.0000000000
87822  -39.232  -4.773  28.184 0.0000000000
85679  -37.130  -2.972  37.623 0.0000000000
87748  -38.113  -2.241  34.949 0.0000000000
86767  -38.430  -2.452  34.568 0.0000000000
87764  -38.772  -2.967  33.989 0.0000000000
89836  -34.317  0.530  29.622 0.0000000000
89825  -33.922  1.083  29.910 0.0000000000
89963  -50.233  -0.459  20.694 0.0000000000
88907  -43.197  -1.447  20.990 0.0000000000
87931  -43.706  -1.476  20.884 0.0000000000
90003  -46.231  0.720  17.532 0.0000000000
89988  -47.109  0.198  18.080 0.0000000000
92139  -46.204  2.214  15.861 0.0000000000
92138  -45.639  2.844  15.837 0.0000000000
92957  -41.123  4.328  31.735 0.0000000000
92969  -41.693  3.927  31.171 0.0000000000
92958  -41.662  4.148  31.281 0.0000000000
95707  -43.104  4.978  27.647 0.0000000000
94811  -43.542  4.399  28.061 0.0000000000
95708  -43.442  4.546  27.068 0.0000000000
95718  -43.720  4.539  26.131 0.0000000000
95710  -37.056  6.704  27.475 0.0000000000
95711  -37.769  5.858  27.832 0.0000000000
95721  -37.570  5.542  26.195 0.0000000000
94872  -42.659  5.329  21.892 0.0000000000
95779  -42.748  5.190  22.528 0.0000000000
95794  -43.420  5.525  21.965 0.0000000000
96679  -43.918  5.662  22.096 0.0000000000
96690  -44.250  5.721  20.989 0.0000000000
96691  -44.819  5.783  20.647 0.0000000000
96702  -44.356  5.948  20.175 0.0000000000
95874  -42.972  5.422  16.383 0.0000000000
94954  -43.410  5.374  15.705 0.0000000000
94984  -43.481  4.429  15.105 0.0000000000
94970  -42.901  4.849  15.351 0.0000000000
94059  -42.833  4.295  15.344 0.0000000000
94969  -42.404  4.680  15.718 0.0000000000
94950  -39.752  5.352  15.278 0.0000000000
94949  -39.241  5.638  15.041 0.0000000000
98282  -35.134  10.085  20.224 0.0000000000
98291  -35.268  9.940  19.319 0.0000000000
97580  -35.364  8.141  15.653 0.0000000000
96769  -36.241  6.982  13.971 0.0000000000
96762  -35.421  7.344  14.521 0.0000000000
99101  -33.081  10.488  14.801 0.0000000000
89862  -39.483  1.040  27.615 0.0000000000
89855  -40.042  2.548  28.619 0.0000000000
90950  -39.862  2.006  27.784 0.0000000000
90942  -40.304  2.498  28.168 0.0000000000
90943  -41.220  2.638  28.335 0.0000000000
98232  -43.534  11.061  26.005 0.0000000000
98264  -43.163  11.516  24.889 0.0000000000
98263  -42.295  11.454  24.732 0.0000000000
98262  -41.417  11.320  24.584 0.0000000000
99009  -42.179  11.776  23.952 0.0000000000
99008  -41.294  11.591  23.812 0.0000000000
99850  -44.102  13.213  22.732 0.0000000000
99028  -42.938  12.633  23.201 0.0000000000
99863  -42.677  13.096  21.832 0.0000000000
86973  -49.264  -1.376  16.370 0.0000000000
86972  -48.947  -1.459  16.091 0.0000000000
87984  -49.055  -1.136  15.235 0.0000000000
94731  -35.774  4.765  35.238 0.0000000000
94732  -36.811  5.213  34.800 0.0000000000
95640  -35.960  5.595  33.691 0.0000000000
88816  -45.948  -0.608  31.833 0.0000000000
88829  -45.528  -1.333  30.935 0.0000000000
87796  -44.394  -2.503  32.282 0.0000000000
87813  -44.494  -2.752  31.202 0.0000000000
86826  -43.728  -3.400  31.405 0.0000000000
86825  -42.547  -4.174  30.909 0.0000000000
87812  -42.227  -4.378  31.365 0.0000000000
85750  -34.032  -3.637  31.540 0.0000000000
86801  -33.016  -2.345  31.066 0.0000000000
86817  -33.793  -2.144  30.726 0.0000000000
87787  -32.566  -1.676  30.837 0.0000000000
87801  -31.906  -0.746  30.804 0.0000000000
87786  -31.953  -1.442  30.966 0.0000000000
88810  -30.701  -0.505  32.263 0.0000000000
89946  -42.153  1.113  20.790 0.0000000000
89960  -42.684  0.478  19.868 0.0000000000
92082  -43.291  2.105  18.970 0.0000000000
91041  -43.483  1.275  18.771 0.0000000000
92091  -43.683  1.747  18.395 0.0000000000
91052  -44.349  1.074  17.962 0.0000000000
92102  -44.088  1.826  17.735 0.0000000000
92103  -43.955  2.952  17.901 0.0000000000
93079  -44.919  4.208  19.310 0.0000000000
93084  -44.552  3.261  17.567 0.0000000000
93085  -44.830  4.036  18.303 0.0000000000
93094  -44.937  3.448  17.183 0.0000000000
94777  -41.734  5.199  31.291 0.0000000000
95659  -41.346  5.808  31.617 0.0000000000
95687  -40.490  5.844  30.280 0.0000000000
95688  -41.394  5.566  29.907 0.0000000000
95697  -41.701  5.412  29.146 0.0000000000
95742  -36.687  5.958  24.088 0.0000000000
95743  -37.491  5.237  24.241 0.0000000000
94841  -37.690  5.153  23.724 0.0000000000
94881  -39.600  5.024  21.276 0.0000000000
94882  -40.728  5.229  21.364 0.0000000000
94896  -41.533  5.368  20.522 0.0000000000
94909  -42.331  5.519  19.754 0.0000000000
94908  -41.373  5.360  19.637 0.0000000000
94920  -41.255  5.286  18.803 0.0000000000
94931  -41.327  5.257  18.034 0.0000000000
95841  -41.479  5.232  17.336 0.0000000000
95856  -41.395  5.125  16.769 0.0000000000
94930  -40.429  5.282  17.466 0.0000000000
94917  -38.390  5.619  17.778 0.0000000000
94929  -39.380  5.475  17.287 0.0000000000
94928  -38.730  5.708  16.998 0.0000000000
95839  -37.994  6.006  17.159 0.0000000000
99913  -35.862  12.446  18.971 0.0000000000
99912  -34.739  11.515  18.362 0.0000000000
100789  -34.786  11.980  17.840 0.0000000000
99949  -35.535  11.811  15.783 0.0000000000
99938  -35.167  11.611  16.710 0.0000000000
99094  -35.083  10.950  16.044 0.0000000000
98313  -34.747  9.848  16.181 0.0000000000
99093  -34.816  10.349  15.642 0.0000000000
99111  -35.131  10.931  14.469 0.0000000000
86873  -44.511  -2.805  24.628 0.0000000000
86872  -43.986  -2.883  24.259 0.0000000000
87905  -40.924  -2.040  22.525 0.0000000000
87895  -42.972  -2.646  23.128 0.0000000000
87906  -41.824  -2.233  22.248 0.0000000000
89905  -40.135  0.292  24.616 0.0000000000
89919  -40.834  0.471  23.498 0.0000000000
89920  -41.333  0.810  22.875 0.0000000000
89921  -41.704  1.484  22.399 0.0000000000
90994  -43.099  2.668  24.103 0.0000000000
91007  -42.382  2.526  22.846 0.0000000000
91008  -43.517  2.987  23.474 0.0000000000
98230  -41.760  10.681  26.074 0.0000000000
97515  -40.839  10.486  26.497 0.0000000000
97512  -37.717  9.636  25.909 0.0000000000
97504  -37.508  8.651  27.066 0.0000000000
96659  -36.361  8.525  25.158 0.0000000000
96665  -35.968  7.743  24.465 0.0000000000
96672  -35.724  7.474  22.956 0.0000000000
97534  -35.542  8.745  22.300 0.0000000000
98276  -35.233  10.382  21.108 0.0000000000
99037  -35.963  11.032  21.726 0.0000000000
99025  -40.210  11.949  22.840 0.0000000000
99024  -39.335  11.904  22.735 0.0000000000
99041  -39.978  12.259  22.037 0.0000000000
99067  -39.513  12.961  20.440 0.0000000000
99054  -38.769  12.596  21.104 0.0000000000
99877  -37.134  12.294  20.608 0.0000000000
99896  -37.396  12.734  20.011 0.0000000000
99895  -36.622  12.410  19.744 0.0000000000
99897  -37.946  13.096  19.868 0.0000000000
99930  -38.774  13.125  18.186 0.0000000000
99939  -38.525  13.124  17.625 0.0000000000
99940  -39.147  13.206  17.442 0.0000000000
86988  -46.188  -1.469  14.565 0.0000000000
89006  -45.392  -0.608  13.834 0.0000000000
91954  -37.573  3.959  30.942 0.0000000000
91955  -38.762  3.794  30.551 0.0000000000
91938  -38.225  4.180  31.552 0.0000000000
92941  -38.803  4.723  33.132 0.0000000000
92954  -39.175  4.526  32.578 0.0000000000
92942  -39.529  4.624  32.972 0.0000000000
92955  -39.804  4.407  32.387 0.0000000000
92924  -39.744  4.781  33.260 0.0000000000
95621  -37.683  5.400  34.450 0.0000000000
94723  -38.140  4.951  34.978 0.0000000000
95622  -38.235  5.917  33.911 0.0000000000
95632  -39.570  6.804  33.925 0.0000000000
95624  -39.323  6.480  34.097 0.0000000000
94735  -40.104  5.889  33.307 0.0000000000
95634  -40.097  6.526  33.209 0.0000000000
97452  -40.363  8.327  33.056 0.0000000000
101459  -40.114  11.852  30.497 0.0000000000
100647  -39.680  10.769  31.853 0.0000000000
100648  -39.932  10.875  31.820 0.0000000000
99772  -40.257  10.489  32.665 0.0000000000
100649  -40.132  10.820  31.730 0.0000000000
98961  -41.223  11.016  30.804 0.0000000000
98964  -41.039  10.100  30.901 0.0000000000
98197  -41.825  10.295  29.982 0.0000000000
98202  -43.106  10.412  29.079 0.0000000000
98207  -43.633  10.340  28.545 0.0000000000
93022  -49.681  2.695  26.487 0.0000000000
92006  -48.864  2.100  26.831 0.0000000000
89879  -48.064  0.331  26.575 0.0000000000
92986  -47.657  2.603  30.736 0.0000000000
91972  -47.724  2.214  30.260 0.0000000000
93915  -48.536  3.315  30.302 0.0000000000
91979  -48.086  2.099  29.684 0.0000000000
91986  -48.210  2.044  28.636 0.0000000000
91985  -47.892  1.602  29.077 0.0000000000
88854  -46.912  -0.779  27.837 0.0000000000
88859  -47.161  -0.851  26.771 0.0000000000
87857  -45.703  -2.083  26.554 0.0000000000
87855  -43.703  -3.607  26.472 0.0000000000
87854  -42.538  -4.384  26.109 0.0000000000
87824  -43.333  -3.779  29.394 0.0000000000
87842  -38.936  -3.325  26.270 0.0000000000
89782  -43.564  -0.301  35.762 0.0000000000
86707  -40.578  -3.029  37.404 0.0000000000
86692  -41.167  -2.802  37.453 0.0000000000
87673  -41.533  -2.330  37.385 0.0000000000
87684  -41.076  -2.320  37.363 0.0000000000
86745  -37.220  -2.361  37.001 0.0000000000
87714  -37.672  -2.030  36.474 0.0000000000
87716  -39.897  -1.396  36.287 0.0000000000
87715  -38.863  -1.526  36.372 0.0000000000
88759  -40.105  -1.295  36.180 0.0000000000
88743  -40.495  -1.548  36.743 0.0000000000
88760  -40.853  -1.473  36.141 0.0000000000
89766  -42.412  -1.421  36.730 0.0000000000
88774  -41.087  -1.512  35.972 0.0000000000
87736  -41.788  -1.544  35.441 0.0000000000
87752  -42.549  -1.487  34.905 0.0000000000
87753  -43.059  -1.392  34.666 0.0000000000
87767  -42.201  -2.133  34.262 0.0000000000
86785  -42.810  -2.612  33.791 0.0000000000
86784  -42.027  -2.917  33.783 0.0000000000
87777  -40.208  -4.020  32.878 0.0000000000
86792  -40.882  -3.836  32.988 0.0000000000
87793  -40.327  -4.715  31.871 0.0000000000
89838  -36.015  0.661  29.028 0.0000000000
88837  -36.994  -0.110  28.192 0.0000000000
89839  -37.004  0.962  28.466 0.0000000000
90930  -36.683  1.901  29.225 0.0000000000
90916  -37.372  3.020  29.597 0.0000000000
90915  -36.174  2.853  29.669 0.0000000000
91951  -34.227  2.887  31.542 0.0000000000
91952  -35.195  3.675  31.414 0.0000000000
89816  -32.022  1.028  31.679 0.0000000000
90911  -32.491  1.454  31.429 0.0000000000
90898  -32.442  1.685  32.090 0.0000000000
90864  -34.359  1.641  34.902 0.0000000000
90865  -35.066  1.958  34.622 0.0000000000
90849  -35.123  1.941  35.180 0.0000000000
92897  -35.583  3.385  36.168 0.0000000000
88929  -52.444  -0.620  20.696 0.0000000000
89978  -51.203  -0.257  19.453 0.0000000000
89979  -51.842  -0.353  19.249 0.0000000000
91055  -51.315  -0.269  18.537 0.0000000000
86895  -45.392  -2.393  22.992 0.0000000000
86896  -46.231  -2.353  22.954 0.0000000000
87933  -45.535  -1.777  20.792 0.0000000000
87921  -46.555  -2.055  21.720 0.0000000000
88937  -44.581  -0.914  19.391 0.0000000000
88949  -45.070  -0.631  18.835 0.0000000000
88940  -47.907  -1.012  19.609 0.0000000000
88941  -48.749  -0.906  19.462 0.0000000000
88942  -49.505  -0.779  19.191 0.0000000000
90007  -49.882  -0.695  17.969 0.0000000000
91069  -50.389  -0.659  18.402 0.0000000000
90008  -50.521  -0.706  17.917 0.0000000000
90022  -49.772  -0.694  17.246 0.0000000000
90034  -48.955  0.264  15.800 0.0000000000
91090  -49.672  0.059  15.432 0.0000000000
91103  -49.293  0.166  15.143 0.0000000000
90064  -49.338  -0.194  14.823 0.0000000000
91116  -49.112  0.119  14.895 0.0000000000
91067  -47.241  1.472  16.946 0.0000000000
92117  -46.765  1.785  16.550 0.0000000000
90032  -47.541  0.786  15.642 0.0000000000
90046  -47.283  0.668  14.922 0.0000000000
91114  -45.544  0.705  14.739 0.0000000000
91113  -45.134  0.739  14.908 0.0000000000
90059  -44.988  0.212  14.443 0.0000000000
90030  -44.766  0.932  15.241 0.0000000000
90919  -40.028  2.997  30.069 0.0000000000
90904  -40.397  3.223  30.365 0.0000000000
91969  -41.611  3.519  30.448 0.0000000000
90936  -41.785  3.307  29.138 0.0000000000
90937  -42.372  3.527  28.656 0.0000000000
94785  -42.728  4.122  30.479 0.0000000000
93906  -42.553  4.049  30.739 0.0000000000
93907  -43.324  3.924  30.505 0.0000000000
92993  -44.280  3.831  28.127 0.0000000000
92999  -43.957  3.727  27.732 0.0000000000
91984  -43.325  3.695  27.979 0.0000000000
93007  -44.020  3.993  26.765 0.0000000000
93013  -43.730  3.800  26.159 0.0000000000
93014  -44.238  3.914  25.973 0.0000000000
93954  -45.332  4.026  25.252 0.0000000000
93020  -45.152  3.827  24.937 0.0000000000
93034  -45.460  3.805  24.366 0.0000000000
92048  -45.105  3.738  23.642 0.0000000000
93035  -46.013  3.977  24.310 0.0000000000
96652  -38.756  7.529  29.456 0.0000000000
96649  -39.269  7.414  30.026 0.0000000000
94818  -40.704  4.713  27.501 0.0000000000
95722  -41.165  4.717  27.534 0.0000000000
94825  -40.904  4.633  26.782 0.0000000000
94843  -39.424  4.569  24.514 0.0000000000
94858  -40.309  4.734  23.924 0.0000000000
94845  -41.268  4.645  24.899 0.0000000000
95745  -42.900  4.871  24.614 0.0000000000
95732  -42.746  4.756  25.655 0.0000000000
95734  -43.978  5.294  24.967 0.0000000000
95747  -44.283  5.446  24.125 0.0000000000
95783  -45.573  5.331  22.242 0.0000000000
95765  -45.139  5.170  23.001 0.0000000000
94873  -46.158  5.002  22.432 0.0000000000
93983  -46.468  4.518  22.286 0.0000000000
93984  -46.443  4.639  21.732 0.0000000000
93072  -45.794  4.539  20.941 0.0000000000
94886  -46.351  5.189  21.461 0.0000000000
95818  -46.064  5.818  19.399 0.0000000000
94910  -46.105  5.285  19.654 0.0000000000
94922  -46.078  5.537  18.672 0.0000000000
94933  -46.009  5.513  17.809 0.0000000000
95829  -43.693  6.392  18.651 0.0000000000
96725  -43.868  6.443  19.149 0.0000000000
96738  -44.489  6.851  17.970 0.0000000000
95876  -44.877  5.964  16.368 0.0000000000
95860  -45.376  6.191  16.766 0.0000000000
94956  -45.037  5.079  16.091 0.0000000000
94942  -45.598  5.345  16.702 0.0000000000
93124  -44.662  3.952  15.727 0.0000000000
94052  -44.561  4.230  15.657 0.0000000000
92156  -43.517  3.291  14.806 0.0000000000
92148  -44.050  3.051  14.607 0.0000000000
91098  -43.732  2.445  14.134 0.0000000000
91112  -43.784  1.569  13.694 0.0000000000
91111  -43.276  2.043  13.469 0.0000000000
95872  -41.114  4.995  16.269 0.0000000000
94035  -41.497  4.498  15.845 0.0000000000
94047  -40.359  4.486  15.512 0.0000000000
93119  -41.069  3.826  15.679 0.0000000000
95804  -36.155  6.792  19.731 0.0000000000
95813  -36.231  7.012  19.119 0.0000000000
96711  -36.774  6.991  18.008 0.0000000000
96723  -36.998  7.068  17.267 0.0000000000
95838  -37.644  6.561  16.745 0.0000000000
96736  -37.257  7.185  16.454 0.0000000000
98308  -35.808  9.028  17.985 0.0000000000
98315  -35.639  8.755  17.195 0.0000000000
96754  -36.707  7.602  15.292 0.0000000000
96747  -37.372  7.275  15.585 0.0000000000
96765  -37.972  6.539  13.841 0.0000000000
96764  -37.544  6.945  14.070 0.0000000000
94978  -36.418  6.182  14.128 0.0000000000
94963  -36.725  5.690  14.307 0.0000000000
93114  -37.135  4.985  14.966 0.0000000000
94947  -35.367  5.928  15.957 0.0000000000
97578  -33.503  8.146  15.867 0.0000000000
96760  -34.073  7.674  15.435 0.0000000000
96745  -33.490  7.494  16.625 0.0000000000
101652  -38.131  14.235  15.857 0.0000000000
100843  -36.903  13.766  14.663 0.0000000000
101651  -37.219  14.194  15.074 0.0000000000
101658  -36.295  13.819  13.409 0.0000000000
100851  -34.280  13.033  12.997 0.0000000000
89854  -39.422  1.570  28.301 0.0000000000
89843  -40.245  2.457  29.006 0.0000000000
98249  -44.244  11.356  25.248 0.0000000000
99011  -44.204  11.786  24.466 0.0000000000
99851  -45.195  13.246  22.976 0.0000000000
87973  -49.484  -1.288  16.615 0.0000000000
95655  -35.180  5.705  32.656 0.0000000000
88806  -45.611  -0.535  32.772 0.0000000000
88805  -45.214  -1.199  32.925 0.0000000000
86811  -43.915  -3.018  32.670 0.0000000000
85747  -31.528  -2.621  31.466 0.0000000000
86799  -31.470  -1.940  31.304 0.0000000000
85732  -30.868  -2.773  31.824 0.0000000000
89894  -48.274  0.160  25.549 0.0000000000
89922  -47.635  -0.639  23.622 0.0000000000
91035  -43.139  2.608  20.493 0.0000000000
92083  -43.585  2.926  19.722 0.0000000000
92093  -43.927  3.275  19.030 0.0000000000
96642  -40.306  7.522  32.267 0.0000000000
95672  -40.678  6.370  31.474 0.0000000000
95671  -40.205  6.856  31.331 0.0000000000
95678  -40.317  6.344  30.955 0.0000000000
94867  -37.571  5.440  22.544 0.0000000000
95775  -37.974  5.326  21.663 0.0000000000
94894  -39.505  5.145  20.255 0.0000000000
95815  -37.731  5.820  18.309 0.0000000000
100791  -36.105  12.791  17.499 0.0000000000
99968  -36.328  12.504  13.873 0.0000000000
87879  -41.981  -3.374  24.089 0.0000000000
87880  -43.512  -3.121  24.238 0.0000000000
87893  -40.502  -2.337  23.323 0.0000000000
89906  -40.756  1.047  24.445 0.0000000000
89891  -41.335  2.061  25.104 0.0000000000
90993  -41.474  1.773  23.717 0.0000000000
92044  -41.799  2.312  23.456 0.0000000000
92015  -42.324  2.528  24.482 0.0000000000
92032  -42.651  2.560  24.371 0.0000000000
90980  -43.466  3.082  24.865 0.0000000000
97487  -41.923  9.820  28.771 0.0000000000
97492  -41.329  9.909  28.383 0.0000000000
97499  -40.615  10.033  27.835 0.0000000000
97506  -40.072  10.153  27.171 0.0000000000
98245  -40.647  10.900  25.136 0.0000000000
98228  -39.828  10.532  25.633 0.0000000000
98227  -38.877  10.331  25.475 0.0000000000
98226  -38.224  10.205  25.276 0.0000000000
97522  -37.087  9.565  25.216 0.0000000000
98271  -36.889  10.414  23.135 0.0000000000
99022  -37.353  11.010  22.601 0.0000000000
99056  -40.374  12.395  21.399 0.0000000000
99076  -39.104  13.230  19.749 0.0000000000
99075  -38.720  13.217  19.489 0.0000000000
99898  -39.637  13.359  19.691 0.0000000000
92963  -36.751  4.287  32.759 0.0000000000
92964  -37.770  4.371  32.384 0.0000000000
92952  -37.397  4.390  33.238 0.0000000000
92940  -37.944  4.580  33.562 0.0000000000
92922  -38.434  4.804  33.675 0.0000000000
96620  -38.451  7.699  34.573 0.0000000000
95631  -39.034  6.591  34.912 0.0000000000
96611  -39.101  6.988  35.228 0.0000000000
97442  -39.969  7.967  34.355 0.0000000000
96613  -39.842  7.338  33.960 0.0000000000
96614  -40.006  7.328  33.555 0.0000000000
97443  -40.328  8.132  33.929 0.0000000000
97451  -40.555  8.577  33.602 0.0000000000
98171  -40.611  9.251  33.224 0.0000000000
101460  -40.581  12.041  30.294 0.0000000000
100661  -41.039  11.779  30.530 0.0000000000
99799  -41.379  11.505  30.419 0.0000000000
99800  -41.868  11.643  29.938 0.0000000000
98968  -42.183  10.529  29.831 0.0000000000
98966  -42.178  11.273  29.838 0.0000000000
93016  -49.488  2.873  27.153 0.0000000000
91995  -48.525  2.197  27.607 0.0000000000
90924  -46.925  1.263  30.593 0.0000000000
90938  -47.153  1.152  29.724 0.0000000000
90946  -47.550  0.977  28.818 0.0000000000
88848  -46.642  -0.511  28.667 0.0000000000
88853  -46.476  -1.158  28.229 0.0000000000
87847  -45.783  -1.927  27.784 0.0000000000
86845  -44.507  -3.064  28.163 0.0000000000
86834  -43.140  -3.795  29.933 0.0000000000
86841  -43.038  -4.081  29.201 0.0000000000
86840  -42.469  -4.499  28.923 0.0000000000
87732  -37.559  -2.209  35.490 0.0000000000
87734  -39.518  -1.528  35.461 0.0000000000
87735  -40.762  -1.477  35.534 0.0000000000
87750  -40.299  -1.833  34.582 0.0000000000
86783  -41.180  -3.311  33.450 0.0000000000
87776  -39.233  -3.721  32.999 0.0000000000
87791  -38.686  -4.429  32.308 0.0000000000
88835  -35.435  -0.549  29.251 0.0000000000
89837  -35.086  0.602  29.336 0.0000000000
90914  -35.063  2.553  29.954 0.0000000000
90928  -34.656  1.446  29.744 0.0000000000
90900  -33.439  2.368  31.219 0.0000000000
89964  -50.765  -0.321  20.207 0.0000000000
86905  -45.319  -2.200  22.217 0.0000000000
89986  -44.710  0.218  18.273 0.0000000000
88950  -45.915  -0.790  18.562 0.0000000000
88953  -48.691  -0.350  18.627 0.0000000000
89990  -48.791  -0.015  18.090 0.0000000000
90006  -49.112  -0.090  17.592 0.0000000000
90020  -48.903  0.206  16.718 0.0000000000
90019  -48.268  0.635  16.471 0.0000000000
92128  -46.496  2.006  16.225 0.0000000000
92150  -45.440  2.173  15.302 0.0000000000
91941  -40.469  3.875  31.452 0.0000000000
91958  -40.766  3.415  30.928 0.0000000000
91942  -41.271  3.814  31.318 0.0000000000
91943  -41.890  3.870  30.969 0.0000000000
91960  -42.016  3.977  30.829 0.0000000000
94802  -42.770  4.694  28.901 0.0000000000
94794  -44.107  4.299  29.958 0.0000000000
94803  -43.891  4.229  29.051 0.0000000000
93931  -44.298  4.086  27.702 0.0000000000
93008  -44.580  3.900  26.423 0.0000000000
93939  -44.558  4.061  26.724 0.0000000000
94835  -45.251  4.585  25.184 0.0000000000
95701  -38.030  6.607  28.641 0.0000000000
94816  -39.028  4.827  27.439 0.0000000000
95777  -40.672  5.099  22.864 0.0000000000
95760  -40.982  5.047  23.508 0.0000000000
95778  -41.597  5.060  22.822 0.0000000000
95762  -43.172  5.128  23.539 0.0000000000
95763  -43.864  5.507  23.394 0.0000000000
95781  -44.117  5.601  22.511 0.0000000000
95782  -44.781  5.465  22.032 0.0000000000
95795  -44.912  5.629  21.255 0.0000000000
95797  -46.125  5.403  20.856 0.0000000000
96692  -45.296  5.871  20.101 0.0000000000
96704  -45.443  6.293  19.429 0.0000000000
95859  -44.073  6.419  17.113 0.0000000000
95875  -43.994  6.070  16.319 0.0000000000
94955  -44.315  5.471  15.685 0.0000000000
94051  -44.176  4.235  15.256 0.0000000000
94050  -43.615  4.181  15.125 0.0000000000
93129  -43.337  3.659  15.100 0.0000000000
93128  -42.819  3.653  15.238 0.0000000000
94951  -40.739  4.889  15.755 0.0000000000
94967  -40.110  4.998  15.087 0.0000000000
97543  -35.646  8.445  20.130 0.0000000000
96699  -35.876  7.584  19.527 0.0000000000
97549  -35.818  8.357  19.213 0.0000000000
97555  -35.935  8.256  18.351 0.0000000000
98314  -35.129  9.344  16.750 0.0000000000
97571  -35.465  8.425  16.425 0.0000000000
96763  -36.466  7.381  14.444 0.0000000000
96770  -36.973  6.923  13.692 0.0000000000
94962  -36.015  6.059  14.658 0.0000000000
98331  -33.875  10.046  14.388 0.0000000000
97577  -32.869  8.856  15.777 0.0000000000
97568  -33.022  8.327  16.556 0.0000000000
97576  -32.413  9.524  15.879 0.0000000000
89875  -40.410  1.990  26.399 0.0000000000
90963  -40.037  1.986  26.957 0.0000000000
89864  -41.095  2.532  26.700 0.0000000000
97509  -42.557  10.328  26.895 0.0000000000
98220  -42.961  10.480  26.674 0.0000000000
98248  -43.273  11.315  25.469 0.0000000000
98247  -42.421  11.226  25.450 0.0000000000
99007  -40.384  11.521  23.672 0.0000000000
99026  -41.098  12.033  23.028 0.0000000000
99043  -41.732  12.558  22.470 0.0000000000
99862  -41.647  12.634  21.578 0.0000000000
100745  -42.030  12.832  21.192 0.0000000000
100752  -42.481  13.008  20.645 0.0000000000
92884  -36.876  3.642  36.517 0.0000000000
92899  -37.372  3.605  35.833 0.0000000000
93840  -37.026  4.321  36.312 0.0000000000
94733  -37.319  5.415  34.547 0.0000000000
95642  -38.044  6.394  33.803 0.0000000000
95656  -36.436  6.326  33.151 0.0000000000
96618  -37.451  6.591  33.402 0.0000000000
96619  -38.050  7.060  33.782 0.0000000000
89829  -46.329  0.227  30.754 0.0000000000
88838  -45.620  -1.395  30.041 0.0000000000
86824  -41.252  -5.001  30.382 0.0000000000
86725  -36.774  -2.717  37.318 0.0000000000
86724  -35.959  -2.863  37.059 0.0000000000
86743  -35.791  -2.808  36.295 0.0000000000
88757  -36.003  -2.670  35.817 0.0000000000
87745  -35.866  -3.191  35.042 0.0000000000
88787  -36.668  -2.755  34.811 0.0000000000
87746  -36.764  -2.723  34.705 0.0000000000
88824  -33.189  -0.363  29.950 0.0000000000
89824  -33.157  0.804  30.310 0.0000000000
88823  -32.299  -0.078  30.397 0.0000000000
88822  -31.629  -0.121  30.982 0.0000000000
89815  -31.402  0.664  31.964 0.0000000000
87784  -30.708  -1.164  31.871 0.0000000000
88804  -30.899  0.215  32.262 0.0000000000
89809  -31.110  1.150  32.668 0.0000000000
88922  -43.180  -0.959  20.236 0.0000000000
89985  -43.951  0.722  18.593 0.0000000000
90001  -44.739  0.735  17.825 0.0000000000
90002  -45.279  0.608  17.629 0.0000000000
94019  -45.204  4.405  17.387 0.0000000000
94784  -42.303  4.795  30.656 0.0000000000
95680  -41.894  5.466  30.288 0.0000000000
94792  -42.433  5.017  29.780 0.0000000000
94801  -42.382  5.160  29.249 0.0000000000
95698  -42.329  5.230  28.788 0.0000000000
95706  -42.578  5.181  27.990 0.0000000000
95730  -37.480  5.368  24.954 0.0000000000
94842  -38.335  4.786  24.173 0.0000000000
94857  -39.592  4.692  23.445 0.0000000000
95776  -40.158  4.867  22.970 0.0000000000
94870  -41.105  5.271  22.159 0.0000000000
94883  -41.744  5.312  21.343 0.0000000000
95806  -43.135  5.546  20.760 0.0000000000
96712  -43.607  5.756  20.233 0.0000000000
95816  -43.094  5.703  19.959 0.0000000000
95828  -43.183  5.858  18.979 0.0000000000
95873  -42.073  4.979  16.448 0.0000000000
95855  -40.546  5.309  16.542 0.0000000000
94940  -39.990  5.419  16.836 0.0000000000
95854  -39.674  5.578  16.266 0.0000000000
99874  -35.241  11.602  19.991 0.0000000000
99074  -34.965  10.681  18.868 0.0000000000
99081  -34.964  10.586  17.939 0.0000000000
100790  -35.228  12.287  17.524 0.0000000000
97579  -34.719  8.607  15.387 0.0000000000
98330  -33.721  10.323  14.296 0.0000000000
99109  -33.416  10.746  14.222 0.0000000000
87882  -46.253  -1.936  25.152 0.0000000000
86875  -46.116  -2.234  24.483 0.0000000000
86885  -45.439  -2.492  23.812 0.0000000000
86894  -44.371  -2.342  22.912 0.0000000000
86893  -43.774  -2.526  23.204 0.0000000000
87908  -43.702  -1.951  21.970 0.0000000000
88896  -42.750  -1.751  21.410 0.0000000000
88906  -42.068  -0.798  21.074 0.0000000000
88875  -39.593  -0.967  24.603 0.0000000000
88884  -39.931  -0.813  23.815 0.0000000000
88885  -40.537  -0.794  23.071 0.0000000000
89945  -41.924  0.250  20.965 0.0000000000
91016  -42.533  2.179  21.644 0.0000000000
92061  -43.993  3.325  22.098 0.0000000000
92062  -44.830  3.746  22.688 0.0000000000
97481  -39.894  8.402  30.373 0.0000000000
97490  -39.102  8.743  28.942 0.0000000000
97489  -38.373  7.942  28.775 0.0000000000
96657  -36.968  7.520  27.217 0.0000000000
95757  -36.480  6.357  22.940 0.0000000000
95805  -36.797  6.103  19.921 0.0000000000
97538  -35.505  8.549  21.145 0.0000000000
98283  -35.395  9.374  20.673 0.0000000000
99050  -35.146  11.151  20.631 0.0000000000
99836  -38.672  11.456  23.358 0.0000000000
99023  -38.425  11.653  22.781 0.0000000000
99039  -38.004  12.069  21.902 0.0000000000
99038  -37.091  11.520  21.693 0.0000000000
99052  -36.771  11.842  21.069 0.0000000000
99051  -35.951  11.598  20.978 0.0000000000
99875  -35.887  11.912  20.301 0.0000000000
99894  -35.764  12.183  19.522 0.0000000000
99914  -36.474  12.598  18.914 0.0000000000
99916  -38.186  13.144  19.190 0.0000000000
99928  -37.122  12.804  18.388 0.0000000000
100792  -37.117  12.923  17.590 0.0000000000
100829  -37.778  13.511  16.352 0.0000000000
90917  -38.659  3.366  29.688 0.0000000000
90918  -39.679  3.089  29.357 0.0000000000
90901  -39.033  3.583  30.117 0.0000000000
91956  -39.697  3.721  30.751 0.0000000000
92965  -38.740  4.381  32.117 0.0000000000
91940  -39.909  4.006  31.335 0.0000000000
92968  -40.249  4.097  31.678 0.0000000000
92956  -40.361  4.289  31.896 0.0000000000
92944  -40.499  4.700  32.386 0.0000000000
92900  -37.493  4.535  34.906 0.0000000000
92901  -38.196  4.869  34.142 0.0000000000
92902  -38.741  5.004  33.601 0.0000000000
95623  -39.253  6.369  34.450 0.0000000000
93844  -39.188  5.659  33.652 0.0000000000
93859  -39.604  5.297  33.470 0.0000000000
93877  -40.010  4.855  33.312 0.0000000000
93878  -40.286  5.152  33.111 0.0000000000
93893  -40.834  5.040  32.419 0.0000000000
94766  -40.994  5.607  32.408 0.0000000000
96621  -40.146  7.307  33.167 0.0000000000
96629  -40.210  7.340  32.618 0.0000000000
97473  -40.270  8.213  31.440 0.0000000000
99763  -40.607  10.287  33.483 0.0000000000
98946  -40.366  9.991  32.495 0.0000000000
98192  -40.672  9.326  31.513 0.0000000000
98195  -40.712  9.094  31.076 0.0000000000
98199  -40.966  9.474  30.396 0.0000000000
98204  -41.277  9.653  29.812 0.0000000000
98205  -42.045  9.857  29.341 0.0000000000
98201  -42.442  10.233  29.598 0.0000000000
98209  -42.591  9.885  28.719 0.0000000000
97494  -43.101  10.006  27.586 0.0000000000
98974  -44.026  10.662  28.176 0.0000000000
92007  -49.218  2.493  26.571 0.0000000000
90969  -48.963  1.771  26.132 0.0000000000
90981  -48.952  0.853  25.362 0.0000000000
89893  -47.657  -0.400  25.605 0.0000000000
88866  -47.159  -0.918  25.694 0.0000000000
90955  -47.688  0.845  27.973 0.0000000000
89866  -47.777  0.434  27.325 0.0000000000
87868  -46.632  -1.401  25.821 0.0000000000
87867  -46.006  -1.917  25.783 0.0000000000
86862  -45.311  -2.498  25.554 0.0000000000
86853  -44.686  -2.805  25.810 0.0000000000
87856  -44.710  -2.812  26.409 0.0000000000
87865  -43.397  -3.587  25.308 0.0000000000
87864  -42.111  -3.906  25.067 0.0000000000
87863  -40.874  -3.823  25.049 0.0000000000
87862  -39.812  -3.311  25.121 0.0000000000
86842  -44.292  -3.231  28.284 0.0000000000
87835  -42.862  -4.334  28.508 0.0000000000
87844  -42.659  -4.478  27.273 0.0000000000
88852  -38.650  -0.519  26.727 0.0000000000
88844  -38.703  0.294  27.648 0.0000000000
89840  -38.193  1.523  28.672 0.0000000000
88790  -44.003  -0.577  34.538 0.0000000000
86694  -42.545  -2.123  37.718 0.0000000000
87686  -42.540  -1.646  38.005 0.0000000000
89734  -42.504  -1.057  37.627 0.0000000000
86726  -37.888  -2.278  37.413 0.0000000000
87698  -39.500  -1.714  37.211 0.0000000000
88742  -40.303  -1.764  37.169 0.0000000000
89731  -40.755  -1.816  37.160 0.0000000000
89733  -41.913  -1.809  37.110 0.0000000000
89767  -42.921  -0.866  36.599 0.0000000000
89781  -43.183  -0.675  36.075 0.0000000000
87737  -42.440  -1.373  35.611 0.0000000000
88777  -43.189  -0.828  35.660 0.0000000000
88789  -43.401  -1.009  34.963 0.0000000000
88797  -43.789  -1.045  34.176 0.0000000000
87769  -44.032  -1.460  33.677 0.0000000000
86795  -43.473  -2.658  33.460 0.0000000000
85742  -43.358  -3.333  33.071 0.0000000000
85740  -42.118  -3.964  32.771 0.0000000000
86794  -42.083  -4.228  32.328 0.0000000000
87794  -41.221  -4.776  31.539 0.0000000000
86809  -40.468  -5.017  30.936 0.0000000000
86823  -39.835  -5.013  29.790 0.0000000000
86791  -37.311  -4.122  32.528 0.0000000000
86806  -37.721  -4.663  31.647 0.0000000000
86820  -36.970  -4.512  30.214 0.0000000000
86807  -38.709  -5.001  31.294 0.0000000000
86821  -37.887  -4.872  30.137 0.0000000000
86822  -38.842  -4.901  30.016 0.0000000000
87810  -38.805  -4.740  28.922 0.0000000000
91953  -36.355  4.111  31.117 0.0000000000
91965  -35.621  3.594  30.366 0.0000000000
91916  -36.215  3.451  34.198 0.0000000000
91908  -36.477  2.830  34.849 0.0000000000
90912  -32.928  1.680  30.891 0.0000000000
90899  -32.805  2.148  31.557 0.0000000000
90874  -34.769  2.364  34.039 0.0000000000
91915  -35.648  2.596  34.420 0.0000000000
91891  -36.539  2.832  35.553 0.0000000000
92882  -36.091  3.746  36.422 0.0000000000
93838  -35.341  4.165  36.025 0.0000000000
94730  -34.811  4.553  34.802 0.0000000000
93837  -34.171  4.144  36.006 0.0000000000
94746  -34.651  4.614  33.721 0.0000000000
88945  -52.927  -1.288  19.763 0.0000000000
89966  -52.089  -0.367  20.244 0.0000000000
88944  -52.632  -0.874  19.578 0.0000000000
87944  -52.886  -1.449  19.467 0.0000000000
87958  -51.990  -1.331  17.813 0.0000000000
87966  -51.301  -1.147  17.531 0.0000000000
87896  -46.622  -1.604  23.751 0.0000000000
88898  -46.986  -1.100  22.667 0.0000000000
86906  -46.148  -2.304  22.174 0.0000000000
88923  -44.065  -1.175  19.965 0.0000000000
87941  -44.824  -1.405  20.164 0.0000000000
87943  -46.423  -1.590  20.030 0.0000000000
88925  -47.937  -1.359  20.757 0.0000000000
88926  -48.776  -1.217  20.760 0.0000000000
88928  -49.969  -0.692  20.116 0.0000000000
88943  -50.234  -0.623  19.514 0.0000000000
89977  -50.602  -0.465  19.205 0.0000000000
89992  -49.919  -0.858  18.763 0.0000000000
91054  -51.026  -0.292  18.610 0.0000000000
90009  -51.201  -0.521  17.765 0.0000000000
88963  -50.869  -0.685  17.739 0.0000000000
88976  -50.902  -0.884  17.486 0.0000000000
88997  -49.514  -0.669  15.875 0.0000000000
90036  -49.626  -0.305  16.139 0.0000000000
91091  -49.777  -0.102  15.535 0.0000000000
88996  -49.421  -0.713  15.214 0.0000000000
89011  -49.348  -0.499  14.906 0.0000000000
89010  -48.911  -0.624  14.695 0.0000000000
89009  -48.155  -0.632  14.345 0.0000000000
91080  -47.687  1.047  16.584 0.0000000000
90018  -47.772  0.806  16.178 0.0000000000
89008  -47.260  -0.576  14.065 0.0000000000
89007  -46.321  -0.573  14.002 0.0000000000
91115  -46.147  0.726  14.524 0.0000000000
89828  -40.055  2.632  29.514 0.0000000000
90934  -40.799  2.898  29.687 0.0000000000
90905  -40.757  3.215  30.457 0.0000000000
90921  -41.037  3.044  30.154 0.0000000000
90935  -41.104  2.742  29.360 0.0000000000
90944  -42.040  3.078  28.089 0.0000000000
90953  -42.410  3.152  27.108 0.0000000000
92976  -43.017  3.903  30.895 0.0000000000
92984  -43.006  3.965  29.799 0.0000000000
93922  -44.114  3.855  29.453 0.0000000000
92985  -43.657  3.849  29.692 0.0000000000
92991  -42.816  3.976  29.420 0.0000000000
91977  -42.935  3.859  28.680 0.0000000000
90954  -42.949  3.572  27.387 0.0000000000
92003  -43.292  3.436  26.059 0.0000000000
92017  -44.137  3.518  24.790 0.0000000000
93015  -44.863  3.788  25.621 0.0000000000
92018  -44.694  3.698  25.066 0.0000000000
92033  -44.251  3.388  23.973 0.0000000000
92075  -45.415  3.858  22.300 0.0000000000
96646  -39.408  7.252  30.443 0.0000000000
95685  -39.239  6.974  30.302 0.0000000000
95695  -39.750  5.891  29.784 0.0000000000
95702  -38.782  6.198  29.074 0.0000000000
95703  -40.094  5.422  28.955 0.0000000000
95704  -41.210  5.179  28.744 0.0000000000
95714  -41.584  4.944  27.962 0.0000000000
95715  -42.280  4.991  27.574 0.0000000000
94831  -39.510  4.516  25.576 0.0000000000
94832  -40.554  4.555  25.736 0.0000000000
94859  -40.989  4.849  24.186 0.0000000000
94833  -41.452  4.603  25.852 0.0000000000
95731  -42.089  4.671  26.139 0.0000000000
95724  -42.529  4.787  26.654 0.0000000000
95725  -42.964  4.882  26.075 0.0000000000
95726  -43.577  4.887  25.708 0.0000000000
94834  -44.977  4.941  25.054 0.0000000000
94847  -45.630  4.986  24.412 0.0000000000
95748  -45.005  5.250  23.968 0.0000000000
95749  -45.528  5.126  23.578 0.0000000000
93966  -46.141  4.421  23.985 0.0000000000
93046  -46.179  3.864  23.487 0.0000000000
93055  -46.202  3.951  22.376 0.0000000000
93062  -45.404  4.244  21.507 0.0000000000
94898  -46.205  5.146  20.572 0.0000000000
96714  -44.421  6.424  19.491 0.0000000000
96715  -45.046  6.666  19.136 0.0000000000
96728  -45.762  6.905  17.997 0.0000000000
96748  -44.652  6.696  17.278 0.0000000000
96740  -45.644  6.625  17.324 0.0000000000
95845  -46.029  6.405  17.708 0.0000000000
94943  -45.895  5.503  17.213 0.0000000000
94026  -45.230  4.558  16.721 0.0000000000
93110  -45.009  3.710  16.043 0.0000000000
93109  -44.857  3.554  15.397 0.0000000000
92149  -44.792  2.667  15.022 0.0000000000
94048  -42.046  4.426  15.720 0.0000000000
94034  -40.948  4.461  15.754 0.0000000000
93107  -41.508  4.226  15.710 0.0000000000
95869  -38.522  6.308  15.315 0.0000000000
97572  -36.048  7.973  16.738 0.0000000000
96735  -36.582  7.567  17.005 0.0000000000
95885  -38.306  6.376  14.406 0.0000000000
94981  -38.420  5.709  13.863 0.0000000000
94057  -38.155  5.269  13.976 0.0000000000
95891  -37.306  6.350  13.680 0.0000000000
94980  -37.673  5.721  13.726 0.0000000000
94044  -37.916  4.962  14.459 0.0000000000
93115  -37.531  4.710  14.978 0.0000000000
94041  -36.054  5.577  15.300 0.0000000000
94032  -35.975  5.271  15.982 0.0000000000
95881  -34.467  7.243  15.157 0.0000000000
95866  -34.335  7.081  15.476 0.0000000000
96744  -33.079  7.730  17.075 0.0000000000
100753  -43.186  13.100  20.306 0.0000000000
99932  -40.385  13.643  18.044 0.0000000000
99941  -39.828  13.415  17.305 0.0000000000
100813  -39.405  13.379  16.839 0.0000000000
100830  -38.735  13.596  16.454 0.0000000000
101622  -37.876  13.772  16.050 0.0000000000
101624  -39.512  14.012  16.056 0.0000000000
101638  -37.226  13.608  15.562 0.0000000000
100842  -36.654  13.328  14.768 0.0000000000
101650  -36.693  14.106  14.193 0.0000000000
100861  -36.187  13.460  13.044 0.0000000000
99974  -35.395  12.322  12.936 0.0000000000
99973  -34.683  11.986  12.884 0.0000000000
99972  -33.898  11.957  13.010 0.0000000000
85727  -42.063  -3.604  33.208 0.0000000000
85729  -43.141  -3.004  33.517 0.0000000000
85741  -42.727  -3.858  32.616 0.0000000000
85746  -31.159  -2.331  31.528 0.0000000000
85748  -32.254  -2.963  31.443 0.0000000000
85754  -43.022  -3.869  31.739 0.0000000000
85761  -43.224  -3.738  31.398 0.0000000000
85762  -43.408  -3.617  31.658 0.0000000000
85785  -42.928  -4.189  25.665 0.0000000000
85786  -43.027  -4.229  25.879 0.0000000000
85791  -43.129  -4.081  25.721 0.0000000000
85792  -43.210  -4.091  25.913 0.0000000000
86691  -40.445  -2.836  37.368 0.0000000000
86768  -38.739  -2.485  34.434 0.0000000000
86780  -38.262  -2.793  34.314 0.0000000000
86781  -38.553  -2.630  34.357 0.0000000000
86793  -41.546  -3.994  32.793 0.0000000000
86810  -42.457  -4.191  31.765 0.0000000000
86843  -44.591  -2.933  28.546 0.0000000000
86846  -44.782  -2.753  28.413 0.0000000000
86851  -42.702  -4.238  25.712 0.0000000000
86852  -43.131  -4.170  26.086 0.0000000000
86859  -42.959  -4.039  25.470 0.0000000000
86861  -44.700  -2.803  25.398 0.0000000000
86883  -43.908  -2.774  23.888 0.0000000000
86954  -49.335  -1.788  17.005 0.0000000000
87672  -40.936  -2.713  37.461 0.0000000000
87674  -42.261  -2.028  37.596 0.0000000000
87683  -40.509  -2.231  37.392 0.0000000000
87685  -42.492  -1.840  37.812 0.0000000000
87712  -36.003  -2.669  36.126 0.0000000000
87718  -42.104  -1.524  35.908 0.0000000000
87719  -42.458  -1.322  35.931 0.0000000000
87731  -36.991  -2.438  35.190 0.0000000000
87744  -35.223  -3.336  35.344 0.0000000000
87778  -40.953  -4.332  32.397 0.0000000000
87785  -31.351  -1.083  31.296 0.0000000000
87795  -41.938  -4.508  31.719 0.0000000000
87866  -44.239  -3.036  25.356 0.0000000000
87918  -43.667  -1.557  21.117 0.0000000000
87942  -45.598  -1.491  20.055 0.0000000000
87945  -53.014  -1.718  19.839 0.0000000000
87983  -48.678  -1.280  14.891 0.0000000000
87986  -49.533  -1.010  16.286 0.0000000000
88724  -41.981  -2.100  37.412 0.0000000000
88731  -40.781  -1.926  37.240 0.0000000000
88732  -41.352  -2.067  37.277 0.0000000000
88733  -42.177  -1.855  37.388 0.0000000000
88734  -42.750  -1.544  37.916 0.0000000000
88744  -41.527  -1.646  36.603 0.0000000000
88745  -42.120  -1.638  36.740 0.0000000000
88758  -36.356  -2.609  35.741 0.0000000000
88761  -41.911  -1.613  36.306 0.0000000000
88772  -36.174  -2.704  35.645 0.0000000000
88773  -36.511  -2.617  35.447 0.0000000000
88775  -41.506  -1.536  35.852 0.0000000000
88776  -42.798  -1.059  35.949 0.0000000000
88786  -36.174  -2.823  35.372 0.0000000000
88897  -43.447  -1.742  21.419 0.0000000000
88908  -43.594  -1.632  21.259 0.0000000000
88914  -52.619  -1.079  21.019 0.0000000000
88954  -49.114  -0.417  18.521 0.0000000000
88995  -49.196  -0.796  14.908 0.0000000000
89732  -41.147  -1.941  37.100 0.0000000000
89745  -40.540  -1.734  37.151 0.0000000000
89746  -40.709  -1.735  37.036 0.0000000000
89747  -41.356  -1.751  36.876 0.0000000000
89803  -44.946  -0.085  33.990 0.0000000000
89822  -31.634  0.451  31.416 0.0000000000
89844  -40.780  2.624  28.970 0.0000000000
89863  -40.875  2.520  26.610 0.0000000000
89993  -51.981  -0.441  18.249 0.0000000000
90031  -44.968  1.032  15.348 0.0000000000
90045  -44.912  0.823  15.058 0.0000000000
90048  -48.784  0.211  15.179 0.0000000000
90049  -49.664  -0.275  15.001 0.0000000000
90050  -49.671  -0.326  15.443 0.0000000000
90851  -43.511  0.001  36.438 0.0000000000
90873  -34.149  1.770  34.268 0.0000000000
90902  -39.419  3.481  30.125 0.0000000000
90933  -39.179  2.913  28.866 0.0000000000
90964  -40.271  2.198  26.870 0.0000000000
90977  -41.700  2.288  24.208 0.0000000000
90992  -41.665  2.230  23.882 0.0000000000
91005  -41.696  2.214  23.601 0.0000000000
91042  -50.930  -0.122  19.130 0.0000000000
91044  -51.572  -0.285  18.793 0.0000000000
91053  -50.666  -0.466  18.687 0.0000000000
91064  -44.652  1.093  17.488 0.0000000000
91071  -51.205  -0.305  18.195 0.0000000000
91085  -44.736  1.147  15.092 0.0000000000
91086  -44.751  1.163  15.323 0.0000000000
91089  -49.465  0.148  15.456 0.0000000000
91104  -49.659  0.107  15.009 0.0000000000
91117  -49.342  0.051  14.840 0.0000000000
91907  -35.841  2.280  35.073 0.0000000000
91917  -36.638  3.772  34.394 0.0000000000
91925  -40.540  4.026  31.642 0.0000000000
91968  -38.510  3.589  30.172 0.0000000000
91976  -42.517  3.804  29.323 0.0000000000
91991  -40.203  2.281  27.236 0.0000000000
91992  -40.349  2.329  27.069 0.0000000000
91994  -43.467  3.708  27.202 0.0000000000
92001  -40.155  2.196  27.099 0.0000000000
92002  -39.850  2.021  26.799 0.0000000000
92005  -44.357  3.727  25.394 0.0000000000
92014  -41.882  2.423  24.163 0.0000000000
92016  -42.614  2.570  24.650 0.0000000000
92030  -41.855  2.393  23.749 0.0000000000
92031  -42.239  2.515  24.021 0.0000000000
92045  -42.046  2.502  23.468 0.0000000000
92049  -45.765  3.643  23.535 0.0000000000
92084  -43.993  3.341  19.617 0.0000000000
92101  -44.034  1.465  18.127 0.0000000000
92114  -44.627  1.536  17.206 0.0000000000
92147  -43.560  3.020  14.476 0.0000000000
92883  -36.387  3.639  36.449 0.0000000000
92898  -36.475  3.062  36.298 0.0000000000
92938  -36.554  3.940  34.183 0.0000000000
92967  -40.030  4.198  31.768 0.0000000000
93002  -48.847  3.251  28.291 0.0000000000
93006  -43.496  3.696  26.576 0.0000000000
93021  -45.585  3.971  24.761 0.0000000000
93045  -45.814  3.684  23.928 0.0000000000
93056  -46.454  4.290  21.984 0.0000000000
93069  -44.033  3.367  19.865 0.0000000000
93825  -35.923  3.929  36.365 0.0000000000
93826  -36.392  3.977  36.544 0.0000000000
93827  -36.702  3.874  36.593 0.0000000000
93839  -36.222  4.288  36.217 0.0000000000
93841  -37.518  4.565  35.359 0.0000000000
93842  -38.066  5.047  34.473 0.0000000000
93843  -38.728  5.351  33.751 0.0000000000
93856  -34.049  4.449  35.365 0.0000000000
93858  -39.088  5.160  33.471 0.0000000000
93860  -40.008  5.529  33.423 0.0000000000
93913  -43.850  4.008  30.055 0.0000000000
93914  -44.106  4.155  29.553 0.0000000000
93947  -45.274  4.311  25.326 0.0000000000
93976  -46.301  4.440  23.024 0.0000000000
93989  -46.215  4.737  21.071 0.0000000000
93995  -45.365  4.499  19.698 0.0000000000
94027  -45.699  5.077  16.956 0.0000000000
94040  -35.721  5.745  15.557 0.0000000000
94049  -42.439  4.393  15.527 0.0000000000
94056  -37.654  5.302  14.074 0.0000000000
94721  -36.551  4.820  35.814 0.0000000000
94725  -38.819  5.952  33.850 0.0000000000
94726  -39.425  5.960  33.702 0.0000000000
94747  -35.585  4.768  34.170 0.0000000000
94748  -36.282  5.243  34.375 0.0000000000
94824  -39.772  4.572  26.604 0.0000000000
94826  -41.585  4.652  26.463 0.0000000000
94828  -45.086  4.385  25.566 0.0000000000
94846  -45.112  5.140  24.560 0.0000000000
94855  -37.610  5.302  23.076 0.0000000000
94874  -46.536  4.886  22.011 0.0000000000
94884  -42.564  5.384  21.367 0.0000000000
94904  -37.340  5.855  19.384 0.0000000000
94932  -41.810  5.367  18.398 0.0000000000
94965  -38.631  6.008  14.042 0.0000000000
94972  -44.523  4.746  15.495 0.0000000000
94983  -43.229  4.542  15.147 0.0000000000
95625  -39.590  6.365  33.706 0.0000000000
95628  -36.960  5.849  34.071 0.0000000000
95629  -37.978  6.023  33.900 0.0000000000
95630  -38.690  6.563  34.501 0.0000000000
95657  -37.076  6.488  33.313 0.0000000000
95677  -39.952  6.939  31.057 0.0000000000
95699  -42.765  5.087  28.320 0.0000000000
95717  -43.185  4.844  26.619 0.0000000000
95727  -44.295  4.977  25.441 0.0000000000
95766  -45.668  5.070  22.950 0.0000000000
95793  -43.149  5.476  21.584 0.0000000000
95796  -45.599  5.609  21.069 0.0000000000
95807  -45.693  5.852  19.844 0.0000000000
95817  -45.887  6.300  19.119 0.0000000000
95831  -46.117  6.082  18.754 0.0000000000
95840  -40.879  5.278  16.981 0.0000000000
95844  -44.248  6.637  17.546 0.0000000000
95846  -46.179  6.020  18.135 0.0000000000
95862  -46.058  5.923  17.560 0.0000000000
95877  -45.369  5.766  16.577 0.0000000000
95884  -37.768  6.850  14.508 0.0000000000
95893  -38.287  6.252  13.787 0.0000000000
96604  -39.235  6.717  34.828 0.0000000000
96609  -37.990  6.744  33.908 0.0000000000
96612  -39.489  7.108  34.516 0.0000000000
96640  -40.186  7.262  31.340 0.0000000000
96644  -39.991  7.384  30.832 0.0000000000
96654  -37.180  7.070  27.898 0.0000000000
96680  -44.202  5.652  21.752 0.0000000000
96688  -43.568  5.575  21.538 0.0000000000
96689  -43.841  5.649  21.562 0.0000000000
96701  -43.944  5.769  20.594 0.0000000000
96713  -43.952  6.087  19.847 0.0000000000
96716  -45.653  6.765  18.788 0.0000000000
96726  -44.494  6.790  18.784 0.0000000000
96737  -44.019  6.675  18.499 0.0000000000
96739  -45.191  6.915  17.578 0.0000000000
96749  -45.117  6.529  16.902 0.0000000000
96750  -45.533  6.412  16.990 0.0000000000
96756  -44.553  6.424  16.816 0.0000000000
96771  -37.635  6.595  13.679 0.0000000000
96772  -37.988  6.418  13.632 0.0000000000
97440  -38.859  7.641  35.046 0.0000000000
97441  -39.553  7.976  34.898 0.0000000000
97450  -39.481  8.510  34.656 0.0000000000
97474  -40.396  8.458  31.802 0.0000000000
97477  -40.054  7.999  31.009 0.0000000000
97480  -39.551  7.754  30.281 0.0000000000
97502  -43.195  10.050  27.251 0.0000000000
97508  -42.075  10.389  26.788 0.0000000000
98160  -40.012  8.603  34.486 0.0000000000
98219  -42.353  10.626  26.393 0.0000000000
98937  -40.180  10.205  34.226 0.0000000000
99065  -37.859  12.901  20.228 0.0000000000
99068  -40.219  12.622  20.832 0.0000000000
99086  -34.870  10.418  16.178 0.0000000000
99762  -40.435  10.583  33.551 0.0000000000
99837  -38.825  11.489  23.402 0.0000000000
99847  -38.563  11.523  23.146 0.0000000000
99848  -38.851  11.608  23.173 0.0000000000
99879  -41.440  12.389  20.984 0.0000000000
99911  -34.665  11.642  18.171 0.0000000000
99926  -34.695  11.703  17.937 0.0000000000
100676  -40.915  12.045  30.298 0.0000000000
100744  -41.732  12.566  21.119 0.0000000000
100759  -34.898  11.965  18.790 0.0000000000
100760  -35.347  12.240  18.930 0.0000000000
100772  -34.690  11.883  18.121 0.0000000000
100773  -34.940  12.218  18.308 0.0000000000
100774  -35.766  12.616  18.358 0.0000000000
100793  -37.963  13.093  17.436 0.0000000000
100852  -36.011  12.456  13.232 0.0000000000
100854  -36.892  13.854  14.324 0.0000000000
100858  -34.258  12.493  12.939 0.0000000000
100859  -34.908  12.841  12.771 0.0000000000
100860  -35.798  13.018  12.844 0.0000000000
101657  -35.724  13.699  12.991 0.0000000000
