#!ascii label  , from subject 4094 vox2ras=TkReg
345
73865  -24.313  -15.434  -13.487 0.0000000000
69784  -21.297  -19.520  -12.167 0.0000000000
69811  -26.314  -19.762  -14.126 0.0000000000
64622  -23.320  -24.444  -11.594 0.0000000000
86228  -24.042  -3.581  -15.215 0.0000000000
81932  -24.909  -7.013  -15.166 0.0000000000
77919  -19.694  -11.514  -15.596 0.0000000000
62446  -21.525  -27.005  -9.275 0.0000000000
67843  -21.848  -21.681  -11.542 0.0000000000
65672  -20.870  -23.113  -10.416 0.0000000000
84050  -24.171  -5.799  -15.067 0.0000000000
82946  -20.910  -6.640  -15.451 0.0000000000
73861  -20.691  -15.873  -13.986 0.0000000000
76909  -18.266  -13.281  -12.807 0.0000000000
74969  -21.811  -13.867  -15.058 0.0000000000
77923  -23.474  -11.140  -15.201 0.0000000000
76946  -25.626  -12.551  -13.192 0.0000000000
74937  -28.188  -15.108  -13.527 0.0000000000
71750  -19.497  -17.545  -12.494 0.0000000000
71773  -22.183  -17.275  -13.251 0.0000000000
71775  -25.952  -17.992  -13.451 0.0000000000
69787  -24.343  -19.949  -12.508 0.0000000000
66829  -24.599  -22.587  -12.631 0.0000000000
64625  -24.818  -24.395  -11.988 0.0000000000
81917  -18.499  -8.281  -14.754 0.0000000000
79934  -22.170  -9.218  -15.814 0.0000000000
79922  -26.895  -9.152  -15.022 0.0000000000
64571  -19.703  -24.386  -8.705 0.0000000000
63470  -21.878  -25.274  -10.027 0.0000000000
67834  -20.397  -22.008  -10.950 0.0000000000
66780  -19.466  -22.425  -8.905 0.0000000000
84067  -21.031  -5.531  -15.558 0.0000000000
82928  -18.389  -6.319  -15.130 0.0000000000
73885  -22.068  -15.244  -14.322 0.0000000000
74952  -20.762  -14.678  -14.797 0.0000000000
74954  -22.462  -14.434  -14.482 0.0000000000
75999  -24.224  -13.028  -14.173 0.0000000000
74934  -24.856  -14.399  -13.320 0.0000000000
75988  -26.627  -14.146  -13.098 0.0000000000
73866  -25.609  -15.680  -13.102 0.0000000000
69782  -19.830  -18.873  -12.203 0.0000000000
71771  -20.661  -17.605  -13.267 0.0000000000
70739  -22.019  -18.556  -12.537 0.0000000000
70740  -23.068  -18.695  -12.562 0.0000000000
69785  -22.355  -19.447  -12.276 0.0000000000
66805  -22.281  -22.585  -11.327 0.0000000000
67845  -23.434  -21.902  -11.964 0.0000000000
65716  -23.986  -23.508  -12.183 0.0000000000
65717  -24.640  -23.523  -12.370 0.0000000000
64624  -24.148  -24.438  -12.081 0.0000000000
86226  -22.053  -3.966  -14.959 0.0000000000
87278  -22.347  -2.708  -14.948 0.0000000000
87279  -23.461  -2.508  -15.213 0.0000000000
88341  -24.997  -0.806  -16.137 0.0000000000
87281  -25.484  -2.480  -15.273 0.0000000000
82931  -24.988  -6.357  -15.253 0.0000000000
76944  -19.135  -12.697  -14.628 0.0000000000
78901  -17.951  -10.859  -13.909 0.0000000000
79908  -19.277  -9.780  -14.938 0.0000000000
79932  -20.654  -9.256  -15.823 0.0000000000
78925  -20.621  -10.042  -15.893 0.0000000000
77925  -25.422  -10.985  -14.186 0.0000000000
78916  -25.730  -10.117  -14.385 0.0000000000
78917  -26.420  -9.960  -15.047 0.0000000000
71789  -26.503  -18.360  -14.194 0.0000000000
71777  -27.914  -17.475  -14.470 0.0000000000
62444  -19.791  -26.446  -8.457 0.0000000000
63453  -20.224  -25.545  -8.871 0.0000000000
63469  -20.923  -25.398  -9.506 0.0000000000
62465  -21.993  -26.462  -9.704 0.0000000000
68795  -19.917  -20.547  -11.316 0.0000000000
68797  -21.561  -20.601  -11.750 0.0000000000
67842  -20.797  -21.532  -11.279 0.0000000000
66804  -21.363  -22.313  -11.179 0.0000000000
65674  -22.317  -23.411  -10.906 0.0000000000
86227  -23.006  -3.657  -15.062 0.0000000000
85136  -24.413  -4.626  -14.453 0.0000000000
85152  -21.801  -5.288  -15.435 0.0000000000
82929  -22.918  -6.789  -15.093 0.0000000000
81930  -23.138  -7.561  -15.226 0.0000000000
74909  -18.875  -15.401  -12.578 0.0000000000
74950  -19.191  -14.501  -14.008 0.0000000000
76009  -19.527  -13.552  -15.076 0.0000000000
76958  -20.333  -12.472  -15.674 0.0000000000
77922  -22.153  -10.959  -15.407 0.0000000000
76961  -23.076  -12.085  -15.279 0.0000000000
77910  -25.064  -11.735  -13.972 0.0000000000
76963  -26.814  -11.908  -14.045 0.0000000000
76015  -27.799  -13.334  -14.547 0.0000000000
60537  -21.916  -28.157  -8.472 0.0000000000
61498  -22.281  -27.375  -9.103 0.0000000000
72784  -19.558  -16.813  -13.070 0.0000000000
72786  -21.088  -16.687  -13.605 0.0000000000
72789  -23.868  -16.591  -13.188 0.0000000000
72790  -25.018  -16.953  -12.934 0.0000000000
72772  -24.111  -17.327  -12.909 0.0000000000
70742  -24.777  -18.468  -12.899 0.0000000000
69810  -25.602  -19.887  -13.711 0.0000000000
68816  -23.597  -20.869  -12.015 0.0000000000
68817  -24.751  -20.861  -12.627 0.0000000000
67875  -25.498  -21.399  -13.508 0.0000000000
66845  -25.682  -21.934  -13.277 0.0000000000
65719  -25.807  -23.324  -12.158 0.0000000000
85137  -25.756  -3.865  -14.275 0.0000000000
81929  -19.398  -7.928  -15.041 0.0000000000
80937  -21.494  -8.351  -15.966 0.0000000000
80921  -24.141  -8.083  -14.951 0.0000000000
78913  -22.780  -10.134  -15.511 0.0000000000
79920  -24.832  -9.029  -14.422 0.0000000000
80923  -25.760  -8.136  -14.646 0.0000000000
72792  -27.413  -16.646  -13.701 0.0000000000
72793  -28.472  -16.620  -13.829 0.0000000000
65662  -18.943  -23.229  -8.346 0.0000000000
65664  -20.615  -23.589  -9.879 0.0000000000
64586  -21.728  -24.341  -10.182 0.0000000000
63490  -22.816  -24.992  -10.835 0.0000000000
62466  -22.921  -26.556  -9.960 0.0000000000
63472  -23.447  -25.947  -10.347 0.0000000000
63511  -23.768  -25.458  -11.636 0.0000000000
84046  -17.796  -5.613  -15.080 0.0000000000
73886  -23.003  -15.172  -14.155 0.0000000000
73887  -23.681  -15.215  -14.020 0.0000000000
74955  -23.715  -14.203  -14.147 0.0000000000
74933  -24.370  -14.694  -13.751 0.0000000000
69768  -20.430  -19.896  -11.733 0.0000000000
69783  -20.307  -19.142  -12.291 0.0000000000
70738  -20.949  -18.414  -12.856 0.0000000000
65694  -22.989  -23.332  -11.334 0.0000000000
65695  -23.476  -23.410  -11.799 0.0000000000
63525  -23.349  -24.635  -11.759 0.0000000000
87280  -24.500  -2.503  -15.458 0.0000000000
86229  -24.988  -3.366  -14.862 0.0000000000
82932  -25.995  -6.990  -15.074 0.0000000000
81933  -26.054  -7.332  -14.833 0.0000000000
77909  -19.188  -11.690  -14.813 0.0000000000
77908  -18.521  -11.853  -14.028 0.0000000000
78902  -18.748  -10.788  -14.246 0.0000000000
78912  -19.688  -10.482  -15.466 0.0000000000
78924  -20.092  -10.247  -15.731 0.0000000000
77935  -20.597  -10.807  -15.950 0.0000000000
77926  -26.473  -11.100  -14.489 0.0000000000
70773  -26.717  -19.020  -14.355 0.0000000000
71790  -27.167  -18.297  -14.527 0.0000000000
70774  -27.374  -18.995  -14.519 0.0000000000
61497  -21.094  -27.530  -8.787 0.0000000000
61496  -20.409  -27.037  -8.732 0.0000000000
62445  -20.847  -26.462  -9.232 0.0000000000
62464  -21.378  -25.926  -9.672 0.0000000000
67841  -20.254  -21.093  -11.277 0.0000000000
67833  -19.953  -21.515  -10.762 0.0000000000
66787  -20.446  -22.518  -10.416 0.0000000000
66803  -20.756  -22.261  -10.976 0.0000000000
66788  -21.047  -22.805  -10.794 0.0000000000
66789  -21.670  -22.929  -10.950 0.0000000000
85133  -21.442  -4.388  -15.177 0.0000000000
85134  -22.446  -4.757  -15.264 0.0000000000
85151  -21.649  -5.061  -15.466 0.0000000000
84068  -21.917  -6.033  -15.396 0.0000000000
82947  -21.718  -6.756  -15.565 0.0000000000
82948  -22.433  -7.074  -15.419 0.0000000000
73860  -19.770  -15.582  -13.703 0.0000000000
73882  -19.780  -14.772  -14.460 0.0000000000
74967  -20.143  -14.413  -15.045 0.0000000000
76010  -20.236  -13.426  -15.419 0.0000000000
76011  -21.069  -13.204  -15.369 0.0000000000
76960  -22.040  -12.097  -15.202 0.0000000000
76013  -22.777  -12.920  -15.099 0.0000000000
76000  -25.177  -13.149  -13.320 0.0000000000
76945  -24.619  -12.167  -13.941 0.0000000000
77911  -25.176  -12.124  -13.940 0.0000000000
76947  -26.495  -12.134  -13.180 0.0000000000
76948  -27.414  -12.798  -13.830 0.0000000000
76934  -26.835  -12.992  -13.273 0.0000000000
74936  -27.303  -14.814  -13.159 0.0000000000
74957  -27.831  -14.437  -13.684 0.0000000000
60518  -22.481  -28.912  -8.151 0.0000000000
71749  -19.075  -17.384  -11.755 0.0000000000
72769  -19.173  -16.640  -12.256 0.0000000000
71769  -19.581  -17.367  -12.961 0.0000000000
71752  -21.199  -17.805  -13.131 0.0000000000
71772  -21.473  -17.318  -13.317 0.0000000000
72787  -21.958  -16.647  -13.522 0.0000000000
72788  -22.911  -16.832  -13.363 0.0000000000
72770  -23.053  -17.297  -13.192 0.0000000000
70741  -24.226  -18.882  -12.676 0.0000000000
70760  -25.204  -18.992  -13.205 0.0000000000
70759  -24.714  -19.466  -12.878 0.0000000000
68815  -22.544  -20.283  -12.057 0.0000000000
68798  -22.541  -21.130  -11.842 0.0000000000
67861  -24.339  -21.791  -12.258 0.0000000000
67862  -24.930  -21.630  -13.060 0.0000000000
68832  -25.268  -20.776  -13.429 0.0000000000
66844  -25.173  -22.085  -13.161 0.0000000000
65718  -25.346  -23.415  -12.334 0.0000000000
65696  -25.638  -23.938  -11.872 0.0000000000
65697  -26.139  -23.317  -11.689 0.0000000000
75967  -18.135  -13.999  -12.477 0.0000000000
81896  -17.600  -8.360  -13.689 0.0000000000
81916  -18.041  -7.914  -14.238 0.0000000000
81928  -18.549  -7.675  -14.925 0.0000000000
79933  -21.346  -9.184  -15.980 0.0000000000
80936  -20.688  -8.389  -15.754 0.0000000000
80938  -22.366  -8.367  -15.790 0.0000000000
80920  -23.188  -8.334  -15.400 0.0000000000
78914  -23.827  -10.185  -15.131 0.0000000000
79921  -25.813  -9.034  -14.743 0.0000000000
80922  -24.952  -7.984  -15.097 0.0000000000
72791  -26.351  -16.807  -13.266 0.0000000000
64562  -19.827  -24.928  -8.663 0.0000000000
65650  -19.457  -24.147  -8.498 0.0000000000
65663  -19.614  -23.654  -8.974 0.0000000000
64573  -21.110  -24.525  -9.803 0.0000000000
63489  -22.257  -24.678  -10.329 0.0000000000
61516  -22.567  -26.932  -9.613 0.0000000000
63491  -23.282  -25.679  -11.094 0.0000000000
66786  -19.991  -22.094  -9.841 0.0000000000
66781  -20.000  -22.849  -9.613 0.0000000000
84066  -20.118  -5.688  -15.067 0.0000000000
82944  -19.215  -5.950  -14.991 0.0000000000
82945  -20.189  -6.686  -15.186 0.0000000000
73884  -21.171  -15.205  -14.364 0.0000000000
73883  -20.348  -14.963  -14.477 0.0000000000
74970  -22.633  -13.621  -14.720 0.0000000000
74971  -23.134  -13.382  -14.571 0.0000000000
74956  -24.504  -13.979  -13.994 0.0000000000
75987  -25.742  -13.670  -13.012 0.0000000000
76932  -26.092  -13.304  -13.010 0.0000000000
74935  -26.179  -14.725  -12.945 0.0000000000
73867  -26.878  -15.775  -13.021 0.0000000000
70723  -19.322  -18.806  -11.562 0.0000000000
71751  -19.710  -18.023  -12.663 0.0000000000
71770  -19.845  -17.628  -13.137 0.0000000000
70737  -20.054  -18.385  -12.772 0.0000000000
71753  -21.761  -17.846  -13.012 0.0000000000
71754  -22.774  -17.737  -13.019 0.0000000000
69786  -23.357  -19.677  -12.311 0.0000000000
67844  -22.697  -21.900  -11.746 0.0000000000
66806  -23.119  -22.637  -11.724 0.0000000000
66828  -23.832  -22.667  -12.108 0.0000000000
87277  -21.079  -2.940  -14.729 0.0000000000
88331  -25.150  -1.700  -15.897 0.0000000000
87282  -26.444  -2.439  -15.063 0.0000000000
84051  -25.079  -5.979  -14.851 0.0000000000
78887  -17.507  -11.047  -13.112 0.0000000000
79891  -17.711  -9.934  -13.525 0.0000000000
79906  -18.093  -9.952  -14.177 0.0000000000
80908  -18.640  -8.954  -14.734 0.0000000000
80919  -19.408  -8.746  -15.032 0.0000000000
79917  -19.667  -9.661  -15.261 0.0000000000
79931  -20.113  -9.453  -15.492 0.0000000000
78927  -21.881  -9.964  -15.729 0.0000000000
78915  -24.699  -10.136  -14.579 0.0000000000
71776  -26.806  -17.514  -14.151 0.0000000000
63452  -19.559  -25.489  -8.380 0.0000000000
64572  -20.275  -24.576  -9.208 0.0000000000
69769  -20.977  -20.147  -11.750 0.0000000000
68796  -20.630  -20.636  -11.499 0.0000000000
85135  -23.801  -4.498  -14.856 0.0000000000
84049  -23.484  -5.668  -15.149 0.0000000000
84048  -21.850  -5.290  -15.875 0.0000000000
82930  -24.125  -6.547  -15.056 0.0000000000
81931  -23.979  -7.354  -14.920 0.0000000000
75997  -18.760  -13.676  -13.753 0.0000000000
73900  -20.005  -14.722  -14.763 0.0000000000
74966  -19.509  -14.307  -14.759 0.0000000000
75998  -19.094  -13.623  -14.433 0.0000000000
76957  -19.597  -12.586  -15.336 0.0000000000
77920  -20.477  -11.589  -15.824 0.0000000000
77921  -21.272  -11.397  -15.642 0.0000000000
76014  -23.529  -12.977  -14.722 0.0000000000
76962  -24.070  -12.131  -14.816 0.0000000000
77924  -24.533  -11.259  -14.373 0.0000000000
77912  -25.992  -11.306  -14.142 0.0000000000
76964  -27.456  -12.213  -14.712 0.0000000000
76019  -28.016  -13.223  -15.290 0.0000000000
75989  -27.004  -14.106  -13.141 0.0000000000
68834  -26.715  -20.288  -14.077 0.0000000000
73847  -19.294  -15.858  -12.745 0.0000000000
72785  -20.218  -16.755  -13.595 0.0000000000
73862  -21.586  -15.941  -13.963 0.0000000000
73863  -22.498  -15.937  -13.821 0.0000000000
73864  -23.402  -15.865  -13.691 0.0000000000
71755  -23.687  -17.947  -12.739 0.0000000000
71756  -24.503  -17.931  -12.813 0.0000000000
71774  -25.145  -18.074  -12.954 0.0000000000
70761  -26.025  -19.010  -13.937 0.0000000000
68814  -21.921  -19.969  -12.089 0.0000000000
68799  -23.043  -21.461  -11.950 0.0000000000
69809  -24.998  -20.013  -13.109 0.0000000000
68833  -25.886  -20.599  -13.926 0.0000000000
67876  -26.114  -21.187  -13.770 0.0000000000
66846  -26.264  -21.613  -13.304 0.0000000000
66830  -25.219  -22.690  -12.801 0.0000000000
66831  -26.088  -22.472  -12.492 0.0000000000
86230  -25.871  -2.852  -14.756 0.0000000000
82927  -17.712  -6.738  -14.710 0.0000000000
81945  -19.045  -7.085  -15.125 0.0000000000
81947  -20.804  -7.529  -15.571 0.0000000000
80935  -20.111  -8.584  -15.249 0.0000000000
81948  -21.622  -7.525  -15.753 0.0000000000
81949  -22.438  -7.591  -15.593 0.0000000000
77936  -21.249  -10.587  -15.826 0.0000000000
79918  -23.083  -9.246  -15.525 0.0000000000
79919  -23.976  -9.194  -15.104 0.0000000000
80924  -26.820  -8.573  -15.103 0.0000000000
73868  -27.860  -15.735  -13.626 0.0000000000
65665  -21.231  -23.987  -10.075 0.0000000000
65673  -21.469  -23.529  -10.472 0.0000000000
64587  -22.353  -24.136  -10.540 0.0000000000
64606  -22.895  -24.111  -10.961 0.0000000000
63471  -22.744  -25.826  -10.312 0.0000000000
63510  -23.261  -25.254  -11.637 0.0000000000
63509  -23.192  -24.779  -11.557 0.0000000000
63527  -23.658  -25.061  -11.849 0.0000000000
63526  -23.451  -24.805  -11.811 0.0000000000
64607  -23.333  -23.952  -11.524 0.0000000000
64623  -23.544  -24.227  -11.808 0.0000000000
65649  -19.079  -23.960  -8.236 0.0000000000
69827  -26.956  -19.615  -14.369 0.0000000000
70735  -19.303  -17.942  -11.920 0.0000000000
70736  -19.544  -18.429  -12.070 0.0000000000
70757  -20.226  -17.959  -13.109 0.0000000000
70758  -20.448  -18.113  -13.046 0.0000000000
72771  -23.421  -17.293  -13.091 0.0000000000
73899  -19.822  -14.572  -14.821 0.0000000000
74951  -20.413  -14.701  -14.809 0.0000000000
74953  -21.544  -14.588  -14.709 0.0000000000
74968  -20.939  -14.072  -15.163 0.0000000000
75986  -18.545  -13.752  -13.095 0.0000000000
76001  -27.610  -13.766  -14.062 0.0000000000
76012  -21.941  -13.020  -15.229 0.0000000000
76933  -26.505  -13.122  -13.079 0.0000000000
76959  -21.170  -12.300  -15.488 0.0000000000
77934  -20.009  -10.935  -15.971 0.0000000000
77937  -21.615  -10.353  -15.703 0.0000000000
78903  -19.301  -10.685  -14.912 0.0000000000
78926  -21.225  -9.905  -15.934 0.0000000000
79907  -18.772  -9.851  -14.472 0.0000000000
80907  -18.216  -9.151  -14.365 0.0000000000
80909  -19.155  -9.138  -14.981 0.0000000000
80918  -18.813  -8.565  -14.937 0.0000000000
81927  -18.083  -7.424  -14.660 0.0000000000
81946  -19.955  -7.481  -15.090 0.0000000000
84045  -17.213  -5.747  -14.796 0.0000000000
85123  -25.663  -3.431  -14.502 0.0000000000
