#!ascii label  , from subject 4094 vox2ras=TkReg
904
76167  16.347  -14.539  -14.234 0.2500000000
75192  16.782  -15.477  -14.949 0.2500000000
75180  16.282  -15.555  -13.901 0.7500000000
79325  16.458  -11.788  -14.992 0.2500000000
78224  16.578  -12.646  -14.853 0.1250000000
78237  16.655  -12.494  -15.657 0.3750000000
77159  16.497  -13.544  -14.603 0.2500000000
74151  16.954  -16.588  -14.508 0.8750000000
74161  17.857  -16.851  -15.453 0.8750000000
77172  16.590  -13.353  -15.410 0.3750000000
76198  16.833  -13.765  -15.741 0.3750000000
76197  17.342  -14.179  -16.181 0.8750000000
76185  16.651  -14.301  -15.315 0.7500000000
75198  18.589  -16.071  -16.673 1.0000000000
75199  17.813  -15.575  -16.251 1.0000000000
76184  17.205  -15.083  -15.629 0.8750000000
75191  17.367  -15.860  -15.508 0.8750000000
74160  18.455  -17.187  -15.666 1.0000000000
77185  16.919  -13.200  -16.071 0.7500000000
75211  17.896  -14.648  -16.808 1.0000000000
74176  19.994  -16.588  -16.675 1.0000000000
75197  19.167  -16.350  -16.721 1.0000000000
74177  18.852  -16.959  -16.172 1.0000000000
74178  18.244  -16.390  -16.187 1.0000000000
79326  15.977  -11.096  -15.037 0.1250000000
78248  16.924  -12.255  -16.588 0.6250000000
77184  17.551  -13.013  -16.811 1.0000000000
76209  17.851  -13.880  -16.943 1.0000000000
74193  20.153  -16.009  -17.096 1.0000000000
75209  19.411  -15.658  -17.152 1.0000000000
75210  18.415  -15.198  -17.071 1.0000000000
76208  18.303  -14.254  -17.324 1.0000000000
74191  22.046  -16.390  -17.003 1.0000000000
73028  20.546  -16.928  -16.065 1.0000000000
81402  15.803  -9.075  -18.118 0.2500000000
79333  16.396  -11.564  -15.940 0.2500000000
79343  16.356  -11.555  -17.034 0.3750000000
78260  17.444  -12.591  -17.794 1.0000000000
78261  16.820  -12.079  -17.621 0.6250000000
78247  17.232  -12.392  -17.203 1.0000000000
77196  18.645  -13.760  -17.825 1.0000000000
77197  18.126  -13.288  -17.596 1.0000000000
75208  20.455  -15.512  -17.390 1.0000000000
77195  19.301  -13.872  -17.927 1.0000000000
76204  22.100  -15.083  -17.552 1.0000000000
75206  22.525  -15.968  -17.551 1.0000000000
80375  15.661  -9.746  -18.624 0.5000000000
80358  15.894  -10.561  -18.426 0.3750000000
80346  15.985  -10.692  -17.278 0.5000000000
79368  16.533  -11.143  -19.141 0.5000000000
78289  17.558  -12.086  -19.506 0.8750000000
78278  18.055  -12.708  -18.571 1.0000000000
77209  19.433  -13.160  -18.247 1.0000000000
77193  21.301  -13.675  -17.721 1.0000000000
77194  20.277  -13.626  -17.855 1.0000000000
76221  22.599  -14.486  -17.789 1.0000000000
74206  22.974  -16.258  -18.317 0.8750000000
81419  15.836  -8.968  -19.197 0.5000000000
80374  16.038  -10.047  -19.334 0.5000000000
80385  16.544  -9.731  -19.701 0.6250000000
80372  17.690  -10.314  -20.140 0.6250000000
79367  17.257  -11.234  -19.746 1.0000000000
78290  16.988  -11.750  -19.419 0.7500000000
78288  18.415  -12.155  -19.274 1.0000000000
78273  23.030  -12.735  -18.079 1.0000000000
79353  22.294  -11.936  -18.301 1.0000000000
78275  20.624  -12.702  -18.026 1.0000000000
78276  19.629  -12.448  -18.478 1.0000000000
77206  22.882  -13.678  -17.910 1.0000000000
77207  22.123  -13.790  -17.636 1.0000000000
78259  20.829  -13.278  -17.829 1.0000000000
77205  23.745  -13.555  -18.418 0.8750000000
75235  23.903  -15.169  -19.289 0.8750000000
81433  16.584  -9.132  -19.866 0.5000000000
80383  17.457  -9.613  -20.201 0.8750000000
81401  20.563  -10.444  -18.832 1.0000000000
80370  19.381  -10.536  -19.251 1.0000000000
80355  21.709  -10.918  -18.385 1.0000000000
79356  19.468  -11.778  -18.828 1.0000000000
79363  23.583  -11.600  -18.844 1.0000000000
77204  24.592  -13.424  -18.965 1.0000000000
78271  24.345  -12.728  -19.010 1.0000000000
82443  16.428  -8.572  -19.565 0.5000000000
81432  17.165  -9.091  -20.242 0.8750000000
81431  17.983  -9.268  -20.189 1.0000000000
82424  20.563  -8.636  -19.213 1.0000000000
81415  20.185  -9.766  -19.080 1.0000000000
81416  18.953  -9.503  -19.699 1.0000000000
81412  23.497  -9.241  -19.140 1.0000000000
81413  21.909  -9.272  -18.801 1.0000000000
80382  24.868  -10.554  -20.421 1.0000000000
80367  24.024  -11.141  -19.534 1.0000000000
80368  23.080  -10.381  -18.669 1.0000000000
79375  24.668  -11.926  -20.241 1.0000000000
78296  24.800  -13.010  -20.363 0.8750000000
87842  19.019  -4.389  -19.843 1.0000000000
87844  17.643  -4.480  -19.772 0.3750000000
86746  19.527  -4.894  -19.788 0.8750000000
83466  20.132  -7.294  -19.589 1.0000000000
81411  24.499  -8.903  -20.117 1.0000000000
82422  22.696  -8.016  -19.046 1.0000000000
87829  20.131  -3.236  -19.682 0.8750000000
86732  20.833  -4.407  -19.573 1.0000000000
86733  20.233  -4.551  -19.668 1.0000000000
85653  20.996  -5.307  -19.209 1.0000000000
85652  21.779  -5.749  -19.000 1.0000000000
83453  21.778  -7.209  -19.121 1.0000000000
82421  23.923  -7.903  -19.720 1.0000000000
82420  24.334  -8.259  -20.278 1.0000000000
131776  19.899  -2.131  -18.746 0.7500000000
84540  24.482  -6.400  -20.413 1.0000000000
84527  23.786  -5.788  -19.375 1.0000000000
83451  23.981  -6.646  -19.628 1.0000000000
87828  21.086  -3.354  -19.502 1.0000000000
86731  21.898  -3.949  -19.576 1.0000000000
85651  23.272  -5.302  -19.314 1.0000000000
95043  19.335  4.327  -19.001 0.1250000000
93983  19.748  3.738  -18.450 0.1250000000
93997  18.382  3.448  -20.334 0.2500000000
96113  18.564  4.227  -20.115 0.1250000000
94007  19.515  3.088  -20.142 0.3750000000
96129  20.330  3.893  -20.213 0.2500000000
94006  20.930  2.640  -20.632 0.5000000000
95086  21.104  3.261  -21.025 0.2500000000
95085  21.428  3.327  -21.357 0.3750000000
95059  20.473  4.156  -19.540 0.2500000000
95075  21.265  3.763  -21.188 0.2500000000
131953  21.113  4.072  -20.841 0.2500000000
131958  21.792  4.256  -21.321 0.2500000000
95093  21.657  3.795  -22.318 0.2500000000
94026  21.828  3.227  -22.049 0.3750000000
131956  21.581  4.122  -21.704 0.2500000000
94033  22.183  3.279  -22.877 0.3750000000
96161  21.815  4.203  -23.184 0.2500000000
77147  16.735  -13.705  -13.597 0.1250000000
78212  16.696  -12.705  -14.074 0.1250000000
73010  21.142  -17.414  -15.499 1.0000000000
81417  18.325  -9.936  -20.065 0.8750000000
81399  21.618  -10.025  -18.614 1.0000000000
76149  16.247  -14.757  -12.860 0.1250000000
74133  16.294  -16.352  -13.430 0.6250000000
72997  17.283  -17.285  -14.385 0.7500000000
79312  16.372  -11.931  -14.232 0.1250000000
72996  17.846  -17.784  -14.561 1.0000000000
73012  18.744  -17.728  -15.262 1.0000000000
73011  19.928  -17.863  -15.521 1.0000000000
74159  22.131  -17.037  -15.797 1.0000000000
79334  15.991  -10.864  -15.727 0.3750000000
80359  15.728  -9.897  -17.759 0.2500000000
75222  23.372  -15.731  -18.850 0.8750000000
76245  24.864  -14.389  -20.448 0.8750000000
87830  16.734  -3.924  -19.788 0.1250000000
87845  17.018  -4.429  -20.008 0.1250000000
82442  16.809  -8.372  -20.005 0.3750000000
83469  17.811  -7.517  -20.262 0.6250000000
79383  25.105  -11.409  -21.179 1.0000000000
77231  24.885  -13.743  -20.775 0.8750000000
87843  18.376  -4.343  -19.699 0.5000000000
87841  19.507  -4.006  -19.863 0.8750000000
86748  18.063  -5.130  -19.871 0.3750000000
85669  18.567  -5.864  -20.051 0.8750000000
81429  25.209  -9.460  -20.787 1.0000000000
81428  25.308  -8.976  -21.454 1.0000000000
82436  25.118  -8.467  -21.606 1.0000000000
83465  24.333  -7.155  -20.204 1.0000000000
88880  21.190  -2.246  -19.050 0.8750000000
87827  22.900  -3.022  -19.552 1.0000000000
86730  22.952  -4.321  -20.042 1.0000000000
84541  24.123  -6.044  -19.798 1.0000000000
93982  20.360  3.411  -18.287 0.1250000000
93984  18.630  2.936  -19.378 0.1250000000
93022  20.108  1.352  -19.578 0.6250000000
93035  20.360  2.121  -20.133 0.6250000000
93047  22.388  1.873  -21.172 0.5000000000
96098  19.390  4.412  -19.694 0.2500000000
94016  22.699  2.236  -21.779 0.5000000000
131949  21.075  4.157  -20.116 0.2500000000
94025  22.279  2.878  -22.383 0.5000000000
131948  21.539  4.264  -20.797 0.1250000000
96160  22.369  4.382  -23.093 0.2500000000
94032  22.720  3.116  -23.035 0.3750000000
96168  23.247  4.254  -24.028 0.2500000000
131954  22.277  4.380  -21.397 0.1250000000
75163  15.920  -15.578  -13.092 0.5000000000
74162  17.214  -16.216  -15.150 0.8750000000
74150  17.460  -17.149  -14.769 1.0000000000
73013  18.140  -17.443  -15.108 1.0000000000
73030  19.329  -17.472  -15.801 1.0000000000
73029  19.932  -17.282  -16.071 1.0000000000
74192  20.889  -16.241  -17.091 1.0000000000
76207  18.949  -14.617  -17.566 1.0000000000
74175  21.338  -16.694  -16.278 1.0000000000
80334  16.119  -11.001  -16.437 0.3750000000
79357  16.267  -11.471  -18.100 0.5000000000
78279  16.937  -12.158  -18.721 0.8750000000
77210  18.774  -13.259  -18.282 1.0000000000
75207  21.504  -15.672  -17.410 1.0000000000
76205  21.050  -14.676  -17.654 1.0000000000
76206  19.885  -14.667  -17.584 1.0000000000
75223  22.860  -15.369  -18.082 1.0000000000
80373  16.831  -10.390  -19.738 0.6250000000
79365  18.895  -11.399  -19.243 1.0000000000
77208  19.963  -12.982  -18.132 1.0000000000
78277  18.872  -12.705  -18.726 1.0000000000
78287  19.009  -12.109  -18.897 1.0000000000
76222  21.845  -14.338  -17.570 1.0000000000
76220  23.456  -14.618  -18.555 0.8750000000
80371  18.561  -10.536  -19.763 1.0000000000
79364  19.643  -11.251  -19.002 1.0000000000
78272  23.850  -12.593  -18.612 1.0000000000
78274  21.842  -12.931  -17.976 1.0000000000
79354  21.263  -11.856  -18.310 1.0000000000
76219  24.316  -14.229  -18.825 0.8750000000
81414  21.173  -9.410  -19.014 1.0000000000
81400  21.020  -10.251  -18.723 1.0000000000
80357  20.170  -10.788  -18.944 1.0000000000
80354  22.698  -11.167  -18.429 1.0000000000
79355  20.226  -11.677  -18.570 1.0000000000
80369  22.224  -10.330  -18.478 1.0000000000
79362  23.967  -12.075  -19.417 1.0000000000
78286  24.105  -12.297  -19.079 1.0000000000
82441  17.469  -8.354  -20.222 0.6250000000
82440  18.250  -8.340  -20.161 0.7500000000
81430  18.544  -8.887  -19.993 1.0000000000
82425  19.762  -8.669  -19.489 1.0000000000
83455  20.180  -8.119  -19.466 1.0000000000
83454  20.588  -7.538  -19.327 1.0000000000
82423  21.474  -8.338  -19.076 1.0000000000
80391  25.331  -10.373  -21.116 1.0000000000
86747  18.831  -5.054  -19.940 0.7500000000
85668  19.378  -5.802  -19.801 1.0000000000
83467  19.755  -7.635  -19.814 1.0000000000
84542  20.034  -6.706  -19.646 1.0000000000
84530  20.910  -6.383  -19.256 1.0000000000
85654  20.160  -5.587  -19.498 1.0000000000
84529  21.958  -6.150  -19.043 1.0000000000
83452  22.946  -6.976  -19.158 1.0000000000
82438  24.245  -7.875  -20.357 1.0000000000
84528  23.033  -5.990  -19.098 1.0000000000
93985  17.996  3.368  -19.967 0.1250000000
95033  19.117  3.672  -18.304 0.1250000000
95077  19.455  3.745  -20.246 0.2500000000
93996  18.540  2.717  -20.037 0.3750000000
93036  19.513  2.392  -19.813 0.5000000000
94017  21.783  2.614  -21.379 0.5000000000
93034  21.349  1.901  -20.499 0.7500000000
131957  21.786  4.379  -22.608 0.2500000000
96169  22.935  4.137  -23.853 0.2500000000
76129  16.687  -14.371  -11.934 0.1250000000
76130  15.915  -14.887  -11.768 0.1250000000
72983  16.954  -17.558  -13.544 0.7500000000
72995  18.431  -17.985  -14.823 1.0000000000
85671  16.894  -5.810  -20.129 0.5000000000
83470  17.016  -7.503  -20.143 0.6250000000
82439  19.028  -8.443  -19.964 0.8750000000
83468  18.716  -7.554  -20.159 0.8750000000
85670  17.715  -5.866  -20.143 0.7500000000
84544  18.216  -6.686  -20.243 0.8750000000
84543  19.146  -6.700  -20.037 1.0000000000
87826  23.577  -3.012  -20.052 1.0000000000
85667  23.884  -4.979  -20.010 1.0000000000
93023  19.317  2.245  -19.458 0.3750000000
93021  21.090  1.405  -19.973 0.7500000000
93020  21.647  1.453  -20.225 0.7500000000
95101  23.121  3.695  -23.630 0.2500000000
95100  23.794  3.200  -23.905 0.3750000000
67568  18.769  -22.250  -12.367 0.7500000000
66467  20.457  -23.035  -13.249 0.7500000000
68623  17.986  -21.288  -11.943 0.7500000000
69678  17.659  -20.568  -12.015 0.7500000000
67581  20.281  -22.243  -13.708 0.7500000000
68638  18.991  -21.770  -13.105 0.7500000000
69694  18.864  -20.785  -13.450 0.7500000000
69677  18.228  -20.677  -12.724 0.7500000000
68650  20.706  -21.616  -14.167 0.7500000000
69693  19.454  -21.018  -13.792 0.7500000000
71846  17.120  -18.317  -13.281 0.7500000000
69709  19.022  -20.020  -14.047 0.7500000000
70845  18.664  -19.281  -14.144 0.8750000000
71862  18.084  -18.768  -14.125 0.8750000000
69708  19.836  -20.753  -14.178 0.7500000000
70843  20.403  -19.918  -14.594 0.7500000000
70844  19.475  -19.365  -14.477 0.8750000000
71861  18.702  -18.481  -14.621 0.8750000000
69723  21.197  -20.034  -14.843 0.7500000000
70863  20.056  -19.309  -14.754 0.8750000000
71881  19.114  -18.353  -14.881 0.8750000000
70861  21.644  -19.440  -15.162 0.7500000000
71879  20.855  -18.486  -15.139 0.8750000000
71877  22.636  -18.625  -16.253 0.8750000000
71878  22.043  -18.517  -15.472 0.8750000000
73009  22.503  -17.744  -15.939 0.8750000000
74158  22.472  -17.290  -16.051 0.8750000000
71913  23.438  -18.782  -19.004 0.3750000000
71914  22.941  -18.565  -18.925 0.6250000000
73041  22.865  -18.188  -18.460 0.7500000000
74173  22.833  -17.506  -17.284 0.7500000000
73049  24.091  -18.008  -18.957 0.5000000000
73050  23.248  -18.111  -18.983 0.5000000000
74205  23.432  -16.972  -19.067 0.7500000000
74189  23.048  -17.319  -18.633 0.7500000000
74203  25.268  -16.816  -18.824 0.1250000000
74204  24.509  -17.014  -19.288 0.3750000000
74217  23.815  -15.921  -19.495 0.6250000000
74202  26.304  -16.279  -18.556 0.1250000000
74214  25.884  -16.200  -19.512 0.1250000000
74224  25.679  -15.967  -20.193 0.1250000000
74226  24.775  -15.590  -20.265 0.6250000000
75248  25.217  -14.981  -21.120 0.6250000000
76233  24.606  -14.560  -19.569 0.7500000000
75233  26.193  -15.486  -20.072 0.1250000000
77218  26.717  -14.161  -20.441 0.1250000000
76243  26.153  -14.941  -21.395 0.1250000000
76252  25.725  -14.808  -21.611 0.5000000000
76254  24.963  -14.330  -21.041 0.6250000000
77244  25.022  -13.944  -21.398 0.7500000000
75232  26.809  -15.063  -19.409 0.1250000000
77242  26.346  -14.267  -21.997 0.5000000000
77255  25.944  -13.756  -22.502 0.5000000000
77243  25.451  -13.874  -22.009 0.6250000000
78306  25.044  -12.898  -21.288 0.7500000000
92038  19.441  -0.808  -19.122 0.5000000000
131773  20.330  -1.183  -19.114 0.7500000000
78318  25.812  -12.802  -22.483 0.6250000000
79395  25.598  -11.366  -22.647 0.6250000000
79394  25.942  -11.813  -23.043 0.5000000000
79406  25.157  -11.142  -23.390 0.6250000000
80390  25.398  -10.547  -22.044 0.7500000000
90990  20.888  -1.070  -19.201 0.7500000000
82451  25.098  -8.029  -21.945 0.8750000000
83464  24.679  -6.985  -20.816 0.8750000000
80399  24.679  -10.301  -23.108 0.7500000000
82450  25.195  -8.754  -22.058 0.8750000000
83478  25.044  -7.063  -21.563 0.8750000000
80411  26.289  -11.305  -24.277 0.3750000000
79405  25.791  -11.431  -23.889 0.5000000000
79415  25.012  -11.076  -23.976 0.5000000000
80413  24.140  -9.867  -23.786 0.6250000000
80410  26.683  -11.071  -24.434 0.2500000000
80421  25.811  -10.779  -24.805 0.3750000000
80422  24.859  -10.466  -24.432 0.5000000000
92037  20.440  -0.073  -19.210 0.6250000000
90989  21.561  -0.522  -19.423 0.7500000000
89925  21.757  -1.403  -19.231 0.7500000000
88879  22.596  -2.139  -19.230 0.8750000000
85666  24.351  -5.611  -20.494 0.8750000000
85685  24.468  -5.201  -21.314 0.7500000000
84564  25.046  -5.857  -22.180 0.8750000000
81458  24.107  -9.338  -23.795 0.6250000000
82458  24.859  -8.511  -22.808 0.7500000000
81463  25.575  -10.167  -25.303 0.3750000000
81472  25.135  -9.474  -25.250 0.5000000000
83494  25.049  -7.409  -23.757 0.7500000000
80428  26.116  -10.875  -25.720 0.2500000000
87840  24.077  -3.227  -20.596 0.8750000000
88891  24.229  -2.448  -20.374 0.7500000000
86767  24.225  -4.434  -21.050 0.8750000000
84563  25.119  -5.491  -22.495 0.7500000000
82465  24.373  -8.628  -23.901 0.5000000000
83519  25.469  -8.811  -27.941 0.2500000000
82476  25.537  -8.534  -26.406 0.5000000000
82477  25.082  -8.938  -25.467 0.5000000000
79419  27.170  -10.934  -26.578 0.2500000000
92036  21.248  0.519  -19.643 0.5000000000
90988  22.466  -0.039  -19.917 0.7500000000
89939  24.282  -1.409  -20.123 0.7500000000
89923  23.526  -0.773  -19.732 0.7500000000
88890  24.656  -1.976  -20.827 0.7500000000
88901  24.947  -2.514  -21.483 0.7500000000
87839  24.495  -2.923  -21.012 0.7500000000
89938  24.668  -0.948  -20.804 0.7500000000
87857  24.854  -3.432  -21.495 0.7500000000
86777  25.106  -4.571  -22.140 0.7500000000
86765  25.259  -3.901  -22.035 0.7500000000
84578  25.225  -6.190  -24.879 0.5000000000
85700  24.972  -4.957  -24.437 0.3750000000
85699  25.154  -4.981  -23.324 0.6250000000
83513  25.680  -8.325  -27.418 0.2500000000
84586  25.180  -6.956  -25.293 0.3750000000
92035  21.921  0.976  -19.967 0.6250000000
91001  24.184  -0.057  -20.881 0.7500000000
89949  25.054  -1.524  -21.496 0.7500000000
88900  25.336  -2.108  -22.155 0.7500000000
131478  25.509  -3.427  -23.219 0.6250000000
85708  25.020  -4.963  -25.296 0.3750000000
131476  25.248  -3.940  -23.936 0.3750000000
83507  25.956  -7.566  -26.332 0.1250000000
84585  25.599  -6.223  -25.692 0.1250000000
91003  23.036  0.333  -20.326 0.6250000000
92049  23.820  0.618  -20.889 0.7500000000
91015  24.807  -0.458  -21.915 0.6250000000
89948  25.384  -1.170  -22.185 0.7500000000
88910  25.516  -2.726  -22.816 0.3750000000
87856  25.248  -3.045  -22.071 0.7500000000
86799  24.980  -4.514  -25.951 0.2500000000
86783  24.886  -4.612  -24.994 0.3750000000
86776  25.437  -4.267  -22.808 0.6250000000
84576  26.389  -5.883  -25.585 0.1250000000
85712  25.801  -5.008  -26.144 0.1250000000
83506  26.433  -7.322  -26.210 0.1250000000
93032  22.754  1.512  -20.881 0.6250000000
92063  23.705  1.112  -21.125 0.6250000000
92062  24.116  0.627  -21.592 0.3750000000
91022  25.331  -0.734  -22.647 0.3750000000
131483  24.783  -2.396  -25.495 0.2500000000
131481  25.306  -2.577  -23.905 0.3750000000
89956  25.582  -1.626  -23.037 0.3750000000
86803  25.709  -4.058  -26.284 0.1250000000
131482  24.870  -3.994  -25.867 0.3750000000
86791  24.764  -3.901  -25.142 0.3750000000
85705  26.570  -5.243  -25.227 0.1250000000
85713  25.338  -4.948  -26.039 0.1250000000
94023  23.916  2.007  -22.406 0.3750000000
93046  23.189  1.655  -21.239 0.3750000000
92078  24.521  0.553  -23.408 0.3750000000
92071  24.325  0.504  -22.538 0.3750000000
131492  24.785  -1.335  -24.599 0.3750000000
91030  25.284  -0.662  -23.621 0.3750000000
91023  24.897  -0.095  -22.957 0.3750000000
131479  24.640  -2.700  -24.744 0.3750000000
131487  25.340  -1.534  -23.857 0.3750000000
87895  26.049  -2.711  -25.977 0.1250000000
131488  24.913  -3.429  -25.931 0.1250000000
86790  26.536  -4.669  -25.482 0.1250000000
93068  24.483  1.467  -23.931 0.2500000000
92082  24.868  0.182  -24.196 0.2500000000
93061  24.081  1.364  -22.997 0.3750000000
92087  24.846  0.035  -25.190 0.1250000000
91031  24.924  0.026  -23.574 0.3750000000
131493  25.158  -1.080  -25.474 0.1250000000
91040  26.454  -1.227  -25.993 0.1250000000
94031  23.908  2.665  -23.201 0.3750000000
93071  25.269  1.277  -25.361 0.1250000000
92086  25.503  0.054  -26.018 0.1250000000
93075  25.779  0.929  -26.107 0.1250000000
131480  26.509  -2.079  -25.799 0.1250000000
92091  26.408  0.095  -26.488 0.1250000000
94043  25.555  2.006  -25.206 0.1250000000
93074  26.250  0.923  -26.543 0.1250000000
91046  27.069  -0.326  -26.519 0.1250000000
91045  27.922  -0.702  -26.508 0.1250000000
71880  19.756  -18.614  -14.939 0.8750000000
71893  22.811  -18.927  -17.073 0.6250000000
81449  24.896  -9.560  -22.597 0.8750000000
80429  25.813  -10.620  -26.523 0.3750000000
89924  22.573  -0.844  -19.432 0.8750000000
88878  23.686  -2.003  -19.872 0.8750000000
86766  24.696  -4.335  -21.574 0.7500000000
85693  24.760  -5.013  -21.996 0.7500000000
83501  24.888  -7.613  -24.722 0.5000000000
84571  25.220  -6.020  -23.438 0.7500000000
83508  25.317  -7.788  -25.548 0.5000000000
131490  25.788  -1.786  -26.008 0.1250000000
93072  24.810  0.977  -24.714 0.2500000000
74225  25.183  -15.832  -20.305 0.5000000000
77254  26.473  -13.463  -22.609 0.3750000000
78317  26.539  -12.706  -23.068 0.3750000000
79404  26.987  -11.555  -23.762 0.2500000000
83486  25.340  -7.183  -22.621 0.7500000000
131485  25.271  -1.779  -25.856 0.1250000000
79412  27.710  -10.761  -24.516 0.1250000000
66457  19.024  -23.335  -11.946 0.7500000000
68605  17.927  -21.435  -11.338 0.7500000000
66456  19.791  -23.428  -12.690 0.7500000000
67583  19.120  -22.292  -12.916 0.7500000000
66466  21.233  -23.166  -13.217 0.7500000000
71835  16.860  -18.480  -12.614 0.6250000000
70809  18.097  -20.041  -12.929 0.7500000000
67591  21.373  -22.236  -14.203 0.6250000000
69707  21.137  -20.788  -14.576 0.7500000000
69706  21.621  -21.064  -14.892 0.6250000000
70875  22.896  -19.574  -17.159 0.5000000000
70885  23.303  -19.467  -17.746 0.3750000000
71912  23.986  -18.794  -18.739 0.1250000000
73038  25.069  -17.875  -17.975 0.1250000000
74188  25.711  -16.885  -17.989 0.1250000000
74201  27.105  -16.034  -18.010 0.1250000000
75231  27.543  -14.999  -19.077 0.1250000000
76229  27.589  -14.377  -19.624 0.1250000000
77217  27.437  -13.783  -20.398 0.1250000000
77228  28.095  -13.591  -21.060 0.1250000000
77229  26.896  -13.764  -21.147 0.1250000000
77253  26.985  -13.275  -22.881 0.1250000000
78324  26.953  -12.280  -23.357 0.2500000000
78325  26.447  -11.906  -23.329 0.2500000000
92019  19.975  0.818  -19.199 0.5000000000
81469  28.108  -9.906  -25.879 0.1250000000
80420  27.021  -10.550  -24.854 0.2500000000
82479  27.689  -8.802  -26.213 0.1250000000
84583  26.563  -6.568  -25.774 0.1250000000
84575  26.842  -6.264  -25.059 0.1250000000
85698  26.920  -5.304  -24.367 0.1250000000
91039  26.909  -2.313  -25.161 0.1250000000
131486  26.862  -2.851  -24.540 0.1250000000
95042  20.510  3.982  -18.796 0.1250000000
94039  24.307  2.607  -24.171 0.2500000000
94038  24.884  2.561  -24.722 0.1250000000
93070  26.100  1.592  -25.917 0.1250000000
93073  26.730  0.711  -26.794 0.1250000000
92090  27.467  0.375  -26.892 0.1250000000
79382  25.375  -12.042  -21.946 0.7500000000
131829  18.596  -2.667  -19.051 0.3750000000
84556  24.686  -6.181  -21.102 0.8750000000
71845  17.476  -18.358  -13.757 0.7500000000
74190  22.868  -17.176  -17.895 0.7500000000
75234  24.319  -15.432  -19.886 0.6250000000
81442  25.382  -9.771  -21.462 0.8750000000
86745  23.891  -4.041  -20.441 0.8750000000
94015  23.518  2.030  -21.848 0.3750000000
94024  23.156  2.507  -22.452 0.3750000000
95111  23.856  3.614  -24.362 0.1250000000
68622  18.368  -21.308  -12.503 0.7500000000
68604  18.269  -21.742  -11.894 0.7500000000
67582  19.514  -22.258  -13.287 0.7500000000
66468  19.858  -22.788  -13.196 0.7500000000
67592  20.866  -22.175  -13.948 0.7500000000
70810  17.350  -19.427  -12.570 0.7500000000
68637  19.638  -21.515  -13.732 0.7500000000
71834  17.249  -18.807  -13.178 0.7500000000
70826  18.479  -19.752  -13.631 0.7500000000
71860  19.263  -18.685  -14.717 0.8750000000
70862  20.649  -19.297  -14.865 0.7500000000
70860  22.715  -19.571  -16.120 0.6250000000
73026  22.796  -18.069  -17.409 0.7500000000
70883  24.146  -19.239  -18.078 0.2500000000
71904  22.964  -19.122  -18.242 0.5000000000
73040  22.998  -17.699  -18.744 0.7500000000
73048  24.685  -17.429  -18.805 0.2500000000
73039  24.388  -18.501  -18.532 0.1250000000
74215  25.164  -16.360  -19.692 0.2500000000
74216  24.444  -16.202  -19.793 0.6250000000
75221  26.444  -15.717  -19.264 0.1250000000
75220  27.123  -15.492  -18.660 0.1250000000
75241  25.752  -15.389  -20.875 0.1250000000
76231  26.227  -14.993  -20.764 0.1250000000
75242  25.147  -15.305  -20.793 0.5000000000
76230  26.505  -14.710  -20.110 0.1250000000
77230  26.434  -14.512  -21.122 0.1250000000
76253  25.228  -14.607  -21.408 0.6250000000
78305  25.333  -12.964  -22.020 0.6250000000
80412  24.558  -10.531  -23.788 0.6250000000
81465  24.545  -9.549  -24.711 0.5000000000
81471  25.542  -9.723  -25.987 0.3750000000
87858  24.319  -3.731  -21.047 0.7500000000
85692  25.092  -5.109  -22.534 0.7500000000
82472  24.622  -8.622  -24.774 0.5000000000
83512  26.249  -8.066  -27.160 0.1250000000
82480  26.670  -8.684  -26.814 0.1250000000
80431  26.389  -10.127  -27.440 0.2500000000
81474  27.495  -9.519  -26.328 0.1250000000
90987  23.404  -0.182  -20.218 0.7500000000
84577  25.444  -5.952  -25.421 0.3750000000
91014  25.231  -0.764  -22.228 0.3750000000
85707  25.335  -5.520  -25.563 0.3750000000
84584  26.102  -6.231  -25.946 0.1250000000
131477  24.907  -3.294  -24.444 0.3750000000
87897  24.987  -4.069  -26.230 0.2500000000
85706  26.298  -5.155  -25.782 0.1250000000
93045  23.829  1.430  -21.620 0.3750000000
86797  26.384  -3.959  -25.732 0.1250000000
87896  25.334  -3.570  -26.246 0.1250000000
93055  24.016  1.252  -22.203 0.3750000000
131489  25.283  -2.607  -26.075 0.1250000000
86789  26.908  -4.266  -24.940 0.1250000000
86796  26.732  -3.466  -25.155 0.1250000000
93067  24.791  1.810  -24.606 0.2500000000
92085  26.015  -0.509  -26.113 0.1250000000
131491  25.987  -1.343  -26.003 0.1250000000
94037  25.667  2.575  -24.603 0.1250000000
65409  20.022  -23.841  -12.325 0.7500000000
67550  18.401  -22.417  -11.395 0.7500000000
70811  16.990  -19.036  -11.965 0.5000000000
69722  22.017  -20.706  -15.227 0.6250000000
69738  23.172  -20.016  -16.791 0.5000000000
77241  27.339  -13.417  -22.138 0.1250000000
77240  28.567  -13.219  -21.963 0.1250000000
83511  27.041  -7.955  -26.468 0.1250000000
67551  18.002  -22.022  -10.838 0.7500000000
69662  17.465  -20.024  -11.158 0.5000000000
65399  19.377  -24.415  -11.618 0.6250000000
65398  20.208  -24.213  -11.843 0.6250000000
66454  21.387  -23.551  -12.574 0.3750000000
66455  20.562  -23.619  -12.594 0.6250000000
66465  22.062  -23.142  -13.133 0.2500000000
65410  19.572  -23.950  -12.092 0.6250000000
68649  21.697  -21.583  -14.771 0.5000000000
68662  22.224  -21.471  -15.137 0.3750000000
66439  21.438  -23.831  -11.778 0.5000000000
66440  20.863  -23.887  -12.111 0.6250000000
69721  22.963  -20.672  -16.136 0.5000000000
64314  19.983  -25.365  -10.495 0.6250000000
69645  17.702  -20.555  -10.464 0.3750000000
68586  17.866  -21.209  -10.545 0.3750000000
65375  19.758  -24.862  -11.134 0.6250000000
66441  18.487  -23.426  -10.960 0.6250000000
65373  22.043  -24.229  -10.426 0.3750000000
65374  20.892  -24.603  -10.921 0.5000000000
70778  17.725  -19.338  -10.677 0.2500000000
66413  22.644  -23.574  -10.838 0.3750000000
66464  22.695  -23.152  -12.893 0.2500000000
66453  22.143  -23.438  -12.411 0.2500000000
74113  16.119  -16.775  -12.647 0.3750000000
67590  22.175  -22.400  -14.466 0.2500000000
68648  22.473  -21.959  -14.957 0.3750000000
68661  22.703  -21.417  -15.397 0.2500000000
69737  23.585  -20.211  -16.719 0.2500000000
81380  15.827  -9.362  -16.129 0.1250000000
82426  16.412  -8.135  -19.214 0.2500000000
70873  24.283  -19.752  -17.178 0.2500000000
83471  16.580  -7.517  -19.615 0.2500000000
131774  18.851  -3.735  -19.594 0.2500000000
93006  19.663  1.544  -19.208 0.2500000000
81391  15.917  -9.256  -17.101 0.1250000000
80335  15.869  -10.248  -16.114 0.2500000000
84545  17.330  -6.658  -20.213 0.3750000000
69661  17.692  -20.754  -10.948 0.5000000000
67580  21.020  -22.621  -13.715 0.5000000000
70795  17.463  -19.067  -11.393 0.3750000000
69679  17.335  -19.639  -11.803 0.3750000000
72966  16.351  -17.626  -12.145 0.2500000000
65400  18.833  -24.088  -11.370 0.6250000000
71817  17.257  -18.598  -11.397 0.3750000000
65397  20.814  -24.130  -11.668 0.5000000000
66438  22.350  -23.510  -11.659 0.2500000000
66452  22.864  -23.282  -12.260 0.2500000000
67579  21.826  -22.753  -13.792 0.3750000000
65376  19.025  -24.652  -10.939 0.6250000000
65353  21.519  -24.840  -10.029 0.3750000000
67589  22.761  -22.324  -14.559 0.2500000000
68660  23.339  -21.138  -15.564 0.2500000000
81369  15.653  -9.499  -15.273 0.1250000000
64296  19.014  -25.127  -9.414 0.5000000000
65354  20.962  -25.057  -10.232 0.2500000000
64294  20.122  -25.699  -9.709 0.3750000000
64316  19.000  -24.605  -10.198 0.5000000000
65356  18.701  -23.807  -9.543 0.5000000000
65377  18.686  -24.021  -10.497 0.5000000000
65355  18.875  -24.250  -9.751 0.5000000000
66416  18.511  -23.314  -10.167 0.3750000000
66415  18.549  -23.620  -10.536 0.5000000000
64253  18.579  -25.375  -7.874 0.1250000000
64271  18.638  -25.488  -8.278 0.3750000000
67516  18.337  -22.593  -9.582 0.2500000000
63149  18.036  -26.740  -7.168 0.1250000000
64272  18.384  -25.881  -7.957 0.2500000000
63167  18.926  -26.184  -8.748 0.3750000000
64269  21.211  -25.669  -8.730 0.2500000000
63187  19.524  -25.947  -9.236 0.3750000000
64254  18.397  -25.773  -7.528 0.1250000000
63188  19.196  -25.704  -9.315 0.3750000000
66370  18.505  -23.739  -8.329 0.1250000000
67500  18.312  -22.644  -8.877 0.1250000000
79393  27.346  -12.201  -23.386 0.1250000000
67529  18.149  -22.184  -10.306 0.3750000000
64313  20.573  -25.280  -10.237 0.3750000000
64315  19.298  -25.091  -10.378 0.5000000000
68568  18.008  -21.282  -10.020 0.2500000000
64292  21.902  -25.149  -9.221 0.2500000000
64295  19.453  -25.559  -9.815 0.5000000000
64293  20.925  -25.324  -9.606 0.3750000000
63186  19.996  -26.114  -9.091 0.3750000000
65338  18.668  -24.267  -8.890 0.2500000000
65339  18.588  -23.753  -9.150 0.1250000000
66398  18.533  -23.419  -9.424 0.1250000000
65378  18.782  -23.857  -10.039 0.5000000000
65323  18.687  -25.352  -7.201 0.1250000000
65322  18.733  -24.877  -7.796 0.1250000000
64238  18.101  -26.222  -6.731 0.1250000000
62162  18.565  -26.876  -8.266 0.3750000000
63165  20.437  -26.416  -8.456 0.2500000000
66386  18.514  -23.821  -8.768 0.1250000000
66371  18.393  -23.300  -8.693 0.1250000000
62160  19.732  -27.155  -8.247 0.2500000000
71818  16.770  -18.238  -11.533 0.2500000000
64270  20.484  -25.805  -9.102 0.2500000000
62139  18.378  -27.606  -7.633 0.1250000000
63168  18.331  -26.378  -8.003 0.1250000000
63166  19.566  -26.565  -8.790 0.2500000000
62161  18.980  -27.146  -8.438 0.2500000000
72926  16.591  -17.311  -10.747 0.1250000000
131790  18.487  -1.120  -19.077 0.1250000000
92039  18.816  -0.255  -19.100 0.1250000000
92020  19.392  0.219  -18.651 0.1250000000
92021  19.004  0.153  -18.698 0.1250000000
93007  19.424  1.646  -18.953 0.1250000000
131808  18.368  -1.673  -18.892 0.1250000000
92002  19.552  0.602  -18.583 0.1250000000
92988  19.957  1.006  -17.821 0.1250000000
131789  17.863  -3.539  -19.344 0.1250000000
68569  17.765  -20.707  -10.120 0.1250000000
71778  17.719  -18.294  -10.596 0.1250000000
85672  16.191  -5.645  -20.055 0.1250000000
131828  17.163  -2.962  -19.052 0.1250000000
131810  18.246  -1.071  -18.873 0.1250000000
92005  18.430  -0.343  -17.749 0.1250000000
92989  19.354  0.356  -17.650 0.1250000000
92987  20.537  1.732  -17.047 0.1250000000
93968  19.697  2.158  -18.118 0.1250000000
88893  17.890  -3.993  -19.527 0.1250000000
74134  15.873  -16.034  -12.725 0.1250000000
75144  15.770  -15.547  -11.617 0.1250000000
70777  17.103  -18.929  -11.236 0.1250000000
84546  16.576  -6.577  -20.031 0.1250000000
74092  15.897  -16.265  -11.326 0.1250000000
72944  16.305  -17.353  -11.281 0.1250000000
71796  17.127  -18.052  -10.981 0.1250000000
74065  16.491  -16.974  -10.576 0.1250000000
72925  16.793  -17.799  -10.613 0.1250000000
90973  18.298  -0.452  -18.734 0.1250000000
92003  18.896  0.051  -18.163 0.1250000000
91993  18.591  -0.020  -17.511 0.1250000000
92997  19.631  1.664  -18.502 0.1250000000
91991  19.261  0.219  -17.816 0.1250000000
92991  18.683  -0.389  -16.623 0.1250000000
65352  22.531  -24.715  -9.771 0.1250000000
66437  23.256  -23.258  -11.559 0.1250000000
67566  23.322  -23.017  -12.720 0.1250000000
67578  23.002  -22.683  -13.776 0.1250000000
68635  23.614  -22.147  -14.045 0.1250000000
68647  23.302  -21.907  -14.746 0.1250000000
68634  24.332  -21.530  -13.794 0.1250000000
68646  23.892  -21.077  -15.039 0.1250000000
69705  24.708  -20.758  -14.760 0.1250000000
69720  23.619  -20.603  -16.083 0.1250000000
69718  25.079  -20.327  -15.293 0.1250000000
69719  24.332  -20.515  -15.762 0.1250000000
70859  24.490  -20.183  -16.445 0.1250000000
63164  21.562  -26.333  -8.136 0.1250000000
65372  23.089  -24.111  -10.204 0.1250000000
66412  23.639  -23.557  -10.699 0.1250000000
66436  24.169  -23.181  -11.256 0.1250000000
67565  23.989  -22.321  -12.832 0.1250000000
67577  23.724  -22.184  -13.636 0.1250000000
68621  24.591  -21.825  -12.882 0.1250000000
69704  25.540  -20.313  -14.592 0.1250000000
70872  25.013  -19.500  -16.827 0.1250000000
70858  25.225  -19.788  -16.012 0.1250000000
71902  24.351  -18.954  -17.990 0.1250000000
69736  24.053  -20.338  -16.521 0.1250000000
67549  23.342  -23.203  -12.188 0.1250000000
64268  22.325  -25.778  -8.543 0.1250000000
62159  20.356  -27.055  -7.854 0.1250000000
67548  23.842  -23.064  -12.111 0.1250000000
68659  23.734  -20.817  -15.633 0.1250000000
70842  25.474  -19.988  -15.173 0.1250000000
63148  20.986  -26.771  -7.798 0.1250000000
71876  25.686  -19.155  -15.935 0.1250000000
65411  19.131  -24.056  -11.853 0.6250000000
66387  18.454  -23.514  -8.944 0.1250000000
66414  21.825  -23.881  -11.095 0.3750000000
66442  18.267  -22.697  -10.713 0.6250000000
67567  19.339  -22.749  -12.753 0.7500000000
68587  17.843  -20.890  -10.254 0.2500000000
68636  20.184  -21.718  -13.950 0.7500000000
68651  20.085  -21.427  -14.058 0.7500000000
69626  17.779  -20.406  -9.969 0.1250000000
69644  17.742  -20.818  -10.578 0.3750000000
70794  17.627  -18.842  -11.050 0.3750000000
70827  17.814  -19.229  -13.464 0.7500000000
70846  18.255  -19.262  -13.854 0.8750000000
70857  25.809  -19.288  -15.579 0.1250000000
70874  23.507  -19.760  -17.329 0.3750000000
70884  23.640  -19.424  -17.887 0.3750000000
71795  17.327  -18.389  -11.145 0.3750000000
71797  16.593  -17.571  -11.072 0.1250000000
71819  16.652  -17.775  -11.176 0.2500000000
71903  23.717  -19.147  -18.454 0.2500000000
72911  16.756  -17.215  -10.506 0.1250000000
72943  16.392  -17.771  -11.608 0.2500000000
72967  16.065  -16.821  -11.859 0.1250000000
72982  17.424  -17.912  -13.969 0.7500000000
73008  22.752  -18.267  -16.686 0.8750000000
73027  22.774  -17.824  -16.651 0.7500000000
73051  22.914  -18.187  -18.904 0.7500000000
74064  16.639  -16.930  -10.413 0.1250000000
74114  15.872  -16.104  -12.051 0.2500000000
74174  22.647  -17.171  -16.598 0.8750000000
75164  15.898  -15.362  -12.301 0.1250000000
75243  24.725  -15.037  -20.378 0.6250000000
75247  25.444  -15.056  -21.201 0.5000000000
76150  15.995  -14.958  -12.258 0.1250000000
76217  27.998  -14.839  -19.098 0.1250000000
76218  24.803  -14.130  -19.092 0.8750000000
76232  24.818  -14.214  -19.327 0.8750000000
76234  24.087  -14.687  -19.050 0.8750000000
76244  24.985  -14.810  -20.920 0.6250000000
77203  24.938  -13.933  -19.313 1.0000000000
77211  18.465  -13.190  -18.066 1.0000000000
77219  26.436  -14.624  -20.654 0.1250000000
77220  24.898  -14.132  -19.544 0.8750000000
77221  24.881  -13.737  -19.832 1.0000000000
78258  21.150  -13.125  -17.829 1.0000000000
78285  24.549  -12.708  -19.550 1.0000000000
79352  23.153  -11.958  -18.322 1.0000000000
79366  18.096  -11.398  -19.881 1.0000000000
79413  27.308  -11.006  -24.326 0.2500000000
79414  25.293  -11.017  -24.311 0.5000000000
79420  26.573  -11.190  -26.325 0.2500000000
79421  25.913  -11.381  -26.255 0.3750000000
79422  27.234  -11.048  -27.151 0.2500000000
79423  26.647  -11.296  -26.908 0.2500000000
79424  25.983  -11.306  -26.726 0.3750000000
79425  27.142  -10.898  -27.530 0.2500000000
79426  26.700  -11.044  -27.349 0.2500000000
79427  26.137  -11.102  -27.103 0.2500000000
80347  15.897  -9.903  -16.887 0.2500000000
80356  20.822  -10.975  -18.575 1.0000000000
80384  17.021  -9.729  -20.064 0.8750000000
80400  24.260  -9.718  -23.514 0.6250000000
80414  23.976  -9.683  -23.884 0.6250000000
80423  24.234  -10.045  -24.153 0.6250000000
80424  24.022  -9.866  -24.019 0.6250000000
80427  27.385  -10.382  -25.884 0.1250000000
80430  27.027  -10.282  -26.852 0.2500000000
80432  26.017  -10.530  -27.032 0.2500000000
80433  27.185  -10.667  -27.267 0.2500000000
80434  26.836  -10.576  -27.453 0.2500000000
80435  26.325  -10.696  -27.344 0.2500000000
81418  16.205  -9.386  -19.559 0.5000000000
81434  16.188  -9.022  -19.608 0.5000000000
81441  25.300  -9.453  -22.033 0.8750000000
81450  24.430  -9.336  -23.243 0.6250000000
81459  23.925  -9.450  -23.949 0.6250000000
81464  25.354  -9.882  -24.953 0.5000000000
81466  24.027  -9.634  -24.125 0.5000000000
81470  25.745  -10.367  -25.464 0.3750000000
81475  26.331  -9.280  -27.308 0.1250000000
81476  25.823  -9.550  -27.299 0.2500000000
81477  25.583  -9.210  -27.734 0.2500000000
81478  26.245  -8.916  -28.441 0.2500000000
81479  25.875  -9.207  -28.242 0.2500000000
81480  25.697  -9.282  -27.933 0.2500000000
81481  25.997  -8.827  -28.854 0.2500000000
81482  26.001  -9.012  -28.694 0.2500000000
82437  24.706  -8.149  -20.959 1.0000000000
82457  25.046  -9.081  -22.370 0.8750000000
82466  24.043  -9.093  -23.922 0.6250000000
82473  24.068  -9.141  -24.225 0.6250000000
82481  25.364  -8.940  -27.176 0.2500000000
82482  25.334  -9.050  -27.578 0.2500000000
82483  26.355  -8.531  -27.924 0.1250000000
82484  25.644  -8.830  -28.398 0.2500000000
82485  25.558  -9.016  -28.067 0.2500000000
82486  25.788  -8.805  -28.422 0.2500000000
82487  25.808  -8.833  -28.681 0.2500000000
83514  25.457  -8.670  -27.726 0.2500000000
83517  26.036  -8.422  -28.152 0.2500000000
83518  25.591  -8.572  -28.060 0.2500000000
83520  25.808  -8.614  -28.266 0.2500000000
83521  25.683  -8.590  -28.485 0.2500000000
84570  25.198  -5.498  -22.786 0.7500000000
85686  24.130  -4.873  -20.669 1.0000000000
85714  25.131  -5.000  -25.785 0.2500000000
85719  25.486  -4.517  -26.297 0.1250000000
85720  25.422  -4.685  -26.226 0.1250000000
86749  17.293  -5.116  -20.005 0.3750000000
86750  16.601  -5.019  -20.064 0.1250000000
86798  25.130  -4.606  -26.260 0.1250000000
86804  25.253  -4.397  -26.329 0.2500000000
86805  25.019  -4.391  -26.313 0.2500000000
87869  25.456  -3.497  -22.575 0.7500000000
88892  19.277  -3.412  -19.561 0.2500000000
88894  17.378  -3.921  -19.687 0.1250000000
89922  24.048  -0.549  -20.276 0.7500000000
90986  23.806  -0.145  -20.476 0.7500000000
91002  23.567  0.245  -20.571 0.7500000000
91979  18.787  0.094  -17.321 0.1250000000
91980  18.691  0.037  -17.116 0.1250000000
91992  18.912  0.128  -17.723 0.1250000000
91994  18.566  -0.199  -17.111 0.1250000000
91995  18.625  -0.650  -16.838 0.1250000000
92004  18.477  0.051  -18.220 0.1250000000
92050  23.161  1.000  -20.639 0.6250000000
92051  22.571  0.736  -20.264 0.6250000000
92092  25.984  0.542  -26.310 0.1250000000
93033  22.221  1.458  -20.543 0.6250000000
93048  21.832  2.010  -20.924 0.5000000000
94005  21.481  2.290  -20.869 0.7500000000
94008  18.806  3.684  -20.377 0.1250000000
94014  23.952  1.733  -21.971 0.3750000000
94018  21.163  3.027  -21.053 0.2500000000
95034  18.600  3.639  -18.806 0.1250000000
95044  18.348  3.999  -19.491 0.1250000000
95045  18.256  3.939  -20.103 0.1250000000
95060  19.794  4.239  -19.602 0.2500000000
95061  18.476  3.929  -20.306 0.1250000000
95076  20.773  3.356  -20.534 0.2500000000
95078  18.788  3.965  -20.385 0.1250000000
95092  21.921  3.369  -22.644 0.3750000000
95102  22.048  3.759  -23.168 0.2500000000
95103  21.579  4.056  -23.030 0.2500000000
95112  23.205  3.981  -24.161 0.2500000000
96099  18.814  4.467  -19.619 0.2500000000
96100  18.511  4.305  -19.909 0.1250000000
96112  19.042  4.438  -20.048 0.1250000000
96130  19.057  4.142  -20.285 0.1250000000
96131  18.614  4.098  -20.283 0.1250000000
131494  25.724  -1.077  -25.919 0.1250000000
131769  18.782  -0.647  -16.418 0.1250000000
131775  18.309  -3.648  -19.436 0.2500000000
131777  20.224  -0.797  -19.074 0.7500000000
131791  18.331  -0.562  -18.969 0.1250000000
131951  21.020  4.083  -20.510 0.2500000000
131955  21.650  4.270  -22.789 0.2500000000
