#!ascii label  , from subject 4094 vox2ras=TkReg
2247
8948  33.916  -81.811  -1.189 0.2000000030
8930  34.397  -81.337  -0.613 0.2000000030
8949  32.971  -81.936  -0.948 0.2000000030
8947  34.749  -81.860  -1.071 0.2000000030
8214  30.249  -82.735  -0.284 0.1000000015
9639  34.887  -80.761  -0.093 0.3000000119
8931  33.598  -81.511  -0.420 0.2000000030
8950  32.021  -82.018  -0.732 0.1000000015
8231  32.433  -82.665  -1.220 0.2000000030
8933  31.673  -82.298  0.184 0.1000000015
8951  31.330  -82.612  -0.452 0.1000000015
8934  30.465  -82.488  0.151 0.1000000015
8935  29.295  -82.199  0.529 0.1000000015
8215  29.701  -82.794  -0.184 0.1000000015
8918  27.858  -81.388  0.836 0.1000000015
8216  28.403  -82.659  0.395 0.1000000015
8203  28.047  -81.973  0.633 0.1000000015
9631  27.344  -80.245  0.763 0.2000000030
8919  26.909  -81.289  0.295 0.1000000015
8900  32.821  -81.784  1.956 0.1000000015
8888  31.392  -81.560  2.753 0.1000000015
8932  32.787  -81.899  0.077 0.2000000030
8915  31.073  -82.051  1.092 0.1000000015
8914  32.179  -81.758  1.042 0.1000000015
8916  29.920  -81.913  1.141 0.1000000015
9630  28.158  -80.810  1.457 0.1000000015
11094  27.178  -78.668  0.393 0.2000000030
9616  27.393  -79.574  1.218 0.2000000030
11935  28.228  -77.365  0.087 0.1000000015
10359  27.055  -79.315  -0.048 0.2000000030
11934  29.161  -77.167  -0.234 0.2000000030
11950  29.324  -77.443  -1.295 0.1000000015
11931  32.226  -76.858  -1.036 0.1000000015
8902  30.553  -81.562  2.045 0.1000000015
9596  30.680  -80.812  2.987 0.1000000015
9629  28.792  -81.015  1.665 0.1000000015
11916  28.885  -77.015  0.677 0.2000000030
11914  30.723  -76.897  0.138 0.2000000030
12684  31.827  -75.885  0.371 0.2000000030
11932  31.224  -76.969  -0.658 0.2000000030
12706  32.074  -76.418  -0.319 0.1000000015
12705  33.228  -76.314  -0.671 0.2000000030
8903  29.461  -81.207  1.739 0.1000000015
9613  29.898  -80.796  2.262 0.1000000015
9614  28.822  -80.361  2.181 0.1000000015
9615  27.849  -79.927  1.592 0.2000000030
11895  27.591  -77.998  2.037 0.2000000030
11917  27.944  -77.290  0.873 0.3000000119
13504  33.503  -74.870  0.248 0.3000000119
13526  34.111  -75.424  -0.223 0.2000000030
12704  34.261  -76.025  -0.914 0.2000000030
12720  34.400  -76.543  -1.391 0.2000000030
11904  28.545  -77.055  1.260 0.3000000119
10342  27.396  -79.006  1.726 0.2000000030
13505  32.611  -75.193  0.525 0.3000000119
14344  33.739  -74.065  0.346 0.3000000119
16073  34.496  -72.736  0.310 0.3000000119
15224  34.536  -73.772  0.013 0.3000000119
15223  35.390  -73.867  -0.447 0.2000000030
13525  35.031  -75.464  -0.819 0.2000000030
13524  35.994  -75.550  -0.949 0.2000000030
16056  33.074  -72.538  0.794 0.4000000060
14346  32.152  -74.376  0.964 0.3000000119
15212  33.125  -73.420  0.572 0.3000000119
12686  29.485  -76.525  1.127 0.2000000030
12685  30.640  -75.990  0.800 0.2000000030
16072  35.487  -72.524  0.171 0.3000000119
15222  36.316  -73.930  -0.659 0.2000000030
16071  36.429  -72.380  -0.065 0.2000000030
14361  36.696  -74.869  -0.781 0.2000000030
17808  34.865  -70.881  1.410 0.3000000119
16951  34.354  -72.129  0.683 0.3000000119
16948  36.907  -71.615  0.270 0.2000000030
16946  39.019  -71.813  0.727 0.2000000030
16947  37.991  -71.570  0.450 0.2000000030
16082  36.889  -73.120  -0.561 0.2000000030
16080  38.418  -73.475  -0.274 0.2000000030
16081  37.862  -73.258  -0.467 0.2000000030
15220  38.194  -74.026  -0.511 0.2000000030
17782  35.850  -70.107  1.481 0.3000000119
17806  36.409  -70.521  1.152 0.3000000119
16923  35.231  -71.349  1.070 0.3000000119
18805  37.613  -69.331  1.642 0.2000000030
17805  37.375  -70.237  1.322 0.3000000119
18804  38.548  -69.090  1.716 0.2000000030
16949  35.941  -71.759  0.605 0.3000000119
17827  37.957  -70.736  0.932 0.1000000015
16921  38.591  -71.062  0.956 0.1000000015
17802  41.012  -70.357  1.620 0.1000000015
17803  39.881  -70.291  1.552 0.1000000015
18802  40.484  -69.414  1.764 0.1000000015
16068  39.686  -72.597  0.701 0.1000000015
19870  36.034  -69.092  1.745 0.3000000119
19896  36.661  -68.500  1.653 0.2000000030
21075  37.383  -67.414  1.644 0.2000000030
22195  39.241  -66.270  1.677 0.2000000030
23283  39.927  -64.988  1.891 0.1000000015
21074  38.813  -67.094  1.775 0.1000000015
21048  39.488  -66.551  1.750 0.1000000015
19894  39.113  -68.323  1.855 0.1000000015
18803  39.441  -69.301  1.724 0.1000000015
18801  41.488  -69.472  2.019 0.1000000015
23282  40.791  -65.107  1.948 0.1000000015
23281  41.720  -65.419  1.796 0.1000000015
21046  40.469  -67.109  1.874 0.1000000015
22214  41.067  -67.084  1.781 0.1000000015
19893  40.084  -68.499  1.856 0.1000000015
22213  41.810  -66.573  1.666 0.1000000015
19891  41.992  -68.534  1.982 0.1000000015
19892  41.036  -68.569  1.797 0.1000000015
24314  42.355  -64.405  1.921 0.1000000015
22212  42.873  -66.596  1.615 0.1000000015
19890  42.976  -68.455  1.838 0.1000000015
24315  41.496  -64.201  2.636 0.1000000015
8917  28.843  -81.496  1.142 0.1000000015
11951  28.489  -77.633  -0.616 0.1000000015
18598  40.346  -69.943  17.004 0.5000000000
18582  41.279  -69.705  17.977 0.5000000000
17618  39.667  -70.225  16.308 0.5000000000
18543  42.061  -69.672  20.666 0.2000000030
18558  42.324  -69.588  19.740 0.2000000030
18559  41.375  -69.697  19.878 0.3000000119
18571  41.503  -69.757  19.027 0.3000000119
18583  40.443  -69.501  17.739 0.5000000000
19687  39.891  -69.305  17.667 0.5000000000
19688  39.318  -69.152  17.284 0.5000000000
18599  39.168  -69.705  16.622 0.5000000000
17633  39.601  -70.507  15.611 0.5000000000
17619  38.956  -70.284  16.082 0.5000000000
18639  40.278  -70.365  14.333 0.5000000000
18665  41.159  -69.715  12.616 0.5000000000
18560  40.775  -69.705  20.102 0.3000000119
19634  40.234  -69.633  19.698 0.3000000119
19668  40.128  -69.220  18.173 0.5000000000
19689  38.487  -68.966  16.859 0.5000000000
17648  39.590  -70.525  14.632 0.5000000000
17663  39.492  -70.357  13.553 0.5000000000
19746  44.557  -69.215  9.488 0.4000000060
19747  43.876  -69.097  9.890 0.5000000000
19748  42.944  -69.360  10.352 0.5000000000
18676  41.747  -69.624  11.691 0.5000000000
18666  40.392  -69.983  12.623 0.5000000000
19776  44.610  -69.511  7.900 0.4000000060
18544  41.131  -69.731  20.695 0.3000000119
19613  39.651  -69.450  20.098 0.4000000060
19635  39.351  -69.211  19.387 0.4000000060
19651  39.180  -68.506  18.574 0.5000000000
19669  39.324  -68.593  17.833 0.5000000000
19670  38.741  -68.391  17.421 0.5000000000
20813  39.031  -67.894  17.978 0.5000000000
20834  38.373  -67.598  17.616 0.5000000000
19671  37.943  -68.166  17.069 0.5000000000
17635  37.932  -70.676  15.172 0.5000000000
17673  39.826  -70.252  12.640 0.6000000238
18687  42.201  -69.567  10.864 0.5000000000
18677  40.763  -70.131  11.697 0.5000000000
18678  40.227  -70.288  12.200 0.5000000000
17715  44.967  -70.425  6.667 0.4000000060
17705  45.122  -70.159  7.641 0.4000000060
19764  43.758  -69.595  9.012 0.5000000000
18450  40.302  -69.949  25.959 0.1000000015
18472  39.811  -69.648  25.102 0.1000000015
18491  37.909  -69.012  24.511 0.1000000015
18489  40.512  -69.563  24.241 0.1000000015
18490  39.135  -69.211  24.006 0.1000000015
19543  37.980  -68.753  23.596 0.1000000015
19542  38.642  -68.890  23.086 0.1000000015
18527  40.625  -69.713  21.439 0.2000000030
18511  40.011  -69.559  22.163 0.1000000015
18545  40.250  -69.610  20.568 0.3000000119
18529  39.234  -68.988  21.032 0.4000000060
19614  39.002  -68.989  20.171 0.4000000060
19652  38.800  -67.829  18.913 0.4000000060
20814  38.617  -67.508  18.386 0.5000000000
21966  38.282  -67.063  17.949 0.5000000000
21967  37.705  -66.870  17.568 0.5000000000
17649  38.638  -70.621  14.426 0.5000000000
18688  41.499  -69.911  10.754 0.5000000000
19793  44.171  -69.653  7.403 0.4000000060
16003  43.622  -72.344  5.888 0.5000000000
16628  38.800  -72.087  28.970 0.1000000015
17471  39.311  -71.135  28.099 0.1000000015
17505  39.628  -70.369  26.687 0.1000000015
18451  39.381  -70.010  25.832 0.1000000015
18473  38.576  -69.718  25.153 0.1000000015
18474  37.296  -69.618  24.965 0.1000000015
17506  38.573  -70.459  26.163 0.1000000015
18492  37.314  -69.027  24.620 0.1000000015
19597  35.572  -68.647  21.281 0.2000000030
19619  34.804  -68.334  20.186 0.2000000030
18502  40.180  -69.654  23.193 0.1000000015
18503  39.338  -69.197  22.784 0.1000000015
19558  37.946  -68.843  22.632 0.1000000015
19596  36.549  -68.572  21.305 0.2000000030
19557  38.698  -68.818  22.294 0.2000000030
19572  38.027  -68.771  21.773 0.1000000015
19594  38.147  -68.460  20.998 0.2000000030
19617  36.823  -68.008  20.703 0.2000000030
19618  35.940  -68.244  20.538 0.2000000030
19637  34.335  -67.823  19.642 0.2000000030
19571  38.715  -68.762  21.464 0.2000000030
19593  38.677  -68.708  20.747 0.2000000030
19615  38.333  -68.106  20.099 0.3000000119
20794  37.447  -66.862  19.531 0.3000000119
21926  37.652  -66.566  18.831 0.4000000060
21948  38.078  -66.778  18.335 0.5000000000
17674  39.023  -70.460  12.615 0.5000000000
18691  38.681  -69.866  10.582 0.5000000000
18680  38.034  -70.056  11.178 0.5000000000
17684  37.632  -70.171  11.902 0.5000000000
18699  39.954  -69.157  9.736 0.5000000000
18690  39.691  -69.973  10.211 0.5000000000
17683  38.627  -70.417  11.648 0.5000000000
19690  37.536  -68.747  16.549 0.5000000000
19766  41.771  -68.564  8.879 0.5000000000
19767  40.762  -68.779  9.154 0.5000000000
19750  41.133  -69.778  9.844 0.5000000000
17665  37.276  -70.651  13.463 0.5000000000
19794  43.060  -69.644  7.507 0.5000000000
19765  42.715  -69.385  9.200 0.5000000000
17681  40.347  -70.576  11.218 0.5000000000
17664  38.352  -70.590  13.492 0.6000000238
19749  41.861  -69.462  9.846 0.5000000000
17736  44.357  -70.896  6.098 0.4000000060
16629  38.155  -72.274  28.775 0.1000000015
16647  38.498  -71.487  28.215 0.1000000015
16663  38.186  -71.142  27.606 0.1000000015
17490  37.233  -71.140  26.652 0.1000000015
16678  35.444  -71.892  25.971 0.1000000015
17488  38.846  -70.825  27.429 0.1000000015
17489  37.976  -70.989  26.916 0.1000000015
17507  37.487  -70.591  25.879 0.1000000015
18475  36.227  -69.584  25.087 0.1000000015
19527  36.479  -69.026  24.706 0.1000000015
19544  36.981  -68.717  24.127 0.1000000015
19561  35.037  -68.538  23.325 0.1000000015
19559  37.090  -68.835  22.973 0.1000000015
19575  35.297  -68.672  22.299 0.2000000030
19598  34.516  -68.749  21.336 0.2000000030
19574  36.303  -68.751  22.178 0.1000000015
20776  37.118  -67.410  20.134 0.3000000119
20796  35.697  -67.084  19.555 0.3000000119
20797  34.804  -67.329  19.547 0.2000000030
20795  36.549  -66.909  19.566 0.3000000119
21949  37.162  -66.497  17.990 0.4000000060
21951  35.222  -66.256  18.186 0.3000000119
21950  35.986  -66.496  17.762 0.4000000060
18682  35.775  -69.126  11.311 0.5000000000
18668  36.214  -69.857  12.065 0.5000000000
17676  36.876  -70.304  12.513 0.5000000000
18671  33.409  -68.377  12.894 0.5000000000
19719  33.576  -68.200  14.171 0.5000000000
18641  34.234  -69.394  14.575 0.5000000000
17667  35.062  -70.188  13.571 0.5000000000
17666  36.157  -70.539  13.533 0.6000000238
19672  37.124  -68.022  16.802 0.5000000000
20835  37.350  -67.417  17.095 0.5000000000
19706  33.713  -68.047  14.857 0.5000000000
18622  34.630  -69.248  15.404 0.5000000000
17652  35.513  -70.399  14.577 0.6000000238
17650  37.644  -70.736  14.346 0.5000000000
18619  37.462  -70.095  15.664 0.5000000000
17637  36.181  -70.459  15.214 0.5000000000
17636  37.046  -70.567  15.150 0.5000000000
14295  42.396  -74.013  5.607 0.4000000060
16022  42.898  -72.745  5.673 0.4000000060
16857  44.483  -71.159  6.421 0.4000000060
16693  32.545  -71.367  25.508 0.1000000015
17510  34.770  -71.078  25.512 0.1000000015
18478  33.162  -69.934  25.084 0.1000000015
17508  36.614  -70.968  25.838 0.1000000015
16677  36.129  -71.487  25.880 0.1000000015
18476  35.247  -69.705  25.313 0.1000000015
18477  34.176  -69.751  25.168 0.1000000015
18454  36.094  -70.276  25.297 0.1000000015
19529  34.462  -68.961  24.973 0.1000000015
19545  35.810  -68.677  24.143 0.1000000015
19546  34.753  -68.577  24.259 0.1000000015
19599  33.421  -68.852  21.471 0.2000000030
19620  33.690  -68.612  20.463 0.2000000030
19638  33.785  -68.084  19.753 0.2000000030
23032  39.774  -65.088  18.461 0.2000000030
21930  34.245  -66.390  19.090 0.2000000030
23054  40.248  -64.821  17.294 0.2000000030
23055  39.063  -64.716  17.297 0.2000000030
23056  38.403  -64.523  16.678 0.2000000030
24127  37.711  -64.398  16.292 0.2000000030
21929  35.097  -66.563  19.006 0.2000000030
23079  39.559  -65.126  16.042 0.2000000030
21983  38.935  -65.578  15.824 0.2000000030
23080  38.348  -65.256  16.009 0.2000000030
23081  37.027  -65.569  15.697 0.2000000030
23082  35.655  -65.800  15.502 0.4000000060
20867  37.768  -67.137  15.238 0.2000000030
22005  38.554  -66.196  15.642 0.3000000119
22006  37.330  -66.387  15.623 0.3000000119
21985  36.366  -66.576  15.916 0.4000000060
23057  35.216  -66.651  16.495 0.4000000060
21968  36.593  -66.552  16.747 0.5000000000
20907  35.307  -67.304  13.549 0.5000000000
20888  35.820  -67.475  14.488 0.4000000060
20868  36.522  -67.349  15.356 0.4000000060
20851  35.993  -67.516  15.945 0.5000000000
20869  35.100  -67.621  15.412 0.5000000000
19704  35.049  -68.596  15.804 0.5000000000
18621  35.452  -69.714  15.654 0.5000000000
18620  36.538  -69.913  15.679 0.5000000000
18601  37.048  -69.300  16.031 0.5000000000
19691  36.511  -68.361  16.367 0.5000000000
17533  31.145  -70.557  26.073 0.1000000015
17532  31.722  -70.862  25.764 0.1000000015
19532  31.394  -69.530  25.013 0.1000000015
19531  32.444  -69.536  24.742 0.1000000015
19549  31.665  -69.280  24.295 0.1000000015
19563  32.969  -68.882  23.494 0.1000000015
19564  31.917  -69.210  23.510 0.1000000015
19562  33.996  -68.655  23.436 0.1000000015
19578  32.163  -69.051  22.604 0.2000000030
19601  31.343  -68.525  21.768 0.2000000030
19600  32.386  -68.813  21.653 0.2000000030
19639  33.164  -68.271  19.971 0.2000000030
20798  33.904  -67.285  19.463 0.2000000030
23011  39.031  -65.318  19.441 0.1000000015
23033  39.025  -64.891  18.478 0.2000000030
24111  38.616  -64.527  18.178 0.2000000030
24112  38.146  -64.153  17.449 0.2000000030
21952  34.644  -66.116  18.454 0.2000000030
22995  38.326  -65.476  20.341 0.1000000015
23012  38.481  -65.186  19.707 0.1000000015
24094  38.568  -64.813  18.977 0.1000000015
24095  38.089  -64.271  18.670 0.1000000015
24096  37.478  -63.640  18.228 0.1000000015
24128  36.479  -64.267  15.908 0.1000000015
23034  34.999  -66.461  17.341 0.3000000119
23035  34.539  -66.085  17.649 0.2000000030
25100  36.198  -63.264  16.844 0.1000000015
23106  35.112  -65.191  15.300 0.3000000119
23058  34.341  -66.275  16.717 0.2000000030
20836  36.558  -67.399  16.519 0.5000000000
19692  35.702  -68.404  16.075 0.5000000000
18603  35.526  -68.970  15.966 0.5000000000
18456  30.215  -70.120  26.414 0.1000000015
19514  29.653  -69.081  26.310 0.1000000015
19534  29.711  -68.644  25.608 0.1000000015
19533  30.379  -69.229  25.460 0.1000000015
20705  29.958  -68.645  25.168 0.1000000015
20706  29.410  -68.173  25.151 0.1000000015
19550  30.733  -69.008  24.610 0.1000000015
19565  30.793  -68.695  23.669 0.1000000015
20725  29.848  -68.172  23.805 0.1000000015
19579  31.211  -68.787  22.745 0.1000000015
19602  30.831  -68.426  22.210 0.2000000030
19622  31.820  -68.507  21.171 0.2000000030
20780  31.279  -67.899  20.948 0.2000000030
19621  32.489  -68.424  20.551 0.2000000030
20779  31.980  -67.471  20.255 0.2000000030
20799  32.924  -67.402  19.778 0.2000000030
21931  33.444  -66.439  19.419 0.2000000030
22974  38.619  -66.024  21.069 0.1000000015
24076  37.324  -64.069  19.445 0.1000000015
25083  36.629  -63.254  17.926 0.1000000015
24097  33.949  -64.872  18.047 0.1000000015
23036  34.079  -65.541  18.248 0.2000000030
25061  36.043  -63.264  18.807 0.1000000015
25084  35.659  -63.244  17.878 0.1000000015
25117  35.690  -63.879  16.286 0.1000000015
24130  34.796  -64.631  16.023 0.2000000030
24145  34.503  -64.820  16.049 0.2000000030
23059  34.205  -65.605  17.099 0.2000000030
20676  28.877  -68.163  26.925 0.1000000015
22877  27.768  -65.436  27.396 0.1000000015
20691  29.127  -68.096  25.925 0.1000000015
22888  28.329  -66.253  25.713 0.1000000015
20719  29.329  -67.709  24.442 0.1000000015
21869  29.907  -66.693  21.993 0.1000000015
20757  30.545  -67.816  21.721 0.1000000015
21893  30.685  -66.698  21.187 0.1000000015
21913  31.414  -66.858  20.628 0.2000000030
21912  32.303  -66.490  20.198 0.2000000030
21932  32.889  -66.325  19.768 0.2000000030
23015  32.710  -65.887  19.990 0.2000000030
23014  33.158  -65.342  19.506 0.2000000030
23013  33.684  -65.815  19.015 0.2000000030
22933  38.295  -66.139  23.771 0.1000000015
22951  36.721  -65.999  22.407 0.1000000015
22976  36.755  -65.231  21.385 0.1000000015
24064  36.642  -64.386  20.596 0.1000000015
24098  33.690  -64.769  18.591 0.2000000030
24044  36.360  -64.731  21.242 0.1000000015
24077  36.373  -63.662  19.645 0.1000000015
25102  34.645  -64.002  17.110 0.1000000015
25086  34.055  -64.251  17.950 0.2000000030
23947  27.929  -64.207  26.455 0.1000000015
23960  28.416  -64.577  25.406 0.1000000015
23959  28.625  -65.049  24.867 0.1000000015
22918  28.966  -65.922  23.937 0.1000000015
21870  29.508  -66.499  22.853 0.1000000015
22953  30.315  -65.834  21.680 0.1000000015
21892  31.307  -66.114  20.924 0.2000000030
22979  31.795  -65.407  21.088 0.1000000015
23000  31.860  -66.056  20.666 0.2000000030
22978  32.325  -64.986  21.045 0.1000000015
22999  32.527  -65.362  20.464 0.2000000030
23992  35.236  -65.017  23.080 0.1000000015
24017  34.655  -64.148  22.170 0.1000000015
24047  33.971  -63.800  21.228 0.1000000015
24067  33.420  -64.214  20.096 0.1000000015
24068  32.975  -64.764  20.482 0.1000000015
22950  37.677  -66.362  22.713 0.1000000015
22952  36.054  -65.299  22.291 0.1000000015
24016  35.524  -64.625  22.005 0.1000000015
24046  35.045  -64.027  21.287 0.1000000015
24066  34.506  -63.679  20.430 0.1000000015
25049  34.222  -63.536  19.547 0.1000000015
24079  33.478  -64.442  19.208 0.1000000015
24045  35.896  -64.397  21.232 0.1000000015
24065  35.577  -63.885  20.362 0.1000000015
25048  34.979  -63.456  19.790 0.1000000015
25062  35.024  -63.285  18.878 0.1000000015
25087  33.776  -64.354  18.383 0.1000000015
24962  28.419  -63.477  25.535 0.1000000015
23979  29.006  -64.763  24.053 0.1000000015
23998  29.605  -64.744  22.970 0.1000000015
24022  29.961  -64.745  22.388 0.1000000015
24050  31.395  -64.847  21.466 0.1000000015
24977  34.305  -63.310  23.856 0.1000000015
24996  33.678  -63.604  23.385 0.1000000015
24997  32.816  -63.481  23.198 0.1000000015
23995  32.351  -63.720  22.534 0.1000000015
24976  35.366  -63.453  24.293 0.1000000015
24995  34.149  -63.728  23.512 0.1000000015
24019  32.636  -64.002  21.936 0.1000000015
24048  32.927  -64.476  21.117 0.1000000015
23976  35.962  -64.778  24.276 0.1000000015
23977  34.921  -64.094  23.726 0.1000000015
23993  34.233  -64.046  23.042 0.1000000015
24018  33.608  -63.874  22.035 0.1000000015
25000  29.803  -63.856  23.378 0.1000000015
24980  31.433  -62.953  23.679 0.1000000015
25018  31.069  -63.803  22.380 0.1000000015
24999  30.756  -63.468  23.077 0.1000000015
24020  31.684  -64.042  21.969 0.1000000015
25937  34.737  -62.475  24.169 0.1000000015
24978  33.342  -63.051  23.778 0.1000000015
24998  31.805  -63.476  22.932 0.1000000015
19667  40.756  -69.592  18.627 0.4000000060
18600  38.165  -69.700  16.151 0.5000000000
19650  40.018  -69.452  18.877 0.4000000060
19636  38.774  -68.333  19.354 0.4000000060
18528  39.817  -69.403  21.284 0.2000000030
20774  38.186  -67.629  19.778 0.4000000060
20793  38.309  -67.328  19.293 0.4000000060
16648  37.862  -72.008  28.173 0.1000000015
17528  37.476  -70.190  25.339 0.1000000015
19573  37.218  -68.880  21.996 0.2000000030
19595  37.408  -68.462  21.241 0.2000000030
19616  37.650  -67.928  20.587 0.2000000030
20777  36.277  -67.559  20.112 0.3000000119
20778  35.514  -67.742  19.972 0.2000000030
21927  36.806  -66.485  18.791 0.3000000119
18667  36.838  -69.995  12.007 0.5000000000
16664  37.585  -71.512  27.531 0.1000000015
16665  36.562  -71.800  26.686 0.1000000015
17509  35.586  -70.844  25.469 0.1000000015
18453  36.827  -70.217  25.349 0.1000000015
19528  35.510  -68.896  24.911 0.1000000015
19560  36.089  -68.681  23.201 0.1000000015
19576  34.256  -68.768  22.423 0.1000000015
21928  35.909  -66.588  18.839 0.3000000119
18683  34.553  -68.847  11.628 0.5000000000
18658  34.194  -69.593  13.396 0.5000000000
19742  34.257  -68.095  11.334 0.5000000000
20889  34.635  -67.289  14.407 0.5000000000
17530  33.891  -70.713  25.324 0.1000000015
17531  32.789  -70.717  25.213 0.1000000015
17529  34.733  -70.343  25.443 0.1000000015
19530  33.465  -69.246  24.808 0.1000000015
19547  33.727  -68.760  24.286 0.1000000015
19548  32.728  -69.112  24.248 0.1000000015
19577  33.210  -68.860  22.538 0.1000000015
24113  37.325  -63.411  16.937 0.1000000015
21982  39.234  -65.747  15.676 0.2000000030
23104  37.980  -65.901  15.719 0.2000000030
23105  37.669  -65.765  15.720 0.3000000119
20887  37.082  -67.694  14.530 0.5000000000
20866  38.889  -67.117  15.244 0.2000000030
22007  36.575  -66.834  15.753 0.5000000000
21984  36.746  -66.321  15.658 0.5000000000
23107  34.591  -65.457  15.489 0.3000000119
20906  36.506  -67.594  13.572 0.5000000000
20852  35.411  -68.013  15.835 0.5000000000
18481  30.420  -69.762  25.848 0.1000000015
18480  31.008  -70.086  25.704 0.1000000015
18479  32.085  -70.087  25.209 0.1000000015
20724  30.330  -68.599  24.281 0.1000000015
20756  31.027  -68.100  21.459 0.2000000030
24075  38.085  -64.818  19.644 0.1000000015
18457  29.683  -69.600  26.861 0.1000000015
20718  29.916  -68.422  24.634 0.1000000015
21823  28.729  -67.236  25.186 0.1000000015
19566  30.146  -68.257  23.238 0.1000000015
19580  30.480  -68.318  22.718 0.2000000030
21868  38.338  -66.407  22.002 0.1000000015
22975  37.752  -65.972  21.479 0.1000000015
22996  37.545  -65.221  20.755 0.1000000015
24063  37.436  -64.728  20.250 0.1000000015
24114  34.151  -64.965  17.474 0.2000000030
24078  35.611  -63.415  19.534 0.1000000015
25119  34.628  -64.482  16.623 0.1000000015
21809  28.497  -67.223  26.382 0.1000000015
20677  28.595  -67.644  27.506 0.1000000015
21799  28.196  -66.890  27.374 0.1000000015
21810  28.102  -66.256  26.582 0.1000000015
22889  28.115  -65.366  26.136 0.1000000015
22901  28.392  -65.431  25.364 0.1000000015
22900  28.556  -65.925  24.712 0.1000000015
20726  29.369  -67.313  23.670 0.1000000015
21835  28.913  -66.801  24.206 0.1000000015
20736  29.739  -67.587  22.836 0.1000000015
22954  29.772  -65.534  22.364 0.1000000015
22998  32.987  -64.912  20.141 0.2000000030
22997  37.106  -64.886  20.761 0.1000000015
25085  34.713  -63.463  17.862 0.1000000015
23980  28.725  -64.580  24.781 0.1000000015
22936  29.336  -65.654  23.284 0.1000000015
24021  30.572  -64.728  21.875 0.1000000015
22980  30.951  -65.573  21.273 0.1000000015
24049  32.130  -64.682  21.492 0.1000000015
23991  35.993  -65.410  23.591 0.1000000015
22935  36.077  -65.680  23.063 0.1000000015
25063  34.095  -63.552  18.649 0.1000000015
24983  28.796  -63.945  24.773 0.1000000015
24982  29.504  -63.492  24.216 0.1000000015
23997  30.213  -64.143  22.601 0.1000000015
23978  34.389  -63.835  23.590 0.1000000015
25938  33.779  -62.314  24.063 0.1000000015
23994  33.237  -63.757  22.694 0.1000000015
24981  30.413  -63.072  23.825 0.1000000015
25017  31.619  -63.721  22.424 0.1000000015
24979  32.423  -63.048  23.742 0.1000000015
25940  32.084  -62.504  24.334 0.1000000015
25939  32.985  -62.486  24.226 0.1000000015
17585  44.567  -70.329  19.320 0.1000000015
17596  44.591  -70.819  18.847 0.1000000015
17586  44.387  -69.963  18.760 0.1000000015
18568  44.075  -69.815  18.246 0.1000000015
18569  43.381  -69.646  18.497 0.1000000015
18540  44.414  -69.641  20.302 0.1000000015
18541  43.953  -69.170  20.354 0.1000000015
16762  44.229  -71.423  18.636 0.2000000030
18542  43.041  -69.383  20.583 0.1000000015
16771  44.135  -71.209  17.269 0.2000000030
17597  44.433  -70.444  18.168 0.1000000015
16777  44.135  -71.341  16.084 0.2000000030
18570  42.427  -69.721  18.742 0.1000000015
15900  43.435  -71.731  16.728 0.2000000030
17607  44.318  -70.430  17.073 0.2000000030
18579  44.154  -69.940  17.301 0.2000000030
18580  43.537  -69.703  17.453 0.2000000030
18581  42.606  -69.710  17.663 0.3000000119
18594  44.303  -70.050  16.360 0.2000000030
18595  43.813  -69.709  16.463 0.2000000030
15915  43.783  -72.068  14.848 0.2000000030
18596  42.971  -69.715  16.585 0.2000000030
17631  44.671  -70.858  15.310 0.2000000030
14223  40.593  -74.231  12.608 0.1000000015
15912  43.594  -71.793  15.699 0.2000000030
17617  44.362  -70.668  16.270 0.2000000030
18597  41.847  -69.921  16.768 0.3000000119
15072  41.957  -73.087  13.400 0.1000000015
15923  43.145  -72.179  14.353 0.1000000015
18614  44.159  -69.759  15.513 0.2000000030
18615  43.424  -69.641  15.555 0.2000000030
14209  41.366  -73.760  13.011 0.1000000015
15071  42.605  -72.606  13.811 0.2000000030
18613  44.538  -70.221  15.520 0.2000000030
15922  43.799  -72.175  14.146 0.2000000030
14222  41.029  -73.571  12.131 0.1000000015
15086  41.429  -72.781  11.563 0.2000000030
15079  41.857  -73.114  12.496 0.1000000015
16789  44.272  -71.678  14.285 0.2000000030
18634  44.621  -69.930  14.568 0.2000000030
18635  43.927  -69.475  14.565 0.2000000030
18636  43.031  -69.632  14.556 0.4000000060
15078  42.710  -72.787  12.904 0.1000000015
18617  41.229  -70.313  15.668 0.4000000060
16799  44.379  -71.535  13.433 0.3000000119
17661  44.907  -70.533  13.704 0.3000000119
15934  43.383  -72.282  13.475 0.2000000030
15953  44.036  -72.003  12.067 0.4000000060
18637  42.006  -69.957  14.548 0.4000000060
17647  40.340  -70.495  15.117 0.4000000060
18650  44.841  -69.977  13.574 0.3000000119
17680  45.052  -70.043  11.838 0.4000000060
16805  44.416  -71.433  12.583 0.3000000119
21924  41.221  -66.035  20.050 0.1000000015
23010  40.275  -65.683  19.731 0.1000000015
18652  43.579  -69.379  13.509 0.4000000060
18654  41.570  -69.801  13.542 0.5000000000
18661  44.699  -69.718  12.579 0.4000000060
17672  45.006  -70.323  12.853 0.3000000119
18651  44.328  -69.591  13.531 0.4000000060
18662  44.137  -69.192  12.353 0.4000000060
23009  41.464  -65.717  19.225 0.1000000015
23031  40.905  -65.288  18.409 0.1000000015
18638  40.997  -70.220  14.441 0.4000000060
18664  42.178  -69.524  12.566 0.5000000000
18655  40.462  -70.004  13.541 0.5000000000
23077  41.779  -64.672  15.910 0.1000000015
23053  41.427  -64.761  17.286 0.1000000015
23103  40.214  -65.232  15.688 0.1000000015
16752  44.201  -71.584  19.756 0.1000000015
18555  44.491  -69.903  19.802 0.1000000015
18557  43.254  -69.453  19.539 0.1000000015
18556  44.143  -69.634  19.340 0.1000000015
17575  44.620  -70.218  20.275 0.1000000015
18523  44.257  -69.448  20.877 0.1000000015
18525  42.616  -69.624  21.585 0.1000000015
17632  40.253  -70.395  15.984 0.4000000060
15871  43.549  -72.363  19.209 0.1000000015
18616  42.442  -69.872  15.616 0.3000000119
17645  44.855  -70.609  14.543 0.2000000030
18653  42.622  -69.588  13.525 0.4000000060
23078  40.657  -64.745  16.221 0.1000000015
17565  44.260  -69.877  21.798 0.1000000015
12529  33.590  -76.787  11.438 0.1000000015
12545  33.055  -76.979  10.291 0.1000000015
10973  33.799  -79.233  10.932 0.1000000015
11769  33.984  -78.823  11.406 0.1000000015
12530  32.905  -76.108  11.528 0.1000000015
12546  32.369  -76.148  10.901 0.1000000015
12561  31.058  -76.159  10.411 0.1000000015
11785  31.917  -77.375  9.490 0.1000000015
7961  28.032  -80.909  19.278 0.1000000015
11731  29.201  -77.286  14.185 0.1000000015
11745  28.822  -77.018  13.321 0.1000000015
12528  34.480  -77.394  12.206 0.1000000015
11756  28.707  -76.994  12.380 0.1000000015
11755  34.135  -77.675  11.610 0.1000000015
12562  29.891  -76.228  10.758 0.1000000015
11754  34.412  -78.565  12.016 0.1000000015
10972  34.142  -79.467  11.658 0.1000000015
7962  27.348  -81.096  19.600 0.1000000015
8663  28.781  -80.738  19.163 0.1000000015
7239  26.529  -81.586  20.358 0.1000000015
7238  26.977  -81.213  19.629 0.1000000015
8665  27.196  -81.101  20.049 0.1000000015
8664  27.703  -80.807  19.976 0.1000000015
9393  29.071  -79.998  19.585 0.1000000015
11709  29.792  -78.380  17.010 0.1000000015
11720  29.166  -77.209  15.436 0.1000000015
13358  33.278  -76.013  11.961 0.1000000015
13375  31.915  -75.651  11.142 0.1000000015
11744  34.988  -78.153  13.001 0.1000000015
10961  34.513  -79.720  12.399 0.1000000015
10231  34.331  -80.335  11.868 0.1000000015
9394  28.410  -80.401  19.987 0.1000000015
7228  26.650  -82.199  21.361 0.1000000015
7952  26.778  -81.597  20.901 0.1000000015
7963  26.910  -81.302  20.257 0.1000000015
8654  27.394  -80.840  20.986 0.1000000015
9371  28.058  -80.387  21.525 0.1000000015
9384  28.589  -79.852  20.659 0.1000000015
10119  28.827  -79.019  20.621 0.1000000015
11665  29.154  -78.197  19.588 0.1000000015
11678  29.845  -78.648  18.331 0.1000000015
11679  29.256  -77.979  18.761 0.1000000015
11695  29.414  -77.710  17.671 0.1000000015
12472  28.640  -76.646  17.629 0.1000000015
11710  29.319  -77.472  16.658 0.1000000015
11732  28.876  -76.287  14.545 0.1000000015
13361  30.331  -74.669  12.465 0.1000000015
12518  35.007  -77.009  13.022 0.1000000015
13347  33.345  -75.442  12.681 0.1000000015
13359  32.315  -75.545  11.765 0.1000000015
13360  31.230  -74.902  12.053 0.1000000015
13377  30.070  -75.080  11.691 0.1000000015
10944  34.894  -79.189  13.004 0.1000000015
10111  28.338  -79.743  21.784 0.1000000015
6498  26.542  -82.780  21.797 0.1000000015
7941  27.003  -81.974  21.659 0.1000000015
8641  27.024  -81.383  21.231 0.1000000015
10100  28.236  -80.029  22.205 0.1000000015
10110  28.463  -79.163  21.347 0.1000000015
10859  28.676  -78.311  20.812 0.1000000015
11680  28.762  -77.221  19.375 0.1000000015
12473  28.321  -76.083  18.390 0.1000000015
7217  27.068  -82.830  22.193 0.1000000015
7940  27.241  -82.296  22.295 0.1000000015
8640  27.377  -81.372  22.040 0.1000000015
12462  28.967  -77.281  18.198 0.1000000015
12482  28.742  -76.352  16.392 0.1000000015
13314  28.608  -75.158  16.199 0.1000000015
12491  28.774  -75.892  15.401 0.1000000015
13329  28.711  -74.815  15.221 0.1000000015
12506  28.811  -75.412  14.675 0.1000000015
13351  29.478  -74.642  13.548 0.1000000015
12520  28.972  -75.439  13.943 0.1000000015
14212  31.953  -74.524  13.526 0.1000000015
13350  30.285  -74.415  13.170 0.1000000015
12532  29.113  -75.448  12.968 0.1000000015
12505  34.426  -75.998  13.259 0.1000000015
13348  32.173  -74.903  12.696 0.1000000015
11730  35.264  -77.805  13.877 0.1000000015
9454  35.225  -80.115  13.168 0.1000000015
9453  35.737  -79.643  13.370 0.1000000015
10184  35.254  -79.545  13.438 0.1000000015
10099  28.279  -79.211  22.357 0.1000000015
6487  26.788  -83.075  22.332 0.1000000015
7200  27.425  -83.267  22.999 0.1000000015
7216  27.409  -82.822  22.709 0.1000000015
7930  27.607  -82.293  22.846 0.1000000015
8629  27.867  -81.384  22.917 0.1000000015
9357  27.945  -80.627  22.459 0.1000000015
10088  28.180  -79.999  22.740 0.1000000015
10846  28.438  -78.193  21.788 0.1000000015
11657  28.632  -77.352  20.993 0.1000000015
12451  28.636  -76.525  20.028 0.1000000015
13300  28.403  -75.328  19.104 0.1000000015
13307  28.256  -75.542  17.989 0.1000000015
13306  28.412  -75.509  17.135 0.1000000015
14163  28.341  -74.997  17.603 0.1000000015
14162  28.603  -74.285  17.202 0.1000000015
14177  28.743  -74.042  15.920 0.1000000015
15064  30.611  -73.473  14.903 0.1000000015
15059  29.618  -73.460  14.991 0.1000000015
12490  34.757  -75.703  13.956 0.1000000015
13328  34.340  -74.886  14.432 0.1000000015
13342  33.779  -75.174  13.648 0.1000000015
14202  32.888  -74.396  14.136 0.1000000015
14203  31.636  -74.168  14.294 0.1000000015
14213  30.986  -74.201  13.645 0.1000000015
12489  35.328  -76.270  14.707 0.1000000015
14211  32.890  -74.746  13.291 0.1000000015
12504  35.224  -76.699  13.909 0.1000000015
11718  35.449  -77.545  14.625 0.1000000015
10928  35.325  -78.739  13.802 0.1000000015
8732  36.581  -79.520  13.399 0.1000000015
5814  27.423  -84.767  23.158 0.1000000015
6453  27.548  -84.164  23.311 0.1000000015
6472  27.210  -83.402  23.049 0.1000000015
7198  28.731  -83.488  22.828 0.1000000015
7179  28.469  -82.779  23.188 0.1000000015
10829  28.391  -78.410  22.506 0.1000000015
6471  27.681  -84.152  22.970 0.1000000015
7199  27.943  -83.281  23.068 0.1000000015
7917  28.148  -82.105  23.228 0.1000000015
9345  28.780  -80.487  23.646 0.1000000015
10087  28.509  -79.585  23.261 0.1000000015
11633  28.530  -77.846  22.520 0.1000000015
11649  28.962  -76.906  22.297 0.1000000015
12439  28.862  -76.328  21.390 0.1000000015
11632  29.088  -77.313  22.794 0.1000000015
13277  29.270  -75.618  21.252 0.1000000015
13299  29.097  -74.473  19.731 0.1000000015
14152  28.396  -74.735  18.134 0.1000000015
14151  29.052  -73.850  18.651 0.1000000015
15014  29.395  -73.346  17.499 0.1000000015
15030  30.186  -72.744  16.947 0.1000000015
15046  30.192  -73.036  15.950 0.1000000015
14176  31.588  -73.499  15.452 0.1000000015
15057  30.861  -73.243  15.407 0.1000000015
14191  32.155  -73.998  14.981 0.1000000015
13327  35.227  -75.234  15.137 0.1000000015
10913  35.818  -78.340  15.064 0.1000000015
10914  35.491  -78.280  14.424 0.1000000015
10183  35.732  -79.032  13.955 0.1000000015
9440  36.139  -79.066  14.059 0.1000000015
9343  30.278  -80.633  23.249 0.1000000015
10098  30.628  -80.189  23.143 0.1000000015
5834  27.662  -85.412  22.509 0.1000000015
6470  28.283  -84.352  22.541 0.1000000015
6469  29.101  -84.052  22.320 0.1000000015
7916  28.800  -82.091  23.323 0.1000000015
9344  29.607  -80.519  23.613 0.1000000015
10814  30.552  -79.064  23.469 0.1000000015
10827  31.032  -78.687  23.151 0.1000000015
8615  29.142  -81.334  23.572 0.1000000015
10086  29.325  -79.587  23.713 0.1000000015
11631  29.957  -77.536  23.303 0.1000000015
12437  30.691  -75.827  21.656 0.1000000015
13292  30.027  -74.496  20.432 0.1000000015
12422  29.460  -76.659  22.269 0.1000000015
12438  29.720  -75.962  21.690 0.1000000015
14140  29.751  -73.907  19.625 0.1000000015
15013  30.139  -72.893  18.112 0.1000000015
14175  32.398  -73.525  15.709 0.1000000015
15045  31.296  -72.876  16.161 0.1000000015
13313  34.365  -74.359  15.180 0.1000000015
14190  33.329  -73.986  14.968 0.1000000015
12488  35.725  -76.345  15.578 0.1000000015
11717  35.789  -77.397  15.329 0.1000000015
7214  30.720  -83.350  21.336 0.1000000015
5846  28.595  -85.375  22.086 0.1000000015
6484  30.347  -84.237  21.641 0.1000000015
7939  30.270  -82.626  21.989 0.1000000015
7928  30.504  -82.125  22.386 0.1000000015
10109  31.615  -80.068  22.399 0.1000000015
5245  27.004  -86.001  22.570 0.1000000015
5256  28.254  -85.929  22.169 0.1000000015
6486  28.702  -84.717  22.127 0.1000000015
6485  29.387  -84.558  21.961 0.1000000015
7929  29.858  -82.667  22.586 0.1000000015
7914  30.134  -82.007  23.020 0.1000000015
10826  31.532  -79.163  22.789 0.1000000015
10845  31.388  -78.093  22.726 0.1000000015
12420  31.320  -76.486  22.183 0.1000000015
11630  30.853  -77.608  23.012 0.1000000015
13275  30.930  -75.362  20.851 0.1000000015
14139  30.733  -74.012  19.794 0.1000000015
15012  31.170  -72.833  18.519 0.1000000015
15029  31.336  -72.526  17.565 0.1000000015
15044  32.450  -72.853  16.618 0.1000000015
13312  34.940  -74.510  15.814 0.1000000015
14174  33.702  -73.608  15.909 0.1000000015
12481  36.073  -76.176  16.417 0.1000000015
11707  36.324  -77.170  15.999 0.1000000015
7951  31.337  -82.609  21.310 0.1000000015
8627  31.484  -81.042  22.055 0.1000000015
8639  31.284  -81.797  21.781 0.1000000015
10844  32.032  -78.690  22.311 0.1000000015
11647  32.194  -77.736  21.937 0.1000000015
11656  32.027  -76.969  21.983 0.1000000015
12436  31.851  -76.099  21.559 0.1000000015
13291  31.203  -74.925  20.063 0.1000000015
14148  31.898  -73.655  19.521 0.1000000015
14149  31.314  -73.490  19.295 0.1000000015
15010  33.028  -72.581  19.153 0.1000000015
15043  33.578  -72.839  16.972 0.1000000015
15028  32.367  -72.505  17.791 0.1000000015
14161  35.061  -73.549  17.254 0.1000000015
14172  35.388  -74.277  17.067 0.1000000015
14173  34.701  -73.781  16.632 0.1000000015
12471  36.083  -75.697  17.019 0.1000000015
10888  37.024  -77.282  17.032 0.1000000015
10899  38.056  -77.501  16.050 0.1000000015
6497  31.147  -83.623  21.311 0.1000000015
9383  32.472  -81.093  21.261 0.1000000015
10107  32.704  -79.548  21.593 0.1000000015
10843  32.682  -78.779  21.683 0.1000000015
5843  30.852  -84.744  22.223 0.1000000015
9368  32.379  -80.630  21.544 0.1000000015
11655  32.607  -77.357  21.495 0.1000000015
13290  32.043  -74.974  20.085 0.1000000015
14996  32.239  -73.421  19.592 0.1000000015
15026  35.013  -72.778  17.862 0.1000000015
15027  33.624  -72.489  18.249 0.1000000015
15042  34.433  -72.950  17.282 0.1000000015
13305  35.963  -74.950  17.288 0.1000000015
12470  36.489  -75.824  17.658 0.1000000015
11692  36.907  -76.810  17.497 0.1000000015
11690  38.481  -76.644  16.966 0.1000000015
12486  39.014  -75.360  15.758 0.1000000015
6482  31.733  -83.737  21.978 0.1000000015
6496  31.469  -83.592  21.496 0.1000000015
7949  32.573  -82.407  21.150 0.1000000015
9382  32.890  -80.842  21.032 0.1000000015
10117  34.116  -79.613  20.574 0.1000000015
10857  33.276  -78.675  21.245 0.1000000015
8652  32.333  -81.635  21.197 0.1000000015
9367  32.848  -80.245  21.278 0.1000000015
11654  33.469  -77.450  21.248 0.1000000015
12435  32.721  -76.281  21.343 0.1000000015
13273  32.595  -75.388  20.844 0.1000000015
14137  32.333  -74.209  19.905 0.1000000015
15891  33.744  -72.558  19.302 0.1000000015
13254  40.309  -74.593  21.057 0.1000000015
13269  39.708  -75.018  20.548 0.1000000015
13286  38.984  -75.196  19.734 0.1000000015
13287  38.076  -74.530  19.562 0.1000000015
13288  37.327  -74.289  19.110 0.1000000015
15890  34.802  -72.422  18.830 0.1000000015
15902  34.374  -72.498  18.378 0.1000000015
13268  40.353  -75.080  20.458 0.1000000015
12432  40.039  -75.489  20.193 0.1000000015
15008  35.862  -72.871  18.493 0.1000000015
13267  40.574  -74.625  19.959 0.1000000015
12431  40.234  -75.480  19.820 0.1000000015
11663  38.883  -76.288  18.924 0.1000000015
12460  37.555  -75.465  18.762 0.1000000015
13304  36.452  -74.827  17.902 0.1000000015
13266  40.534  -74.091  19.379 0.1000000015
13295  40.720  -74.201  18.630 0.1000000015
12447  39.944  -76.035  18.996 0.1000000015
11677  37.174  -76.241  18.163 0.1000000015
12459  39.735  -75.711  18.356 0.1000000015
11691  37.463  -76.797  17.863 0.1000000015
14158  40.850  -74.063  16.974 0.1000000015
11689  38.991  -75.988  17.863 0.1000000015
13323  39.928  -74.192  15.587 0.1000000015
7224  33.622  -83.293  21.190 0.1000000015
7225  32.686  -83.018  21.392 0.1000000015
7948  33.539  -82.488  20.913 0.1000000015
8650  34.273  -81.608  20.731 0.1000000015
9381  33.770  -80.712  20.665 0.1000000015
8651  33.244  -81.637  20.895 0.1000000015
10856  34.439  -78.409  20.904 0.1000000015
14130  32.771  -74.773  20.538 0.1000000015
15876  33.568  -72.736  20.382 0.1000000015
14994  36.075  -72.638  20.199 0.1000000015
13270  38.954  -74.560  20.323 0.1000000015
14134  37.872  -73.733  19.795 0.1000000015
14135  37.360  -73.543  19.570 0.1000000015
15873  36.050  -72.668  18.997 0.1000000015
13255  40.036  -74.541  21.320 0.1000000015
14992  42.563  -72.923  19.135 0.1000000015
14144  41.628  -72.887  18.556 0.1000000015
7210  34.226  -82.975  22.113 0.1000000015
7946  35.279  -82.057  21.163 0.1000000015
7947  34.656  -82.530  20.991 0.1000000015
9380  34.826  -80.559  20.541 0.1000000015
10116  35.195  -79.464  20.422 0.1000000015
11653  34.094  -77.439  21.261 0.1000000015
12434  33.535  -76.409  21.240 0.1000000015
13272  33.261  -75.417  21.076 0.1000000015
15859  33.628  -73.095  21.117 0.1000000015
14129  33.362  -74.553  21.000 0.1000000015
15857  35.338  -72.600  20.756 0.1000000015
15844  34.756  -72.896  21.830 0.1000000015
15858  34.242  -72.687  20.986 0.1000000015
14126  38.905  -73.817  20.966 0.1000000015
14966  38.482  -72.959  21.572 0.1000000015
14982  36.075  -72.610  20.661 0.1000000015
15875  34.513  -72.507  19.971 0.1000000015
14106  40.527  -73.791  21.296 0.1000000015
14108  39.701  -74.069  21.684 0.1000000015
14993  36.532  -72.843  19.444 0.1000000015
14105  41.006  -73.281  21.013 0.1000000015
14124  40.499  -73.856  20.561 0.1000000015
8636  35.530  -81.629  21.560 0.1000000015
8649  35.412  -81.519  20.807 0.1000000015
9379  35.934  -80.275  20.748 0.1000000015
10855  35.531  -78.691  20.788 0.1000000015
10842  34.526  -77.899  21.320 0.1000000015
11646  34.594  -77.344  21.597 0.1000000015
12418  34.383  -76.350  21.567 0.1000000015
13258  33.877  -75.405  21.333 0.1000000015
14111  33.979  -74.748  21.517 0.1000000015
15845  34.061  -73.175  21.585 0.1000000015
15842  36.367  -72.398  21.754 0.1000000015
15843  35.561  -72.671  21.734 0.1000000015
14968  36.996  -72.379  21.438 0.1000000015
14107  40.224  -73.962  21.667 0.1000000015
14978  41.526  -72.850  20.736 0.1000000015
8648  36.082  -81.046  21.275 0.1000000015
10840  36.037  -78.319  21.415 0.1000000015
10854  36.040  -78.895  20.932 0.1000000015
10825  36.357  -77.839  22.250 0.1000000015
11628  34.986  -77.144  22.000 0.1000000015
11645  35.230  -77.620  21.739 0.1000000015
12417  34.767  -75.984  21.861 0.1000000015
13257  34.538  -75.395  21.903 0.1000000015
14110  34.374  -74.512  21.998 0.1000000015
14969  34.401  -73.717  22.109 0.1000000015
15831  35.727  -72.725  22.641 0.1000000015
14967  37.569  -72.605  21.466 0.1000000015
15841  37.147  -72.203  22.141 0.1000000015
14109  39.239  -73.297  22.102 0.1000000015
15854  43.485  -72.069  20.478 0.1000000015
11627  35.806  -77.352  21.966 0.1000000015
12403  36.197  -76.345  22.249 0.1000000015
12404  35.127  -76.411  22.097 0.1000000015
13239  35.375  -75.395  22.567 0.1000000015
13240  34.761  -74.939  22.311 0.1000000015
14074  35.016  -74.064  23.030 0.1000000015
14955  35.332  -73.149  22.799 0.1000000015
15839  42.796  -72.098  21.330 0.1000000015
14086  41.152  -73.223  21.963 0.1000000015
14954  38.981  -72.662  22.828 0.1000000015
13221  37.370  -75.145  23.563 0.1000000015
13238  36.644  -75.668  22.759 0.1000000015
14051  37.115  -74.018  24.805 0.1000000015
14071  37.070  -74.599  24.290 0.1000000015
13222  36.086  -75.030  23.236 0.1000000015
14930  37.812  -73.138  25.262 0.1000000015
14943  35.564  -73.480  23.342 0.1000000015
15818  36.059  -72.788  23.442 0.1000000015
14951  42.162  -72.344  22.012 0.1000000015
14952  41.679  -72.753  22.555 0.1000000015
14087  40.667  -73.403  22.312 0.1000000015
14088  40.256  -73.460  22.592 0.1000000015
14090  39.450  -72.935  22.663 0.1000000015
15840  37.984  -72.454  22.417 0.1000000015
15838  43.564  -71.429  21.675 0.1000000015
14929  38.860  -73.000  24.988 0.1000000015
14072  36.326  -74.287  23.996 0.1000000015
14941  38.861  -72.580  23.928 0.1000000015
14931  36.856  -73.180  24.726 0.1000000015
14068  40.680  -73.124  23.450 0.1000000015
14070  39.893  -73.045  23.628 0.1000000015
15816  37.669  -72.450  24.122 0.1000000015
14089  39.848  -73.095  22.834 0.1000000015
10916  29.689  -78.464  15.485 0.1000000015
11746  28.856  -76.307  13.664 0.1000000015
11757  28.793  -76.353  12.947 0.1000000015
11770  33.781  -78.081  10.859 0.1000000015
12531  28.891  -76.012  12.371 0.1000000015
13376  31.144  -75.422  11.133 0.1000000015
12549  29.329  -75.464  12.162 0.1000000015
11786  30.973  -77.045  9.754 0.1000000015
13389  30.550  -75.775  10.764 0.1000000015
7982  28.560  -80.929  18.610 0.1000000015
10945  29.402  -77.779  13.238 0.1000000015
11719  29.469  -77.857  14.834 0.1000000015
12548  29.242  -75.975  11.548 0.1000000015
8655  27.068  -81.150  20.539 0.1000000015
10126  29.129  -79.238  19.994 0.1000000015
10905  29.639  -78.266  16.346 0.1000000015
12519  34.060  -76.397  12.424 0.1000000015
9385  28.032  -80.506  20.626 0.1000000015
9370  28.418  -79.819  21.358 0.1000000015
10867  29.072  -78.503  20.116 0.1000000015
10866  29.381  -78.659  19.455 0.1000000015
11666  28.852  -77.704  19.963 0.1000000015
13349  31.167  -74.569  12.920 0.1000000015
13362  29.688  -74.718  12.859 0.1000000015
12463  28.643  -76.725  18.785 0.1000000015
14206  29.384  -74.004  14.422 0.1000000015
14193  29.024  -73.869  14.949 0.1000000015
14205  29.886  -73.803  14.264 0.1000000015
8616  28.444  -81.335  23.383 0.1000000015
9346  28.213  -80.566  23.150 0.1000000015
13293  28.942  -75.277  20.536 0.1000000015
15031  29.370  -73.397  16.517 0.1000000015
7178  29.159  -82.821  23.079 0.1000000015
10816  28.983  -78.710  23.494 0.1000000015
10815  30.015  -78.622  23.621 0.1000000015
13276  29.845  -75.132  21.283 0.1000000015
10902  36.285  -78.107  15.729 0.1000000015
10169  36.105  -78.908  14.793 0.1000000015
8628  31.072  -81.438  22.167 0.1000000015
5833  28.274  -85.021  22.240 0.1000000015
7197  29.389  -83.343  22.549 0.1000000015
7915  29.507  -82.083  23.241 0.1000000015
12421  30.392  -76.391  22.243 0.1000000015
14150  30.313  -73.378  19.088 0.1000000015
13326  35.602  -75.446  15.852 0.1000000015
7215  29.943  -83.408  21.822 0.1000000015
10096  31.700  -79.505  22.517 0.1000000015
11648  31.601  -77.449  22.456 0.1000000015
14138  31.602  -74.282  19.721 0.1000000015
15892  31.715  -72.512  18.252 0.1000000015
13311  35.598  -74.971  16.549 0.1000000015
12480  36.378  -76.366  17.121 0.1000000015
10901  36.948  -77.644  16.407 0.1000000015
8653  31.821  -81.901  21.331 0.1000000015
7950  31.721  -82.407  21.309 0.1000000015
13274  31.907  -75.482  20.734 0.1000000015
15011  32.132  -72.694  19.064 0.1000000015
14160  35.857  -73.892  17.528 0.1000000015
10887  37.689  -77.235  17.158 0.1000000015
10141  37.880  -77.395  16.681 0.1000000015
10886  38.190  -77.504  16.949 0.1000000015
10898  38.050  -77.135  16.537 0.1000000015
7226  31.801  -83.069  21.374 0.1000000015
10118  33.280  -79.939  21.004 0.1000000015
13289  32.402  -74.865  20.293 0.1000000015
14995  32.765  -73.100  19.905 0.1000000015
12461  36.891  -75.457  18.251 0.1000000015
12478  39.136  -75.614  16.523 0.1000000015
10875  38.382  -76.999  17.546 0.1000000015
11674  38.961  -76.762  17.768 0.1000000015
13303  39.705  -74.960  16.867 0.1000000015
14983  33.308  -73.556  20.689 0.1000000015
13271  38.558  -74.167  20.259 0.1000000015
12449  39.027  -75.822  19.332 0.1000000015
13297  37.455  -74.787  19.018 0.1000000015
13298  36.983  -74.681  18.589 0.1000000015
14159  36.495  -73.959  18.163 0.1000000015
15007  36.301  -73.024  18.655 0.1000000015
12448  39.592  -75.816  19.582 0.1000000015
12450  38.389  -75.684  19.157 0.1000000015
14123  40.789  -73.146  19.951 0.1000000015
13284  40.876  -74.764  19.121 0.1000000015
11676  38.089  -76.504  18.409 0.1000000015
11675  38.609  -76.606  18.251 0.1000000015
11662  39.135  -76.219  18.778 0.1000000015
14122  41.407  -72.758  19.769 0.1000000015
12458  39.953  -75.130  18.296 0.1000000015
12469  39.587  -75.383  17.588 0.1000000015
14171  40.674  -73.842  16.055 0.1000000015
13309  40.103  -74.339  16.553 0.1000000015
14980  37.914  -73.017  20.746 0.1000000015
14981  36.866  -72.741  20.619 0.1000000015
14977  42.040  -72.754  20.063 0.1000000015
12419  33.768  -75.912  21.222 0.1000000015
14970  33.808  -73.888  21.460 0.1000000015
14965  41.652  -72.866  21.564 0.1000000015
15855  42.855  -72.678  20.636 0.1000000015
15830  36.521  -72.350  22.863 0.1000000015
14091  35.297  -74.771  22.863 0.1000000015
18663  43.236  -69.268  12.441 0.4000000060
16810  44.727  -70.599  11.234 0.3000000119
18673  44.730  -69.306  11.318 0.3000000119
18674  44.286  -69.095  11.586 0.3000000119
19733  43.761  -69.063  12.011 0.4000000060
19737  44.601  -68.963  10.345 0.3000000119
18675  42.674  -69.392  11.583 0.4000000060
9584  37.861  -79.953  3.974 0.1000000015
10302  38.372  -78.974  4.008 0.1000000015
11040  39.705  -77.829  4.227 0.2000000030
14296  41.776  -74.250  5.255 0.3000000119
20952  41.599  -67.610  8.749 0.4000000060
16811  44.370  -71.317  11.669 0.3000000119
16873  43.241  -72.126  5.639 0.4000000060
17716  44.275  -70.322  6.466 0.4000000060
12605  40.623  -76.043  5.035 0.2000000030
15152  41.737  -73.619  5.135 0.3000000119
17737  43.679  -70.829  5.856 0.4000000060
18712  43.402  -69.720  7.151 0.4000000060
19779  42.177  -68.294  8.310 0.4000000060
8883  37.197  -80.652  3.541 0.1000000015
12606  40.272  -76.498  4.301 0.3000000119
18727  43.009  -69.643  6.903 0.4000000060
19795  42.371  -68.400  7.422 0.4000000060
20974  41.989  -67.116  7.659 0.4000000060
8897  37.051  -80.747  2.959 0.1000000015
11869  39.757  -77.258  3.621 0.2000000030
13446  40.827  -75.033  5.082 0.3000000119
16004  42.369  -72.491  5.531 0.3000000119
18728  42.321  -68.791  6.702 0.4000000060
19768  39.622  -68.345  9.535 0.4000000060
18692  37.749  -69.403  10.674 0.4000000060
16861  42.092  -71.314  5.848 0.4000000060
17738  42.732  -70.745  6.056 0.4000000060
19812  42.102  -67.987  6.815 0.4000000060
22115  41.793  -66.446  7.448 0.4000000060
20962  41.646  -67.180  8.454 0.5000000000
9606  37.095  -80.291  2.627 0.2000000030
9592  37.523  -80.105  3.295 0.2000000030
10314  38.432  -78.874  3.435 0.2000000030
12626  40.135  -76.158  3.796 0.2000000030
11041  39.113  -78.263  3.670 0.2000000030
16024  41.748  -73.027  5.307 0.3000000119
16005  41.777  -72.246  5.596 0.3000000119
8898  36.502  -81.092  2.280 0.1000000015
18729  41.669  -68.862  6.389 0.4000000060
14297  40.952  -74.404  4.730 0.3000000119
19813  41.668  -68.078  6.481 0.4000000060
20953  41.187  -67.265  8.861 0.5000000000
20954  40.095  -67.367  9.120 0.5000000000
19752  38.365  -68.916  10.258 0.4000000060
17719  41.336  -69.556  6.275 0.4000000060
22133  41.519  -66.473  6.800 0.4000000060
22104  41.273  -66.180  8.486 0.5000000000
22095  40.472  -66.210  8.890 0.5000000000
19769  38.733  -68.227  9.989 0.4000000060
10315  37.764  -79.332  2.991 0.2000000030
11870  39.267  -77.953  3.203 0.2000000030
11887  39.485  -76.973  3.144 0.2000000030
14318  40.331  -74.893  4.230 0.4000000060
12627  39.752  -76.036  3.315 0.2000000030
14298  40.403  -74.314  4.627 0.3000000119
14319  39.766  -74.908  4.066 0.4000000060
16025  41.175  -72.967  5.174 0.3000000119
23211  41.199  -65.634  7.478 0.5000000000
22096  39.396  -66.377  9.137 0.5000000000
20941  37.180  -67.905  10.141 0.4000000060
18693  36.849  -68.945  10.790 0.4000000060
15154  40.429  -73.500  5.109 0.4000000060
16862  41.107  -71.317  5.934 0.4000000060
18730  41.000  -68.895  6.220 0.4000000060
23204  40.553  -65.539  8.498 0.5000000000
11055  38.002  -78.465  2.779 0.2000000030
9607  36.530  -80.471  1.759 0.2000000030
11888  38.946  -77.532  2.892 0.2000000030
19755  35.897  -67.954  10.409 0.4000000060
12649  39.265  -76.476  2.968 0.2000000030
16006  40.593  -72.454  5.681 0.3000000119
17740  40.493  -70.057  6.149 0.4000000060
20991  40.889  -67.562  6.277 0.4000000060
8912  36.371  -81.245  1.303 0.2000000030
13464  39.291  -75.614  3.402 0.3000000119
14320  38.859  -75.030  4.130 0.4000000060
19741  34.974  -68.386  11.135 0.4000000060
15132  39.939  -73.173  5.645 0.3000000119
22134  40.660  -66.518  6.304 0.5000000000
23193  39.722  -65.580  8.653 0.5000000000
20908  34.262  -67.148  13.428 0.4000000060
9623  36.522  -80.844  1.217 0.2000000030
10316  37.240  -79.148  2.503 0.2000000030
16863  39.915  -71.287  6.010 0.4000000060
19829  39.821  -68.335  5.785 0.4000000060
22097  38.310  -66.415  9.516 0.5000000000
20942  36.589  -67.327  10.056 0.4000000060
20886  38.264  -67.637  14.560 0.4000000060
9637  36.104  -81.194  0.233 0.2000000030
10317  36.746  -79.042  2.167 0.2000000030
11889  37.841  -77.678  2.762 0.2000000030
12650  38.367  -76.692  3.017 0.2000000030
16007  39.439  -72.408  5.996 0.4000000060
23230  39.859  -65.632  6.315 0.5000000000
24231  39.998  -64.963  8.137 0.5000000000
8212  35.895  -82.297  0.062 0.2000000030
14299  39.436  -74.296  5.015 0.4000000060
22154  40.393  -67.064  6.039 0.5000000000
24256  40.711  -65.051  7.218 0.5000000000
20956  37.797  -67.474  9.971 0.5000000000
8929  35.241  -81.564  -0.589 0.2000000030
20924  36.038  -67.108  12.764 0.4000000060
20905  37.756  -67.712  13.634 0.2000000030
20926  33.837  -67.180  12.389 0.4000000060
20945  34.426  -67.621  10.978 0.4000000060
10335  36.700  -79.647  1.937 0.2000000030
13465  38.363  -75.776  3.536 0.4000000060
22098  37.276  -66.366  9.783 0.4000000060
20943  35.444  -67.105  10.322 0.4000000060
9624  36.259  -80.780  0.779 0.2000000030
11056  37.202  -78.473  2.514 0.2000000030
12651  37.371  -77.041  3.095 0.2000000030
9608  36.212  -80.000  1.278 0.2000000030
20925  34.889  -66.916  12.719 0.4000000060
20934  34.139  -66.686  11.111 0.4000000060
22088  34.974  -66.320  10.445 0.4000000060
18744  39.575  -69.213  5.838 0.3000000119
24242  39.516  -65.011  7.630 0.5000000000
23194  38.566  -65.612  8.979 0.5000000000
22087  35.922  -66.196  9.963 0.4000000060
14300  38.240  -74.505  4.837 0.4000000060
17741  39.229  -70.209  5.965 0.3000000119
19830  38.992  -68.409  5.452 0.4000000060
14280  38.703  -74.163  5.403 0.4000000060
23231  38.722  -65.671  6.571 0.5000000000
10336  36.082  -79.359  1.817 0.2000000030
22067  34.578  -66.461  12.056 0.4000000060
23195  37.581  -65.532  9.444 0.5000000000
24222  37.516  -64.843  8.908 0.5000000000
18745  38.619  -69.302  5.618 0.4000000060
22156  38.866  -66.768  5.600 0.5000000000
24232  39.015  -65.228  8.094 0.5000000000
23248  38.365  -66.247  6.152 0.5000000000
21010  38.458  -67.579  5.408 0.5000000000
19738  44.088  -69.029  10.970 0.4000000060
19778  42.787  -69.414  8.268 0.4000000060
20935  34.003  -67.221  11.368 0.4000000060
24243  38.280  -65.013  7.851 0.5000000000
15971  43.509  -71.874  9.341 0.3000000119
16818  44.404  -70.423  9.168 0.3000000119
17694  45.079  -69.919  9.650 0.2000000030
18686  45.013  -69.318  10.095 0.2000000030
15104  41.302  -72.625  8.769 0.2000000030
15979  43.094  -72.897  8.235 0.3000000119
15987  43.986  -72.304  7.293 0.3000000119
16831  44.789  -70.924  7.278 0.3000000119
14257  41.839  -74.216  7.648 0.2000000030
15117  43.269  -73.684  7.047 0.2000000030
15116  43.633  -72.938  6.734 0.2000000030
11851  40.404  -76.489  5.476 0.2000000030
8229  34.373  -82.672  -1.484 0.1000000015
8249  33.555  -83.212  -1.812 0.1000000015
10306  32.116  -79.465  3.919 0.1000000015
15085  42.519  -72.467  11.824 0.1000000015
16815  44.213  -71.200  10.724 0.2000000030
16814  44.517  -70.440  10.223 0.2000000030
15968  42.850  -72.101  9.912 0.2000000030
15967  43.547  -71.671  10.324 0.2000000030
14232  40.520  -73.129  11.259 0.1000000015
14247  40.323  -73.041  9.098 0.1000000015
15100  40.968  -72.228  9.720 0.2000000030
14248  39.311  -72.939  9.843 0.1000000015
13394  39.168  -73.762  8.835 0.1000000015
8913  36.184  -81.549  0.510 0.1000000015
8228  35.281  -82.280  -1.047 0.1000000015
10338  34.429  -80.180  2.169 0.1000000015
11073  34.797  -79.574  2.506 0.1000000015
11892  35.015  -77.948  2.999 0.1000000015
11871  35.299  -77.766  3.905 0.1000000015
9610  34.361  -80.611  1.372 0.1000000015
11060  34.126  -79.496  3.668 0.1000000015
11042  34.611  -78.693  3.956 0.1000000015
12608  35.271  -76.305  4.477 0.1000000015
10304  33.800  -79.589  3.809 0.1000000015
12633  33.733  -77.169  4.224 0.1000000015
14304  34.436  -74.785  5.384 0.1000000015
13451  33.703  -75.540  5.144 0.1000000015
15094  41.923  -72.188  10.585 0.2000000030
14242  40.089  -72.593  10.299 0.1000000015
13466  37.371  -75.673  3.940 0.1000000015
16864  38.608  -71.293  6.216 0.3000000119
9625  35.438  -80.246  0.705 0.1000000015
10349  35.235  -79.854  1.206 0.1000000015
11057  36.297  -78.630  2.415 0.1000000015
12630  36.842  -76.440  3.486 0.1000000015
15157  37.000  -74.209  5.204 0.2000000030
16008  38.295  -72.635  6.310 0.3000000119
17743  37.375  -70.110  5.795 0.3000000119
19832  37.136  -68.459  5.591 0.3000000119
8230  33.346  -82.595  -1.410 0.1000000015
9626  34.550  -80.511  0.651 0.1000000015
12653  35.685  -77.503  3.324 0.1000000015
13449  35.853  -75.601  4.460 0.1000000015
15135  36.621  -73.529  5.728 0.2000000030
16844  36.855  -71.380  6.547 0.3000000119
9627  33.979  -81.031  0.888 0.1000000015
14303  35.516  -75.015  5.423 0.1000000015
16011  35.141  -72.852  6.287 0.2000000030
16845  35.923  -71.412  6.678 0.3000000119
15137  34.705  -73.584  6.028 0.1000000015
16012  34.183  -72.995  6.450 0.2000000030
17724  35.250  -70.564  6.743 0.4000000060
13452  32.507  -75.387  5.469 0.1000000015
15138  33.868  -73.639  6.041 0.1000000015
15886  43.424  -72.185  17.920 0.1000000015
15913  42.905  -72.124  16.192 0.1000000015
24233  37.953  -64.861  8.387 0.4000000060
23232  37.769  -65.845  6.781 0.4000000060
18746  37.681  -69.337  5.545 0.3000000119
21011  37.549  -67.590  5.627 0.4000000060
23249  37.622  -66.335  6.318 0.4000000060
19833  36.409  -68.476  6.051 0.4000000060
20992  36.177  -67.282  6.733 0.4000000060
18732  35.530  -69.531  6.517 0.4000000060
19816  34.959  -68.518  7.125 0.5000000000
15992  34.564  -72.247  6.845 0.3000000119
18733  34.507  -69.652  7.272 0.5000000000
14281  33.017  -74.411  6.014 0.1000000015
16847  34.015  -71.426  7.308 0.4000000060
11855  30.859  -76.939  4.734 0.1000000015
13453  31.319  -75.216  5.357 0.1000000015
15140  32.045  -73.809  6.181 0.2000000030
16013  33.417  -73.219  6.444 0.2000000030
11061  29.688  -78.907  3.336 0.1000000015
11876  30.141  -77.619  4.284 0.1000000015
14283  31.677  -74.341  5.592 0.2000000030
11062  28.871  -78.714  3.248 0.1000000015
11877  29.113  -77.319  4.039 0.1000000015
24223  36.835  -64.877  9.429 0.4000000060
23196  36.630  -65.523  9.783 0.3000000119
24260  37.018  -65.312  7.324 0.4000000060
24259  38.013  -65.329  7.300 0.4000000060
23233  36.900  -66.031  6.818 0.4000000060
24244  37.151  -64.786  7.809 0.4000000060
20993  35.490  -67.584  7.048 0.4000000060
20994  34.499  -67.514  7.532 0.4000000060
23235  35.333  -66.112  7.435 0.4000000060
19796  33.881  -68.334  7.745 0.5000000000
18715  33.413  -69.434  7.707 0.4000000060
15118  32.601  -73.129  6.565 0.3000000119
15980  32.984  -71.797  7.489 0.4000000060
17707  32.990  -70.312  7.704 0.4000000060
13470  29.670  -75.590  3.431 0.2000000030
13454  30.371  -75.215  4.640 0.2000000030
15119  31.669  -72.978  6.322 0.2000000030
12636  28.780  -76.760  3.462 0.1000000015
12635  29.344  -76.232  3.994 0.2000000030
9642  26.914  -80.471  -0.301 0.1000000015
25208  36.971  -64.454  9.030 0.4000000060
24214  36.258  -64.531  10.135 0.4000000060
25214  36.134  -63.710  8.954 0.4000000060
24245  36.181  -64.804  7.920 0.4000000060
25225  36.218  -64.278  8.407 0.4000000060
24246  35.127  -64.876  7.929 0.4000000060
22116  33.841  -66.634  7.707 0.4000000060
23213  34.511  -65.693  7.636 0.4000000060
20976  33.030  -67.308  7.760 0.3000000119
17708  32.222  -70.336  7.275 0.4000000060
19797  32.792  -68.432  7.635 0.4000000060
15120  31.342  -72.728  5.837 0.3000000119
15995  31.473  -72.166  6.117 0.3000000119
16835  32.044  -71.266  7.081 0.4000000060
12655  29.224  -76.108  2.882 0.2000000030
13480  30.133  -75.085  2.700 0.2000000030
14308  30.287  -74.363  4.255 0.2000000030
15141  31.281  -73.343  5.377 0.2000000030
12656  28.472  -76.915  2.701 0.2000000030
9649  27.363  -80.473  -1.378 0.1000000015
10370  27.387  -79.747  -0.789 0.1000000015
23172  34.994  -65.452  11.720 0.3000000119
25204  36.025  -63.703  10.418 0.4000000060
24215  35.635  -64.703  10.527 0.3000000119
26170  35.397  -62.548  9.254 0.4000000060
25226  35.357  -64.071  8.310 0.4000000060
25215  35.442  -63.385  8.799 0.4000000060
23214  33.355  -65.580  7.861 0.4000000060
25227  34.441  -63.975  8.238 0.4000000060
22117  32.954  -66.319  7.703 0.3000000119
17754  31.410  -70.725  4.293 0.3000000119
17745  31.620  -70.079  4.934 0.3000000119
18734  31.801  -69.262  6.178 0.3000000119
19817  31.953  -68.701  6.470 0.3000000119
20977  32.374  -67.529  7.150 0.3000000119
14336  31.315  -74.441  1.774 0.2000000030
14329  31.116  -74.158  2.221 0.2000000030
16032  31.174  -72.460  3.087 0.3000000119
16026  30.996  -72.514  4.238 0.2000000030
17727  31.425  -71.213  5.956 0.3000000119
17726  31.640  -70.358  6.224 0.3000000119
13490  30.381  -75.326  2.009 0.2000000030
15162  30.697  -73.580  4.258 0.2000000030
12668  29.862  -75.843  1.944 0.2000000030
22079  34.993  -65.881  11.913 0.3000000119
23155  36.637  -65.375  12.352 0.3000000119
23157  35.226  -65.009  11.768 0.3000000119
24186  35.667  -64.321  11.739 0.4000000060
23173  34.996  -65.166  11.354 0.3000000119
26151  35.818  -62.748  10.605 0.3000000119
27128  35.404  -61.662  9.679 0.4000000060
27107  35.585  -61.672  10.390 0.4000000060
26161  35.689  -62.663  9.679 0.4000000060
27129  35.205  -61.767  9.274 0.4000000060
26171  35.013  -62.415  8.867 0.4000000060
26173  33.295  -62.732  8.903 0.3000000119
24234  33.485  -63.951  8.349 0.4000000060
25216  34.729  -63.221  8.541 0.4000000060
22173  32.471  -66.822  4.862 0.3000000119
22159  32.220  -66.711  5.653 0.2000000030
23250  32.103  -65.618  5.845 0.2000000030
24263  32.242  -64.607  7.309 0.2000000030
23215  32.619  -65.534  7.517 0.3000000119
24248  32.843  -64.582  8.033 0.3000000119
18768  32.350  -69.463  3.618 0.3000000119
21014  32.280  -67.627  5.345 0.3000000119
20995  32.032  -67.744  6.333 0.2000000030
22139  32.113  -66.619  6.582 0.2000000030
22118  32.470  -66.490  7.291 0.2000000030
15203  32.169  -73.267  0.918 0.2000000030
16900  31.932  -71.238  2.052 0.3000000119
16882  31.718  -70.904  2.712 0.3000000119
17768  31.563  -70.547  3.574 0.3000000119
22065  36.881  -66.474  12.342 0.3000000119
22066  35.618  -66.240  12.290 0.3000000119
28127  34.947  -61.495  9.530 0.3000000119
26200  32.314  -62.792  6.336 0.2000000030
27146  32.618  -61.785  7.610 0.2000000030
26163  32.922  -62.163  9.254 0.2000000030
26162  33.496  -62.163  9.365 0.2000000030
25251  32.531  -63.161  4.884 0.2000000030
24273  32.075  -64.552  6.262 0.2000000030
25234  32.145  -63.628  6.836 0.2000000030
26174  32.660  -62.544  8.432 0.2000000030
10325  27.751  -78.941  2.513 0.1000000015
11878  28.369  -77.490  3.297 0.1000000015
16925  32.697  -71.704  1.282 0.3000000119
13507  30.971  -75.421  1.351 0.2000000030
18697  44.970  -69.508  9.079 0.3000000119
16822  44.448  -70.556  8.119 0.3000000119
15131  43.062  -73.434  6.048 0.2000000030
15954  43.351  -72.103  11.702 0.2000000030
17688  45.085  -69.888  10.729 0.2000000030
12629  37.791  -76.333  3.424 0.1000000015
20923  37.263  -67.283  12.795 0.3000000119
12652  36.405  -77.214  3.153 0.1000000015
23183  35.889  -65.231  10.161 0.3000000119
14301  37.383  -74.876  4.708 0.3000000119
17742  38.215  -70.153  5.868 0.2000000030
15134  37.809  -73.858  5.666 0.2000000030
11071  35.627  -79.039  2.181 0.1000000015
15972  42.972  -72.544  8.981 0.2000000030
15978  43.554  -72.189  8.251 0.3000000119
15103  42.266  -72.900  8.335 0.1000000015
15110  42.901  -73.451  7.805 0.2000000030
11873  33.326  -77.992  4.157 0.1000000015
15963  43.001  -72.018  10.935 0.2000000030
10350  34.790  -80.063  1.249 0.1000000015
10339  34.000  -80.604  2.511 0.1000000015
11058  35.445  -78.623  2.639 0.1000000015
12631  35.783  -76.693  3.793 0.1000000015
11872  34.403  -78.028  4.140 0.1000000015
12609  34.217  -76.410  4.696 0.1000000015
15159  35.091  -74.209  5.774 0.1000000015
13448  36.804  -75.397  4.427 0.2000000030
16843  37.681  -71.316  6.407 0.3000000119
15158  36.114  -74.237  5.651 0.2000000030
16009  37.148  -72.891  6.233 0.3000000119
18731  36.257  -69.759  6.095 0.4000000060
21012  36.660  -67.548  6.059 0.4000000060
16010  36.108  -72.726  6.061 0.3000000119
15990  36.547  -72.182  6.616 0.3000000119
15991  35.590  -72.213  6.703 0.3000000119
25224  37.111  -64.584  8.381 0.4000000060
23234  36.086  -66.090  7.304 0.4000000060
12612  30.619  -76.059  4.950 0.2000000030
14307  30.923  -74.339  4.950 0.2000000030
25213  36.979  -64.472  8.782 0.4000000060
14323  30.274  -74.377  3.457 0.2000000030
25209  36.406  -63.973  9.482 0.4000000060
16875  31.123  -71.558  4.697 0.3000000119
15175  30.635  -73.726  3.292 0.2000000030
25194  35.887  -63.568  11.231 0.4000000060
18756  32.040  -69.255  4.390 0.3000000119
15186  31.532  -73.366  1.737 0.2000000030
16041  31.396  -72.569  2.500 0.2000000030
25177  36.323  -63.394  12.060 0.4000000060
26172  34.153  -62.480  9.006 0.4000000060
23274  32.736  -65.729  4.104 0.2000000030
23259  32.448  -65.832  4.787 0.2000000030
23236  32.143  -65.584  6.874 0.2000000030
26138  36.128  -62.525  11.726 0.3000000119
24185  36.450  -64.303  12.325 0.2000000030
26120  36.656  -62.464  12.547 0.3000000119
14266  42.168  -74.527  7.140 0.1000000015
12577  41.274  -75.333  6.850 0.1000000015
12587  41.290  -75.262  6.300 0.1000000015
15944  43.332  -72.261  12.488 0.1000000015
13430  42.285  -74.603  6.303 0.1000000015
11841  39.921  -77.017  5.623 0.1000000015
13431  41.800  -74.835  5.932 0.1000000015
12596  40.797  -75.795  5.855 0.1000000015
20904  39.001  -67.778  13.791 0.1000000015
20920  40.375  -67.251  13.231 0.1000000015
20921  39.634  -67.382  12.904 0.1000000015
22064  38.031  -66.646  12.321 0.1000000015
22063  39.239  -66.541  12.151 0.1000000015
23154  37.878  -65.652  12.317 0.1000000015
23153  38.534  -66.129  12.066 0.1000000015
23170  39.048  -65.474  11.950 0.1000000015
24184  37.657  -64.361  12.541 0.1000000015
25176  37.087  -63.342  12.671 0.2000000030
24203  38.375  -64.391  12.455 0.1000000015
25192  39.343  -63.705  12.239 0.2000000030
27094  35.952  -61.620  11.434 0.2000000030
25174  39.055  -63.157  12.996 0.2000000030
26119  37.527  -62.388  13.046 0.2000000030
27063  39.574  -62.296  12.926 0.2000000030
26118  38.536  -62.398  13.339 0.2000000030
27083  36.452  -61.666  12.259 0.2000000030
28103  35.313  -61.145  10.263 0.2000000030
28125  35.311  -61.273  9.907 0.2000000030
29125  34.228  -60.556  10.561 0.1000000015
26137  39.656  -62.783  12.418 0.2000000030
28074  36.451  -60.735  12.377 0.2000000030
28089  35.564  -60.748  11.245 0.2000000030
29109  35.097  -59.745  11.390 0.1000000015
28104  34.948  -60.958  10.342 0.1000000015
20922  38.481  -67.362  12.818 0.1000000015
22027  40.092  -67.009  14.725 0.1000000015
20903  39.977  -67.592  13.723 0.1000000015
22026  40.782  -66.607  14.365 0.1000000015
22062  40.479  -66.560  12.573 0.1000000015
22077  40.054  -66.135  11.963 0.1000000015
25175  38.052  -63.270  13.059 0.2000000030
27065  38.036  -61.450  13.026 0.2000000030
17785  33.522  -70.491  1.951 0.2000000030
17767  32.087  -70.277  2.902 0.2000000030
17766  33.234  -69.982  2.456 0.2000000030
16898  33.759  -70.960  1.723 0.2000000030
18765  34.518  -69.188  1.864 0.2000000030
19856  32.692  -68.372  3.665 0.2000000030
18766  33.866  -69.262  2.462 0.2000000030
19855  33.644  -68.452  2.832 0.2000000030
18782  35.021  -69.459  1.642 0.2000000030
21023  32.500  -67.488  4.387 0.2000000030
21032  34.168  -67.731  2.365 0.1000000015
19872  34.797  -67.932  1.932 0.2000000030
21033  33.327  -67.344  2.853 0.2000000030
22184  32.994  -66.521  3.228 0.2000000030
22197  35.658  -66.500  1.852 0.1000000015
22198  34.651  -66.229  2.290 0.1000000015
23286  34.414  -65.284  2.694 0.1000000015
23299  37.097  -65.794  1.827 0.1000000015
22217  37.734  -66.429  1.707 0.1000000015
25191  40.173  -63.602  11.856 0.1000000015
23273  33.137  -65.530  3.451 0.1000000015
24321  35.194  -64.337  2.818 0.1000000015
23287  33.716  -65.420  2.910 0.1000000015
23284  36.300  -65.794  1.940 0.1000000015
23285  35.437  -65.464  2.310 0.1000000015
24337  38.113  -64.775  1.737 0.1000000015
24319  37.529  -64.185  2.004 0.1000000015
25280  39.878  -63.697  2.674 0.1000000015
26136  40.508  -62.664  12.018 0.1000000015
25189  42.065  -63.573  12.076 0.1000000015
25242  32.197  -63.480  5.731 0.1000000015
24281  32.890  -64.063  4.391 0.1000000015
24322  34.469  -64.630  2.927 0.1000000015
25265  34.182  -63.345  3.632 0.1000000015
24320  36.392  -64.627  2.172 0.1000000015
25281  39.074  -63.562  2.564 0.1000000015
25282  38.048  -63.404  2.582 0.1000000015
26135  41.619  -62.581  11.893 0.1000000015
27081  38.784  -61.316  13.349 0.1000000015
27187  33.777  -61.681  4.613 0.1000000015
27177  32.885  -61.786  5.559 0.1000000015
27185  35.191  -61.402  4.117 0.1000000015
26219  34.676  -61.860  4.159 0.1000000015
25266  33.537  -63.212  4.172 0.1000000015
26221  33.215  -62.523  4.602 0.1000000015
27203  35.728  -61.858  3.594 0.1000000015
26239  34.857  -62.426  3.708 0.1000000015
27201  37.515  -61.688  3.544 0.1000000015
27202  36.570  -61.786  3.497 0.1000000015
25284  35.967  -63.591  2.870 0.1000000015
25263  35.723  -63.307  3.064 0.1000000015
28205  38.572  -60.493  3.872 0.1000000015
26237  37.019  -62.478  3.196 0.1000000015
26236  38.054  -62.496  3.189 0.1000000015
27079  40.768  -61.882  12.520 0.1000000015
27080  39.784  -61.971  12.947 0.1000000015
27162  32.690  -61.764  6.467 0.1000000015
28192  37.387  -60.159  4.154 0.1000000015
28207  37.012  -60.949  3.848 0.1000000015
28191  37.998  -60.172  4.197 0.1000000015
28162  32.841  -61.213  7.122 0.1000000015
19871  35.314  -68.660  1.725 0.1000000015
22219  36.014  -67.121  1.562 0.1000000015
26257  37.343  -63.027  2.900 0.1000000015
26235  39.132  -62.288  3.338 0.1000000015
28180  33.636  -60.833  5.611 0.1000000015
11146  33.767  -78.882  -3.344 0.1000000015
11126  34.519  -78.240  -2.624 0.1000000015
10391  34.006  -79.662  -3.615 0.1000000015
10409  31.844  -79.622  -4.574 0.1000000015
8999  31.950  -80.975  -5.352 0.1000000015
9020  30.574  -81.342  -5.824 0.1000000015
8301  30.591  -81.791  -7.170 0.1000000015
11127  33.355  -78.171  -2.811 0.1000000015
9690  33.428  -80.242  -4.346 0.1000000015
9692  31.370  -80.281  -4.899 0.1000000015
11944  35.465  -77.414  -1.764 0.1000000015
11945  34.563  -77.325  -1.853 0.1000000015
11946  33.509  -76.895  -1.648 0.1000000015
11128  32.387  -78.087  -2.811 0.1000000015
10394  31.251  -78.977  -4.113 0.1000000015
11125  35.483  -78.921  -3.037 0.1000000015
12721  33.852  -76.412  -1.178 0.1000000015
11930  32.859  -76.795  -1.272 0.1000000015
11943  36.294  -77.585  -1.756 0.1000000015
13523  36.978  -76.005  -1.089 0.1000000015
14360  37.837  -75.002  -0.688 0.1000000015
12702  37.657  -76.879  -1.096 0.1000000015
12717  36.782  -76.957  -1.313 0.1000000015
14359  38.727  -75.429  -0.317 0.1000000015
11962  33.781  -77.580  -2.317 0.1000000015
7602  30.435  -82.018  -7.956 0.1000000015
5244  27.681  -86.213  22.506 0.1000000015
5257  27.866  -85.896  22.226 0.1000000015
5835  27.094  -85.697  22.692 0.1000000015
5847  28.062  -85.737  22.181 0.1000000015
6483  31.232  -84.226  21.759 0.1000000015
7180  27.993  -82.643  23.194 0.1000000015
7213  31.845  -83.435  21.700 0.1000000015
7223  34.226  -83.047  21.554 0.1000000015
7227  31.278  -82.936  21.233 0.1000000015
7500  35.517  -82.740  -0.897 0.1000000015
7502  34.534  -83.251  -1.542 0.1000000015
7590  31.169  -82.104  -7.251 0.1000000015
7591  30.931  -82.003  -7.266 0.1000000015
7937  31.570  -82.062  21.435 0.1000000015
7938  31.016  -82.392  21.579 0.1000000015
8202  35.804  -81.955  1.019 0.1000000015
8213  35.763  -82.038  -0.588 0.2000000030
8227  35.606  -82.459  -0.592 0.2000000030
8233  30.623  -82.931  -0.684 0.1000000015
8300  31.152  -82.113  -6.778 0.1000000015
8313  29.871  -81.752  -7.736 0.1000000015
8613  30.454  -81.375  22.851 0.1000000015
8614  29.868  -81.341  23.341 0.1000000015
8637  32.243  -81.223  21.395 0.1000000015
8638  31.700  -81.479  21.621 0.1000000015
8733  36.272  -79.821  13.157 0.1000000015
8734  35.863  -80.181  12.942 0.1000000015
8901  31.715  -81.923  1.993 0.1000000015
8928  35.953  -81.584  -0.166 0.2000000030
8936  28.481  -81.924  0.695 0.1000000015
8946  35.125  -81.877  -0.950 0.2000000030
9019  31.555  -81.649  -5.648 0.1000000015
9059  30.063  -81.554  -7.223 0.1000000015
9355  31.310  -80.594  22.383 0.1000000015
9356  30.780  -80.650  22.764 0.1000000015
9369  31.809  -80.634  22.054 0.1000000015
9452  36.222  -79.265  13.936 0.1000000015
9468  36.749  -79.444  13.300 0.1000000015
9469  35.440  -80.307  13.021 0.1000000015
9597  29.828  -80.189  2.635 0.1000000015
9609  35.646  -79.758  1.305 0.1000000015
9611  33.951  -81.180  1.936 0.1000000015
9638  35.714  -80.932  0.025 0.3000000119
9640  34.038  -80.811  -0.010 0.1000000015
9641  33.487  -81.306  0.305 0.2000000030
9673  33.733  -79.938  -3.913 0.1000000015
9691  32.406  -80.306  -4.837 0.1000000015
10084  30.768  -79.299  23.304 0.1000000015
10085  30.310  -79.712  23.495 0.1000000015
10097  31.102  -79.765  22.919 0.1000000015
10108  32.097  -79.856  22.108 0.1000000015
10115  35.873  -79.336  20.735 0.1000000015
10140  37.741  -77.406  16.449 0.1000000015
10201  34.869  -80.056  13.025 0.1000000015
10303  37.940  -79.402  3.604 0.2000000030
10305  33.196  -79.624  4.014 0.1000000015
10318  34.497  -79.789  2.822 0.1000000015
10324  28.345  -79.172  2.815 0.1000000015
10334  37.066  -79.799  2.383 0.2000000030
10337  35.185  -79.562  1.810 0.1000000015
10341  28.068  -79.550  2.259 0.2000000030
10351  27.100  -79.147  0.846 0.2000000030
10392  33.280  -79.500  -3.960 0.1000000015
10393  32.356  -79.006  -4.162 0.1000000015
10407  33.177  -79.852  -4.223 0.1000000015
10408  32.780  -79.746  -4.391 0.1000000015
10817  28.482  -78.673  22.977 0.1000000015
10828  30.471  -78.095  23.294 0.1000000015
10841  35.145  -78.073  21.339 0.1000000015
10858  32.576  -78.241  21.673 0.1000000015
10874  38.546  -77.247  17.345 0.1000000015
10876  38.205  -77.082  18.167 0.1000000015
10885  38.231  -77.363  16.941 0.1000000015
10900  37.146  -77.603  16.770 0.1000000015
10927  35.719  -78.677  14.448 0.1000000015
11043  33.948  -78.992  4.147 0.1000000015
11044  32.747  -78.765  4.198 0.1000000015
11047  29.472  -78.216  3.755 0.1000000015
11048  28.688  -78.055  3.580 0.1000000015
11054  38.731  -78.489  3.035 0.2000000030
11059  34.695  -79.113  3.254 0.1000000015
11063  27.983  -78.382  3.083 0.1000000015
11064  27.620  -78.368  2.272 0.2000000030
11072  35.135  -79.171  2.462 0.1000000015
11074  27.431  -78.236  1.745 0.2000000030
11082  27.691  -77.681  0.404 0.1000000015
11083  27.244  -78.073  0.967 0.3000000119
11106  35.577  -78.027  -2.305 0.1000000015
11107  35.014  -77.827  -2.030 0.1000000015
11129  31.437  -77.880  -2.707 0.1000000015
11144  34.979  -79.536  -3.316 0.1000000015
11145  34.598  -79.180  -3.363 0.1000000015
11147  32.832  -78.635  -3.470 0.1000000015
11611  29.297  -77.956  23.441 0.1000000015
11612  28.683  -78.037  23.125 0.1000000015
11613  28.474  -78.217  22.806 0.1000000015
11629  34.645  -76.918  21.771 0.1000000015
11644  35.589  -77.874  21.607 0.1000000015
11650  28.688  -77.204  21.972 0.1000000015
11661  39.276  -76.224  18.587 0.1000000015
11664  38.543  -76.047  19.255 0.1000000015
11673  39.319  -76.032  18.401 0.1000000015
11704  38.887  -75.957  17.081 0.1000000015
11705  38.419  -76.484  16.324 0.1000000015
11706  36.617  -76.969  16.784 0.1000000015
11852  40.046  -76.976  4.717 0.2000000030
11856  29.939  -76.705  4.549 0.2000000030
11890  36.861  -77.814  2.727 0.2000000030
11891  35.983  -77.979  2.889 0.1000000015
11893  34.951  -78.381  3.732 0.1000000015
11894  27.892  -77.632  2.402 0.2000000030
11905  28.076  -77.285  1.648 0.3000000119
11906  27.601  -77.778  1.683 0.2000000030
11915  29.916  -77.022  0.452 0.2000000030
11918  27.645  -77.553  1.289 0.3000000119
11933  30.168  -77.199  -0.483 0.2000000030
11947  32.487  -77.126  -1.737 0.1000000015
11963  32.909  -77.495  -2.361 0.1000000015
12405  34.759  -76.720  21.881 0.1000000015
12406  30.948  -76.839  22.690 0.1000000015
12407  30.220  -76.915  22.816 0.1000000015
12408  29.667  -77.044  22.843 0.1000000015
12423  28.924  -76.719  22.000 0.1000000015
12430  40.436  -75.295  19.383 0.1000000015
12433  34.128  -76.911  21.382 0.1000000015
12446  40.225  -75.243  18.806 0.1000000015
12468  40.036  -74.847  17.979 0.1000000015
12547  31.666  -75.758  10.835 0.1000000015
12559  32.538  -77.171  9.770 0.1000000015
12560  32.035  -76.692  10.007 0.1000000015
12595  41.190  -75.197  5.928 0.1000000015
12607  35.686  -76.136  4.127 0.1000000015
12613  29.976  -75.966  4.529 0.2000000030
12625  40.463  -75.840  4.482 0.3000000119
12628  38.263  -76.235  3.245 0.2000000030
12632  34.824  -77.115  4.328 0.1000000015
12648  39.704  -76.586  3.337 0.2000000030
12654  29.726  -75.666  2.620 0.2000000030
12667  30.562  -75.481  1.576 0.2000000030
12669  28.837  -76.695  1.868 0.3000000119
12670  28.309  -77.144  2.160 0.2000000030
12683  32.607  -75.866  -0.026 0.1000000015
12687  28.947  -76.850  1.240 0.3000000119
12703  34.897  -76.119  -1.145 0.2000000030
12707  31.333  -76.519  0.116 0.2000000030
12718  36.065  -76.901  -1.458 0.1000000015
12719  35.280  -76.644  -1.427 0.1000000015
13223  35.549  -74.880  22.963 0.1000000015
13253  40.488  -74.479  20.687 0.1000000015
13256  34.951  -75.794  22.093 0.1000000015
13283  40.623  -74.206  18.986 0.1000000015
13285  39.382  -75.523  19.805 0.1000000015
13310  39.539  -74.895  16.087 0.1000000015
13343  29.044  -74.597  14.357 0.1000000015
13378  29.620  -74.973  12.373 0.1000000015
13390  30.130  -75.592  11.077 0.1000000015
13418  42.341  -74.599  6.519 0.1000000015
13419  41.961  -74.829  6.618 0.1000000015
13432  41.042  -75.181  5.585 0.2000000030
13433  32.449  -74.917  5.721 0.2000000030
13434  32.069  -74.882  5.678 0.2000000030
13445  41.543  -74.700  5.490 0.3000000119
13447  37.284  -75.307  4.368 0.2000000030
13450  34.861  -75.613  4.964 0.1000000015
13455  29.818  -75.587  4.141 0.2000000030
13462  40.425  -75.292  4.294 0.4000000060
13463  40.033  -75.446  3.695 0.2000000030
13467  36.398  -75.896  3.901 0.2000000030
13468  35.888  -76.022  3.957 0.1000000015
13469  30.020  -75.010  3.803 0.2000000030
13477  38.748  -76.065  3.004 0.3000000119
13478  38.466  -76.165  3.124 0.2000000030
13479  30.676  -74.589  2.355 0.2000000030
13481  29.681  -75.608  2.919 0.2000000030
13488  31.550  -74.620  1.472 0.2000000030
13489  30.918  -74.906  1.811 0.2000000030
13506  31.593  -75.242  1.108 0.3000000119
13522  38.121  -76.085  -0.698 0.1000000015
13527  33.228  -75.532  -0.024 0.3000000119
13532  36.476  -76.536  -1.255 0.1000000015
13533  36.051  -76.276  -1.191 0.1000000015
13534  35.462  -76.014  -1.078 0.2000000030
14052  36.592  -73.704  24.471 0.1000000015
14073  35.432  -74.381  23.226 0.1000000015
14092  34.876  -74.429  22.679 0.1000000015
14125  39.352  -74.415  20.885 0.1000000015
14127  38.253  -73.667  20.258 0.1000000015
14128  37.674  -73.274  20.125 0.1000000015
14132  41.520  -72.761  19.299 0.1000000015
14133  40.771  -73.421  18.831 0.1000000015
14136  32.911  -74.066  20.339 0.1000000015
14147  36.840  -73.681  18.809 0.1000000015
14170  41.364  -73.602  16.549 0.1000000015
14192  31.253  -73.719  14.912 0.1000000015
14204  30.671  -73.791  14.326 0.1000000015
14214  30.125  -74.069  13.762 0.1000000015
14215  29.573  -74.214  14.056 0.1000000015
14243  39.586  -73.294  10.917 0.1000000015
14251  42.215  -73.642  7.841 0.2000000030
14256  42.610  -74.076  7.399 0.2000000030
14265  42.647  -74.363  6.617 0.1000000015
14277  42.446  -74.322  5.962 0.1000000015
14278  42.046  -74.430  5.603 0.1000000015
14279  39.102  -74.105  5.477 0.4000000060
14282  32.538  -74.510  5.934 0.2000000030
14302  36.512  -74.963  5.109 0.2000000030
14305  33.333  -74.614  5.708 0.1000000015
14306  32.716  -74.881  5.762 0.1000000015
14321  37.962  -75.157  4.212 0.1000000015
14322  37.522  -75.252  4.313 0.1000000015
14328  31.383  -73.724  2.036 0.2000000030
14330  30.601  -74.283  2.779 0.2000000030
14335  31.565  -74.014  1.560 0.2000000030
14343  38.627  -74.627  -0.300 0.1000000015
14345  32.969  -74.309  0.557 0.3000000119
14362  35.710  -74.711  -0.690 0.2000000030
14363  34.841  -74.641  -0.335 0.2000000030
14364  34.192  -74.579  0.087 0.3000000119
14912  38.630  -72.951  25.136 0.1000000015
14913  38.395  -73.059  25.299 0.1000000015
14940  39.515  -72.850  23.768 0.1000000015
14942  36.229  -73.294  24.103 0.1000000015
14944  35.171  -73.865  23.173 0.1000000015
14953  39.553  -72.765  22.987 0.1000000015
14956  34.989  -73.549  22.708 0.1000000015
14964  42.229  -72.627  21.059 0.1000000015
14979  38.416  -73.346  20.846 0.1000000015
15009  35.467  -72.725  18.376 0.1000000015
15024  36.427  -73.473  18.409 0.1000000015
15025  35.944  -73.228  18.158 0.1000000015
15047  29.473  -73.441  15.588 0.1000000015
15058  30.133  -73.262  15.228 0.1000000015
15065  30.083  -73.511  14.694 0.1000000015
15066  29.574  -73.682  14.638 0.1000000015
15095  40.897  -72.418  10.752 0.1000000015
15099  42.028  -72.149  9.260 0.2000000030
15109  43.396  -72.919  7.543 0.2000000030
15130  43.578  -72.730  6.251 0.5000000000
15133  39.111  -73.615  5.771 0.4000000060
15136  35.619  -73.436  5.766 0.2000000030
15139  33.080  -73.946  6.130 0.2000000030
15151  42.357  -73.501  5.529 0.4000000060
15153  41.126  -73.592  4.817 0.3000000119
15155  39.790  -73.678  5.388 0.4000000060
15156  37.593  -74.277  5.003 0.3000000119
15160  34.160  -74.061  5.639 0.1000000015
15161  33.635  -74.059  5.862 0.1000000015
15163  30.326  -73.934  3.847 0.2000000030
15174  30.932  -73.102  3.488 0.2000000030
15187  31.177  -73.270  2.536 0.2000000030
15188  30.866  -73.849  2.694 0.2000000030
15202  32.772  -73.069  0.696 0.2000000030
15211  33.941  -73.373  0.371 0.3000000119
15213  32.599  -73.860  0.712 0.3000000119
15221  37.312  -74.018  -0.682 0.2000000030
15790  38.458  -72.904  25.231 0.1000000015
15791  38.218  -72.877  25.180 0.1000000015
15803  38.432  -72.794  25.006 0.1000000015
15804  37.977  -72.667  24.846 0.1000000015
15805  37.377  -72.710  24.668 0.1000000015
15815  38.362  -72.578  24.424 0.1000000015
15817  36.742  -72.504  23.988 0.1000000015
15828  38.224  -72.433  23.481 0.1000000015
15829  37.379  -72.272  23.172 0.1000000015
15832  35.230  -72.947  22.368 0.1000000015
15856  36.033  -72.606  21.095 0.1000000015
15872  43.077  -72.841  19.958 0.1000000015
15874  35.571  -72.528  19.562 0.1000000015
15888  35.972  -72.778  18.703 0.1000000015
15889  35.631  -72.614  18.793 0.1000000015
15893  31.371  -72.535  18.139 0.1000000015
15903  34.120  -72.514  18.676 0.1000000015
15904  31.749  -72.485  17.898 0.1000000015
15905  31.543  -72.487  17.968 0.1000000015
15916  42.971  -72.012  15.234 0.2000000030
15933  44.084  -72.073  13.671 0.2000000030
15943  44.064  -72.090  12.945 0.3000000119
15962  43.862  -71.863  11.195 0.2000000030
15981  32.608  -71.821  7.314 0.4000000060
15988  38.059  -71.827  6.445 0.3000000119
15989  37.465  -72.072  6.559 0.3000000119
15993  33.321  -72.360  7.101 0.4000000060
15994  32.100  -72.247  6.868 0.4000000060
16002  44.056  -72.299  6.480 0.2000000030
16014  31.163  -72.337  5.350 0.3000000119
16023  42.311  -72.965  5.530 0.3000000119
16040  31.664  -72.478  1.804 0.2000000030
16055  33.927  -72.327  0.646 0.3000000119
16057  32.222  -72.328  1.081 0.3000000119
16067  40.341  -72.266  1.009 0.1000000015
16069  38.647  -72.807  0.135 0.2000000030
16070  37.475  -72.399  -0.136 0.2000000030
16074  33.716  -72.864  0.511 0.3000000119
16083  35.923  -73.115  -0.389 0.2000000030
16084  35.150  -73.171  -0.131 0.3000000119
16630  37.786  -72.463  28.562 0.1000000015
16681  31.979  -71.797  26.007 0.1000000015
16692  33.377  -71.292  25.393 0.1000000015
16751  44.650  -70.919  20.072 0.1000000015
16761  44.592  -71.050  19.323 0.1000000015
16781  44.662  -71.132  14.704 0.2000000030
16782  44.250  -71.526  15.171 0.2000000030
16788  44.720  -71.103  13.974 0.2000000030
16798  44.919  -71.041  13.134 0.3000000119
16804  44.871  -70.813  12.212 0.4000000060
16819  43.985  -71.128  9.757 0.2000000030
16823  43.972  -71.265  8.722 0.3000000119
16832  44.145  -71.445  7.726 0.3000000119
16833  33.391  -71.018  7.659 0.4000000060
16834  32.748  -71.193  7.571 0.4000000060
16841  44.634  -71.098  6.630 0.4000000060
16842  44.386  -71.612  6.917 0.4000000060
16846  34.975  -71.440  6.880 0.3000000119
16848  33.303  -71.589  7.498 0.4000000060
16849  31.637  -71.495  6.440 0.3000000119
16850  31.443  -71.638  6.052 0.3000000119
16858  44.287  -71.487  6.249 0.4000000060
16859  43.789  -71.546  5.699 0.5000000000
16860  42.912  -71.718  5.602 0.4000000060
16865  31.280  -71.641  5.606 0.3000000119
16874  42.799  -72.395  5.588 0.3000000119
16883  31.384  -71.332  3.312 0.3000000119
16899  33.093  -71.018  1.643 0.2000000030
16901  31.495  -72.016  2.541 0.2000000030
16919  40.458  -71.340  1.252 0.1000000015
16920  39.377  -71.094  1.200 0.1000000015
16922  35.908  -71.049  0.909 0.3000000119
16924  34.039  -71.572  1.214 0.3000000119
16926  32.012  -71.871  1.429 0.3000000119
16945  39.793  -71.800  0.918 0.1000000015
16950  34.943  -72.031  0.718 0.3000000119
17470  39.642  -71.265  28.127 0.1000000015
17527  37.917  -70.207  25.403 0.1000000015
17553  44.342  -70.273  21.916 0.1000000015
17554  43.979  -70.090  22.308 0.1000000015
17620  38.487  -70.298  15.887 0.5000000000
17630  44.836  -70.887  14.871 0.2000000030
17634  38.768  -70.578  15.384 0.5000000000
17646  44.781  -70.354  15.011 0.2000000030
17651  36.614  -70.744  14.395 0.5000000000
17653  34.793  -70.012  14.360 0.6000000238
17662  40.016  -70.040  13.090 0.6000000238
17668  34.530  -69.860  13.983 0.5000000000
17675  37.980  -70.474  12.595 0.5000000000
17677  35.745  -70.094  12.838 0.5000000000
17678  35.128  -70.050  12.931 0.5000000000
17682  39.770  -70.605  11.763 0.5000000000
17685  37.117  -70.072  11.963 0.5000000000
17689  39.914  -70.653  10.825 0.5000000000
17690  39.202  -70.446  10.963 0.5000000000
17691  38.786  -70.298  11.043 0.5000000000
17696  45.140  -70.022  8.631 0.3000000119
17706  33.838  -70.436  7.575 0.4000000060
17717  43.386  -70.261  6.504 0.4000000060
17718  42.300  -69.766  6.504 0.4000000060
17720  40.805  -69.375  6.165 0.4000000060
17721  37.817  -70.692  6.133 0.2000000030
17722  37.126  -70.699  6.204 0.3000000119
17723  36.229  -70.528  6.348 0.3000000119
17725  34.528  -70.712  7.176 0.5000000000
17735  44.567  -70.963  6.396 0.4000000060
17739  41.692  -70.472  6.177 0.4000000060
17744  36.728  -70.133  5.957 0.4000000060
17746  31.331  -70.913  5.308 0.3000000119
17753  31.744  -69.998  3.919 0.3000000119
17764  34.569  -69.834  1.705 0.2000000030
17765  33.966  -69.857  1.962 0.2000000030
17783  35.109  -70.140  1.525 0.2000000030
17784  34.285  -70.555  1.701 0.2000000030
17786  32.759  -70.575  2.177 0.2000000030
17804  38.587  -70.165  1.460 0.1000000015
17807  35.565  -70.674  1.267 0.3000000119
17828  37.188  -70.893  0.722 0.2000000030
17829  36.462  -71.125  0.682 0.3000000119
18452  37.227  -70.187  25.340 0.1000000015
18455  30.832  -70.428  26.180 0.1000000015
18512  39.355  -69.017  21.861 0.2000000030
18524  43.764  -69.523  21.600 0.1000000015
18546  39.552  -69.366  20.649 0.4000000060
18602  36.100  -69.131  16.034 0.5000000000
18618  38.135  -70.349  15.716 0.5000000000
18633  44.846  -70.231  14.106 0.3000000119
18640  34.837  -69.873  14.991 0.6000000238
18642  33.708  -68.984  14.070 0.5000000000
18656  39.955  -70.316  14.008 0.5000000000
18657  34.791  -69.973  13.035 0.5000000000
18659  33.558  -68.696  13.371 0.5000000000
18669  34.942  -69.718  12.345 0.5000000000
18670  33.753  -68.836  12.380 0.5000000000
18679  38.546  -70.227  11.090 0.5000000000
18681  37.030  -69.759  11.451 0.5000000000
18684  33.955  -68.483  11.724 0.5000000000
18689  40.624  -70.268  10.540 0.5000000000
18694  36.167  -68.560  10.715 0.4000000060
18698  40.431  -69.650  9.786 0.5000000000
18701  45.057  -69.534  8.048 0.4000000060
18711  45.160  -69.606  7.193 0.4000000060
18713  42.782  -69.087  7.081 0.4000000060
18714  42.434  -68.515  6.969 0.4000000060
18716  32.545  -69.418  7.451 0.4000000060
18717  31.995  -69.438  6.836 0.3000000119
18725  44.851  -69.647  6.707 0.4000000060
18726  44.074  -69.868  6.918 0.4000000060
18743  40.368  -69.024  6.059 0.4000000060
18747  36.775  -69.366  5.768 0.3000000119
18748  36.132  -69.135  6.157 0.4000000060
18749  31.849  -69.314  5.408 0.3000000119
18767  33.082  -69.365  3.117 0.2000000030
18781  35.640  -69.519  1.635 0.3000000119
18806  36.514  -69.638  1.614 0.3000000119
19513  30.136  -69.558  25.968 0.1000000015
19526  37.030  -69.063  24.629 0.1000000015
19551  30.282  -68.797  24.916 0.1000000015
19633  40.821  -69.709  19.707 0.3000000119
19649  40.805  -69.683  19.273 0.4000000060
19705  34.197  -68.401  15.310 0.5000000000
19718  33.782  -68.615  14.664 0.5000000000
19726  33.416  -67.936  13.324 0.5000000000
19732  44.015  -69.005  11.701 0.4000000060
19734  33.568  -67.973  11.808 0.5000000000
19735  33.366  -67.965  12.559 0.5000000000
19739  43.522  -69.162  11.526 0.4000000060
19740  35.570  -68.390  10.837 0.4000000060
19751  39.207  -69.072  10.066 0.4000000060
19753  37.563  -68.481  10.303 0.4000000060
19754  36.707  -68.245  10.334 0.4000000060
19756  35.050  -67.786  10.750 0.4000000060
19757  34.651  -67.992  11.011 0.4000000060
19763  44.551  -69.489  8.598 0.4000000060
19770  38.141  -68.282  10.153 0.4000000060
19777  43.853  -69.939  8.139 0.4000000060
19792  44.932  -69.160  7.432 0.4000000060
19798  32.235  -68.547  7.021 0.3000000119
19810  45.104  -69.211  6.951 0.4000000060
19811  44.674  -69.315  6.985 0.4000000060
19814  41.183  -68.315  6.309 0.4000000060
19815  35.749  -68.508  6.518 0.4000000060
19828  40.559  -68.280  6.112 0.4000000060
19831  38.054  -68.454  5.370 0.3000000119
19834  31.956  -68.508  5.783 0.3000000119
19842  32.252  -68.436  4.851 0.3000000119
19853  34.713  -68.785  1.834 0.2000000030
19854  34.392  -68.568  2.101 0.2000000030
19895  38.018  -68.300  1.751 0.2000000030
19897  35.961  -67.971  1.538 0.1000000015
20717  30.317  -68.723  24.621 0.1000000015
20737  29.414  -66.989  23.217 0.1000000015
20775  37.886  -67.485  19.953 0.4000000060
20781  30.823  -67.428  21.150 0.2000000030
20833  38.920  -68.053  17.681 0.5000000000
20870  33.959  -67.489  15.049 0.5000000000
20871  33.677  -67.764  14.592 0.5000000000
20883  40.267  -67.286  14.247 0.1000000015
20884  39.687  -67.493  14.381 0.1000000015
20890  33.788  -67.523  14.079 0.5000000000
20902  40.550  -67.240  13.815 0.1000000015
20909  33.699  -67.459  13.218 0.4000000060
20927  33.456  -67.585  12.865 0.5000000000
20944  34.520  -66.964  10.759 0.4000000060
20955  39.033  -67.342  9.607 0.5000000000
20957  37.111  -66.948  9.930 0.4000000060
20963  41.362  -66.685  8.687 0.5000000000
20975  33.805  -67.430  7.798 0.4000000060
20989  42.018  -67.212  7.008 0.4000000060
20990  41.566  -67.242  6.537 0.4000000060
21008  40.136  -67.567  5.898 0.5000000000
21009  39.370  -67.540  5.507 0.4000000060
21013  36.095  -67.868  6.454 0.4000000060
21034  32.763  -67.230  3.584 0.2000000030
21047  39.911  -66.778  1.864 0.1000000015
21049  35.483  -67.550  1.704 0.1000000015
21050  34.783  -67.137  2.044 0.1000000015
21051  34.070  -66.914  2.377 0.1000000015
21070  42.445  -67.563  1.774 0.1000000015
21071  41.502  -67.690  1.757 0.1000000015
21072  40.654  -67.764  1.833 0.1000000015
21073  39.832  -67.604  1.940 0.1000000015
21076  36.435  -67.527  1.562 0.1000000015
21077  35.964  -67.542  1.529 0.1000000015
21798  28.540  -67.480  27.046 0.1000000015
21852  29.250  -66.520  23.537 0.1000000015
21891  38.369  -66.225  21.499 0.1000000015
21914  30.988  -67.242  20.905 0.2000000030
21986  34.171  -65.734  16.067 0.3000000119
21987  34.103  -65.691  15.896 0.3000000119
22008  34.144  -65.899  16.013 0.3000000119
22009  34.249  -65.632  15.770 0.3000000119
22045  40.961  -66.845  13.439 0.1000000015
22068  34.197  -66.755  11.659 0.4000000060
22078  39.640  -65.946  11.860 0.1000000015
22080  34.559  -66.132  11.274 0.4000000060
22081  34.155  -66.681  11.360 0.4000000060
22086  36.712  -66.602  9.901 0.4000000060
22094  41.114  -66.405  8.796 0.5000000000
22099  36.642  -66.158  9.858 0.4000000060
22103  41.690  -66.285  7.897 0.4000000060
22105  40.929  -66.004  8.763 0.5000000000
22132  41.847  -66.534  7.199 0.4000000060
22135  40.075  -66.157  5.971 0.5000000000
22136  36.490  -66.701  6.667 0.4000000060
22137  35.827  -66.740  7.249 0.4000000060
22138  34.908  -66.679  7.443 0.4000000060
22155  39.837  -66.685  5.784 0.5000000000
22157  37.997  -66.869  5.840 0.5000000000
22158  37.151  -66.767  6.083 0.4000000060
22185  32.676  -66.444  4.035 0.2000000030
22192  41.491  -66.079  1.673 0.1000000015
22193  40.908  -66.267  1.766 0.1000000015
22194  39.960  -65.952  1.760 0.1000000015
22196  36.185  -66.292  1.822 0.1000000015
22199  33.658  -66.146  2.689 0.1000000015
22216  38.607  -66.052  1.647 0.1000000015
22218  36.601  -66.599  1.697 0.1000000015
22977  36.114  -64.886  21.655 0.1000000015
23008  41.963  -65.734  19.098 0.1000000015
23037  33.649  -65.355  18.850 0.2000000030
23083  34.620  -65.551  16.221 0.3000000119
23084  34.182  -65.585  16.180 0.2000000030
23108  34.357  -65.311  15.788 0.3000000119
23152  40.618  -65.875  12.115 0.1000000015
23156  35.564  -65.192  12.138 0.3000000119
23171  38.372  -64.869  12.302 0.1000000015
23184  35.151  -65.388  10.576 0.3000000119
23192  40.283  -65.720  8.720 0.5000000000
23202  41.452  -65.908  7.707 0.5000000000
23203  41.230  -65.519  8.004 0.5000000000
23205  39.984  -65.225  8.419 0.5000000000
23210  41.629  -66.157  7.441 0.5000000000
23212  40.954  -65.298  7.284 0.5000000000
23227  41.740  -66.295  7.250 0.4000000060
23228  41.556  -66.110  7.148 0.5000000000
23229  40.890  -65.627  6.886 0.5000000000
23246  39.763  -66.082  5.918 0.5000000000
23247  39.232  -66.095  5.940 0.5000000000
23272  33.859  -64.822  3.080 0.1000000015
23298  37.908  -65.567  1.706 0.1000000015
23996  31.878  -63.711  22.458 0.1000000015
24062  37.847  -65.061  20.248 0.1000000015
24074  38.533  -65.049  19.438 0.1000000015
24129  35.377  -64.635  15.705 0.2000000030
24131  34.367  -64.919  16.518 0.2000000030
24143  34.858  -64.905  15.495 0.2000000030
24144  34.566  -64.946  15.806 0.2000000030
24187  35.270  -64.738  11.529 0.4000000060
24204  35.647  -64.095  11.323 0.4000000060
24205  35.330  -64.480  11.120 0.3000000119
24220  39.530  -65.192  8.318 0.5000000000
24221  38.732  -65.189  8.500 0.5000000000
24229  40.967  -65.149  7.864 0.5000000000
24230  40.777  -64.988  8.016 0.5000000000
24235  33.221  -64.210  8.320 0.3000000119
24239  41.063  -65.307  7.740 0.5000000000
24240  40.899  -65.125  7.595 0.5000000000
24241  40.368  -64.907  7.590 0.5000000000
24247  33.807  -64.600  8.102 0.4000000060
24257  40.125  -64.915  6.965 0.5000000000
24258  39.114  -65.247  7.134 0.5000000000
24261  36.155  -65.438  7.529 0.4000000060
24262  35.432  -65.612  7.572 0.4000000060
24282  32.399  -64.386  4.843 0.2000000030
24295  41.408  -63.946  2.997 0.1000000015
24297  34.934  -63.979  3.027 0.1000000015
24298  34.424  -64.094  3.145 0.1000000015
24299  33.313  -64.220  3.884 0.1000000015
24300  32.786  -65.135  4.200 0.1000000015
24318  38.523  -64.073  2.028 0.1000000015
24338  37.271  -65.023  1.778 0.1000000015
24339  36.751  -65.305  1.895 0.1000000015
25050  33.675  -63.870  19.231 0.1000000015
25060  36.847  -63.400  18.866 0.1000000015
25064  33.711  -64.149  18.646 0.1000000015
25101  35.307  -63.538  17.008 0.1000000015
25103  34.405  -64.554  17.064 0.1000000015
25118  35.073  -64.157  16.415 0.1000000015
25120  34.472  -64.660  16.722 0.1000000015
25193  38.572  -63.890  12.631 0.2000000030
25195  35.627  -63.960  11.084 0.4000000060
25205  35.766  -64.104  10.747 0.3000000119
25217  33.828  -63.380  8.493 0.4000000060
25218  33.023  -63.607  8.453 0.3000000119
25228  33.848  -63.943  8.245 0.4000000060
25229  32.399  -63.640  7.850 0.2000000030
25250  32.978  -63.592  4.463 0.1000000015
25258  41.862  -63.513  3.080 0.1000000015
25262  38.797  -62.993  3.011 0.1000000015
25264  35.180  -63.504  3.092 0.1000000015
25279  41.755  -63.837  2.963 0.1000000015
25283  36.967  -63.624  2.528 0.1000000015
25285  35.460  -63.814  2.924 0.1000000015
26117  39.322  -62.494  13.049 0.2000000030
26164  32.707  -61.999  8.902 0.2000000030
26187  32.391  -62.687  7.288 0.2000000030
26209  32.893  -62.025  5.088 0.1000000015
26210  32.559  -62.483  5.390 0.1000000015
26220  34.148  -62.113  4.274 0.1000000015
26222  32.680  -62.672  4.889 0.1000000015
26238  35.984  -62.801  3.200 0.1000000015
26240  33.923  -62.744  4.117 0.1000000015
26241  33.565  -62.830  4.305 0.1000000015
26258  36.584  -63.117  2.956 0.1000000015
26259  36.191  -63.183  3.027 0.1000000015
27064  39.121  -61.914  13.373 0.2000000030
27066  37.022  -61.644  12.851 0.2000000030
27108  33.994  -61.859  9.604 0.2000000030
27110  32.831  -61.670  9.110 0.2000000030
27130  34.682  -61.820  9.358 0.3000000119
27161  33.198  -61.267  5.882 0.1000000015
27175  33.956  -60.943  4.887 0.1000000015
27176  33.303  -61.528  5.116 0.1000000015
27184  36.105  -61.059  3.839 0.1000000015
27186  34.430  -61.444  4.454 0.1000000015
27200  38.458  -61.543  3.610 0.1000000015
28059  36.733  -61.232  12.611 0.2000000030
28090  35.071  -60.560  10.821 0.1000000015
28105  34.259  -61.207  10.046 0.1000000015
28126  35.156  -61.391  9.743 0.2000000030
28148  32.822  -60.987  7.743 0.1000000015
28161  33.451  -60.409  6.703 0.1000000015
28179  34.206  -60.005  5.503 0.1000000015
28194  35.644  -60.471  4.323 0.1000000015
28206  37.862  -60.916  4.041 0.1000000015
29211  37.868  -59.222  4.507 0.1000000015
29228  38.252  -59.847  4.148 0.1000000015
