#!ascii label  , from subject 3113 vox2ras=TkReg
1008
74061  -28.272  -22.499  -14.589 0.4285714328
75024  -29.144  -21.358  -14.707 0.2857142985
75025  -29.871  -21.531  -13.901 0.4285714328
75003  -30.748  -20.844  -14.017 0.4285714328
76031  -29.805  -20.243  -15.206 0.2857142985
76009  -30.245  -20.283  -14.675 0.4285714328
75989  -31.349  -19.942  -14.037 0.4285714328
78104  -31.209  -18.828  -15.896 0.4285714328
78086  -31.618  -18.761  -15.340 0.4285714328
79126  -31.591  -17.715  -16.285 0.4285714328
79119  -32.922  -16.984  -15.297 0.4285714328
80935  -31.892  -15.500  -16.446 0.5714285970
80052  -32.441  -16.554  -16.238 0.5714285970
80045  -32.779  -16.456  -15.702 0.4285714328
80914  -33.477  -15.833  -15.144 0.2857142985
80937  -33.196  -15.018  -16.262 0.7142857313
80933  -33.231  -15.426  -15.648 0.7142857313
82770  -34.185  -13.778  -15.444 0.7142857313
82755  -34.211  -13.939  -14.619 0.4285714328
81847  -33.700  -14.492  -15.561 0.7142857313
81848  -33.962  -14.547  -15.039 0.5714285970
83671  -34.471  -12.313  -14.267 0.5714285970
82774  -34.222  -13.426  -16.003 0.5714285970
83692  -34.620  -12.280  -15.285 0.5714285970
83711  -34.307  -12.669  -16.253 0.5714285970
84670  -34.940  -11.382  -13.758 0.4285714328
85647  -35.350  -10.511  -14.539 0.5714285970
86581  -35.364  -9.442  -13.320 0.5714285970
85657  -34.496  -10.606  -15.607 0.7142857313
86598  -35.326  -9.685  -14.149 0.7142857313
86582  -35.708  -9.378  -12.555 0.5714285970
85658  -35.052  -10.606  -15.326 0.5714285970
85655  -32.884  -10.526  -15.681 0.5714285970
86623  -35.080  -9.469  -15.095 0.8571428657
87620  -35.518  -8.531  -13.011 0.7142857313
87621  -36.102  -8.576  -12.401 0.5714285970
86635  -34.252  -9.509  -15.794 0.7142857313
86634  -33.291  -9.732  -15.785 0.5714285970
88693  -35.786  -7.461  -13.478 0.7142857313
88676  -36.535  -7.514  -12.310 0.5714285970
87661  -34.938  -8.391  -14.792 0.7142857313
89636  -36.528  -6.368  -12.976 0.5714285970
89618  -37.155  -6.469  -12.458 0.5714285970
88718  -35.220  -7.507  -14.511 0.7142857313
89635  -35.921  -6.286  -13.506 0.7142857313
90539  -36.328  -5.304  -13.458 0.7142857313
90516  -36.894  -5.707  -12.888 0.7142857313
89658  -34.670  -6.515  -14.849 0.7142857313
89659  -35.339  -6.415  -14.178 0.7142857313
92319  -37.268  -4.048  -12.720 0.7142857313
91408  -36.892  -4.763  -12.891 0.5714285970
90538  -35.500  -5.326  -14.009 0.7142857313
89666  -34.269  -6.985  -15.248 0.5714285970
92337  -37.544  -3.283  -12.968 0.5714285970
93244  -38.004  -2.411  -13.076 0.5714285970
90560  -34.851  -5.406  -14.605 0.8571428657
93243  -36.984  -2.403  -13.233 0.7142857313
92335  -35.906  -3.101  -14.284 0.7142857313
91447  -35.151  -4.487  -14.623 0.8571428657
95058  -35.573  -0.940  -14.290 0.8571428657
94134  -37.459  -1.470  -13.197 0.5714285970
93241  -35.558  -2.230  -14.538 0.8571428657
92354  -35.003  -3.174  -14.961 0.8571428657
95078  -35.219  -0.358  -14.374 0.8571428657
95977  -35.494  0.572  -14.221 0.8571428657
96854  -34.667  1.449  -14.096 0.8571428657
94132  -35.869  -1.479  -14.176 0.8571428657
95976  -34.782  0.645  -14.401 0.8571428657
95044  -33.924  -0.290  -12.844 1.0000000000
95959  -34.274  0.675  -13.965 1.0000000000
94149  -34.637  -1.187  -14.551 0.8571428657
95944  -34.113  0.541  -13.074 1.0000000000
95057  -34.162  -0.162  -13.640 1.0000000000
96819  -34.511  1.196  -12.144 1.0000000000
97609  -32.638  2.169  -10.387 0.7142857313
96818  -34.240  0.723  -11.300 1.0000000000
96799  -34.184  1.467  -11.222 1.0000000000
99212  -33.425  4.971  -10.418 1.0000000000
100047  -31.997  5.233  -10.587 0.8571428657
100899  -32.299  6.560  -10.597 0.8571428657
100029  -31.890  5.952  -10.570 1.0000000000
104212  -33.352  9.912  -10.685 0.8571428657
103466  -32.357  8.695  -10.768 0.8571428657
102677  -32.897  8.145  -10.550 1.0000000000
104988  -33.135  11.427  -10.805 0.8571428657
104987  -32.045  11.523  -11.203 0.7142857313
104224  -31.168  10.501  -12.095 0.5714285970
105786  -31.175  12.425  -11.800 0.7142857313
106548  -32.359  13.483  -11.456 0.5714285970
105796  -29.898  12.293  -13.017 0.5714285970
104985  -30.763  11.494  -12.407 0.5714285970
105795  -29.371  12.273  -12.725 0.4285714328
106546  -30.334  13.536  -12.158 0.4285714328
107302  -30.396  14.555  -12.134 0.4285714328
106536  -28.338  13.370  -10.955 0.2857142985
106544  -29.017  13.196  -11.479 0.2857142985
106525  -28.076  13.389  -9.890 0.2857142985
76008  -29.550  -20.559  -14.955 0.2857142985
84689  -34.942  -11.436  -14.864 0.5714285970
88675  -35.877  -7.973  -12.722 0.5714285970
91429  -35.857  -4.195  -14.080 0.7142857313
92336  -36.537  -3.548  -13.334 0.7142857313
94133  -36.569  -1.479  -13.616 0.8571428657
95059  -36.028  -0.558  -13.879 0.8571428657
95079  -35.695  0.009  -14.134 0.8571428657
96855  -35.236  1.395  -14.238 0.8571428657
98450  -33.235  3.216  -10.227 0.8571428657
106514  -28.968  13.725  -8.591 0.1428571492
76030  -29.187  -20.546  -15.380 0.2857142985
77067  -30.281  -19.650  -15.727 0.2857142985
77047  -30.561  -19.553  -15.105 0.2857142985
77048  -31.127  -19.223  -14.764 0.4285714328
78087  -32.176  -18.545  -14.948 0.4285714328
78114  -30.524  -18.799  -16.250 0.2857142985
79127  -32.118  -17.131  -16.351 0.4285714328
77068  -30.781  -19.296  -15.381 0.4285714328
79098  -32.748  -17.572  -14.864 0.4285714328
80051  -31.829  -16.581  -16.460 0.5714285970
80936  -32.613  -15.518  -16.331 0.5714285970
80934  -33.674  -14.958  -15.286 0.4285714328
81849  -32.445  -14.611  -16.384 0.2857142985
81850  -33.117  -14.516  -16.337 0.7142857313
82769  -33.854  -13.938  -15.870 0.7142857313
83691  -34.430  -13.106  -14.907 0.4285714328
83710  -33.593  -12.820  -16.168 0.5714285970
84659  -35.435  -11.241  -12.481 0.4285714328
84703  -33.920  -11.994  -16.544 0.7142857313
84700  -34.151  -11.367  -15.961 0.7142857313
85626  -35.306  -10.390  -13.503 0.5714285970
85611  -35.452  -10.122  -12.748 0.4285714328
87636  -35.286  -8.625  -14.082 0.7142857313
85656  -33.776  -10.509  -15.738 0.5714285970
90517  -37.483  -5.625  -12.509 0.5714285970
86639  -33.580  -8.821  -16.501 0.5714285970
88677  -37.651  -7.251  -12.032 0.5714285970
88717  -34.687  -7.638  -15.085 0.8571428657
95060  -36.936  -0.616  -13.338 0.5714285970
93261  -34.888  -1.981  -14.782 1.0000000000
96837  -34.503  1.380  -13.318 1.0000000000
94098  -33.420  -0.831  -11.994 1.0000000000
96798  -33.569  1.135  -10.637 0.8571428657
98449  -32.000  3.367  -10.512 0.7142857313
98451  -34.331  3.174  -10.835 1.0000000000
99231  -32.667  4.439  -10.364 0.7142857313
99232  -33.798  4.149  -10.449 1.0000000000
98448  -30.996  3.678  -11.286 0.7142857313
100030  -32.722  5.629  -10.399 0.8571428657
102688  -31.792  8.485  -11.213 0.8571428657
101823  -32.584  7.378  -10.650 1.0000000000
101824  -33.471  7.368  -10.515 1.0000000000
104225  -31.997  10.644  -11.262 0.7142857313
105784  -29.460  12.797  -12.350 0.7142857313
104223  -30.776  11.128  -12.332 0.5714285970
105775  -30.939  12.021  -12.186 0.7142857313
106547  -31.307  13.484  -11.795 0.7142857313
104984  -29.220  11.329  -12.633 0.4285714328
106545  -29.445  13.557  -11.636 0.4285714328
106537  -28.669  13.919  -10.845 0.2857142985
107301  -29.381  14.625  -11.741 0.4285714328
82772  -33.027  -13.723  -16.155 0.4285714328
105785  -30.334  12.431  -12.475 0.7142857313
75023  -28.302  -21.724  -15.080 0.4285714328
75045  -28.741  -21.207  -15.172 0.2857142985
75044  -28.359  -21.203  -15.420 0.2857142985
77066  -29.295  -19.640  -15.973 0.2857142985
76010  -30.874  -19.910  -14.425 0.4285714328
78115  -31.102  -18.336  -16.375 0.2857142985
79117  -31.777  -18.141  -15.957 0.4285714328
78105  -31.848  -18.383  -15.626 0.4285714328
79118  -32.329  -17.537  -15.781 0.4285714328
80050  -31.314  -17.232  -16.378 0.4285714328
82773  -33.690  -13.644  -16.106 0.5714285970
84705  -34.631  -12.053  -16.072 0.5714285970
84701  -34.610  -11.599  -15.663 0.5714285970
86636  -34.873  -10.034  -15.578 0.7142857313
84699  -33.458  -11.361  -15.956 0.7142857313
87660  -34.476  -8.703  -15.227 0.5714285970
88694  -36.202  -6.901  -13.063 0.5714285970
87670  -33.814  -8.674  -15.669 0.7142857313
91430  -36.424  -4.452  -13.470 0.7142857313
89657  -33.965  -6.277  -15.042 0.8571428657
94150  -35.304  -1.339  -14.578 0.8571428657
95077  -34.510  -0.223  -14.200 1.0000000000
103491  -32.634  10.279  -10.855 0.8571428657
104986  -31.262  11.477  -11.834 0.7142857313
105787  -32.170  12.474  -11.232 0.7142857313
104998  -30.289  11.860  -13.027 0.5714285970
104983  -28.653  11.632  -11.894 0.4285714328
105765  -27.594  12.757  -10.297 0.2857142985
105783  -28.829  12.545  -11.900 0.2857142985
106526  -28.646  13.946  -9.858 0.2857142985
78103  -30.721  -19.152  -16.034 0.2857142985
110463  -29.663  18.481  -12.356 0.2857142985
110462  -28.796  18.438  -12.127 0.1428571492
109002  -29.520  16.718  -12.359 0.2857142985
109756  -30.453  17.616  -12.030 0.2857142985
109754  -28.766  17.537  -12.102 0.1428571492
110451  -28.279  18.421  -11.554 0.1428571492
107310  -29.108  15.456  -11.605 0.1428571492
108137  -29.597  16.008  -12.160 0.2857142985
108136  -29.166  16.035  -11.723 0.1428571492
110452  -31.123  17.836  -11.682 0.2857142985
109003  -30.489  16.684  -12.151 0.2857142985
108998  -35.431  16.261  -12.154 0.2857142985
108996  -33.674  16.536  -11.357 0.2857142985
110434  -28.177  18.364  -10.741 0.1428571492
108128  -30.675  15.171  -11.987 0.2857142985
107305  -33.472  14.580  -11.082 0.2857142985
108994  -31.429  16.497  -11.691 0.2857142985
108138  -30.379  15.931  -12.266 0.2857142985
106552  -36.267  13.309  -11.892 0.1428571492
108131  -33.548  15.572  -11.253 0.2857142985
108995  -32.603  16.472  -11.412 0.2857142985
109747  -28.377  17.466  -11.446 0.1428571492
108130  -32.451  15.530  -11.413 0.2857142985
109004  -31.056  16.203  -12.091 0.2857142985
105025  -36.156  11.944  -14.924 0.1428571492
105805  -36.582  12.647  -13.516 0.1428571492
107307  -35.431  14.755  -11.458 0.4285714328
107304  -32.410  14.519  -11.449 0.2857142985
103492  -36.481  9.587  -12.033 0.2857142985
104990  -35.279  11.505  -11.023 0.4285714328
106549  -33.400  13.536  -11.024 0.2857142985
107303  -31.395  14.453  -11.750 0.2857142985
102731  -36.252  8.630  -13.938 0.1428571492
104999  -36.543  11.581  -12.418 0.2857142985
105789  -34.392  12.533  -10.786 0.4285714328
104228  -35.194  10.386  -10.966 0.5714285970
101869  -36.130  7.659  -13.438 0.1428571492
102720  -36.331  8.655  -12.816 0.1428571492
104989  -34.285  11.404  -10.534 0.7142857313
103481  -35.951  9.529  -11.366 0.4285714328
100951  -35.628  6.415  -14.495 0.2857142985
100930  -36.115  7.066  -12.657 0.7142857313
104213  -34.117  9.985  -10.621 0.7142857313
100901  -34.032  6.543  -10.543 0.8571428657
101826  -35.207  7.421  -10.748 0.8571428657
103469  -34.753  9.179  -10.648 0.5714285970
100098  -35.882  5.631  -15.033 0.2857142985
102679  -34.615  8.293  -10.554 0.7142857313
102687  -31.360  8.376  -11.924 0.5714285970
102678  -33.726  8.241  -10.429 0.8571428657
100090  -36.151  4.795  -14.643 0.1428571492
100067  -35.645  5.530  -11.919 0.7142857313
100099  -36.583  4.832  -15.507 0.1428571492
94112  -30.604  -1.656  -11.625 0.5714285970
95029  -33.342  -0.659  -11.254 0.8571428657
95927  -32.986  -0.063  -10.419 0.8571428657
95027  -31.731  -0.714  -11.091 0.4285714328
96797  -32.262  1.068  -10.570 0.5714285970
98452  -35.235  3.333  -11.825 0.8571428657
100032  -34.527  5.742  -10.588 0.8571428657
99274  -36.113  4.003  -14.553 0.2857142985
99251  -35.494  4.697  -12.455 0.8571428657
100048  -35.384  5.505  -11.318 0.8571428657
101825  -34.359  7.391  -10.553 0.8571428657
132056  -37.392  4.067  -14.735 0.4285714328
99267  -35.463  4.536  -13.410 0.7142857313
100084  -35.695  5.529  -12.935 0.7142857313
93224  -30.365  -2.545  -12.102 0.2857142985
94097  -33.024  -1.043  -11.743 0.5714285970
94113  -31.758  -1.626  -11.467 0.5714285970
95943  -34.154  0.216  -12.036 0.8571428657
97611  -34.544  2.230  -11.534 0.8571428657
98453  -35.389  4.123  -12.135 0.8571428657
99233  -34.675  4.209  -10.981 0.8571428657
98500  -35.763  3.140  -14.214 0.4285714328
98492  -35.354  3.573  -13.656 0.8571428657
98501  -36.998  3.502  -14.455 0.4285714328
90557  -32.217  -6.068  -14.647 0.7142857313
90536  -31.672  -5.367  -13.998 0.4285714328
90568  -33.184  -6.449  -15.166 0.7142857313
91445  -33.601  -4.371  -15.006 0.8571428657
91427  -32.110  -4.664  -13.612 0.5714285970
92316  -32.061  -3.469  -12.302 0.5714285970
92314  -30.143  -3.362  -12.536 0.4285714328
92334  -33.165  -3.172  -14.091 0.8571428657
92317  -32.773  -3.257  -12.696 0.5714285970
93225  -31.387  -2.600  -11.863 0.5714285970
93240  -33.628  -1.867  -14.480 0.8571428657
94130  -33.869  -1.688  -13.817 0.7142857313
93226  -32.454  -2.647  -11.885 0.5714285970
96856  -36.083  1.324  -13.816 0.7142857313
97643  -34.856  2.150  -13.552 0.7142857313
98473  -35.090  2.980  -13.079 0.8571428657
96859  -39.125  1.874  -14.188 0.2857142985
97655  -37.430  2.595  -14.032 0.4285714328
97654  -36.461  2.426  -14.083 0.5714285970
87669  -33.241  -8.493  -15.454 0.4285714328
88716  -32.186  -7.733  -14.812 0.4285714328
89655  -31.809  -6.972  -14.395 0.4285714328
91446  -34.449  -4.347  -15.032 0.7142857313
93259  -33.404  -2.592  -14.729 0.8571428657
95945  -36.827  0.400  -12.906 0.7142857313
96858  -38.093  1.712  -13.635 0.2857142985
96840  -37.492  1.172  -13.186 0.5714285970
96838  -36.439  0.667  -13.293 0.5714285970
86637  -33.004  -9.181  -15.904 0.4285714328
87667  -31.795  -8.879  -15.163 0.5714285970
89664  -33.083  -7.028  -15.153 0.5714285970
89656  -32.531  -6.997  -14.818 0.5714285970
90559  -34.124  -5.412  -15.025 0.7142857313
94135  -38.478  -1.472  -13.066 0.4285714328
95080  -38.651  0.017  -13.434 0.4285714328
95979  -38.858  0.748  -13.768 0.4285714328
95962  -38.075  0.572  -13.454 0.4285714328
84698  -32.537  -11.587  -15.667 0.5714285970
88665  -37.437  -7.970  -11.700 0.4285714328
89619  -38.053  -6.475  -12.267 0.4285714328
92339  -39.462  -3.757  -12.903 0.4285714328
92320  -38.069  -4.024  -12.612 0.4285714328
93246  -40.002  -3.102  -13.564 0.4285714328
93245  -39.096  -2.516  -13.219 0.4285714328
79099  -33.185  -16.869  -14.657 0.1428571492
90518  -38.337  -5.601  -12.349 0.4285714328
91411  -39.295  -4.619  -12.793 0.4285714328
92340  -40.238  -3.941  -13.297 0.4285714328
80025  -33.811  -16.002  -14.300 0.1428571492
80892  -33.949  -15.457  -13.975 0.1428571492
83660  -34.644  -12.667  -12.953 0.2857142985
86583  -38.610  -9.154  -11.686 0.2857142985
87638  -40.452  -8.372  -13.608 0.2857142985
87623  -39.457  -8.407  -12.566 0.2857142985
86565  -36.294  -9.432  -11.936 0.4285714328
88695  -40.646  -7.416  -13.719 0.2857142985
88678  -38.715  -7.483  -12.211 0.2857142985
89638  -40.533  -6.391  -13.688 0.2857142985
89621  -39.868  -6.460  -13.073 0.4285714328
80003  -34.050  -16.404  -13.638 0.1428571492
80046  -33.212  -16.299  -15.220 0.1428571492
81802  -34.398  -14.701  -12.937 0.2857142985
82724  -34.664  -13.849  -12.833 0.2857142985
84640  -36.644  -11.290  -10.940 0.2857142985
85591  -37.405  -10.523  -10.970 0.2857142985
84660  -35.866  -10.913  -11.507 0.2857142985
86567  -37.961  -9.529  -11.333 0.2857142985
79992  -34.411  -16.130  -12.978 0.1428571492
82704  -35.835  -13.571  -11.259 0.2857142985
80883  -34.655  -15.486  -12.653 0.2857142985
82703  -35.144  -13.628  -12.111 0.2857142985
81813  -34.156  -14.756  -13.624 0.2857142985
83643  -35.657  -12.568  -11.912 0.2857142985
75988  -30.813  -20.251  -14.297 0.2857142985
78064  -32.598  -17.907  -14.087 0.1428571492
79077  -33.324  -17.226  -13.878 0.1428571492
74062  -29.050  -22.503  -13.997 0.2857142985
73034  -28.439  -23.555  -14.314 0.2857142985
77023  -32.238  -19.064  -13.962 0.2857142985
73035  -29.204  -23.603  -13.790 0.1428571492
73033  -27.516  -23.568  -14.673 0.2857142985
72035  -27.802  -24.628  -14.500 0.1428571492
80882  -34.236  -15.494  -13.261 0.1428571492
81787  -35.565  -14.558  -11.705 0.2857142985
83644  -36.489  -12.522  -10.885 0.2857142985
86568  -38.856  -9.795  -11.487 0.2857142985
87622  -38.768  -8.477  -11.950 0.2857142985
88664  -36.948  -8.171  -11.745 0.4285714328
90561  -40.843  -5.491  -13.957 0.2857142985
90537  -32.413  -5.190  -14.338 0.7142857313
91431  -39.974  -4.637  -13.154 0.4285714328
93227  -33.206  -2.423  -12.634 0.5714285970
92338  -38.520  -3.326  -12.866 0.4285714328
95061  -37.955  -0.477  -13.266 0.4285714328
95081  -39.406  -0.327  -13.700 0.2857142985
101822  -31.968  7.182  -10.895 0.7142857313
98499  -35.424  2.518  -14.043 0.7142857313
100031  -33.696  5.724  -10.388 0.8571428657
103489  -30.805  9.809  -12.419 0.4285714328
103477  -31.456  9.266  -12.017 0.5714285970
103467  -32.985  9.113  -10.632 0.7142857313
132052  -37.779  3.244  -14.295 0.2857142985
100912  -35.545  6.381  -11.231 0.8571428657
103468  -33.944  9.124  -10.558 0.8571428657
102706  -36.225  8.706  -11.910 0.4285714328
104229  -36.011  10.532  -11.466 0.4285714328
109731  -28.647  17.378  -10.702 0.1428571492
106551  -35.487  13.650  -11.369 0.2857142985
105798  -36.615  12.558  -12.526 0.1428571492
109749  -31.784  17.293  -11.499 0.2857142985
74063  -29.876  -22.718  -13.595 0.1428571492
75004  -31.472  -21.078  -13.570 0.1428571492
77022  -31.623  -19.306  -14.279 0.2857142985
80004  -34.507  -16.754  -13.078 0.1428571492
79993  -34.918  -16.427  -12.554 0.1428571492
83670  -34.425  -13.385  -13.909 0.2857142985
84639  -35.962  -11.714  -11.492 0.2857142985
85592  -38.479  -10.600  -11.187 0.2857142985
86584  -39.362  -9.399  -12.101 0.2857142985
87668  -32.554  -8.606  -15.337 0.5714285970
85612  -35.786  -10.212  -12.041 0.2857142985
85590  -36.444  -10.285  -11.383 0.2857142985
89654  -30.957  -7.013  -14.029 0.2857142985
89660  -41.035  -6.370  -14.262 0.2857142985
90563  -42.201  -5.508  -14.206 0.2857142985
90558  -33.143  -5.632  -15.093 0.7142857313
91425  -30.414  -4.730  -13.144 0.4285714328
94111  -29.838  -1.550  -12.334 0.2857142985
92315  -31.088  -3.342  -12.470 0.5714285970
91448  -41.213  -4.575  -14.056 0.2857142985
91410  -38.583  -4.761  -12.482 0.4285714328
91407  -32.847  -3.536  -13.492 0.7142857313
92363  -41.888  -3.123  -15.089 0.1428571492
94151  -40.080  -1.327  -14.095 0.4285714328
94136  -39.375  -1.384  -13.293 0.4285714328
94159  -41.525  -0.713  -15.146 0.1428571492
97631  -34.793  2.207  -12.597 0.8571428657
95082  -40.400  -0.246  -14.232 0.1428571492
96857  -37.040  1.821  -13.548 0.5714285970
97656  -38.223  2.765  -14.056 0.2857142985
99273  -35.596  4.231  -14.203 0.7142857313
100902  -34.900  6.520  -10.631 0.8571428657
99280  -37.333  4.090  -15.771 0.2857142985
99279  -37.057  4.524  -16.235 0.1428571492
100091  -36.782  4.368  -14.735 0.4285714328
100110  -35.695  5.553  -15.901 0.1428571492
101855  -36.163  7.782  -12.431 0.5714285970
101868  -35.685  7.118  -14.038 0.1428571492
102730  -35.478  8.124  -14.730 0.1428571492
108992  -28.729  16.660  -11.319 0.1428571492
102690  -35.815  8.622  -11.386 0.5714285970
101879  -35.803  7.735  -14.194 0.1428571492
103520  -36.482  9.687  -13.956 0.1428571492
106550  -34.495  13.613  -10.877 0.2857142985
105791  -36.084  12.544  -11.777 0.2857142985
104238  -36.595  10.586  -12.211 0.2857142985
104246  -36.616  10.590  -13.259 0.1428571492
105013  -36.276  11.634  -14.467 0.1428571492
105006  -36.583  11.582  -13.438 0.1428571492
108133  -35.389  15.608  -11.821 0.2857142985
108140  -36.058  15.625  -12.359 0.2857142985
107314  -36.592  14.725  -12.796 0.1428571492
106563  -36.493  13.708  -13.579 0.1428571492
74042  -31.523  -22.199  -13.193 0.1428571492
79078  -34.127  -17.528  -13.179 0.1428571492
86599  -39.655  -9.200  -12.911 0.2857142985
105811  -36.000  13.095  -14.896 0.1428571492
109006  -35.881  16.593  -12.754 0.2857142985
74060  -27.431  -22.396  -15.127 0.2857142985
74041  -30.681  -21.906  -13.527 0.1428571492
80002  -33.599  -16.531  -14.241 0.1428571492
81836  -34.009  -14.700  -14.341 0.2857142985
82723  -34.361  -14.047  -13.395 0.2857142985
89665  -33.607  -6.830  -15.268 0.5714285970
88723  -33.456  -7.802  -15.239 0.4285714328
97652  -35.158  2.061  -13.997 0.7142857313
95043  -33.752  -0.492  -11.984 0.8571428657
94131  -34.097  -1.146  -14.080 0.8571428657
94115  -33.772  -1.323  -12.745 0.8571428657
97610  -33.760  2.207  -10.762 0.8571428657
103478  -31.985  9.622  -11.064 0.5714285970
104975  -33.458  10.559  -10.603 0.7142857313
105788  -33.305  12.473  -11.013 0.5714285970
79076  -32.895  -17.344  -14.319 0.1428571492
84702  -33.269  -12.091  -16.230 0.5714285970
94114  -32.909  -1.725  -11.802 0.5714285970
99214  -34.903  5.073  -10.882 0.8571428657
107311  -29.576  15.322  -12.077 0.2857142985
107312  -30.121  15.376  -12.316 0.2857142985
92352  -33.421  -3.500  -14.658 0.8571428657
109755  -29.460  17.487  -12.337 0.2857142985
109760  -29.069  17.294  -12.378 0.2857142985
109011  -29.251  16.907  -12.416 0.2857142985
109001  -28.871  16.710  -12.061 0.1428571492
108993  -30.786  16.993  -11.757 0.2857142985
108132  -34.565  15.635  -11.374 0.2857142985
107306  -34.537  14.660  -11.092 0.2857142985
108129  -31.305  15.548  -11.803 0.2857142985
105790  -35.373  12.579  -11.134 0.2857142985
106557  -36.656  13.706  -12.483 0.1428571492
105812  -36.173  12.679  -14.544 0.1428571492
107313  -36.131  14.775  -12.013 0.1428571492
103504  -36.506  9.617  -13.050 0.1428571492
104976  -33.902  10.779  -10.486 0.5714285970
103519  -35.746  9.232  -14.744 0.1428571492
104991  -36.048  11.563  -11.611 0.2857142985
104214  -34.806  9.882  -10.755 0.5714285970
101854  -36.078  7.227  -12.214 0.4285714328
101836  -35.999  8.171  -11.827 0.5714285970
100942  -35.909  6.602  -13.384 0.5714285970
100929  -35.969  6.526  -12.248 0.7142857313
101835  -35.789  7.567  -11.590 0.7142857313
102689  -35.351  8.405  -10.869 0.7142857313
100089  -35.565  5.390  -14.098 0.5714285970
94096  -32.369  -1.184  -11.395 0.5714285970
95942  -31.114  0.223  -11.193 0.4285714328
95042  -30.900  -0.677  -11.485 0.4285714328
98474  -35.434  3.838  -12.766 0.8571428657
98491  -35.251  2.726  -13.797 0.7142857313
91428  -32.854  -4.234  -14.256 0.7142857313
91426  -31.274  -4.755  -13.324 0.4285714328
91405  -31.699  -4.119  -12.879 0.5714285970
91404  -30.780  -4.064  -12.866 0.4285714328
91403  -29.987  -4.090  -12.776 0.2857142985
92318  -33.136  -2.962  -13.328 0.7142857313
93239  -33.551  -2.319  -13.704 0.8571428657
97653  -35.639  2.152  -14.033 0.7142857313
88722  -32.877  -7.804  -15.043 0.5714285970
87659  -31.809  -8.284  -14.930 0.5714285970
95062  -38.864  -0.638  -13.003 0.4285714328
95980  -39.659  0.582  -14.083 0.2857142985
88666  -38.169  -7.909  -11.771 0.2857142985
89620  -38.999  -6.492  -12.469 0.4285714328
92321  -38.902  -4.059  -12.547 0.4285714328
92355  -40.833  -3.678  -13.719 0.4285714328
93262  -39.767  -2.198  -13.822 0.4285714328
90540  -39.758  -5.444  -13.135 0.4285714328
87609  -37.338  -8.710  -11.531 0.2857142985
88679  -39.655  -7.407  -12.644 0.2857142985
87608  -36.688  -8.637  -11.850 0.2857142985
86566  -36.968  -9.469  -11.345 0.2857142985
90541  -40.344  -5.432  -13.442 0.4285714328
81803  -34.995  -14.621  -12.412 0.2857142985
84641  -37.272  -11.159  -10.751 0.2857142985
72036  -28.770  -24.558  -14.272 0.1428571492
73036  -29.938  -23.706  -13.535 0.1428571492
108982  -28.899  16.520  -10.717 0.1428571492
73017  -30.729  -23.175  -13.315 0.1428571492
108119  -28.730  15.834  -10.659 0.1428571492
100928  -30.728  7.292  -12.344 0.5714285970
100045  -30.538  5.614  -11.733 0.4285714328
100910  -30.387  6.243  -12.115 0.4285714328
100911  -31.030  6.660  -11.952 0.5714285970
100898  -31.589  6.614  -11.001 0.5714285970
101833  -31.534  7.547  -11.458 0.4285714328
97607  -30.600  2.935  -11.328 0.4285714328
99230  -31.600  4.522  -10.814 0.4285714328
99250  -30.105  4.502  -11.788 0.4285714328
99229  -30.907  4.791  -11.367 0.5714285970
100046  -31.244  5.647  -11.015 0.5714285970
86626  -41.907  -8.630  -14.264 0.1428571492
88696  -40.990  -7.588  -14.094 0.1428571492
89661  -41.779  -6.419  -14.179 0.1428571492
80931  -31.196  -15.548  -16.092 0.2857142985
86587  -43.187  -9.346  -12.973 0.1428571492
86602  -42.130  -9.479  -14.057 0.1428571492
86586  -43.020  -8.969  -12.628 0.1428571492
87640  -42.477  -8.416  -14.007 0.1428571492
86570  -42.774  -9.249  -12.097 0.1428571492
80044  -31.480  -16.104  -16.324 0.2857142985
85613  -39.777  -10.065  -12.227 0.1428571492
85627  -41.089  -10.724  -13.323 0.1428571492
86585  -39.940  -9.733  -12.590 0.1428571492
85615  -43.033  -10.426  -12.015 0.1428571492
85629  -42.581  -10.396  -13.357 0.1428571492
86510  -41.092  -9.581  -9.854 0.1428571492
85595  -42.030  -9.994  -11.271 0.1428571492
80043  -30.826  -16.753  -16.146 0.2857142985
83609  -37.643  -12.560  -10.407 0.1428571492
84602  -39.298  -12.360  -10.847 0.1428571492
84601  -38.631  -11.651  -10.698 0.1428571492
83608  -37.117  -11.878  -10.728 0.1428571492
84642  -39.029  -11.139  -11.319 0.1428571492
84672  -41.627  -11.580  -13.329 0.1428571492
84644  -40.336  -11.699  -12.207 0.1428571492
84674  -42.886  -11.329  -13.101 0.1428571492
84671  -41.197  -11.324  -13.252 0.1428571492
84664  -42.937  -11.343  -12.491 0.1428571492
84604  -42.285  -11.443  -10.983 0.1428571492
84570  -41.417  -11.214  -9.609 0.1428571492
85557  -42.026  -10.607  -10.905 0.1428571492
79116  -30.486  -17.561  -16.319 0.2857142985
79115  -29.976  -17.515  -16.045 0.2857142985
79123  -29.534  -18.124  -16.314 0.2857142985
82705  -36.554  -13.648  -10.595 0.1428571492
82670  -38.337  -13.645  -10.417 0.1428571492
83610  -38.745  -12.762  -10.552 0.1428571492
84662  -41.377  -12.094  -13.147 0.1428571492
84643  -39.618  -11.727  -11.463 0.1428571492
83663  -42.913  -12.195  -12.836 0.1428571492
83613  -42.398  -11.930  -11.262 0.1428571492
83650  -42.986  -12.389  -12.308 0.1428571492
85501  -41.492  -10.384  -8.530 0.1428571492
85521  -41.200  -10.461  -9.294 0.1428571492
81789  -36.956  -14.507  -10.521 0.1428571492
80867  -36.652  -15.441  -10.701 0.1428571492
81790  -39.242  -14.578  -10.998 0.1428571492
81757  -38.597  -14.562  -10.640 0.1428571492
82734  -40.746  -13.730  -12.905 0.1428571492
82671  -39.000  -13.424  -10.739 0.1428571492
82735  -41.286  -13.457  -13.133 0.1428571492
83647  -40.262  -12.605  -11.863 0.1428571492
82737  -42.531  -12.631  -13.206 0.1428571492
83612  -41.989  -12.385  -10.779 0.1428571492
82710  -42.702  -13.397  -12.099 0.1428571492
83577  -41.587  -12.206  -9.587 0.1428571492
80865  -35.344  -15.493  -12.156 0.1428571492
80884  -39.018  -15.726  -11.308 0.1428571492
80868  -38.871  -15.298  -10.859 0.1428571492
80842  -37.406  -15.182  -10.607 0.1428571492
81791  -39.524  -14.532  -11.753 0.1428571492
81756  -37.807  -14.488  -10.447 0.1428571492
81816  -41.532  -14.359  -13.347 0.1428571492
81815  -40.690  -14.432  -13.283 0.1428571492
82736  -42.168  -13.251  -13.281 0.1428571492
83648  -42.193  -12.874  -11.260 0.1428571492
82729  -42.725  -12.772  -13.072 0.1428571492
79994  -38.854  -16.341  -11.731 0.1428571492
79979  -38.279  -16.200  -10.897 0.1428571492
79958  -37.648  -15.726  -10.649 0.1428571492
80893  -39.786  -15.541  -13.099 0.1428571492
79995  -39.349  -16.350  -12.460 0.1428571492
81814  -40.167  -14.940  -13.235 0.1428571492
81817  -42.140  -14.357  -13.083 0.1428571492
80885  -39.349  -15.429  -12.094 0.1428571492
82706  -38.970  -13.991  -10.768 0.1428571492
82726  -40.424  -13.506  -12.394 0.1428571492
83661  -40.689  -12.541  -12.547 0.1428571492
85556  -37.960  -11.037  -10.767 0.1428571492
84560  -41.424  -11.383  -8.814 0.1428571492
84603  -41.801  -11.403  -10.292 0.1428571492
85616  -43.158  -10.234  -12.356 0.1428571492
85558  -42.422  -10.935  -11.311 0.1428571492
88697  -42.661  -7.511  -13.657 0.1428571492
79124  -30.179  -18.121  -16.385 0.2857142985
82673  -42.298  -13.764  -11.502 0.1428571492
82640  -41.644  -13.294  -10.056 0.1428571492
84542  -41.704  -11.074  -8.180 0.1428571492
85502  -41.955  -10.366  -7.923 0.1428571492
86497  -41.153  -9.518  -8.940 0.1428571492
85534  -41.347  -10.526  -10.177 0.1428571492
87611  -41.675  -8.517  -11.181 0.1428571492
87552  -40.910  -8.631  -9.458 0.1428571492
89639  -42.781  -6.806  -13.509 0.1428571492
101853  -31.055  7.755  -12.214 0.4285714328
102705  -30.703  8.849  -12.370 0.4285714328
109007  -36.276  16.105  -13.476 0.1428571492
109005  -35.192  16.926  -12.144 0.1428571492
87663  -41.384  -8.166  -14.038 0.1428571492
83645  -36.936  -13.075  -10.371 0.1428571492
81788  -36.147  -14.544  -10.901 0.1428571492
80866  -35.866  -15.468  -11.354 0.1428571492
85593  -39.520  -10.513  -11.681 0.1428571492
91449  -41.849  -4.582  -14.374 0.1428571492
92356  -41.491  -3.529  -14.437 0.1428571492
86600  -40.411  -9.523  -13.312 0.1428571492
86625  -41.366  -8.973  -14.310 0.1428571492
88721  -42.117  -7.351  -13.974 0.1428571492
86603  -42.755  -9.410  -13.473 0.1428571492
87641  -42.962  -8.422  -13.454 0.1428571492
86571  -43.126  -9.542  -12.430 0.1428571492
85630  -43.116  -10.366  -13.060 0.1428571492
86601  -41.246  -9.762  -13.947 0.1428571492
85597  -43.127  -9.816  -12.067 0.1428571492
88698  -43.029  -7.503  -13.312 0.1428571492
88681  -42.581  -7.426  -12.153 0.1428571492
86569  -42.101  -9.367  -11.537 0.1428571492
85594  -40.118  -11.080  -11.802 0.1428571492
85614  -40.321  -10.596  -12.481 0.1428571492
85628  -41.902  -10.547  -13.571 0.1428571492
85596  -42.671  -10.282  -11.723 0.1428571492
84645  -42.647  -11.393  -11.705 0.1428571492
84673  -42.416  -11.389  -13.314 0.1428571492
86531  -41.460  -9.638  -10.846 0.1428571492
82669  -37.352  -13.661  -10.339 0.1428571492
84600  -37.628  -11.527  -10.622 0.1428571492
84661  -40.945  -11.649  -12.967 0.1428571492
83674  -42.659  -12.134  -13.094 0.1428571492
84646  -43.027  -11.919  -11.970 0.1428571492
83646  -39.767  -12.791  -11.253 0.1428571492
82707  -39.510  -13.704  -11.236 0.1428571492
83672  -41.676  -12.554  -13.298 0.1428571492
83662  -41.158  -12.587  -12.993 0.1428571492
82711  -42.944  -12.875  -12.700 0.1428571492
83649  -42.609  -12.454  -11.616 0.1428571492
79957  -37.213  -15.661  -10.588 0.1428571492
80869  -39.292  -15.151  -11.341 0.1428571492
80843  -38.123  -15.253  -10.683 0.1428571492
81805  -40.444  -14.041  -12.841 0.1428571492
82708  -40.098  -13.345  -11.667 0.1428571492
82725  -39.896  -13.915  -11.974 0.1428571492
82728  -42.532  -13.474  -12.832 0.1428571492
81806  -42.340  -14.379  -12.482 0.1428571492
81804  -39.932  -14.480  -12.703 0.1428571492
73031  -25.695  -23.647  -14.878 0.1428571492
74059  -26.463  -22.639  -15.108 0.1428571492
74080  -26.948  -22.036  -15.493 0.1428571492
75043  -27.594  -21.415  -15.501 0.1428571492
76029  -28.371  -20.519  -15.680 0.1428571492
76028  -27.471  -20.530  -15.628 0.1428571492
77065  -28.275  -19.682  -15.840 0.1428571492
77077  -29.640  -19.312  -16.222 0.1428571492
77064  -27.352  -19.584  -15.630 0.1428571492
78102  -28.887  -19.082  -16.095 0.1428571492
78112  -29.019  -18.481  -16.235 0.1428571492
79113  -27.778  -17.616  -15.598 0.1428571492
80040  -27.413  -16.542  -15.369 0.1428571492
80042  -29.651  -16.635  -15.769 0.1428571492
80041  -28.525  -16.586  -15.594 0.1428571492
80929  -29.196  -15.579  -15.548 0.2857142985
80930  -30.250  -15.613  -15.854 0.1428571492
81846  -31.656  -14.624  -16.196 0.1428571492
82771  -32.207  -13.775  -16.014 0.2857142985
85654  -31.838  -10.498  -15.414 0.4285714328
86633  -32.360  -9.549  -15.521 0.4285714328
96796  -31.327  0.964  -10.790 0.2857142985
97630  -30.629  1.984  -11.320 0.2857142985
97608  -31.200  2.212  -10.964 0.2857142985
100064  -27.803  5.373  -12.953 0.2857142985
100065  -28.803  5.658  -12.754 0.2857142985
100927  -30.148  6.932  -12.369 0.2857142985
81843  -28.739  -14.533  -15.406 0.1428571492
81844  -29.781  -14.574  -15.618 0.2857142985
75042  -26.673  -21.430  -15.441 0.1428571492
80928  -28.128  -15.539  -15.326 0.1428571492
82766  -29.280  -13.535  -15.599 0.2857142985
81845  -30.774  -14.612  -15.884 0.2857142985
82767  -30.335  -13.603  -15.637 0.2857142985
82768  -31.323  -13.727  -15.820 0.2857142985
83708  -31.935  -13.134  -15.370 0.2857142985
83705  -31.944  -12.343  -15.491 0.4285714328
84697  -31.348  -11.481  -15.475 0.4285714328
85653  -30.568  -10.381  -15.109 0.2857142985
96816  -29.622  1.289  -11.932 0.2857142985
96817  -30.571  1.339  -11.328 0.2857142985
97628  -29.060  2.308  -12.731 0.2857142985
97629  -30.139  2.380  -11.646 0.2857142985
98472  -30.279  3.406  -11.670 0.2857142985
99248  -28.562  4.700  -12.981 0.2857142985
100083  -27.628  4.621  -13.127 0.2857142985
100066  -29.823  5.760  -12.378 0.2857142985
95941  -30.294  0.317  -11.736 0.2857142985
95940  -29.588  0.333  -12.381 0.2857142985
98470  -28.692  3.625  -12.849 0.2857142985
98471  -29.605  3.482  -12.252 0.2857142985
99266  -28.069  4.179  -13.339 0.2857142985
99249  -29.342  4.618  -12.646 0.2857142985
97642  -28.704  2.053  -13.189 0.2857142985
97641  -28.335  2.383  -13.403 0.2857142985
97627  -28.411  2.879  -12.909 0.2857142985
78113  -29.631  -18.882  -16.299 0.1428571492
83709  -32.813  -12.846  -15.504 0.4285714328
79114  -28.933  -17.642  -16.034 0.1428571492
73032  -26.595  -23.630  -14.964 0.1428571492
78101  -28.198  -18.676  -15.861 0.1428571492
78100  -27.061  -18.626  -15.603 0.1428571492
98489  -27.808  3.295  -13.549 0.2857142985
87658  -31.109  -8.541  -14.669 0.2857142985
86632  -31.264  -9.519  -15.030 0.2857142985
88715  -31.384  -7.678  -14.627 0.2857142985
111798  -32.878  20.782  -12.597 0.1428571492
111149  -33.980  20.187  -13.355 0.1428571492
111132  -33.331  19.158  -11.932 0.1428571492
109752  -34.706  17.587  -11.803 0.1428571492
112506  -32.744  21.425  -13.164 0.1428571492
110454  -33.010  18.357  -11.541 0.1428571492
110453  -31.836  18.300  -11.589 0.1428571492
111795  -30.146  20.454  -12.619 0.1428571492
88714  -30.527  -7.690  -14.461 0.2857142985
109757  -35.219  17.613  -12.388 0.1428571492
111147  -34.574  19.212  -13.153 0.1428571492
108997  -34.702  16.586  -11.674 0.1428571492
110466  -34.371  18.849  -12.204 0.1428571492
110456  -34.768  18.279  -12.063 0.1428571492
109751  -33.825  17.493  -11.505 0.1428571492
111144  -31.682  19.805  -12.408 0.1428571492
110465  -31.473  19.067  -12.232 0.1428571492
111141  -28.935  19.349  -12.244 0.1428571492
110464  -30.755  18.592  -12.252 0.1428571492
109750  -32.779  17.416  -11.387 0.1428571492
111146  -33.940  19.694  -12.661 0.1428571492
111145  -32.666  19.862  -12.371 0.1428571492
111131  -32.292  19.172  -11.836 0.1428571492
110467  -34.850  18.543  -12.779 0.1428571492
96835  -28.055  1.279  -14.065 0.1428571492
96815  -29.310  1.181  -12.804 0.1428571492
96836  -28.791  1.451  -13.392 0.1428571492
98488  -27.110  3.314  -13.564 0.1428571492
99262  -25.018  3.843  -12.616 0.1428571492
99263  -25.722  4.268  -12.721 0.1428571492
95041  -30.128  -0.620  -12.097 0.1428571492
99265  -27.443  4.079  -13.314 0.1428571492
100061  -25.296  5.556  -12.462 0.1428571492
100922  -25.753  6.513  -12.532 0.2857142985
90535  -30.878  -5.504  -13.479 0.2857142985
90534  -29.969  -5.369  -13.411 0.1428571492
94129  -29.223  -1.460  -13.040 0.1428571492
95958  -29.074  0.387  -13.108 0.1428571492
132050  -38.478  3.881  -14.792 0.1428571492
100082  -27.159  4.835  -12.971 0.1428571492
100924  -27.355  6.604  -12.980 0.1428571492
100923  -26.542  6.591  -12.848 0.1428571492
101849  -27.662  7.747  -12.890 0.2857142985
103474  -27.200  9.803  -11.672 0.2857142985
103465  -26.615  10.149  -11.018 0.2857142985
104221  -28.335  10.694  -11.716 0.2857142985
107294  -28.510  14.628  -11.065 0.1428571492
106524  -27.638  13.145  -9.462 0.1428571492
101851  -29.404  7.907  -12.523 0.2857142985
101848  -27.030  7.562  -12.584 0.2857142985
102703  -28.731  8.912  -12.642 0.2857142985
103486  -28.286  9.736  -13.080 0.2857142985
102685  -26.816  9.047  -12.106 0.2857142985
104234  -30.397  10.809  -12.685 0.2857142985
103475  -27.806  9.967  -12.492 0.2857142985
103473  -26.490  9.493  -11.374 0.2857142985
104209  -26.262  10.730  -10.278 0.2857142985
107293  -28.487  15.279  -10.507 0.1428571492
107282  -28.609  14.925  -9.928 0.1428571492
103472  -25.841  9.356  -11.104 0.1428571492
102675  -24.610  8.972  -10.567 0.1428571492
100921  -25.063  6.449  -11.842 0.2857142985
104972  -27.845  11.797  -10.954 0.1428571492
104211  -27.700  10.996  -11.069 0.2857142985
104963  -27.121  12.419  -10.368 0.1428571492
104971  -27.107  11.664  -10.577 0.1428571492
100043  -23.664  5.059  -10.727 0.2857142985
104201  -25.828  10.840  -9.473 0.1428571492
105752  -27.377  12.509  -8.806 0.1428571492
104961  -26.198  11.505  -9.274 0.1428571492
98415  -20.675  4.370  -8.981 0.1428571492
132053  -38.546  3.801  -16.062 0.1428571492
95981  -40.536  0.866  -14.079 0.1428571492
93223  -29.584  -2.454  -12.670 0.1428571492
95055  -28.572  -0.536  -14.187 0.1428571492
95975  -28.187  0.233  -14.361 0.1428571492
96834  -27.173  1.598  -14.094 0.1428571492
97639  -26.751  2.405  -13.633 0.1428571492
97640  -27.559  2.393  -13.761 0.1428571492
98486  -25.446  3.216  -12.681 0.1428571492
99228  -24.173  4.974  -11.646 0.1428571492
100063  -26.830  5.727  -13.253 0.1428571492
100044  -23.996  5.437  -11.017 0.2857142985
101866  -27.170  7.963  -12.587 0.1428571492
102700  -26.574  8.243  -12.358 0.1428571492
102701  -27.211  8.491  -12.638 0.2857142985
102684  -26.200  8.775  -11.639 0.1428571492
104960  -25.733  11.173  -8.763 0.1428571492
104208  -25.656  10.415  -10.042 0.2857142985
104970  -26.532  11.470  -10.237 0.1428571492
104962  -26.650  12.283  -9.669 0.1428571492
105773  -28.015  12.649  -11.123 0.1428571492
105764  -27.265  12.760  -9.587 0.1428571492
132048  -39.589  2.301  -14.789 0.1428571492
103502  -30.449  10.130  -12.577 0.2857142985
104233  -29.527  10.733  -12.928 0.2857142985
101852  -30.260  7.947  -12.206 0.2857142985
92333  -29.363  -3.417  -13.084 0.1428571492
102704  -29.682  8.915  -12.569 0.2857142985
100926  -29.146  6.802  -12.670 0.1428571492
100925  -28.223  6.682  -13.028 0.1428571492
95957  -28.736  0.418  -13.933 0.1428571492
96853  -27.828  0.626  -14.343 0.1428571492
98487  -26.302  3.299  -13.173 0.1428571492
99264  -26.733  4.149  -13.071 0.1428571492
99247  -25.338  4.879  -12.573 0.1428571492
100081  -26.418  5.019  -12.886 0.1428571492
95040  -29.409  -0.568  -12.718 0.1428571492
100060  -24.519  5.577  -11.822 0.1428571492
100080  -25.779  5.125  -12.774 0.1428571492
100062  -26.001  5.792  -13.126 0.1428571492
101847  -26.190  7.390  -12.421 0.2857142985
102719  -27.210  8.206  -12.627 0.2857142985
101850  -28.527  7.858  -13.028 0.2857142985
104220  -27.679  10.406  -11.553 0.2857142985
104222  -28.948  10.725  -12.424 0.2857142985
103464  -26.037  9.960  -10.695 0.1428571492
104210  -27.016  10.755  -10.940 0.2857142985
106512  -27.559  13.029  -8.899 0.1428571492
102702  -27.863  8.938  -12.982 0.2857142985
103488  -29.894  9.891  -12.688 0.2857142985
103487  -29.058  9.930  -12.826 0.2857142985
103476  -28.440  10.245  -12.638 0.2857142985
108103  -28.825  15.509  -10.161 0.1428571492
101846  -25.470  7.297  -11.958 0.1428571492
102699  -25.769  8.114  -11.985 0.2857142985
82764  -27.271  -13.497  -15.458 0.1428571492
83702  -28.774  -12.514  -15.509 0.1428571492
83700  -26.855  -12.501  -15.321 0.1428571492
84693  -27.385  -11.531  -15.248 0.1428571492
85650  -27.822  -10.579  -15.468 0.1428571492
84694  -28.269  -11.520  -15.396 0.1428571492
83704  -30.987  -12.613  -15.588 0.1428571492
86630  -28.078  -9.966  -15.571 0.1428571492
85652  -29.532  -10.671  -15.056 0.1428571492
86618  -28.255  -9.467  -15.130 0.1428571492
85646  -30.179  -9.837  -14.735 0.1428571492
86621  -30.651  -9.151  -14.490 0.1428571492
100909  -24.229  6.477  -11.103 0.1428571492
83703  -29.813  -12.573  -15.356 0.1428571492
81842  -27.708  -14.506  -15.319 0.1428571492
83701  -27.805  -12.506  -15.372 0.1428571492
90556  -31.284  -6.152  -14.149 0.1428571492
82765  -28.266  -13.508  -15.423 0.1428571492
84696  -30.248  -11.553  -15.227 0.1428571492
84692  -26.487  -11.524  -15.145 0.1428571492
85651  -28.575  -10.534  -15.250 0.1428571492
84695  -29.202  -11.551  -15.302 0.1428571492
85644  -28.975  -10.030  -14.816 0.1428571492
86629  -27.508  -9.596  -15.216 0.1428571492
85645  -29.692  -9.945  -14.733 0.1428571492
86627  -25.842  -9.903  -15.017 0.1428571492
81841  -26.693  -14.498  -15.455 0.1428571492
74079  -26.600  -22.052  -15.330 0.1428571492
75022  -27.918  -21.687  -15.319 0.2857142985
77049  -31.825  -19.053  -14.500 0.2857142985
77078  -29.912  -19.333  -16.237 0.2857142985
79066  -38.981  -16.901  -12.010 0.1428571492
79125  -30.891  -17.811  -16.494 0.2857142985
79978  -37.125  -16.299  -10.601 0.1428571492
80024  -33.551  -16.169  -14.754 0.1428571492
80915  -33.756  -15.397  -14.836 0.4285714328
80932  -32.644  -15.950  -15.933 0.5714285970
81851  -33.424  -14.475  -16.001 0.7142857313
82709  -42.404  -13.205  -11.492 0.1428571492
82727  -40.870  -13.174  -12.800 0.1428571492
82733  -34.203  -14.153  -13.972 0.2857142985
83611  -39.315  -13.009  -10.868 0.1428571492
83659  -34.453  -13.473  -13.233 0.2857142985
83673  -42.246  -12.270  -13.308 0.1428571492
83706  -34.501  -12.948  -15.728 0.5714285970
83707  -34.660  -12.317  -15.951 0.5714285970
83712  -34.531  -12.267  -16.173 0.5714285970
84561  -41.845  -11.724  -8.321 0.1428571492
84599  -37.162  -11.465  -10.741 0.1428571492
84663  -42.879  -10.726  -12.101 0.1428571492
84704  -34.462  -11.981  -16.268 0.5714285970
85555  -37.572  -11.050  -10.749 0.2857142985
86622  -34.629  -9.234  -15.370 0.5714285970
86624  -40.770  -9.076  -14.075 0.1428571492
86631  -30.526  -9.652  -14.752 0.1428571492
86638  -33.436  -9.154  -16.286 0.4285714328
86640  -33.171  -9.061  -16.425 0.4285714328
86641  -33.461  -9.061  -16.870 0.5714285970
86642  -33.885  -8.951  -17.078 0.5714285970
87610  -38.076  -8.594  -11.564 0.2857142985
87624  -40.032  -8.096  -12.964 0.1428571492
87637  -39.819  -8.739  -13.267 0.1428571492
87639  -40.964  -8.030  -13.813 0.1428571492
87662  -40.949  -8.539  -14.076 0.1428571492
87664  -41.846  -7.990  -14.019 0.1428571492
87671  -33.158  -8.928  -15.947 0.4285714328
87672  -33.508  -8.817  -16.102 0.4285714328
87673  -33.823  -8.733  -16.539 0.5714285970
87674  -33.284  -8.830  -16.529 0.4285714328
87675  -33.630  -8.672  -16.706 0.5714285970
87676  -33.926  -8.595  -16.876 0.5714285970
88680  -40.319  -7.460  -13.115 0.2857142985
88719  -40.787  -7.038  -14.202 0.2857142985
88720  -41.333  -7.284  -14.246 0.1428571492
88724  -34.071  -7.784  -15.311 0.4285714328
89622  -40.451  -6.935  -13.325 0.2857142985
89637  -40.088  -5.939  -13.398 0.4285714328
90519  -39.156  -5.558  -12.671 0.4285714328
90562  -41.469  -5.500  -14.255 0.2857142985
90567  -32.839  -6.405  -15.035 0.7142857313
91406  -32.526  -4.038  -13.057 0.5714285970
91409  -37.704  -4.774  -12.413 0.4285714328
91432  -40.655  -4.628  -13.525 0.4285714328
92322  -39.250  -4.124  -12.661 0.4285714328
92353  -33.886  -3.281  -15.145 0.8571428657
93242  -36.245  -2.366  -13.898 0.8571428657
93260  -34.004  -2.000  -15.103 1.0000000000
94116  -34.110  -0.736  -13.328 0.8571428657
95028  -32.514  -0.881  -10.945 0.4285714328
95056  -28.931  -0.517  -13.460 0.1428571492
95926  -31.971  0.076  -10.757 0.4285714328
95928  -33.988  -0.075  -10.988 1.0000000000
95946  -36.921  0.650  -12.766 0.7142857313
95960  -36.550  0.104  -13.275 0.7142857313
95961  -37.220  0.348  -12.999 0.7142857313
95978  -36.036  0.350  -13.812 0.8571428657
96820  -36.634  0.441  -13.068 0.7142857313
96821  -36.723  0.665  -12.910 0.7142857313
96839  -36.768  1.109  -12.892 0.5714285970
98490  -28.237  3.277  -13.242 0.2857142985
99207  -23.378  4.890  -10.593 0.2857142985
99213  -34.214  4.957  -10.536 0.8571428657
99215  -35.206  5.240  -11.132 0.8571428657
99234  -35.267  4.698  -11.560 0.8571428657
100024  -23.818  6.079  -10.602 0.1428571492
100033  -35.151  5.723  -10.888 0.8571428657
100100  -37.373  4.410  -15.068 0.4285714328
100900  -33.142  6.539  -10.432 0.8571428657
100943  -36.167  7.259  -12.993 0.4285714328
101834  -32.004  7.744  -10.961 0.4285714328
101867  -27.374  8.019  -12.679 0.1428571492
102676  -32.326  8.086  -10.820 1.0000000000
102686  -27.327  9.317  -12.499 0.1428571492
102718  -27.006  8.126  -12.532 0.2857142985
103479  -32.715  9.969  -10.872 0.8571428657
103480  -35.385  9.339  -10.930 0.4285714328
103490  -32.342  10.196  -10.949 0.8571428657
103503  -30.619  9.886  -12.514 0.2857142985
104226  -32.808  10.702  -10.861 0.8571428657
104227  -34.492  10.486  -10.603 0.5714285970
104235  -30.751  10.253  -12.429 0.5714285970
104236  -32.461  10.487  -10.921 0.8571428657
104237  -32.679  10.505  -10.831 0.8571428657
104244  -30.548  10.341  -12.543 0.2857142985
104245  -30.598  10.108  -12.518 0.2857142985
104973  -30.847  11.729  -12.383 0.7142857313
104974  -30.963  11.742  -12.218 0.5714285970
104996  -29.094  11.902  -12.584 0.4285714328
104997  -29.659  11.628  -13.114 0.2857142985
105774  -30.819  11.937  -12.418 0.7142857313
105797  -30.199  12.234  -12.979 0.5714285970
105817  -36.033  12.122  -15.130 0.1428571492
106556  -35.963  14.035  -11.863 0.2857142985
106572  -35.859  13.408  -15.115 0.1428571492
107300  -28.643  15.329  -11.228 0.1428571492
108139  -30.835  16.087  -12.204 0.2857142985
109010  -29.026  17.012  -12.385 0.2857142985
109013  -36.335  16.065  -13.847 0.1428571492
109748  -31.070  17.248  -11.631 0.2857142985
109758  -35.487  17.557  -13.134 0.1428571492
109761  -29.247  17.122  -12.425 0.2857142985
110455  -34.029  18.435  -11.765 0.1428571492
111133  -33.935  19.055  -12.096 0.1428571492
