#!ascii label  , from subject 3113 vox2ras=TkReg
1064
47939  24.755  -39.014  43.280 0.0000000000
47905  38.867  -37.686  44.469 0.0000000000
69690  41.199  -19.671  26.496 0.0000000000
60983  33.994  -28.522  33.864 0.0000000000
52716  37.584  -35.402  36.099 0.0000000000
79913  51.423  -10.485  18.787 0.0000000000
67333  42.555  -20.614  30.242 0.0000000000
66232  37.625  -20.937  29.418 0.0000000000
44512  20.321  -42.422  41.763 0.0000000000
50269  32.174  -36.659  44.025 0.0000000000
50334  33.546  -36.551  39.262 0.0000000000
50356  25.517  -36.738  39.201 0.0000000000
75872  46.806  -14.704  22.836 0.0000000000
46774  29.357  -39.468  46.535 0.0000000000
44482  24.830  -41.792  46.727 0.0000000000
71853  45.898  -17.194  27.104 0.0000000000
42189  19.599  -43.700  46.689 0.0000000000
39794  15.983  -46.700  47.104 0.0000000000
66207  36.915  -22.879  34.322 0.0000000000
58082  36.961  -31.340  35.086 0.0000000000
53907  33.358  -34.904  32.040 0.0000000000
49273  32.995  -37.330  35.379 0.0000000000
68462  42.327  -19.521  32.740 0.0000000000
67318  40.126  -20.337  30.560 0.0000000000
68480  39.482  -19.468  31.961 0.0000000000
68459  45.485  -19.997  33.491 0.0000000000
46813  22.430  -40.575  39.980 0.0000000000
44543  20.804  -42.978  38.890 0.0000000000
45655  22.061  -41.084  41.714 0.0000000000
49128  28.225  -37.601  43.493 0.0000000000
50304  28.544  -36.394  41.990 0.0000000000
49161  24.788  -38.045  41.079 0.0000000000
48024  23.006  -40.061  37.671 0.0000000000
71865  41.217  -17.642  24.890 0.0000000000
67389  43.694  -20.385  28.061 0.0000000000
70818  43.369  -18.418  26.726 0.0000000000
72893  43.304  -16.874  25.493 0.0000000000
43313  24.702  -42.607  49.260 0.0000000000
43333  22.251  -42.416  46.771 0.0000000000
42177  21.827  -42.999  48.767 0.0000000000
39776  17.519  -45.662  51.725 0.0000000000
39788  17.298  -45.969  49.227 0.0000000000
38538  15.525  -47.011  49.782 0.0000000000
37276  13.635  -48.804  49.428 0.0000000000
37266  13.801  -48.421  51.532 0.0000000000
58070  38.876  -31.524  36.325 0.0000000000
54995  37.340  -33.831  35.150 0.0000000000
55017  34.852  -33.812  33.748 0.0000000000
52743  35.665  -35.556  34.125 0.0000000000
51544  30.456  -35.465  37.630 0.0000000000
49218  33.301  -36.943  37.010 0.0000000000
50427  30.729  -35.623  35.269 0.0000000000
50463  30.854  -35.883  32.955 0.0000000000
64170  36.180  -25.201  34.239 0.0000000000
65192  34.222  -23.829  31.999 0.0000000000
63142  32.507  -26.161  32.356 0.0000000000
82877  54.008  -7.718  17.186 0.0000000000
81972  51.186  -9.047  16.819 0.0000000000
66271  42.027  -20.766  28.430 0.0000000000
66273  39.800  -21.315  27.811 0.0000000000
66228  44.448  -20.643  30.608 0.0000000000
50266  35.402  -36.761  44.446 0.0000000000
49138  35.948  -37.380  41.529 0.0000000000
51470  33.588  -36.179  41.809 0.0000000000
51506  29.763  -35.064  39.835 0.0000000000
51562  26.229  -35.838  36.807 0.0000000000
74909  48.488  -15.283  24.621 0.0000000000
75884  49.020  -14.308  22.726 0.0000000000
76870  49.257  -12.669  20.681 0.0000000000
77858  48.901  -11.706  18.365 0.0000000000
47911  27.227  -39.047  45.429 0.0000000000
46786  24.953  -40.884  44.655 0.0000000000
45632  27.202  -40.396  47.131 0.0000000000
47907  31.024  -38.204  45.574 0.0000000000
73918  46.546  -15.822  25.082 0.0000000000
44494  22.430  -41.874  44.876 0.0000000000
43341  19.484  -43.302  44.544 0.0000000000
42199  17.550  -44.780  44.290 0.0000000000
42179  19.669  -44.316  49.321 0.0000000000
41009  17.685  -45.391  46.751 0.0000000000
34833  12.193  -50.896  52.881 0.0000000000
69576  39.368  -20.217  35.421 0.0000000000
62023  36.683  -27.318  35.445 0.0000000000
59987  37.957  -29.422  35.555 0.0000000000
59999  35.221  -29.652  34.686 0.0000000000
58111  34.408  -32.596  33.539 0.0000000000
55039  33.532  -33.835  31.107 0.0000000000
53953  31.326  -34.486  28.099 0.0000000000
47983  35.949  -38.185  39.530 0.0000000000
48034  35.928  -38.016  37.483 0.0000000000
50423  36.106  -36.668  36.004 0.0000000000
50478  33.578  -36.402  33.049 0.0000000000
52776  31.012  -34.675  30.690 0.0000000000
68496  36.481  -20.674  31.955 0.0000000000
66265  34.650  -22.451  28.876 0.0000000000
69592  42.446  -19.024  34.277 0.0000000000
68463  41.501  -19.326  32.788 0.0000000000
69593  41.261  -18.670  34.588 0.0000000000
69591  43.606  -19.220  34.155 0.0000000000
47953  22.776  -39.712  41.604 0.0000000000
46803  22.408  -40.246  41.576 0.0000000000
46798  23.144  -39.896  42.973 0.0000000000
49131  25.742  -38.466  42.960 0.0000000000
49159  26.630  -37.721  41.859 0.0000000000
49145  24.261  -38.529  41.716 0.0000000000
49162  23.672  -38.581  40.812 0.0000000000
70820  41.471  -18.722  26.038 0.0000000000
68545  42.377  -20.186  27.348 0.0000000000
68544  43.342  -19.982  27.453 0.0000000000
69689  41.897  -19.312  26.479 0.0000000000
70819  42.378  -18.336  26.194 0.0000000000
38529  16.383  -46.670  52.155 0.0000000000
39778  16.285  -46.585  50.802 0.0000000000
38534  15.563  -46.773  50.664 0.0000000000
38539  14.746  -47.540  49.355 0.0000000000
37265  14.487  -48.030  50.985 0.0000000000
37270  13.741  -48.644  50.499 0.0000000000
56028  38.424  -33.495  35.899 0.0000000000
53884  37.845  -34.371  35.974 0.0000000000
53886  36.388  -34.698  35.125 0.0000000000
52730  36.413  -35.332  35.297 0.0000000000
47934  38.848  -38.145  42.651 0.0000000000
51578  28.449  -34.858  35.680 0.0000000000
51577  29.715  -35.322  35.949 0.0000000000
51596  28.078  -34.718  34.645 0.0000000000
52732  28.445  -34.862  33.756 0.0000000000
63120  34.753  -26.231  34.013 0.0000000000
63140  34.340  -25.763  33.415 0.0000000000
77849  51.442  -11.744  19.608 0.0000000000
78849  53.096  -11.155  19.764 0.0000000000
80975  52.647  -9.723  18.947 0.0000000000
80979  52.199  -9.063  18.099 0.0000000000
80980  51.116  -9.432  17.541 0.0000000000
66241  42.383  -20.714  29.340 0.0000000000
66272  40.967  -21.065  27.993 0.0000000000
67361  41.063  -21.119  29.154 0.0000000000
66231  38.498  -20.903  29.374 0.0000000000
66244  39.054  -21.145  29.061 0.0000000000
66245  37.859  -21.248  28.687 0.0000000000
67301  44.016  -20.344  32.068 0.0000000000
67332  43.527  -20.927  30.305 0.0000000000
66240  43.436  -20.970  29.802 0.0000000000
44525  20.356  -42.799  40.276 0.0000000000
43373  19.015  -43.930  40.956 0.0000000000
50267  34.574  -36.560  44.128 0.0000000000
50284  34.852  -36.506  42.844 0.0000000000
51443  32.533  -36.284  43.288 0.0000000000
51508  27.075  -36.104  40.244 0.0000000000
51490  29.060  -35.593  41.221 0.0000000000
51529  27.556  -35.504  39.009 0.0000000000
51547  26.778  -35.478  37.843 0.0000000000
51548  25.437  -36.314  37.895 0.0000000000
50374  24.314  -37.206  37.283 0.0000000000
58113  32.548  -31.934  32.082 0.0000000000
74921  47.407  -15.137  23.711 0.0000000000
74919  49.617  -14.780  23.694 0.0000000000
75877  48.354  -14.556  23.006 0.0000000000
76871  47.926  -13.276  20.780 0.0000000000
77853  47.767  -12.735  19.198 0.0000000000
77845  49.562  -12.229  20.214 0.0000000000
46782  28.266  -38.964  45.946 0.0000000000
46784  26.575  -39.615  45.383 0.0000000000
46767  28.189  -40.007  47.479 0.0000000000
47896  30.032  -39.326  46.320 0.0000000000
47909  29.084  -38.708  45.543 0.0000000000
73907  47.530  -16.322  26.126 0.0000000000
72886  45.768  -16.818  26.540 0.0000000000
73921  43.477  -16.173  24.575 0.0000000000
45636  24.536  -41.475  45.434 0.0000000000
44493  23.115  -41.206  44.651 0.0000000000
44488  23.698  -41.648  45.729 0.0000000000
43329  21.078  -43.193  46.847 0.0000000000
43339  21.182  -42.636  45.473 0.0000000000
43336  19.785  -43.061  45.749 0.0000000000
43342  18.694  -43.740  43.915 0.0000000000
42198  18.079  -44.195  44.668 0.0000000000
42165  19.529  -44.687  50.797 0.0000000000
39793  16.828  -46.174  47.708 0.0000000000
41005  17.537  -45.402  47.740 0.0000000000
39799  16.545  -46.220  46.598 0.0000000000
41015  16.942  -45.561  45.210 0.0000000000
63117  37.183  -25.840  35.187 0.0000000000
58081  37.881  -31.425  34.953 0.0000000000
59033  38.496  -30.439  35.360 0.0000000000
59034  37.686  -30.423  34.841 0.0000000000
59988  37.179  -29.372  34.883 0.0000000000
59045  36.254  -30.604  34.672 0.0000000000
58098  34.899  -32.035  34.218 0.0000000000
57080  35.595  -32.291  34.183 0.0000000000
53906  34.453  -34.445  33.177 0.0000000000
55018  34.090  -33.874  33.189 0.0000000000
53919  33.482  -34.591  31.778 0.0000000000
53935  32.544  -34.326  30.186 0.0000000000
53921  32.181  -34.634  30.325 0.0000000000
49140  34.685  -36.903  40.490 0.0000000000
47966  36.279  -37.942  40.708 0.0000000000
49177  34.835  -37.686  39.486 0.0000000000
49233  33.079  -37.148  36.478 0.0000000000
48021  34.680  -37.971  37.481 0.0000000000
48052  34.427  -37.832  36.225 0.0000000000
49250  35.796  -37.173  36.544 0.0000000000
49271  34.352  -37.537  35.502 0.0000000000
50441  34.869  -36.710  34.614 0.0000000000
50443  33.444  -36.930  34.306 0.0000000000
51650  28.707  -35.188  31.227 0.0000000000
51649  30.282  -35.015  31.776 0.0000000000
68464  37.957  -21.233  35.142 0.0000000000
69596  38.461  -19.922  34.216 0.0000000000
68466  36.835  -21.471  34.128 0.0000000000
65201  33.455  -23.512  31.111 0.0000000000
66234  34.128  -22.601  30.565 0.0000000000
82888  53.372  -6.883  15.541 0.0000000000
68477  43.145  -20.057  32.417 0.0000000000
67317  41.144  -20.424  30.796 0.0000000000
67304  41.177  -20.171  31.368 0.0000000000
68493  39.914  -19.902  31.204 0.0000000000
67320  38.508  -20.277  30.815 0.0000000000
69589  45.381  -19.601  34.301 0.0000000000
68441  44.363  -19.524  33.690 0.0000000000
45669  22.155  -41.680  39.437 0.0000000000
44523  21.589  -41.548  40.746 0.0000000000
44511  21.093  -42.186  41.526 0.0000000000
49126  29.776  -37.377  44.005 0.0000000000
51459  30.287  -36.329  42.795 0.0000000000
50288  28.735  -37.115  42.804 0.0000000000
50320  26.790  -37.141  41.049 0.0000000000
50339  24.993  -37.404  40.043 0.0000000000
50358  23.931  -38.011  38.587 0.0000000000
49182  23.473  -38.649  39.591 0.0000000000
48005  22.826  -39.478  38.973 0.0000000000
75880  45.594  -14.421  21.539 0.0000000000
46758  30.261  -40.066  47.818 0.0000000000
68527  45.243  -20.054  28.478 0.0000000000
69669  44.804  -19.379  27.953 0.0000000000
70817  44.205  -18.463  27.156 0.0000000000
72887  44.856  -16.843  26.335 0.0000000000
71856  43.327  -17.714  26.049 0.0000000000
71864  41.913  -17.434  25.268 0.0000000000
44476  24.660  -42.455  47.955 0.0000000000
44483  23.613  -42.443  46.969 0.0000000000
43326  23.413  -42.487  47.746 0.0000000000
43322  22.188  -42.917  47.929 0.0000000000
42183  20.738  -43.413  47.735 0.0000000000
40992  18.738  -45.310  50.800 0.0000000000
39780  17.408  -45.814  50.756 0.0000000000
39785  16.938  -46.468  49.606 0.0000000000
39790  15.999  -46.439  48.245 0.0000000000
38542  14.735  -47.948  48.225 0.0000000000
57077  38.384  -32.316  35.992 0.0000000000
57079  37.059  -32.228  35.141 0.0000000000
56052  35.911  -33.049  34.150 0.0000000000
55006  35.857  -33.721  34.517 0.0000000000
53904  35.506  -34.432  34.287 0.0000000000
52755  34.723  -35.246  33.075 0.0000000000
50354  31.698  -35.902  38.538 0.0000000000
49180  33.060  -36.580  38.300 0.0000000000
50372  31.819  -36.296  37.541 0.0000000000
49256  32.050  -36.642  36.404 0.0000000000
50426  31.641  -36.446  35.304 0.0000000000
50444  32.537  -36.685  34.363 0.0000000000
51612  30.276  -35.498  33.569 0.0000000000
51630  28.988  -34.683  32.285 0.0000000000
65177  36.609  -24.282  34.232 0.0000000000
66212  35.577  -22.983  33.298 0.0000000000
64196  34.972  -24.451  33.275 0.0000000000
64198  33.108  -24.730  31.951 0.0000000000
81970  53.199  -8.313  17.468 0.0000000000
81971  51.887  -8.817  17.019 0.0000000000
68546  41.616  -20.429  27.219 0.0000000000
69691  40.221  -20.092  26.368 0.0000000000
67393  40.278  -21.176  26.901 0.0000000000
66243  39.928  -21.200  29.109 0.0000000000
66274  38.690  -21.486  27.574 0.0000000000
67286  46.135  -20.145  33.182 0.0000000000
67299  46.225  -20.458  32.312 0.0000000000
67330  45.615  -20.078  31.081 0.0000000000
66254  44.559  -20.568  29.747 0.0000000000
67369  43.137  -20.523  28.464 0.0000000000
47921  37.583  -37.353  43.894 0.0000000000
47936  37.591  -37.351  43.173 0.0000000000
49124  35.996  -36.865  42.556 0.0000000000
50300  34.823  -36.456  41.800 0.0000000000
50302  33.635  -35.903  40.633 0.0000000000
51473  30.069  -35.949  42.216 0.0000000000
51489  30.643  -35.335  40.812 0.0000000000
51505  31.241  -35.537  39.393 0.0000000000
51527  30.442  -35.343  38.539 0.0000000000
51561  27.960  -34.810  36.953 0.0000000000
52704  26.599  -35.404  35.899 0.0000000000
73952  50.635  -13.995  22.447 0.0000000000
75886  47.423  -13.789  21.492 0.0000000000
74945  49.179  -13.621  21.787 0.0000000000
75894  50.308  -13.164  21.316 0.0000000000
76868  50.914  -12.856  20.729 0.0000000000
77850  50.879  -11.874  19.561 0.0000000000
78857  50.133  -11.044  18.579 0.0000000000
79918  50.210  -10.137  17.749 0.0000000000
47925  25.867  -39.208  44.136 0.0000000000
46797  24.119  -39.710  43.269 0.0000000000
46791  25.623  -39.738  44.631 0.0000000000
46778  25.622  -40.563  45.688 0.0000000000
45627  26.078  -41.083  47.090 0.0000000000
46760  28.310  -40.198  48.130 0.0000000000
44475  25.821  -41.561  47.820 0.0000000000
44469  25.450  -42.013  49.037 0.0000000000
47906  38.184  -37.712  45.071 0.0000000000
49096  36.891  -36.970  45.089 0.0000000000
50250  35.256  -36.948  45.327 0.0000000000
50252  33.575  -37.000  44.889 0.0000000000
49086  32.951  -37.987  45.872 0.0000000000
49113  31.109  -37.536  44.725 0.0000000000
49115  29.370  -37.900  44.601 0.0000000000
49117  27.909  -38.129  44.156 0.0000000000
73906  48.507  -15.909  26.076 0.0000000000
73917  47.448  -15.768  25.292 0.0000000000
74911  46.545  -15.398  24.290 0.0000000000
73910  44.793  -16.393  25.467 0.0000000000
73931  45.182  -15.855  24.063 0.0000000000
74923  45.333  -15.239  23.390 0.0000000000
45651  22.962  -40.433  43.658 0.0000000000
44500  22.286  -41.548  43.642 0.0000000000
44506  21.125  -41.946  42.745 0.0000000000
44495  21.673  -42.315  45.144 0.0000000000
43345  20.974  -42.560  44.683 0.0000000000
43353  19.556  -42.866  42.221 0.0000000000
43354  18.694  -43.551  42.055 0.0000000000
42217  17.838  -44.517  42.490 0.0000000000
42178  20.554  -43.600  49.000 0.0000000000
42184  19.448  -44.303  48.032 0.0000000000
41004  18.309  -44.789  48.193 0.0000000000
41013  18.193  -44.931  46.441 0.0000000000
41024  17.519  -45.030  44.898 0.0000000000
36021  12.713  -49.647  52.278 0.0000000000
69574  40.755  -19.024  35.314 0.0000000000
66205  38.361  -23.374  35.190 0.0000000000
64169  36.961  -25.200  34.640 0.0000000000
63118  36.472  -26.190  35.084 0.0000000000
62036  35.167  -27.373  34.574 0.0000000000
60969  36.907  -28.278  35.494 0.0000000000
60980  36.254  -28.465  34.905 0.0000000000
60000  34.319  -29.621  34.263 0.0000000000
59048  33.710  -30.526  34.001 0.0000000000
58112  33.877  -32.169  33.344 0.0000000000
57121  33.452  -33.149  32.181 0.0000000000
56063  34.790  -33.276  33.589 0.0000000000
56074  33.654  -33.467  32.281 0.0000000000
56086  33.009  -33.458  30.782 0.0000000000
55056  32.414  -33.789  28.168 0.0000000000
55057  32.047  -34.196  27.907 0.0000000000
51592  38.684  -36.020  36.437 0.0000000000
47948  38.121  -38.108  41.863 0.0000000000
47965  37.349  -38.786  41.079 0.0000000000
47999  37.257  -38.071  39.499 0.0000000000
48002  34.697  -38.220  38.249 0.0000000000
48019  36.119  -38.223  38.203 0.0000000000
48018  36.897  -37.795  38.600 0.0000000000
49230  37.311  -37.122  37.212 0.0000000000
50404  37.493  -36.645  36.609 0.0000000000
51594  37.020  -35.938  36.130 0.0000000000
51610  36.042  -36.066  34.902 0.0000000000
51628  34.714  -36.300  33.290 0.0000000000
51646  33.236  -35.739  32.506 0.0000000000
50462  31.990  -36.293  33.484 0.0000000000
51647  32.316  -35.688  32.342 0.0000000000
52775  31.994  -35.068  30.925 0.0000000000
52796  30.757  -34.701  29.670 0.0000000000
69613  39.147  -19.364  33.664 0.0000000000
68481  38.349  -19.659  32.098 0.0000000000
68507  36.936  -20.531  30.929 0.0000000000
67306  35.685  -22.052  32.845 0.0000000000
67339  35.813  -21.297  30.463 0.0000000000
66247  35.734  -21.691  29.042 0.0000000000
80984  50.199  -9.607  16.551 0.0000000000
70747  42.998  -18.773  34.818 0.0000000000
70748  42.208  -18.729  35.128 0.0000000000
69573  43.496  -18.966  35.012 0.0000000000
47952  23.618  -39.373  41.889 0.0000000000
46802  22.936  -39.756  42.053 0.0000000000
47940  23.978  -39.603  42.818 0.0000000000
49144  25.091  -38.291  42.248 0.0000000000
47951  24.430  -38.789  42.308 0.0000000000
70806  41.201  -19.356  26.324 0.0000000000
70821  40.711  -19.176  25.946 0.0000000000
68567  41.808  -19.984  26.881 0.0000000000
68566  42.567  -19.734  26.992 0.0000000000
69671  41.672  -19.276  26.392 0.0000000000
38530  15.912  -46.930  51.554 0.0000000000
38535  14.909  -47.430  50.361 0.0000000000
38531  15.018  -47.195  51.332 0.0000000000
53872  38.374  -34.682  36.296 0.0000000000
53873  37.529  -34.784  36.040 0.0000000000
52729  37.011  -35.088  35.849 0.0000000000
47904  39.547  -37.832  44.054 0.0000000000
47919  38.836  -37.817  43.533 0.0000000000
51579  27.310  -34.898  35.301 0.0000000000
52719  27.924  -34.898  33.934 0.0000000000
62037  34.368  -27.437  34.080 0.0000000000
63121  34.019  -26.563  33.537 0.0000000000
78856  51.218  -10.976  19.001 0.0000000000
78850  52.130  -11.375  19.539 0.0000000000
78855  51.700  -10.849  19.144 0.0000000000
79912  52.056  -10.472  19.128 0.0000000000
80976  51.706  -9.831  18.544 0.0000000000
79917  51.048  -10.087  18.262 0.0000000000
67348  41.820  -20.693  29.535 0.0000000000
66262  36.930  -21.582  27.938 0.0000000000
66246  36.743  -21.318  29.036 0.0000000000
67315  43.269  -20.481  30.992 0.0000000000
67347  42.876  -20.789  29.839 0.0000000000
43372  19.712  -43.266  40.735 0.0000000000
50268  33.444  -36.342  43.689 0.0000000000
51444  31.652  -36.351  43.504 0.0000000000
51509  26.362  -36.418  39.944 0.0000000000
51530  26.266  -36.296  39.100 0.0000000000
51531  25.467  -36.656  38.772 0.0000000000
57122  32.793  -32.901  31.384 0.0000000000
75870  47.937  -14.904  23.370 0.0000000000
75871  47.438  -14.782  23.176 0.0000000000
77859  48.125  -12.411  18.458 0.0000000000
47897  29.261  -39.174  46.280 0.0000000000
46775  28.579  -39.404  46.457 0.0000000000
46766  29.512  -39.914  47.020 0.0000000000
71836  45.878  -18.297  27.838 0.0000000000
72885  46.589  -16.756  26.913 0.0000000000
44487  24.517  -41.446  45.967 0.0000000000
42188  20.451  -43.467  46.912 0.0000000000
42193  19.114  -43.783  45.379 0.0000000000
42194  18.589  -44.300  46.015 0.0000000000
40991  19.334  -44.831  51.220 0.0000000000
59044  36.833  -30.509  34.895 0.0000000000
58096  36.322  -31.432  34.610 0.0000000000
58097  35.751  -31.557  34.350 0.0000000000
52773  33.893  -34.763  32.342 0.0000000000
53918  33.986  -34.403  32.533 0.0000000000
53920  32.877  -34.898  30.929 0.0000000000
53908  33.102  -34.960  31.664 0.0000000000
50315  34.328  -36.614  40.270 0.0000000000
49157  34.378  -37.103  39.856 0.0000000000
49158  33.949  -36.821  39.339 0.0000000000
48054  33.388  -37.503  35.960 0.0000000000
48037  33.992  -37.687  36.524 0.0000000000
48053  33.769  -37.854  35.925 0.0000000000
49252  34.471  -37.800  35.872 0.0000000000
49289  33.893  -37.345  34.835 0.0000000000
49290  33.187  -37.195  34.860 0.0000000000
67289  37.811  -22.165  34.841 0.0000000000
67290  37.178  -22.091  34.415 0.0000000000
68478  42.278  -19.803  31.957 0.0000000000
69620  40.896  -19.057  32.925 0.0000000000
68479  41.016  -19.711  32.047 0.0000000000
67319  39.163  -20.319  30.620 0.0000000000
68494  38.875  -19.929  31.275 0.0000000000
69555  46.568  -19.291  35.783 0.0000000000
69609  43.384  -19.337  33.573 0.0000000000
68461  43.565  -19.568  33.199 0.0000000000
44510  21.417  -41.619  41.361 0.0000000000
44505  21.678  -41.472  42.358 0.0000000000
49127  29.135  -37.549  43.678 0.0000000000
50289  28.118  -37.320  42.864 0.0000000000
49160  25.885  -37.915  41.497 0.0000000000
50321  25.541  -37.560  40.661 0.0000000000
50322  24.893  -37.716  40.468 0.0000000000
49181  24.382  -38.021  39.991 0.0000000000
47985  23.031  -39.303  40.131 0.0000000000
47986  22.472  -40.138  39.625 0.0000000000
67367  44.812  -20.368  28.850 0.0000000000
67388  44.415  -20.303  28.358 0.0000000000
69687  43.550  -19.157  27.277 0.0000000000
69670  44.080  -19.616  27.563 0.0000000000
69686  44.258  -19.047  27.576 0.0000000000
70804  44.867  -18.620  27.598 0.0000000000
71855  44.175  -17.762  26.495 0.0000000000
70836  41.650  -18.061  25.613 0.0000000000
70835  42.105  -17.830  25.742 0.0000000000
44470  24.826  -42.511  48.717 0.0000000000
44477  23.876  -42.390  47.792 0.0000000000
43320  23.817  -42.556  48.328 0.0000000000
43316  22.664  -42.834  48.547 0.0000000000
42182  21.586  -43.168  47.991 0.0000000000
40980  18.199  -45.272  51.972 0.0000000000
40987  18.125  -45.395  51.163 0.0000000000
39782  16.304  -46.692  50.086 0.0000000000
39781  16.921  -46.434  50.385 0.0000000000
39786  16.068  -46.317  49.318 0.0000000000
38541  15.310  -46.930  48.793 0.0000000000
38549  15.329  -47.239  47.639 0.0000000000
37275  14.102  -48.210  48.905 0.0000000000
36029  13.293  -49.295  51.006 0.0000000000
36020  13.279  -49.081  51.958 0.0000000000
56037  38.644  -32.964  35.935 0.0000000000
56038  37.928  -33.159  35.639 0.0000000000
57078  37.785  -32.291  35.445 0.0000000000
56039  37.156  -33.075  35.239 0.0000000000
56051  36.500  -33.024  34.763 0.0000000000
55005  36.677  -33.756  34.800 0.0000000000
52742  36.004  -35.107  34.729 0.0000000000
53895  36.030  -34.396  34.820 0.0000000000
52753  35.667  -34.932  34.400 0.0000000000
52754  35.309  -35.066  33.853 0.0000000000
52744  35.152  -35.612  33.623 0.0000000000
50373  31.180  -35.552  37.914 0.0000000000
50353  32.376  -36.524  38.177 0.0000000000
50389  30.961  -35.871  37.171 0.0000000000
50408  30.787  -35.776  36.323 0.0000000000
50407  31.448  -36.284  35.980 0.0000000000
49275  31.958  -36.764  35.879 0.0000000000
50445  31.252  -36.178  34.261 0.0000000000
50446  30.122  -35.492  34.284 0.0000000000
51613  29.125  -34.852  33.539 0.0000000000
65178  35.840  -24.118  33.660 0.0000000000
64171  35.282  -25.103  33.656 0.0000000000
63141  33.646  -25.784  32.903 0.0000000000
64197  34.378  -24.813  33.033 0.0000000000
81977  51.169  -8.660  16.207 0.0000000000
67371  41.691  -20.720  27.978 0.0000000000
67411  40.918  -20.786  27.070 0.0000000000
67392  41.150  -20.795  27.445 0.0000000000
66292  39.991  -21.304  27.278 0.0000000000
66293  38.821  -21.458  26.806 0.0000000000
67335  40.454  -20.589  29.981 0.0000000000
67349  40.727  -20.914  29.454 0.0000000000
67350  39.892  -20.997  29.491 0.0000000000
66260  38.423  -21.418  28.201 0.0000000000
66294  37.838  -21.804  26.668 0.0000000000
68458  46.187  -19.896  33.739 0.0000000000
68438  46.643  -19.838  34.271 0.0000000000
67314  44.336  -20.544  31.133 0.0000000000
67300  45.184  -20.352  32.153 0.0000000000
67313  45.314  -20.330  31.490 0.0000000000
66227  44.995  -20.341  31.006 0.0000000000
66238  44.935  -20.285  30.394 0.0000000000
66239  44.312  -21.010  30.003 0.0000000000
66256  42.839  -20.624  29.009 0.0000000000
66270  42.587  -20.610  28.530 0.0000000000
67391  41.997  -20.480  27.698 0.0000000000
49111  37.027  -37.108  43.953 0.0000000000
49112  36.188  -36.937  43.665 0.0000000000
50285  33.997  -36.429  42.283 0.0000000000
50301  34.151  -36.379  41.053 0.0000000000
51471  33.075  -35.663  41.405 0.0000000000
50303  29.247  -36.419  42.504 0.0000000000
51507  28.377  -35.488  40.030 0.0000000000
51488  32.265  -35.461  40.225 0.0000000000
51528  28.958  -35.391  38.815 0.0000000000
51546  28.127  -35.054  37.789 0.0000000000
52671  26.971  -35.470  36.913 0.0000000000
52684  27.388  -35.066  36.510 0.0000000000
52685  26.703  -35.403  36.267 0.0000000000
49204  23.370  -38.698  38.437 0.0000000000
50375  23.863  -38.046  37.898 0.0000000000
74898  49.514  -15.318  25.692 0.0000000000
74932  49.374  -14.488  23.018 0.0000000000
73930  50.110  -14.336  23.045 0.0000000000
73942  50.805  -14.138  22.692 0.0000000000
73943  50.177  -14.105  22.634 0.0000000000
76862  46.868  -13.612  21.007 0.0000000000
75906  48.525  -12.996  20.733 0.0000000000
75896  48.522  -13.403  21.164 0.0000000000
75895  49.415  -13.096  21.195 0.0000000000
74958  49.746  -13.468  21.688 0.0000000000
76869  50.008  -12.647  20.793 0.0000000000
77851  49.862  -11.719  19.336 0.0000000000
78852  50.529  -11.506  19.207 0.0000000000
78858  49.416  -11.288  18.265 0.0000000000
46790  26.275  -39.328  44.712 0.0000000000
46776  27.364  -40.047  46.474 0.0000000000
46777  26.044  -40.089  46.012 0.0000000000
45634  25.626  -40.711  46.265 0.0000000000
45633  26.522  -40.462  46.758 0.0000000000
46759  29.007  -40.188  48.055 0.0000000000
45618  27.743  -40.852  48.287 0.0000000000
45620  26.583  -41.238  47.679 0.0000000000
44468  26.818  -41.512  48.704 0.0000000000
49095  37.545  -37.339  45.083 0.0000000000
50251  34.552  -36.883  45.048 0.0000000000
47895  31.329  -38.471  46.243 0.0000000000
49087  32.204  -37.854  45.972 0.0000000000
49100  31.661  -37.714  45.325 0.0000000000
49101  30.708  -37.892  45.210 0.0000000000
49114  30.307  -37.541  44.555 0.0000000000
49102  29.926  -38.032  45.187 0.0000000000
47910  27.872  -38.766  45.466 0.0000000000
47923  28.198  -38.294  44.890 0.0000000000
47924  26.956  -38.619  44.620 0.0000000000
47938  26.113  -38.665  43.670 0.0000000000
69674  39.737  -20.470  26.341 0.0000000000
73908  46.624  -16.487  25.834 0.0000000000
72888  44.100  -17.060  25.818 0.0000000000
73911  44.023  -16.400  25.304 0.0000000000
73932  44.382  -15.784  23.804 0.0000000000
74924  44.283  -15.284  22.864 0.0000000000
46792  24.535  -40.218  44.006 0.0000000000
46793  23.506  -40.353  43.697 0.0000000000
45647  23.606  -40.925  44.109 0.0000000000
44499  23.036  -41.287  43.987 0.0000000000
44501  21.371  -42.438  43.897 0.0000000000
44484  22.755  -42.375  46.800 0.0000000000
44489  22.504  -42.359  46.022 0.0000000000
44490  21.766  -42.560  45.721 0.0000000000
43340  20.337  -42.735  45.068 0.0000000000
43346  20.272  -42.732  43.792 0.0000000000
44502  20.746  -42.516  43.597 0.0000000000
43347  19.154  -43.251  43.249 0.0000000000
42202  18.096  -44.194  43.492 0.0000000000
42203  17.556  -44.946  43.447 0.0000000000
40997  17.928  -45.635  49.573 0.0000000000
41008  18.264  -45.046  47.271 0.0000000000
41023  17.901  -44.642  45.642 0.0000000000
41014  17.571  -45.212  45.871 0.0000000000
36014  13.192  -48.822  52.782 0.0000000000
36008  13.286  -48.720  53.531 0.0000000000
34820  12.351  -50.019  53.015 0.0000000000
34832  12.373  -50.310  52.586 0.0000000000
68442  39.789  -21.689  35.463 0.0000000000
65167  37.930  -24.296  35.163 0.0000000000
65176  37.318  -24.327  34.617 0.0000000000
64145  37.596  -25.191  35.084 0.0000000000
63101  37.117  -26.575  35.380 0.0000000000
62035  35.991  -27.441  35.068 0.0000000000
60968  37.508  -28.424  35.831 0.0000000000
59998  36.233  -29.524  34.828 0.0000000000
59989  36.699  -28.730  34.904 0.0000000000
60981  35.668  -28.495  34.683 0.0000000000
59047  34.627  -30.842  34.305 0.0000000000
58099  34.420  -31.654  33.949 0.0000000000
57108  33.358  -32.720  32.420 0.0000000000
57107  34.019  -32.935  32.873 0.0000000000
56053  35.324  -33.295  33.838 0.0000000000
56062  35.461  -32.994  33.844 0.0000000000
55028  33.766  -33.924  32.054 0.0000000000
56085  33.513  -33.659  31.563 0.0000000000
56087  32.585  -33.313  29.459 0.0000000000
55040  32.941  -33.928  30.423 0.0000000000
53936  31.747  -34.425  29.200 0.0000000000
55042  32.020  -34.165  28.721 0.0000000000
55058  31.492  -34.551  27.610 0.0000000000
53954  30.976  -34.914  27.491 0.0000000000
49137  36.520  -37.544  42.088 0.0000000000
47949  37.073  -38.205  42.124 0.0000000000
47967  35.430  -38.034  39.832 0.0000000000
47982  36.838  -38.462  40.035 0.0000000000
47981  37.769  -38.494  40.355 0.0000000000
48000  36.400  -38.103  39.089 0.0000000000
49201  33.586  -36.839  37.754 0.0000000000
49200  34.239  -37.400  38.348 0.0000000000
48003  34.221  -37.531  37.672 0.0000000000
48035  35.190  -37.924  37.229 0.0000000000
48020  35.331  -38.364  37.819 0.0000000000
48033  36.536  -37.953  37.894 0.0000000000
49217  36.993  -37.792  38.008 0.0000000000
49231  36.656  -37.595  37.375 0.0000000000
49269  35.711  -36.917  35.914 0.0000000000
50406  36.363  -36.852  36.466 0.0000000000
50405  36.799  -36.799  36.437 0.0000000000
50422  36.800  -36.439  36.176 0.0000000000
50439  36.243  -36.329  35.627 0.0000000000
51609  36.469  -35.927  35.643 0.0000000000
50440  35.611  -36.626  35.055 0.0000000000
50460  33.853  -36.688  33.749 0.0000000000
50459  34.620  -36.521  33.910 0.0000000000
50477  34.256  -36.505  33.253 0.0000000000
51645  34.306  -36.063  32.724 0.0000000000
51668  30.619  -34.806  31.117 0.0000000000
51648  31.459  -35.583  32.015 0.0000000000
51667  31.246  -35.231  31.336 0.0000000000
51666  32.077  -35.531  31.643 0.0000000000
69575  40.083  -19.834  35.739 0.0000000000
69594  40.326  -19.246  34.833 0.0000000000
69595  39.222  -19.691  34.817 0.0000000000
68482  37.334  -20.184  32.667 0.0000000000
69623  38.047  -19.845  33.057 0.0000000000
68495  37.753  -20.211  31.273 0.0000000000
66213  35.254  -23.215  32.711 0.0000000000
66220  35.311  -22.533  32.544 0.0000000000
66221  34.800  -22.792  31.990 0.0000000000
67341  34.457  -22.139  30.159 0.0000000000
67340  34.682  -21.696  30.682 0.0000000000
67354  34.664  -21.856  29.866 0.0000000000
66248  34.980  -22.035  29.231 0.0000000000
83850  54.423  -6.652  16.090 0.0000000000
83860  53.974  -6.315  15.478 0.0000000000
83859  54.927  -6.198  15.703 0.0000000000
79923  49.728  -9.962  16.461 0.0000000000
69610  42.855  -19.332  33.549 0.0000000000
69611  41.676  -19.014  33.481 0.0000000000
69621  39.914  -19.058  32.790 0.0000000000
47969  22.520  -39.709  40.783 0.0000000000
46812  22.355  -40.712  40.172 0.0000000000
46799  22.508  -40.494  42.341 0.0000000000
49129  27.367  -38.104  43.497 0.0000000000
49142  27.063  -37.773  42.553 0.0000000000
49143  26.203  -38.160  42.346 0.0000000000
47968  23.010  -39.073  40.954 0.0000000000
70837  40.922  -18.420  25.243 0.0000000000
68565  43.035  -19.491  27.202 0.0000000000
69688  42.766  -19.066  26.882 0.0000000000
43308  24.806  -42.580  50.023 0.0000000000
43314  24.027  -43.110  48.960 0.0000000000
43309  24.166  -42.728  49.723 0.0000000000
37269  14.218  -48.063  49.946 0.0000000000
54981  38.464  -33.984  36.087 0.0000000000
54994  37.875  -33.920  35.663 0.0000000000
53894  36.747  -34.248  35.005 0.0000000000
53885  37.132  -34.522  35.483 0.0000000000
52731  36.001  -35.672  34.591 0.0000000000
51560  28.843  -35.113  36.765 0.0000000000
51559  30.058  -35.490  36.917 0.0000000000
51595  29.295  -35.059  34.780 0.0000000000
52718  28.596  -34.923  34.129 0.0000000000
52734  27.561  -34.964  33.127 0.0000000000
64172  34.713  -25.458  33.552 0.0000000000
63122  33.254  -26.656  33.165 0.0000000000
78847  52.364  -11.844  20.261 0.0000000000
80978  53.043  -9.105  18.347 0.0000000000
66257  41.757  -20.965  28.763 0.0000000000
66242  41.559  -21.016  29.091 0.0000000000
66258  40.740  -21.213  28.632 0.0000000000
67362  40.411  -21.237  28.985 0.0000000000
67336  39.294  -20.752  29.809 0.0000000000
66230  38.949  -20.929  29.373 0.0000000000
66261  37.655  -21.557  27.984 0.0000000000
67288  44.380  -20.192  32.698 0.0000000000
67287  44.975  -20.185  32.791 0.0000000000
67331  44.088  -20.881  30.524 0.0000000000
66229  44.022  -21.161  30.250 0.0000000000
67346  43.284  -21.055  29.981 0.0000000000
44524  21.129  -42.188  40.433 0.0000000000
43374  18.351  -44.148  41.243 0.0000000000
50283  35.453  -36.668  43.528 0.0000000000
51456  33.135  -36.135  42.530 0.0000000000
51492  27.400  -36.464  40.925 0.0000000000
51491  28.055  -36.150  40.825 0.0000000000
51563  25.278  -36.690  36.400 0.0000000000
74920  48.456  -14.989  23.598 0.0000000000
74933  48.798  -14.691  23.171 0.0000000000
75876  48.919  -14.580  22.976 0.0000000000
76872  47.280  -13.374  20.600 0.0000000000
76878  47.205  -13.257  19.489 0.0000000000
76876  48.720  -12.689  20.454 0.0000000000
77846  49.036  -12.408  20.294 0.0000000000
77852  48.735  -12.303  19.597 0.0000000000
46783  27.645  -39.338  45.897 0.0000000000
47908  30.366  -38.515  45.634 0.0000000000
72884  47.394  -16.704  26.944 0.0000000000
73909  45.705  -16.433  25.639 0.0000000000
45641  25.042  -41.387  44.970 0.0000000000
45646  24.478  -41.008  44.541 0.0000000000
45642  24.153  -41.416  44.847 0.0000000000
43328  21.825  -42.630  47.176 0.0000000000
43334  21.666  -42.782  46.268 0.0000000000
43335  20.771  -43.095  45.926 0.0000000000
42197  18.861  -43.765  44.622 0.0000000000
42172  19.710  -44.637  50.236 0.0000000000
40999  19.082  -44.893  49.682 0.0000000000
39792  17.260  -45.879  48.457 0.0000000000
41006  17.121  -45.731  47.008 0.0000000000
41010  16.984  -45.620  46.188 0.0000000000
64144  38.281  -25.284  35.475 0.0000000000
63100  37.797  -26.265  35.450 0.0000000000
62022  37.372  -27.371  35.590 0.0000000000
58080  38.418  -31.482  35.615 0.0000000000
59032  38.862  -30.810  35.932 0.0000000000
59997  36.667  -29.988  34.775 0.0000000000
59046  35.600  -30.703  34.392 0.0000000000
57094  35.203  -32.495  34.121 0.0000000000
55029  33.544  -34.160  31.151 0.0000000000
53934  33.211  -34.433  30.829 0.0000000000
49155  35.694  -37.429  40.872 0.0000000000
47950  36.475  -37.870  41.605 0.0000000000
49156  35.192  -37.511  40.325 0.0000000000
48004  33.802  -37.213  37.234 0.0000000000
48022  34.180  -37.531  37.074 0.0000000000
48036  34.602  -37.700  36.866 0.0000000000
48051  35.084  -37.678  36.641 0.0000000000
49232  35.971  -37.562  37.142 0.0000000000
49270  35.212  -37.058  35.578 0.0000000000
49288  34.550  -36.991  35.031 0.0000000000
50442  34.198  -36.898  34.397 0.0000000000
50461  33.011  -36.566  33.646 0.0000000000
51629  30.016  -34.939  32.855 0.0000000000
52758  29.358  -35.007  30.915 0.0000000000
52777  29.890  -34.996  30.372 0.0000000000
52797  29.784  -35.288  28.948 0.0000000000
52798  29.240  -36.351  28.833 0.0000000000
68444  38.326  -20.446  34.766 0.0000000000
68465  37.495  -20.671  34.187 0.0000000000
68483  36.515  -21.213  33.343 0.0000000000
66222  34.227  -23.032  31.369 0.0000000000
81975  52.897  -7.666  16.592 0.0000000000
82880  53.660  -7.262  16.332 0.0000000000
67302  42.812  -20.205  31.593 0.0000000000
67316  42.193  -20.449  30.855 0.0000000000
67303  41.801  -20.111  31.408 0.0000000000
68492  40.698  -20.162  31.192 0.0000000000
67337  38.160  -20.617  30.218 0.0000000000
68427  46.350  -19.584  34.628 0.0000000000
68439  45.879  -19.676  34.115 0.0000000000
69590  44.758  -19.464  34.366 0.0000000000
68440  45.071  -19.822  33.888 0.0000000000
68460  44.549  -19.958  33.213 0.0000000000
68476  43.933  -20.105  32.733 0.0000000000
44542  21.676  -42.080  39.800 0.0000000000
45662  22.094  -41.250  40.579 0.0000000000
50270  31.106  -36.940  44.112 0.0000000000
51445  31.026  -36.405  43.694 0.0000000000
50287  29.862  -36.717  43.220 0.0000000000
50306  27.097  -37.505  41.885 0.0000000000
50305  27.799  -37.278  42.126 0.0000000000
50319  27.828  -36.638  41.381 0.0000000000
50338  25.771  -36.857  39.956 0.0000000000
50357  24.737  -37.324  38.886 0.0000000000
49203  23.880  -38.057  39.117 0.0000000000
74934  46.057  -14.800  22.865 0.0000000000
75879  46.418  -14.371  22.131 0.0000000000
68519  45.978  -20.058  29.214 0.0000000000
68543  44.302  -20.069  27.893 0.0000000000
70789  45.386  -18.726  28.029 0.0000000000
71854  45.166  -17.716  27.088 0.0000000000
71863  42.580  -17.511  25.652 0.0000000000
72894  42.481  -16.732  25.017 0.0000000000
43327  22.711  -42.542  47.373 0.0000000000
43315  23.349  -42.874  48.697 0.0000000000
43321  23.018  -42.632  48.148 0.0000000000
43323  21.487  -43.065  47.539 0.0000000000
40986  18.807  -45.160  51.596 0.0000000000
40993  18.037  -45.589  50.352 0.0000000000
39784  17.535  -46.167  49.949 0.0000000000
39789  16.807  -46.262  48.776 0.0000000000
38550  14.648  -48.014  46.967 0.0000000000
57092  36.387  -32.249  34.682 0.0000000000
55007  35.465  -33.551  34.061 0.0000000000
55016  35.309  -33.981  34.119 0.0000000000
53905  35.043  -34.491  33.700 0.0000000000
52756  33.843  -35.176  32.380 0.0000000000
50335  32.736  -36.196  39.144 0.0000000000
49179  33.693  -36.764  38.712 0.0000000000
49202  32.877  -36.599  37.798 0.0000000000
49219  32.836  -36.592  37.266 0.0000000000
49235  32.292  -36.389  36.940 0.0000000000
49234  32.692  -36.775  36.700 0.0000000000
49255  32.481  -37.010  36.171 0.0000000000
49274  32.385  -36.960  35.510 0.0000000000
49291  32.645  -36.994  34.995 0.0000000000
50425  32.111  -36.647  34.897 0.0000000000
66210  36.967  -23.608  34.334 0.0000000000
66211  36.364  -23.192  33.916 0.0000000000
65179  35.384  -23.704  33.158 0.0000000000
65191  34.962  -23.887  32.751 0.0000000000
64220  32.726  -24.119  31.114 0.0000000000
81976  52.180  -8.024  16.143 0.0000000000
68568  41.038  -20.386  26.828 0.0000000000
68548  40.067  -20.723  26.558 0.0000000000
66291  40.604  -21.147  27.411 0.0000000000
67373  39.743  -21.254  26.803 0.0000000000
67334  41.499  -20.414  30.067 0.0000000000
66259  39.575  -21.270  28.481 0.0000000000
67345  45.760  -20.105  30.522 0.0000000000
67359  44.376  -20.521  29.213 0.0000000000
67368  44.008  -20.478  28.644 0.0000000000
66255  43.890  -20.798  29.446 0.0000000000
67360  43.635  -20.542  28.975 0.0000000000
67390  42.830  -20.375  27.860 0.0000000000
47920  38.044  -37.611  44.055 0.0000000000
47935  38.147  -37.720  42.811 0.0000000000
49123  36.974  -36.963  42.736 0.0000000000
49125  35.341  -36.906  41.958 0.0000000000
49139  35.200  -36.911  41.097 0.0000000000
50316  33.857  -36.139  39.844 0.0000000000
51458  30.877  -36.127  43.019 0.0000000000
51457  32.168  -35.858  42.656 0.0000000000
51472  31.530  -35.517  41.781 0.0000000000
51504  32.063  -35.705  39.434 0.0000000000
50336  31.969  -35.753  39.074 0.0000000000
50355  31.152  -35.519  38.400 0.0000000000
51545  29.483  -35.353  37.730 0.0000000000
52683  28.061  -34.864  36.372 0.0000000000
52702  27.622  -34.872  35.955 0.0000000000
52703  26.895  -35.091  35.917 0.0000000000
74942  51.416  -13.969  22.219 0.0000000000
75878  47.523  -14.361  22.493 0.0000000000
75885  48.561  -13.956  22.184 0.0000000000
75897  47.805  -13.452  21.019 0.0000000000
74944  49.758  -13.899  22.307 0.0000000000
74957  50.511  -13.622  21.807 0.0000000000
74956  51.268  -13.724  21.860 0.0000000000
75893  51.126  -13.342  21.360 0.0000000000
77844  50.503  -12.279  20.118 0.0000000000
78851  51.074  -11.420  19.278 0.0000000000
79914  50.809  -10.553  18.515 0.0000000000
78861  49.657  -10.684  17.764 0.0000000000
47926  25.273  -39.644  43.942 0.0000000000
46785  25.625  -40.653  44.975 0.0000000000
45640  25.423  -41.040  45.453 0.0000000000
45635  25.051  -41.301  45.893 0.0000000000
45628  25.427  -41.297  46.607 0.0000000000
46768  27.569  -40.206  47.234 0.0000000000
45617  28.300  -40.497  48.520 0.0000000000
45625  27.563  -40.604  47.674 0.0000000000
45626  26.906  -40.852  47.393 0.0000000000
44481  25.548  -41.447  47.069 0.0000000000
44463  25.628  -42.155  49.801 0.0000000000
43312  25.211  -42.370  49.719 0.0000000000
49110  37.468  -37.277  44.424 0.0000000000
49097  36.138  -36.916  44.763 0.0000000000
50253  32.538  -37.036  44.706 0.0000000000
49099  32.713  -37.587  45.359 0.0000000000
50254  31.730  -37.235  44.571 0.0000000000
47922  28.844  -38.240  44.817 0.0000000000
49116  28.653  -38.032  44.231 0.0000000000
47937  26.777  -38.441  43.738 0.0000000000
70822  39.644  -19.526  25.562 0.0000000000
74899  48.808  -15.398  25.301 0.0000000000
73916  48.147  -15.740  25.465 0.0000000000
74910  47.481  -15.386  24.433 0.0000000000
74922  46.487  -15.032  23.507 0.0000000000
73920  44.576  -16.072  24.676 0.0000000000
73919  45.599  -15.943  24.742 0.0000000000
74912  45.830  -15.511  24.001 0.0000000000
74935  45.224  -14.834  22.292 0.0000000000
45652  22.448  -40.786  42.974 0.0000000000
45648  22.879  -41.023  43.674 0.0000000000
44507  20.502  -42.358  43.039 0.0000000000
43355  18.113  -44.118  41.908 0.0000000000
43348  18.403  -43.824  42.869 0.0000000000
40995  19.182  -45.033  50.482 0.0000000000
41003  18.939  -44.651  48.872 0.0000000000
41001  17.762  -45.457  48.733 0.0000000000
42185  18.694  -44.705  47.598 0.0000000000
42190  18.853  -44.611  47.001 0.0000000000
41025  17.125  -45.606  44.418 0.0000000000
41042  17.357  -45.246  44.124 0.0000000000
37263  13.786  -48.235  52.514 0.0000000000
34843  12.275  -50.455  51.858 0.0000000000
36015  12.689  -49.393  52.905 0.0000000000
70737  42.010  -18.717  36.039 0.0000000000
67273  38.457  -22.266  35.322 0.0000000000
66206  37.561  -23.270  34.624 0.0000000000
63119  35.617  -26.220  34.523 0.0000000000
60970  36.478  -28.078  35.253 0.0000000000
60982  34.821  -28.525  34.385 0.0000000000
59060  33.934  -31.380  33.951 0.0000000000
59061  33.319  -31.180  33.197 0.0000000000
57093  35.653  -32.397  34.302 0.0000000000
57105  35.183  -32.811  33.851 0.0000000000
57106  34.677  -32.837  33.597 0.0000000000
56064  34.088  -33.388  32.997 0.0000000000
56075  33.355  -33.362  31.651 0.0000000000
56097  32.585  -33.275  28.129 0.0000000000
56098  32.523  -33.666  27.547 0.0000000000
55041  32.269  -33.866  29.065 0.0000000000
56114  32.496  -33.897  26.879 0.0000000000
52715  38.508  -35.511  36.281 0.0000000000
47964  38.326  -38.508  41.186 0.0000000000
47998  38.134  -37.898  39.731 0.0000000000
49178  34.356  -37.238  39.056 0.0000000000
49199  34.693  -37.714  38.801 0.0000000000
47984  35.219  -37.983  39.039 0.0000000000
48001  35.590  -38.262  38.611 0.0000000000
48017  37.598  -37.719  39.070 0.0000000000
49198  38.027  -37.640  39.130 0.0000000000
49216  37.695  -37.413  38.387 0.0000000000
49249  36.714  -37.116  36.756 0.0000000000
51593  37.999  -36.245  36.018 0.0000000000
52717  36.847  -35.553  35.853 0.0000000000
51626  35.916  -36.036  34.186 0.0000000000
50458  35.237  -36.474  34.313 0.0000000000
51611  35.692  -36.321  34.358 0.0000000000
51627  35.261  -36.127  33.830 0.0000000000
51644  34.887  -35.939  33.217 0.0000000000
52757  33.117  -35.188  32.086 0.0000000000
50481  31.077  -35.633  32.381 0.0000000000
50480  31.745  -35.839  32.725 0.0000000000
50479  32.658  -36.077  32.983 0.0000000000
51665  32.674  -35.436  32.050 0.0000000000
52774  32.669  -35.238  31.518 0.0000000000
52795  31.559  -34.585  30.208 0.0000000000
53937  30.696  -34.885  28.497 0.0000000000
53938  30.147  -35.383  28.302 0.0000000000
69612  40.299  -18.922  33.852 0.0000000000
69614  38.384  -19.800  33.570 0.0000000000
69622  38.811  -19.294  32.802 0.0000000000
68506  37.437  -20.516  30.578 0.0000000000
67338  36.825  -20.786  30.005 0.0000000000
67305  36.150  -22.232  33.409 0.0000000000
68484  36.088  -21.717  33.059 0.0000000000
68497  35.997  -21.401  32.622 0.0000000000
67323  34.731  -21.993  31.451 0.0000000000
67322  35.464  -21.633  31.758 0.0000000000
67321  36.364  -21.063  31.008 0.0000000000
67352  36.171  -21.269  29.606 0.0000000000
67351  36.613  -21.169  29.537 0.0000000000
80981  50.353  -9.650  16.975 0.0000000000
80983  50.570  -9.315  16.433 0.0000000000
79934  50.099  -9.773  15.633 0.0000000000
43319  24.415  -42.661  48.660 0.0000000000
43330  20.289  -43.259  46.440 0.0000000000
44474  26.666  -41.387  48.055 0.0000000000
45624  27.926  -40.379  48.110 0.0000000000
46823  22.393  -40.601  39.714 0.0000000000
47970  22.454  -40.322  40.074 0.0000000000
47987  22.457  -40.390  39.816 0.0000000000
48023  33.642  -37.324  36.754 0.0000000000
48038  33.466  -37.462  36.266 0.0000000000
48050  35.586  -37.669  37.017 0.0000000000
48069  34.230  -37.961  35.802 0.0000000000
48070  34.098  -37.899  35.581 0.0000000000
49098  33.365  -37.545  45.535 0.0000000000
49130  26.561  -38.269  43.136 0.0000000000
49141  27.725  -37.559  42.925 0.0000000000
49220  32.372  -36.460  37.288 0.0000000000
49248  37.111  -37.029  36.739 0.0000000000
49251  34.905  -37.592  36.030 0.0000000000
49253  33.345  -37.510  35.709 0.0000000000
49254  32.883  -37.262  35.967 0.0000000000
49272  33.639  -37.607  35.366 0.0000000000
49287  35.038  -36.792  35.072 0.0000000000
50271  30.301  -37.050  43.942 0.0000000000
50286  30.609  -36.637  43.645 0.0000000000
50317  33.164  -35.640  39.764 0.0000000000
50318  28.375  -36.219  41.351 0.0000000000
50337  26.485  -36.619  40.314 0.0000000000
50371  32.447  -36.546  37.596 0.0000000000
50388  31.590  -36.187  36.704 0.0000000000
50421  37.375  -36.360  36.198 0.0000000000
50424  35.673  -36.807  35.604 0.0000000000
50438  36.598  -36.188  35.959 0.0000000000
51474  29.196  -36.039  42.030 0.0000000000
51487  33.309  -35.601  40.325 0.0000000000
51526  31.152  -35.546  38.710 0.0000000000
51580  26.251  -35.804  35.500 0.0000000000
52670  27.468  -35.178  37.196 0.0000000000
52720  27.430  -35.020  33.495 0.0000000000
52733  28.056  -34.766  33.431 0.0000000000
52772  34.268  -34.816  32.620 0.0000000000
57081  35.404  -32.411  34.273 0.0000000000
58083  35.462  -32.188  34.369 0.0000000000
58084  35.225  -32.251  34.307 0.0000000000
65190  35.304  -24.239  33.325 0.0000000000
66218  45.010  -20.343  31.256 0.0000000000
66219  44.789  -20.433  31.108 0.0000000000
66233  34.398  -22.329  31.250 0.0000000000
66249  34.366  -22.481  29.525 0.0000000000
67271  46.580  -19.995  33.806 0.0000000000
67291  36.657  -22.183  33.952 0.0000000000
67353  35.242  -21.475  29.780 0.0000000000
67370  42.377  -20.580  28.173 0.0000000000
67372  39.971  -21.222  26.826 0.0000000000
67412  40.605  -20.776  26.776 0.0000000000
68547  41.213  -20.631  27.129 0.0000000000
68569  40.515  -20.531  26.633 0.0000000000
69570  46.417  -19.464  35.059 0.0000000000
69571  45.688  -19.317  34.909 0.0000000000
69672  41.465  -19.412  26.419 0.0000000000
69673  39.957  -20.398  26.425 0.0000000000
70749  41.433  -18.782  35.388 0.0000000000
70805  41.410  -19.208  26.287 0.0000000000
71847  45.533  -18.307  27.666 0.0000000000
73953  50.338  -13.937  22.379 0.0000000000
74943  50.738  -13.896  22.202 0.0000000000
74959  49.221  -13.407  21.479 0.0000000000
75905  48.867  -12.973  20.889 0.0000000000
77857  49.576  -11.416  18.661 0.0000000000
79922  50.115  -9.592  16.265 0.0000000000
82881  52.801  -7.492  16.115 0.0000000000
