#!ascii label  , from subject 3112 vox2ras=TkReg
916
69135  -19.538  24.090  -17.706 0.5555555820
69148  -20.171  24.172  -19.003 0.6666666865
70227  -20.361  24.951  -19.200 0.7777777910
69161  -21.459  24.607  -19.461 0.7777777910
71372  -20.458  26.620  -19.505 0.8888888955
70244  -22.739  25.791  -20.015 0.8888888955
68122  -19.263  23.723  -17.376 0.5555555820
69146  -19.309  24.888  -17.765 0.5555555820
70225  -19.395  25.601  -18.184 0.6666666865
70226  -19.942  25.438  -19.029 0.8888888955
70243  -21.790  25.613  -19.767 0.8888888955
71393  -21.863  26.991  -20.504 1.0000000000
70260  -23.037  26.397  -20.140 0.8888888955
72477  -23.168  27.563  -20.534 1.0000000000
71352  -20.112  26.871  -19.022 1.0000000000
72453  -20.208  27.979  -19.362 1.0000000000
72437  -20.276  27.353  -19.325 1.0000000000
72475  -21.385  28.297  -20.463 1.0000000000
73514  -20.838  28.755  -20.130 1.0000000000
72476  -22.281  27.985  -20.668 1.0000000000
72497  -23.170  28.269  -20.984 1.0000000000
73530  -21.825  28.903  -20.799 1.0000000000
73545  -22.426  28.846  -21.160 1.0000000000
73547  -23.749  28.590  -21.710 1.0000000000
74571  -23.482  29.419  -21.859 1.0000000000
74517  -19.314  29.029  -19.201 0.8888888955
73501  -19.686  28.536  -19.332 1.0000000000
73529  -21.250  29.050  -20.520 1.0000000000
74531  -20.458  29.193  -19.897 1.0000000000
74548  -20.643  29.649  -20.366 1.0000000000
74569  -21.979  29.502  -21.410 1.0000000000
74570  -22.747  29.471  -21.574 1.0000000000
75683  -23.180  30.169  -21.873 1.0000000000
75684  -23.768  30.019  -22.281 1.0000000000
75706  -24.343  30.541  -22.543 1.0000000000
75707  -25.153  30.647  -22.558 0.7777777910
75646  -18.600  30.644  -19.035 0.5555555820
75679  -19.846  31.116  -21.000 0.7777777910
75660  -19.623  30.764  -20.304 0.8888888955
75662  -20.889  30.260  -20.953 1.0000000000
74549  -21.357  29.623  -20.946 1.0000000000
75680  -20.474  30.879  -21.403 0.8888888955
75681  -21.409  30.430  -21.663 1.0000000000
75704  -22.705  30.707  -22.356 1.0000000000
75705  -23.483  30.680  -22.533 0.8888888955
76766  -22.997  31.484  -22.650 1.0000000000
76767  -24.090  31.560  -22.622 0.8888888955
77735  -25.654  32.258  -23.184 0.7777777910
76769  -25.835  31.392  -22.752 0.6666666865
77675  -18.479  32.707  -19.493 0.4444444478
76711  -19.160  31.472  -19.965 0.7777777910
77691  -18.664  32.834  -20.412 0.6666666865
77709  -20.045  32.404  -22.066 0.7777777910
76743  -19.931  31.768  -21.525 0.8888888955
76744  -20.839  31.540  -22.195 0.8888888955
75703  -22.059  30.789  -22.143 1.0000000000
76764  -21.342  32.154  -22.453 1.0000000000
76765  -22.037  31.557  -22.494 1.0000000000
77733  -23.819  32.673  -22.927 0.8888888955
77734  -24.757  32.458  -22.951 0.7777777910
77736  -26.460  32.223  -22.771 0.5555555820
78699  -25.383  33.082  -23.028 0.7777777910
78700  -26.156  33.208  -22.830 0.6666666865
77707  -18.730  33.153  -21.018 0.6666666865
77708  -19.249  32.838  -21.528 0.7777777910
77730  -20.788  32.835  -22.444 1.0000000000
77731  -21.845  32.800  -22.591 1.0000000000
77732  -22.812  32.613  -22.636 1.0000000000
77754  -24.127  33.193  -23.499 0.8888888955
78717  -24.584  33.672  -23.426 0.8888888955
78698  -24.870  33.169  -23.201 0.7777777910
78716  -23.771  33.793  -23.371 0.8888888955
78718  -25.240  33.723  -23.226 0.7777777910
78719  -25.737  33.693  -23.039 0.7777777910
79703  -26.654  34.025  -22.281 0.6666666865
78676  -18.803  33.869  -21.239 0.6666666865
78663  -18.575  33.791  -20.575 0.5555555820
77729  -19.890  33.345  -22.134 0.8888888955
78694  -20.457  33.995  -22.622 0.8888888955
78695  -21.470  33.845  -22.789 1.0000000000
78696  -22.648  33.828  -23.077 1.0000000000
78697  -23.298  33.232  -22.938 0.8888888955
79719  -24.511  34.432  -23.900 0.7777777910
79728  -25.123  34.850  -24.310 0.7777777910
80650  -25.775  34.790  -23.427 0.6666666865
80632  -26.478  34.659  -22.466 0.5555555820
79682  -18.773  34.940  -21.516 0.7777777910
78693  -19.790  34.216  -22.236 0.8888888955
79699  -21.057  34.960  -23.306 1.0000000000
79700  -22.052  34.544  -23.270 1.0000000000
79717  -22.756  34.838  -23.577 0.8888888955
78715  -23.240  34.361  -23.452 0.8888888955
80648  -23.218  35.439  -23.877 0.8888888955
80663  -25.037  35.627  -24.345 0.7777777910
81583  -25.367  36.346  -23.782 0.7777777910
80649  -25.612  35.309  -23.704 0.7777777910
80631  -26.065  35.243  -22.706 0.5555555820
81600  -24.898  36.562  -24.546 0.7777777910
81567  -26.045  36.534  -22.247 0.5555555820
81532  -17.608  36.587  -19.998 0.4444444478
80603  -18.419  35.754  -20.957 0.5555555820
80628  -19.583  35.900  -22.277 0.7777777910
79698  -20.147  34.975  -22.482 1.0000000000
79715  -21.574  35.558  -23.589 1.0000000000
80647  -22.763  35.867  -23.996 0.8888888955
80661  -23.600  35.916  -24.326 0.8888888955
80662  -24.345  35.860  -24.426 0.8888888955
82564  -25.620  37.238  -22.906 0.5555555820
83564  -18.627  38.025  -21.745 0.6666666865
81550  -18.659  36.803  -21.692 0.6666666865
81579  -20.560  37.360  -23.170 0.7777777910
81581  -22.079  36.795  -23.979 0.8888888955
81580  -21.228  37.099  -23.439 0.7777777910
81582  -22.443  36.306  -24.078 0.8888888955
82595  -23.212  37.440  -24.780 0.7777777910
80660  -23.176  36.281  -24.505 0.8888888955
82615  -23.398  37.037  -25.460 0.7777777910
81598  -23.576  36.725  -25.041 0.7777777910
81618  -24.620  36.934  -25.162 0.6666666865
82629  -24.311  37.294  -27.104 0.6666666865
82617  -24.715  37.475  -25.537 0.6666666865
82597  -25.083  37.462  -24.829 0.6666666865
84710  -24.612  39.380  -25.849 0.6666666865
83612  -24.540  38.722  -25.322 0.5555555820
83601  -25.192  38.322  -24.263 0.5555555820
83600  -24.589  38.896  -24.478 0.5555555820
85676  -17.906  40.444  -21.550 0.3333333433
85701  -18.026  39.909  -21.979 0.3333333433
83580  -18.497  38.975  -22.097 0.5555555820
83582  -19.915  38.428  -22.544 0.6666666865
84664  -19.757  39.367  -22.618 0.5555555820
82563  -20.569  38.194  -23.292 0.7777777910
83610  -22.007  38.034  -24.198 0.7777777910
84696  -22.186  39.217  -24.189 0.6666666865
83611  -22.521  38.400  -24.405 0.6666666865
82627  -23.413  37.412  -26.784 0.6666666865
83646  -23.830  38.550  -26.961 0.6666666865
83662  -24.134  38.893  -27.213 0.6666666865
84724  -24.712  39.452  -26.737 0.6666666865
84697  -24.548  39.610  -24.929 0.5555555820
85747  -24.948  40.477  -24.936 0.5555555820
85765  -24.606  40.056  -25.524 0.6666666865
85677  -18.502  40.853  -21.818 0.4444444478
85702  -18.547  40.371  -22.260 0.4444444478
86726  -19.318  41.291  -22.694 0.5555555820
85724  -19.750  40.132  -23.127 0.5555555820
84680  -20.046  39.779  -23.090 0.6666666865
84682  -21.496  39.346  -23.733 0.6666666865
84695  -21.776  39.680  -24.243 0.6666666865
83645  -23.502  38.358  -26.248 0.6666666865
84723  -23.474  39.273  -26.758 0.6666666865
84739  -24.351  39.610  -27.366 0.6666666865
86790  -25.132  41.250  -26.694 0.6666666865
86771  -24.861  41.522  -25.842 0.5555555820
86725  -18.953  41.317  -22.005 0.4444444478
86744  -21.114  41.049  -23.859 0.6666666865
85744  -21.475  40.223  -24.156 0.6666666865
86755  -21.660  41.126  -24.499 0.6666666865
84722  -23.350  39.298  -25.797 0.6666666865
85745  -22.060  40.057  -24.760 0.6666666865
85804  -25.150  40.552  -27.619 0.6666666865
70242  -20.745  25.548  -19.484 0.8888888955
71351  -19.648  26.540  -18.593 1.0000000000
71373  -21.326  26.627  -19.903 1.0000000000
79669  -18.506  34.697  -20.822 0.5555555820
81539  -17.998  36.758  -20.809 0.5555555820
79683  -19.438  34.923  -21.979 0.7777777910
79726  -24.019  35.443  -24.270 0.8888888955
82580  -25.446  37.404  -24.001 0.6666666865
82579  -21.691  37.648  -23.892 0.7777777910
83587  -25.349  38.510  -23.184 0.4444444478
85725  -20.220  40.248  -23.361 0.6666666865
87790  -20.855  41.552  -23.621 0.6666666865
78649  -18.481  33.688  -19.787 0.4444444478
79655  -18.382  34.592  -20.059 0.4444444478
86757  -25.505  41.697  -24.911 0.5555555820
85727  -25.673  40.895  -23.982 0.5555555820
86705  -17.625  41.501  -21.148 0.2222222239
86706  -18.365  41.407  -21.658 0.3333333433
67068  -19.955  21.958  -18.045 0.5555555820
67079  -20.090  22.439  -18.265 0.5555555820
69136  -19.933  23.712  -18.163 0.6666666865
68149  -21.529  23.815  -19.111 0.5555555820
69162  -22.455  24.771  -19.695 0.7777777910
70245  -23.337  25.448  -20.048 0.8888888955
68114  -19.488  22.750  -17.088 0.5555555820
70261  -23.543  25.989  -20.303 0.7777777910
70273  -24.239  26.135  -20.478 0.7777777910
72478  -23.603  27.288  -20.520 0.8888888955
68113  -19.018  23.329  -16.816 0.4444444478
70195  -18.695  25.266  -16.755 0.5555555820
72498  -24.064  27.769  -20.831 1.0000000000
71336  -18.763  26.626  -17.064 0.2222222239
71350  -18.766  26.490  -18.011 0.6666666865
73548  -24.684  28.355  -21.763 0.8888888955
74572  -24.351  29.447  -22.266 0.6666666865
74589  -24.675  30.170  -22.373 0.7777777910
74590  -25.097  30.013  -22.066 0.6666666865
73482  -18.757  28.529  -17.983 0.5555555820
75708  -26.032  30.484  -22.050 0.6666666865
74516  -19.002  29.594  -18.655 0.4444444478
76770  -26.621  31.418  -22.305 0.5555555820
77737  -27.130  32.127  -22.209 0.5555555820
76694  -18.345  31.513  -18.646 0.2222222239
78701  -26.874  33.038  -22.213 0.5555555820
79653  -17.810  34.277  -18.752 0.3333333433
80616  -27.043  35.153  -22.010 0.5555555820
80602  -18.198  36.048  -20.289 0.4444444478
81551  -26.452  35.923  -21.754 0.4444444478
83588  -25.691  38.291  -22.249 0.4444444478
84631  -17.407  39.609  -20.931 0.3333333433
84643  -17.766  39.410  -21.638 0.3333333433
83563  -18.147  38.499  -21.764 0.4444444478
85728  -25.714  40.263  -23.078 0.4444444478
86745  -25.238  42.091  -23.812 0.2222222239
87774  -18.871  41.874  -21.813 0.3333333433
86787  -23.368  40.535  -26.777 0.6666666865
86770  -23.418  40.930  -26.656 0.6666666865
86789  -24.190  41.454  -27.307 0.6666666865
87829  -24.468  41.841  -26.856 0.6666666865
87840  -25.140  41.523  -27.004 0.6666666865
87815  -25.282  42.536  -25.794 0.4444444478
87789  -20.469  41.882  -23.437 0.5555555820
69147  -19.755  24.659  -18.298 0.6666666865
68124  -19.803  23.243  -18.173 0.5555555820
68134  -20.998  23.270  -18.815 0.6666666865
69149  -20.954  24.117  -19.099 0.7777777910
71374  -22.021  26.336  -20.194 0.8888888955
68123  -19.554  23.017  -17.811 0.5555555820
69120  -18.437  24.509  -16.369 0.4444444478
69134  -18.936  24.475  -17.219 0.5555555820
70211  -19.027  25.622  -17.358 0.5555555820
70241  -20.169  25.947  -19.458 0.8888888955
71394  -22.597  26.856  -20.324 1.0000000000
72455  -21.492  27.497  -20.372 1.0000000000
71395  -23.319  26.874  -20.237 1.0000000000
71371  -19.985  26.272  -19.211 1.0000000000
72435  -18.987  27.490  -18.379 0.8888888955
72436  -19.718  27.582  -18.979 0.8888888955
73500  -19.089  28.419  -18.890 0.8888888955
72454  -20.822  27.727  -19.809 1.0000000000
73513  -20.346  28.654  -19.642 1.0000000000
72496  -22.710  28.493  -21.055 1.0000000000
73546  -23.013  28.802  -21.469 1.0000000000
74530  -19.743  29.635  -19.658 1.0000000000
75682  -22.366  30.181  -21.785 1.0000000000
74529  -19.152  30.163  -19.213 0.5555555820
75647  -19.204  30.749  -19.560 0.6666666865
76726  -19.320  31.972  -20.695 0.6666666865
74547  -20.032  30.098  -20.303 0.8888888955
75661  -20.246  30.458  -20.729 1.0000000000
76745  -21.550  31.037  -22.168 1.0000000000
76784  -22.508  31.308  -22.578 1.0000000000
76768  -24.990  31.440  -22.921 0.7777777910
76725  -18.660  32.046  -20.089 0.5555555820
77674  -18.180  32.895  -18.779 0.3333333433
77659  -18.395  32.227  -18.926 0.3333333433
76710  -18.638  31.611  -19.413 0.4444444478
77692  -18.954  32.676  -20.948 0.7777777910
77755  -24.408  32.982  -23.347 0.7777777910
79720  -25.285  34.387  -23.698 0.7777777910
79721  -25.734  34.324  -23.188 0.7777777910
79702  -26.181  34.187  -22.828 0.6666666865
79701  -22.488  34.408  -23.305 0.8888888955
79727  -24.495  35.124  -24.354 0.7777777910
80615  -26.480  35.437  -22.134 0.5555555820
80590  -18.339  35.331  -20.341 0.5555555820
80614  -19.087  35.587  -21.814 0.6666666865
79716  -21.980  35.260  -23.703 1.0000000000
79718  -23.710  34.928  -23.886 0.8888888955
81566  -25.736  36.025  -23.095 0.6666666865
81599  -24.168  36.480  -24.894 0.8888888955
81540  -18.420  36.489  -21.265 0.5555555820
80613  -18.723  35.971  -21.513 0.5555555820
80629  -20.510  35.933  -22.780 1.0000000000
80627  -19.053  36.224  -21.860 0.7777777910
80646  -22.001  35.963  -23.850 0.8888888955
80645  -21.269  36.120  -23.494 0.7777777910
82565  -25.948  37.573  -21.897 0.5555555820
82548  -18.407  37.588  -21.574 0.5555555820
83581  -19.073  38.510  -22.014 0.4444444478
82561  -19.525  37.641  -22.401 0.6666666865
82562  -20.239  37.819  -23.033 0.6666666865
81564  -19.988  36.879  -22.736 0.7777777910
81549  -18.234  37.053  -21.347 0.6666666865
82578  -20.882  37.870  -23.473 0.7777777910
81565  -20.693  36.689  -23.107 0.7777777910
81597  -22.879  36.632  -24.523 0.7777777910
81615  -23.256  36.903  -26.682 0.6666666865
81617  -24.172  36.933  -25.765 0.6666666865
81630  -24.168  36.788  -26.753 0.6666666865
83647  -24.263  38.421  -26.813 0.6666666865
82616  -24.510  37.553  -26.359 0.6666666865
83613  -24.950  38.154  -25.086 0.5555555820
84685  -25.240  39.568  -23.860 0.4444444478
84698  -24.825  39.792  -24.469 0.5555555820
84663  -18.820  39.485  -22.369 0.5555555820
84665  -20.248  38.906  -22.695 0.6666666865
83598  -21.752  38.464  -23.816 0.7777777910
84725  -24.996  39.983  -27.299 0.6666666865
85766  -24.577  40.700  -26.102 0.6666666865
85703  -19.236  40.274  -22.848 0.5555555820
86742  -19.846  41.041  -23.265 0.6666666865
85783  -23.010  39.966  -26.536 0.6666666865
85802  -23.907  40.211  -27.847 0.6666666865
82534  -17.499  37.703  -20.394 0.3333333433
78648  -18.255  33.626  -19.062 0.4444444478
79654  -18.038  34.477  -19.353 0.4444444478
87803  -25.556  42.797  -24.793 0.3333333433
68132  -19.900  22.596  -18.165 0.5555555820
69163  -23.252  24.928  -19.822 0.6666666865
74573  -25.264  29.190  -21.822 0.6666666865
76693  -18.027  31.667  -17.943 0.1111111119
77658  -18.125  32.299  -18.409 0.1111111119
80588  -17.465  35.115  -18.973 0.3333333433
80589  -17.934  35.492  -19.696 0.3333333433
83555  -17.530  38.611  -20.858 0.3333333433
87830  -24.782  42.119  -26.542 0.6666666865
66001  -23.570  21.764  -18.516 0.4444444478
64834  -24.950  21.157  -17.446 0.2222222239
67069  -20.449  21.627  -18.112 0.4444444478
65999  -21.610  21.589  -18.271 0.4444444478
67080  -20.712  22.232  -18.321 0.4444444478
67081  -21.777  22.388  -18.570 0.4444444478
67082  -22.769  22.484  -18.747 0.4444444478
67083  -23.836  22.777  -19.027 0.4444444478
66003  -25.423  22.123  -18.429 0.2222222239
68135  -22.003  23.145  -19.031 0.4444444478
68136  -22.827  23.222  -19.175 0.4444444478
67085  -25.644  22.657  -18.792 0.1111111119
67086  -26.071  22.991  -18.717 0.1111111119
67100  -24.614  23.253  -19.360 0.3333333433
67099  -24.029  23.494  -19.415 0.3333333433
68153  -25.125  23.771  -19.523 0.3333333433
67102  -25.763  23.046  -19.030 0.2222222239
68151  -23.330  23.913  -19.589 0.4444444478
68150  -22.261  23.908  -19.323 0.5555555820
69165  -25.557  24.530  -19.661 0.2222222239
70247  -27.006  25.425  -19.834 0.1111111119
69180  -24.691  24.988  -20.084 0.3333333433
69189  -24.160  25.561  -20.317 0.4444444478
70274  -24.651  26.134  -20.464 0.5555555820
71414  -24.726  26.679  -20.766 0.6666666865
72480  -26.360  26.728  -20.915 0.4444444478
72501  -27.209  26.865  -21.282 0.3333333433
72499  -25.124  27.516  -21.208 0.6666666865
73549  -25.726  28.352  -21.177 0.5555555820
73550  -26.919  28.127  -20.797 0.5555555820
74574  -26.418  29.448  -21.351 0.3333333433
75685  -26.662  30.250  -21.584 0.4444444478
76746  -26.934  30.815  -21.739 0.5555555820
76771  -27.253  31.457  -21.915 0.4444444478
86756  -22.438  41.077  -25.237 0.5555555820
87802  -21.942  42.194  -24.896 0.5555555820
87814  -23.456  41.405  -26.433 0.5555555820
87828  -23.760  42.119  -26.599 0.5555555820
88923  -24.130  43.015  -26.789 0.5555555820
66000  -22.594  21.529  -18.445 0.4444444478
66002  -24.605  21.708  -18.315 0.2222222239
68133  -20.070  23.060  -18.410 0.4444444478
67101  -25.362  23.094  -19.214 0.2222222239
69166  -26.446  24.594  -19.226 0.1111111119
70262  -25.165  25.958  -20.358 0.4444444478
70263  -26.078  25.816  -20.356 0.3333333433
69190  -24.564  25.741  -20.344 0.4444444478
72479  -25.559  26.858  -20.900 0.6666666865
75686  -27.369  30.077  -21.479 0.3333333433
78678  -27.563  32.727  -21.662 0.4444444478
88911  -22.220  43.307  -25.233 0.5555555820
71415  -27.139  26.208  -21.003 0.2222222239
64830  -21.469  20.275  -17.513 0.4444444478
64831  -22.407  20.308  -17.740 0.4444444478
64832  -23.393  20.270  -17.836 0.4444444478
64833  -24.403  20.584  -17.696 0.2222222239
64820  -25.170  20.934  -16.796 0.2222222239
65982  -20.286  21.600  -17.258 0.4444444478
67070  -26.085  22.294  -18.335 0.1111111119
65974  -25.862  21.411  -16.631 0.1111111119
67071  -26.320  22.979  -17.982 0.1111111119
68137  -26.273  23.741  -18.503 0.1111111119
69150  -26.576  24.628  -18.162 0.1111111119
70248  -27.328  26.009  -19.701 0.1111111119
70265  -27.381  25.966  -20.338 0.1111111119
71416  -27.839  26.126  -21.020 0.2222222239
73551  -27.848  27.697  -21.370 0.1111111119
74575  -27.980  28.913  -21.269 0.2222222239
77710  -27.598  31.894  -21.640 0.4444444478
78679  -28.244  33.252  -21.177 0.3333333433
82540  -17.962  37.698  -21.142 0.4444444478
84670  -25.819  39.446  -22.393 0.3333333433
87788  -19.887  42.393  -23.284 0.4444444478
88924  -24.992  43.480  -26.811 0.5555555820
87800  -20.319  42.755  -23.726 0.5555555820
88899  -21.504  43.251  -24.503 0.5555555820
87827  -23.291  42.764  -26.240 0.5555555820
88922  -23.344  43.200  -26.711 0.5555555820
69179  -23.834  25.119  -20.104 0.6666666865
71413  -23.906  26.790  -20.544 0.6666666865
74591  -25.615  29.842  -21.712 0.5555555820
79684  -27.353  33.913  -21.402 0.4444444478
84686  -25.664  39.645  -23.135 0.3333333433
68168  -24.156  24.653  -19.949 0.3333333433
68167  -23.778  24.518  -19.842 0.3333333433
64846  -24.060  21.184  -18.304 0.3333333433
64845  -23.500  20.941  -18.296 0.4444444478
65986  -24.879  21.263  -17.780 0.3333333433
65987  -25.578  21.611  -17.632 0.1111111119
65983  -20.679  21.126  -17.709 0.4444444478
65984  -21.541  20.985  -17.861 0.4444444478
65985  -22.179  21.004  -18.160 0.4444444478
67084  -24.928  22.607  -18.834 0.4444444478
69164  -24.918  24.330  -19.729 0.3333333433
68152  -24.329  24.099  -19.678 0.3333333433
68154  -25.864  23.606  -19.217 0.2222222239
69181  -25.571  25.254  -20.129 0.2222222239
70246  -26.323  25.181  -19.991 0.1111111119
70264  -26.940  25.849  -20.485 0.1111111119
71396  -25.302  26.486  -20.651 0.4444444478
71397  -25.835  26.412  -20.556 0.4444444478
71398  -26.553  26.294  -20.660 0.3333333433
72500  -26.137  27.388  -21.015 0.4444444478
76747  -27.763  31.045  -21.203 0.4444444478
87813  -23.041  42.170  -25.703 0.5555555820
64844  -22.813  20.774  -18.158 0.4444444478
89997  -21.816  44.076  -24.775 0.5555555820
70276  -27.380  26.037  -20.646 0.2222222239
63805  -23.838  19.825  -17.527 0.4444444478
65973  -20.622  21.077  -16.954 0.4444444478
65988  -26.295  22.315  -17.602 0.1111111119
58347  -23.160  14.898  -13.481 0.1111111119
60689  -20.719  16.730  -15.955 0.3333333433
59525  -22.571  15.799  -14.757 0.2222222239
59507  -22.752  15.384  -13.982 0.2222222239
59508  -23.505  15.827  -13.624 0.1111111119
62771  -19.747  18.485  -15.834 0.3333333433
61755  -19.467  17.658  -15.333 0.3333333433
61756  -20.157  17.570  -15.686 0.3333333433
60706  -21.478  16.963  -16.401 0.3333333433
60691  -22.515  16.641  -15.946 0.3333333433
60676  -22.722  16.310  -15.313 0.2222222239
61757  -22.774  17.020  -16.173 0.2222222239
60677  -23.298  16.590  -14.859 0.2222222239
60659  -23.549  16.381  -14.157 0.1111111119
64806  -19.121  19.947  -15.800 0.2222222239
63774  -19.106  19.238  -15.540 0.2222222239
61769  -20.750  17.681  -16.036 0.3333333433
60705  -21.050  17.245  -16.301 0.3333333433
61742  -23.506  17.060  -15.036 0.1111111119
65971  -19.075  21.384  -16.260 0.2222222239
64817  -19.579  20.398  -16.296 0.3333333433
63786  -20.164  19.508  -16.548 0.3333333433
64818  -20.362  20.453  -16.704 0.3333333433
63801  -20.671  19.777  -16.899 0.3333333433
62784  -19.890  18.927  -16.375 0.3333333433
63787  -20.792  19.166  -16.769 0.3333333433
61788  -22.272  18.076  -17.299 0.3333333433
62803  -21.885  18.617  -17.381 0.3333333433
62787  -22.781  18.241  -17.001 0.3333333433
62805  -23.057  18.634  -17.320 0.3333333433
62773  -23.613  18.291  -16.096 0.3333333433
61759  -23.919  18.043  -15.396 0.1111111119
67048  -18.644  22.314  -16.208 0.2222222239
65972  -19.974  21.408  -16.648 0.3333333433
64829  -20.828  20.346  -17.191 0.3333333433
63802  -21.297  19.448  -17.169 0.3333333433
63803  -22.146  19.409  -17.527 0.3333333433
62804  -22.573  18.663  -17.440 0.3333333433
62788  -23.483  18.639  -16.933 0.3333333433
62789  -23.922  18.749  -16.486 0.1111111119
67060  -19.813  22.204  -17.207 0.3333333433
63804  -23.275  19.240  -17.584 0.3333333433
77711  -28.330  32.087  -21.235 0.2222222239
80617  -27.788  35.152  -20.631 0.2222222239
60690  -21.597  16.287  -15.953 0.3333333433
59538  -22.124  16.003  -15.418 0.3333333433
59526  -23.117  16.017  -14.238 0.2222222239
60678  -23.761  16.721  -14.367 0.1111111119
64816  -18.954  20.633  -15.808 0.3333333433
63785  -19.531  19.392  -16.154 0.3333333433
61770  -21.303  17.737  -16.577 0.3333333433
61787  -21.769  17.927  -17.214 0.3333333433
61771  -22.355  17.378  -16.624 0.3333333433
61772  -23.085  17.967  -16.462 0.3333333433
63789  -24.160  19.285  -16.996 0.3333333433
58346  -22.422  14.501  -13.848 0.1111111119
60687  -19.230  17.150  -15.052 0.3333333433
60688  -19.749  16.663  -15.362 0.3333333433
59535  -20.343  16.114  -15.560 0.3333333433
59536  -20.863  15.610  -15.669 0.3333333433
59524  -21.795  15.400  -15.031 0.3333333433
58327  -23.753  14.292  -13.159 0.1111111119
59489  -23.809  15.215  -13.129 0.1111111119
62770  -19.099  18.436  -15.156 0.3333333433
59509  -24.409  15.818  -13.259 0.1111111119
64805  -18.494  20.055  -15.202 0.2222222239
61725  -24.319  16.991  -14.175 0.1111111119
65960  -18.529  21.309  -15.591 0.2222222239
61743  -24.007  17.317  -14.594 0.1111111119
62759  -24.648  18.308  -15.013 0.1111111119
62774  -24.318  18.849  -15.825 0.1111111119
64819  -24.697  20.132  -16.525 0.1111111119
68099  -18.528  23.422  -15.836 0.1111111119
81552  -27.210  36.185  -20.941 0.2222222239
72417  -18.461  27.513  -17.569 0.5555555820
67059  -19.345  22.258  -16.684 0.3333333433
59537  -21.516  15.707  -15.471 0.3333333433
63773  -18.725  19.062  -14.989 0.2222222239
60707  -21.992  16.744  -16.335 0.3333333433
60692  -23.009  16.633  -15.508 0.2222222239
61758  -23.256  17.251  -15.708 0.2222222239
62772  -20.349  18.105  -15.886 0.3333333433
62786  -21.308  18.584  -16.859 0.3333333433
62785  -20.518  18.513  -16.391 0.3333333433
67033  -18.501  22.285  -15.442 0.2222222239
63788  -23.703  18.991  -17.245 0.3333333433
58362  -22.096  14.984  -14.442 0.2222222239
59522  -19.997  15.507  -15.233 0.3333333433
58374  -20.922  14.853  -15.453 0.3333333433
58375  -21.297  15.181  -15.382 0.3333333433
62758  -18.387  18.336  -14.843 0.2222222239
76748  -29.009  31.035  -21.159 0.1111111119
76728  -29.693  31.796  -21.340 0.1111111119
76727  -29.495  31.466  -21.378 0.1111111119
78665  -29.598  33.183  -20.690 0.1111111119
77695  -30.130  32.708  -21.096 0.1111111119
79685  -28.210  34.175  -20.913 0.1111111119
78666  -30.338  33.480  -21.075 0.1111111119
79673  -29.690  34.165  -20.682 0.1111111119
82550  -26.775  37.249  -21.352 0.2222222239
80604  -28.878  34.714  -20.605 0.1111111119
83569  -26.444  38.693  -21.351 0.1111111119
84650  -26.541  40.138  -21.281 0.1111111119
87801  -21.192  42.202  -23.877 0.4444444478
89984  -20.116  43.428  -23.548 0.4444444478
88898  -20.713  43.315  -24.048 0.4444444478
85708  -25.347  41.399  -22.865 0.1111111119
88921  -22.764  43.486  -26.136 0.4444444478
88912  -25.436  43.601  -25.690 0.3333333433
86731  -25.518  42.566  -22.848 0.1111111119
90010  -22.223  44.552  -25.463 0.4444444478
90021  -22.656  44.683  -26.449 0.4444444478
88930  -22.727  43.817  -27.051 0.4444444478
88931  -23.387  43.785  -27.564 0.4444444478
88932  -24.256  43.848  -27.779 0.4444444478
90028  -24.632  44.179  -27.927 0.4444444478
88933  -24.767  43.929  -27.634 0.2222222239
90022  -25.469  44.440  -26.554 0.2222222239
90011  -25.524  44.572  -25.474 0.2222222239
88900  -25.510  43.852  -24.649 0.2222222239
94644  -25.744  49.447  -29.061 0.1111111119
93727  -25.713  48.127  -27.301 0.1111111119
90978  -26.115  45.547  -24.481 0.1111111119
90976  -20.856  44.628  -24.053 0.4444444478
90977  -21.296  45.287  -24.402 0.4444444478
90009  -21.514  44.789  -24.901 0.3333333433
91002  -22.511  45.679  -26.972 0.4444444478
91012  -22.873  45.620  -28.071 0.4444444478
90027  -23.351  44.684  -27.957 0.4444444478
88939  -23.775  44.249  -27.983 0.4444444478
90034  -24.349  44.659  -28.317 0.4444444478
91923  -22.727  46.701  -28.523 0.3333333433
90035  -24.751  45.049  -28.206 0.3333333433
91021  -25.062  45.519  -28.098 0.1111111119
91014  -25.515  45.340  -27.225 0.1111111119
91905  -25.696  46.184  -26.716 0.1111111119
91003  -25.488  45.393  -26.131 0.1111111119
90964  -20.839  44.977  -23.458 0.2222222239
90990  -21.811  45.543  -25.163 0.3333333433
90991  -22.362  45.673  -25.914 0.3333333433
91019  -23.643  45.722  -28.694 0.4444444478
91933  -23.372  46.581  -29.433 0.2222222239
91025  -23.796  46.247  -29.244 0.2222222239
91925  -24.278  46.220  -29.036 0.2222222239
91926  -24.732  46.521  -28.764 0.1111111119
92860  -22.985  47.586  -30.049 0.1111111119
91943  -23.402  47.106  -29.927 0.1111111119
92850  -24.359  47.343  -29.721 0.1111111119
92841  -25.269  47.338  -28.141 0.1111111119
92861  -23.563  47.689  -30.182 0.1111111119
92851  -24.826  47.556  -29.321 0.1111111119
91892  -21.927  46.010  -24.713 0.3333333433
91878  -22.140  46.659  -24.476 0.3333333433
91893  -22.203  46.586  -25.329 0.3333333433
91904  -22.152  46.690  -26.446 0.3333333433
91914  -22.352  46.657  -27.538 0.3333333433
92830  -22.493  47.576  -28.040 0.2222222239
91932  -22.789  46.903  -29.366 0.2222222239
93756  -22.607  48.004  -29.999 0.1111111119
93758  -23.936  48.268  -30.563 0.1111111119
93750  -24.710  48.620  -30.026 0.1111111119
95604  -25.268  50.350  -31.120 0.1111111119
93663  -21.419  48.096  -22.781 0.1111111119
93676  -22.228  47.787  -23.471 0.1111111119
92787  -22.353  47.520  -24.867 0.2222222239
93702  -22.695  48.294  -25.550 0.2222222239
92803  -22.428  47.672  -25.867 0.3333333433
94613  -22.544  48.642  -26.065 0.2222222239
93714  -22.489  48.330  -26.530 0.3333333433
93715  -22.803  48.692  -26.972 0.2222222239
94631  -22.657  49.115  -28.066 0.1111111119
95573  -22.680  49.774  -28.089 0.1111111119
94642  -23.173  49.142  -28.754 0.1111111119
94653  -23.187  49.394  -29.347 0.1111111119
93757  -23.229  48.258  -30.163 0.1111111119
94654  -23.309  49.161  -30.045 0.1111111119
95596  -24.027  50.333  -29.796 0.1111111119
93677  -23.045  48.258  -23.248 0.1111111119
93689  -23.104  48.124  -24.567 0.1111111119
94599  -23.581  48.693  -23.750 0.1111111119
95539  -24.581  49.917  -25.388 0.1111111119
94615  -23.666  49.437  -25.751 0.1111111119
94622  -22.694  48.856  -26.423 0.2222222239
94624  -23.784  49.768  -26.587 0.1111111119
94623  -23.299  49.179  -26.928 0.1111111119
96497  -23.873  51.597  -27.093 0.1111111119
95574  -22.864  50.387  -28.111 0.1111111119
96504  -23.501  51.158  -28.193 0.1111111119
95595  -22.958  49.941  -29.433 0.1111111119
94586  -24.177  48.884  -23.188 0.1111111119
94601  -25.003  49.820  -24.224 0.1111111119
95554  -24.860  50.637  -25.431 0.1111111119
95526  -25.764  50.281  -23.713 0.1111111119
95513  -26.345  50.034  -22.989 0.1111111119
96478  -25.844  50.779  -24.027 0.1111111119
77693  -29.160  31.890  -21.025 0.1111111119
77694  -29.591  32.386  -20.943 0.1111111119
77713  -30.922  32.429  -21.810 0.1111111119
81553  -28.278  36.468  -20.510 0.1111111119
81541  -29.005  35.789  -20.387 0.1111111119
89994  -20.073  43.440  -23.786 0.4444444478
86732  -25.972  41.950  -22.032 0.1111111119
91915  -25.386  46.303  -27.712 0.1111111119
92831  -25.504  47.077  -27.037 0.1111111119
92805  -26.100  47.123  -25.830 0.1111111119
93739  -25.276  48.464  -28.579 0.1111111119
94614  -22.760  49.076  -25.946 0.2222222239
94632  -22.847  49.379  -27.659 0.1111111119
94600  -24.271  49.237  -24.495 0.1111111119
95553  -24.309  50.405  -26.252 0.1111111119
96498  -23.666  51.998  -28.100 0.1111111119
96477  -25.536  51.407  -24.435 0.1111111119
96463  -26.073  50.873  -23.543 0.1111111119
77738  -31.366  31.789  -22.407 0.1111111119
76750  -30.952  31.593  -22.233 0.1111111119
85709  -25.866  40.755  -22.053 0.1111111119
88896  -19.940  43.214  -23.800 0.4444444478
89996  -21.178  44.217  -24.310 0.4444444478
90026  -22.927  44.701  -27.363 0.4444444478
90033  -23.762  44.741  -28.310 0.4444444478
91026  -24.049  46.048  -29.122 0.2222222239
94585  -23.570  48.583  -23.282 0.1111111119
93666  -23.736  48.531  -22.311 0.1111111119
94575  -25.857  49.573  -23.105 0.1111111119
95540  -25.163  50.303  -24.717 0.1111111119
76773  -31.341  31.088  -22.431 0.1111111119
75687  -28.459  30.042  -21.541 0.1111111119
75688  -29.551  30.133  -21.874 0.1111111119
76749  -30.201  31.191  -21.951 0.1111111119
77739  -32.127  32.295  -22.788 0.1111111119
76774  -32.529  31.203  -22.600 0.1111111119
77714  -31.502  33.273  -22.335 0.1111111119
78680  -30.906  33.790  -21.806 0.1111111119
80605  -29.816  35.187  -20.484 0.1111111119
82551  -27.839  37.331  -20.601 0.1111111119
83570  -27.531  38.441  -20.506 0.1111111119
84651  -27.341  39.742  -20.523 0.1111111119
85684  -26.554  41.431  -21.258 0.1111111119
87779  -25.941  43.548  -23.003 0.1111111119
86712  -26.873  42.449  -21.566 0.1111111119
88872  -20.135  43.543  -22.835 0.4444444478
89995  -20.415  43.856  -23.909 0.4444444478
89972  -26.773  45.194  -22.710 0.1111111119
91880  -26.279  46.535  -24.670 0.1111111119
90948  -20.552  45.282  -22.276 0.2222222239
90965  -21.463  45.581  -23.873 0.3333333433
91877  -21.900  45.988  -24.102 0.2222222239
93705  -26.195  47.672  -25.792 0.1111111119
92762  -20.870  47.147  -22.662 0.1111111119
92774  -22.276  47.138  -23.984 0.2222222239
94633  -25.647  49.157  -27.798 0.1111111119
94634  -26.503  49.478  -27.912 0.1111111119
93662  -21.075  47.741  -22.684 0.1111111119
93649  -21.470  48.395  -21.897 0.1111111119
93665  -22.829  48.578  -22.382 0.1111111119
93651  -22.890  48.475  -21.501 0.1111111119
94657  -26.501  49.555  -30.043 0.1111111119
93652  -23.914  48.345  -21.408 0.1111111119
93653  -25.016  48.589  -21.429 0.1111111119
96505  -23.511  51.971  -28.730 0.1111111119
96510  -23.932  51.239  -29.021 0.1111111119
95603  -25.149  50.670  -30.599 0.1111111119
95608  -24.519  50.390  -31.884 0.1111111119
94574  -25.141  49.244  -22.517 0.1111111119
95501  -25.816  49.746  -22.316 0.1111111119
96490  -24.815  51.577  -25.684 0.1111111119
97320  -24.234  52.742  -26.546 0.1111111119
78664  -28.914  32.713  -20.704 0.1111111119
79672  -28.887  33.707  -20.655 0.1111111119
87791  -25.601  43.154  -23.785 0.1111111119
87780  -26.663  42.984  -22.336 0.1111111119
90029  -25.068  44.500  -27.697 0.2222222239
90992  -25.790  45.407  -25.226 0.2222222239
89998  -25.804  44.744  -24.583 0.1111111119
93716  -25.923  47.531  -26.349 0.1111111119
90979  -26.436  45.917  -24.048 0.1111111119
89986  -25.917  44.998  -23.907 0.1111111119
91879  -25.896  45.971  -24.969 0.2222222239
91018  -23.069  46.101  -28.573 0.3333333433
91894  -25.820  46.306  -25.638 0.2222222239
91935  -24.514  46.997  -29.419 0.1111111119
93759  -24.314  48.050  -30.320 0.1111111119
91864  -21.957  46.610  -23.865 0.1111111119
92840  -22.581  47.551  -29.030 0.1111111119
93738  -22.951  48.474  -29.237 0.1111111119
93748  -22.924  48.381  -29.776 0.1111111119
94655  -24.262  49.434  -30.381 0.1111111119
95597  -25.063  50.303  -30.189 0.1111111119
94656  -25.436  49.930  -30.363 0.1111111119
93675  -21.500  47.735  -23.192 0.1111111119
93664  -22.091  48.556  -22.613 0.1111111119
93688  -22.582  47.550  -24.211 0.1111111119
92819  -22.152  47.617  -27.001 0.3333333433
93725  -22.565  48.386  -27.517 0.2222222239
93737  -22.641  48.339  -28.623 0.1111111119
95562  -22.991  49.816  -27.654 0.1111111119
95584  -22.733  50.008  -28.697 0.1111111119
93690  -23.645  48.701  -25.178 0.1111111119
93703  -23.072  48.800  -25.430 0.1111111119
95563  -23.562  50.294  -27.311 0.1111111119
95585  -23.116  50.630  -28.941 0.1111111119
94573  -24.407  48.771  -22.555 0.1111111119
94587  -25.159  49.657  -23.573 0.1111111119
95525  -25.335  50.138  -24.082 0.1111111119
96491  -25.265  50.962  -25.139 0.1111111119
75709  -30.376  30.193  -22.261 0.1111111119
88887  -25.934  44.167  -23.699 0.1111111119
91895  -26.095  46.854  -25.319 0.1111111119
92806  -26.452  47.295  -25.212 0.1111111119
97309  -25.253  52.614  -24.612 0.1111111119
93667  -24.480  48.616  -22.081 0.1111111119
88888  -26.241  44.279  -23.211 0.1111111119
92789  -26.730  47.245  -24.653 0.1111111119
93717  -26.275  48.218  -26.294 0.1111111119
92773  -21.445  47.181  -23.439 0.1111111119
92755  -20.666  47.146  -21.519 0.1111111119
93728  -26.426  48.759  -27.137 0.1111111119
96511  -24.115  52.225  -29.330 0.1111111119
96515  -24.892  51.291  -29.771 0.1111111119
97327  -23.832  52.803  -27.939 0.1111111119
73481  -18.038  28.558  -17.180 0.2222222239
74498  -18.481  29.568  -17.602 0.2222222239
70210  -18.879  25.980  -16.649 0.3333333433
87775  -19.372  42.351  -22.362 0.3333333433
87757  -19.199  42.872  -22.022 0.2222222239
89954  -19.212  44.445  -21.395 0.1111111119
89955  -19.978  44.834  -21.892 0.1111111119
89968  -20.141  44.169  -22.454 0.2222222239
83554  -17.188  39.102  -20.517 0.2222222239
83546  -17.072  38.578  -19.994 0.1111111119
86692  -17.340  41.478  -19.913 0.1111111119
88855  -17.792  43.839  -20.737 0.1111111119
87755  -17.620  42.467  -20.583 0.1111111119
70194  -18.310  25.794  -16.126 0.2222222239
72416  -18.257  27.479  -16.640 0.2222222239
87756  -18.484  42.443  -21.512 0.1111111119
77673  -17.856  32.894  -18.325 0.1111111119
78647  -18.047  33.522  -18.479 0.3333333433
88871  -19.622  43.350  -22.527 0.3333333433
89967  -19.610  43.786  -21.984 0.1111111119
88856  -19.125  43.371  -21.620 0.1111111119
87742  -17.186  42.571  -19.846 0.1111111119
88854  -17.469  43.085  -20.134 0.1111111119
88838  -16.952  43.658  -19.687 0.1111111119
88839  -17.716  44.081  -19.970 0.1111111119
71399  -27.783  26.304  -20.219 0.1111111119
58360  -20.457  14.441  -14.934 0.1111111119
59523  -20.577  15.055  -15.389 0.1111111119
58361  -21.347  14.609  -14.892 0.1111111119
59520  -18.228  15.626  -14.415 0.1111111119
59521  -19.126  15.575  -14.728 0.1111111119
60674  -18.795  16.610  -14.720 0.1111111119
61754  -18.841  17.637  -14.902 0.1111111119
70176  -17.721  25.770  -15.313 0.1111111119
74497  -17.981  29.644  -16.917 0.1111111119
81531  -17.548  36.245  -19.108 0.2222222239
75613  -18.045  30.323  -17.317 0.1111111119
75630  -18.371  30.631  -18.071 0.1111111119
58358  -18.722  14.867  -14.386 0.1111111119
58359  -19.541  14.775  -14.691 0.1111111119
60673  -17.472  16.459  -14.336 0.1111111119
61741  -17.986  17.472  -14.748 0.1111111119
63761  -17.559  19.098  -14.285 0.1111111119
63762  -18.204  19.102  -14.639 0.1111111119
65959  -18.098  20.912  -15.057 0.1111111119
69119  -17.962  24.990  -15.812 0.1111111119
71300  -18.196  26.599  -15.448 0.1111111119
81521  -17.512  35.680  -18.296 0.2222222239
82522  -17.442  37.080  -18.324 0.2222222239
82533  -17.368  37.472  -19.384 0.1111111119
58345  -19.861  14.203  -14.336 0.1111111119
71335  -18.562  26.548  -16.481 0.1111111119
65947  -18.246  21.567  -15.031 0.1111111119
60675  -19.470  16.106  -14.921 0.1111111119
73459  -18.233  28.681  -16.409 0.1111111119
70175  -17.500  26.163  -14.823 0.1111111119
61740  -17.243  17.469  -14.384 0.1111111119
62757  -17.664  18.293  -14.612 0.1111111119
69102  -18.218  24.737  -15.213 0.1111111119
70151  -18.059  25.749  -14.499 0.1111111119
71322  -18.410  26.788  -16.088 0.1111111119
82504  -16.891  37.585  -17.954 0.1111111119
83535  -16.782  38.428  -18.606 0.1111111119
84630  -16.891  39.608  -20.305 0.1111111119
80575  -17.529  34.784  -18.353 0.1111111119
85663  -16.866  40.404  -19.858 0.1111111119
85664  -17.347  40.502  -20.611 0.1111111119
65998  -20.957  21.509  -18.054 0.4444444478
69160  -20.712  24.677  -19.247 0.7777777910
70150  -17.601  26.191  -14.607 0.1111111119
70275  -27.333  26.098  -20.881 0.2222222239
72481  -26.814  26.494  -21.041 0.2222222239
75720  -22.333  30.964  -22.416 1.0000000000
75721  -22.562  31.062  -22.608 1.0000000000
76783  -22.330  31.182  -22.515 1.0000000000
77712  -30.125  32.082  -21.374 0.1111111119
78677  -19.318  34.000  -21.749 0.7777777910
80630  -25.769  35.512  -23.173 0.6666666865
81563  -19.203  36.815  -22.204 0.7777777910
81596  -22.631  37.092  -24.410 0.7777777910
81616  -23.615  36.964  -26.223 0.6666666865
81628  -23.199  36.897  -27.083 0.6666666865
81629  -23.593  36.679  -26.973 0.6666666865
81638  -23.327  37.027  -27.270 0.6666666865
81639  -23.560  36.891  -27.347 0.6666666865
81640  -24.034  36.830  -27.269 0.6666666865
82549  -18.910  37.542  -21.892 0.5555555820
82577  -20.520  37.701  -23.241 0.7777777910
82594  -22.354  37.574  -24.293 0.7777777910
82596  -23.324  36.929  -24.961 0.7777777910
82614  -23.232  37.383  -25.986 0.6666666865
82628  -23.912  37.609  -26.998 0.6666666865
82638  -23.233  37.160  -27.086 0.6666666865
82639  -23.503  37.200  -27.196 0.6666666865
82640  -23.967  37.152  -27.408 0.6666666865
83547  -17.373  38.305  -20.396 0.1111111119
83583  -20.423  38.523  -23.001 0.6666666865
83597  -20.926  38.615  -23.428 0.7777777910
83599  -22.238  38.776  -23.937 0.7777777910
83629  -23.354  38.403  -25.244 0.6666666865
83630  -24.697  38.544  -26.208 0.6666666865
83631  -24.793  38.046  -25.758 0.6666666865
83661  -24.033  39.086  -27.347 0.6666666865
84662  -18.188  39.430  -22.138 0.3333333433
84669  -25.529  39.307  -23.131 0.3333333433
84681  -20.498  39.350  -23.201 0.5555555820
84683  -22.041  38.975  -23.769 0.6666666865
84684  -24.705  39.456  -24.357 0.5555555820
84709  -22.513  39.170  -25.131 0.6666666865
84738  -23.827  39.431  -27.390 0.6666666865
84740  -24.847  40.177  -27.608 0.6666666865
85726  -20.865  40.190  -23.679 0.6666666865
85746  -24.672  40.062  -25.101 0.6666666865
85764  -22.560  40.029  -25.714 0.6666666865
85784  -23.485  40.046  -27.230 0.6666666865
85785  -24.692  40.004  -26.270 0.6666666865
85786  -25.315  40.368  -26.906 0.6666666865
85803  -24.581  40.479  -27.833 0.6666666865
86682  -16.851  42.046  -19.596 0.1111111119
86743  -20.524  40.997  -23.579 0.6666666865
86769  -23.039  40.860  -26.150 0.6666666865
86788  -23.667  40.969  -27.247 0.6666666865
86807  -24.173  40.961  -27.792 0.6666666865
86808  -24.804  41.242  -27.666 0.6666666865
86809  -25.276  41.141  -27.321 0.6666666865
87732  -16.814  42.577  -19.397 0.1111111119
87799  -19.953  42.910  -23.798 0.4444444478
87839  -24.990  41.591  -27.192 0.6666666865
88875  -26.208  44.010  -23.177 0.1111111119
88885  -19.889  43.172  -23.299 0.4444444478
88886  -20.049  43.314  -23.005 0.4444444478
88897  -20.101  43.251  -24.036 0.4444444478
88940  -24.038  44.312  -28.172 0.4444444478
89985  -20.324  43.638  -23.341 0.4444444478
89987  -26.299  44.861  -23.297 0.1111111119
90966  -26.265  45.428  -23.799 0.1111111119
91013  -23.403  45.163  -28.288 0.4444444478
91020  -24.405  45.662  -28.605 0.3333333433
91924  -23.128  46.412  -28.927 0.2222222239
91934  -24.052  46.716  -29.603 0.2222222239
91942  -22.881  46.989  -29.915 0.1111111119
91944  -23.763  47.324  -29.928 0.1111111119
92763  -21.143  47.678  -23.019 0.1111111119
92788  -22.597  47.914  -25.136 0.2222222239
92804  -22.438  47.886  -25.329 0.2222222239
92820  -25.830  46.836  -26.320 0.1111111119
92849  -22.605  47.522  -29.736 0.1111111119
92862  -24.066  47.613  -30.117 0.1111111119
92863  -24.452  47.830  -29.983 0.1111111119
93678  -23.482  48.513  -22.890 0.1111111119
93701  -22.506  48.265  -25.992 0.2222222239
93704  -26.018  47.455  -26.021 0.1111111119
93726  -22.775  48.947  -27.413 0.1111111119
93747  -22.481  48.081  -29.518 0.1111111119
93749  -24.172  48.789  -30.538 0.1111111119
94588  -25.880  49.845  -23.386 0.1111111119
94643  -23.248  48.858  -29.426 0.1111111119
94665  -23.545  48.646  -30.386 0.1111111119
94666  -23.793  48.862  -30.502 0.1111111119
95512  -25.910  49.588  -22.751 0.1111111119
95541  -25.584  50.581  -24.226 0.1111111119
95572  -22.776  49.604  -28.443 0.1111111119
95583  -22.848  49.674  -28.736 0.1111111119
95594  -22.881  49.687  -29.021 0.1111111119
95615  -24.603  50.691  -32.584 0.1111111119
96520  -25.049  50.979  -31.189 0.1111111119
96525  -24.650  51.071  -32.215 0.1111111119
