#!ascii label  , from subject 3778 vox2ras=TkReg
972
108034  41.093  34.217  0.921 0.0000000000
108757  43.512  35.830  -0.716 0.0000000000
106262  49.087  32.543  7.574 0.0000000000
107126  37.022  33.766  4.686 0.0000000000
105536  40.175  31.260  7.135 0.0000000000
108768  42.584  35.873  -3.087 0.0000000000
111107  40.566  38.236  4.269 0.0000000000
114101  41.006  42.613  2.202 0.0000000000
106200  49.153  31.827  12.465 0.0000000000
102737  47.512  27.872  9.419 0.0000000000
106420  45.754  32.628  -3.015 0.0000000000
106335  45.244  32.668  4.368 0.0000000000
107992  48.816  34.924  2.401 0.0000000000
109436  46.435  36.786  7.896 0.0000000000
115994  38.542  45.853  -1.425 0.0000000000
112024  46.433  39.230  -2.618 0.0000000000
104091  44.080  29.579  9.342 0.0000000000
107172  38.898  33.854  2.941 0.0000000000
106293  38.850  32.158  6.081 0.0000000000
106357  40.708  32.873  4.064 0.0000000000
107272  41.031  33.152  -3.112 0.0000000000
107212  38.096  33.661  -0.067 0.0000000000
111930  38.139  39.498  3.290 0.0000000000
104750  47.875  30.466  13.380 0.0000000000
102728  50.243  27.882  11.825 0.0000000000
101990  47.706  26.733  11.310 0.0000000000
116699  40.823  46.459  -4.393 0.0000000000
107255  46.433  33.786  -2.335 0.0000000000
107204  48.208  33.219  -0.149 0.0000000000
108031  46.906  34.302  0.508 0.0000000000
113395  44.846  42.074  6.582 0.0000000000
111082  47.068  38.997  5.293 0.0000000000
111860  45.401  39.086  7.746 0.0000000000
109420  45.057  36.358  9.080 0.0000000000
110303  42.076  38.643  -0.071 0.0000000000
112733  42.891  41.101  -0.280 0.0000000000
110319  45.144  37.404  -2.199 0.0000000000
108803  46.769  35.467  -4.818 0.0000000000
106284  47.802  32.752  6.392 0.0000000000
106266  44.990  32.695  7.367 0.0000000000
105504  45.913  31.416  9.293 0.0000000000
104121  38.892  29.754  7.891 0.0000000000
103466  39.954  28.578  8.338 0.0000000000
112794  44.227  40.762  -4.390 0.0000000000
111210  41.306  38.284  -2.418 0.0000000000
109481  41.769  36.894  1.478 0.0000000000
109478  44.093  36.050  2.198 0.0000000000
114152  33.684  42.997  -0.603 0.0000000000
114782  37.673  43.674  -0.215 0.0000000000
111951  40.487  39.964  2.441 0.0000000000
106239  49.557  32.791  9.930 0.0000000000
104792  47.977  30.826  10.573 0.0000000000
104073  49.489  29.402  11.115 0.0000000000
102010  49.562  26.558  8.180 0.0000000000
107242  43.538  32.990  -1.396 0.0000000000
106366  43.610  32.723  2.523 0.0000000000
106374  46.516  32.447  0.841 0.0000000000
107143  48.713  32.894  2.994 0.0000000000
107097  49.252  33.830  5.580 0.0000000000
109458  47.292  37.129  3.313 0.0000000000
108698  48.263  35.831  4.698 0.0000000000
107950  48.608  34.000  7.394 0.0000000000
107925  47.641  34.464  9.637 0.0000000000
107041  45.821  33.522  11.140 0.0000000000
117389  37.678  48.191  -3.079 0.0000000000
115425  41.435  44.842  -3.355 0.0000000000
114174  42.792  42.139  -1.918 0.0000000000
114171  45.289  42.188  -3.355 0.0000000000
110365  45.457  37.605  -4.488 0.0000000000
108098  43.519  33.686  -4.358 0.0000000000
106315  42.932  32.534  5.299 0.0000000000
105518  42.301  31.324  8.405 0.0000000000
102782  41.907  27.056  8.089 0.0000000000
103447  45.640  28.729  9.750 0.0000000000
107193  39.978  33.768  2.144 0.0000000000
107148  40.278  33.201  3.461 0.0000000000
107169  41.144  33.521  2.401 0.0000000000
107245  40.594  33.432  -1.585 0.0000000000
106412  39.103  32.579  -1.836 0.0000000000
108051  39.911  34.092  -0.072 0.0000000000
108017  38.563  34.514  1.469 0.0000000000
104043  46.270  29.160  13.343 0.0000000000
103416  47.760  28.114  12.982 0.0000000000
102715  47.060  27.574  12.758 0.0000000000
102044  38.447  26.117  7.882 0.0000000000
108755  45.038  34.925  -1.761 0.0000000000
108047  46.968  33.734  -0.586 0.0000000000
108049  44.960  34.420  -0.045 0.0000000000
114673  45.166  42.995  7.670 0.0000000000
113394  46.311  41.484  6.911 0.0000000000
109505  42.635  37.001  -0.478 0.0000000000
110321  43.592  37.913  -1.030 0.0000000000
109517  44.231  36.187  -1.618 0.0000000000
108766  45.408  35.249  -2.379 0.0000000000
106283  48.852  32.550  6.507 0.0000000000
106264  47.002  33.140  7.318 0.0000000000
106242  48.071  32.197  8.959 0.0000000000
106322  36.366  32.633  5.820 0.0000000000
106295  36.979  32.171  6.272 0.0000000000
105555  39.498  31.676  6.635 0.0000000000
105556  38.577  31.655  6.683 0.0000000000
104827  39.976  30.682  7.504 0.0000000000
104109  39.427  29.365  8.128 0.0000000000
104813  39.838  30.049  7.920 0.0000000000
111220  43.736  38.483  -3.986 0.0000000000
112040  43.114  39.181  -3.573 0.0000000000
110342  42.478  37.538  -2.747 0.0000000000
107980  36.514  34.291  3.187 0.0000000000
107127  35.907  33.804  4.652 0.0000000000
111132  41.123  38.067  3.434 0.0000000000
110278  42.343  37.265  2.866 0.0000000000
111106  41.224  37.964  4.182 0.0000000000
111914  39.068  38.785  3.938 0.0000000000
112687  38.929  40.599  2.996 0.0000000000
111928  40.199  39.531  3.284 0.0000000000
111146  41.049  38.291  2.506 0.0000000000
107037  49.872  32.838  11.443 0.0000000000
105492  50.069  31.490  10.956 0.0000000000
105474  50.385  31.103  11.940 0.0000000000
102002  49.697  26.395  9.427 0.0000000000
102001  50.030  26.809  9.070 0.0000000000
101261  49.772  25.981  7.641 0.0000000000
106408  44.670  32.494  -1.925 0.0000000000
106387  44.470  32.800  0.339 0.0000000000
106395  45.679  32.448  -1.064 0.0000000000
108009  48.759  33.954  1.381 0.0000000000
106361  48.152  32.752  1.275 0.0000000000
107142  49.307  33.460  2.895 0.0000000000
107118  49.037  33.174  3.859 0.0000000000
107963  49.284  34.578  4.020 0.0000000000
110270  44.793  37.773  3.852 0.0000000000
109466  45.818  36.546  3.074 0.0000000000
111130  45.566  38.336  4.054 0.0000000000
110204  46.459  37.565  6.092 0.0000000000
110225  47.287  37.260  4.885 0.0000000000
109442  47.116  35.990  6.480 0.0000000000
108695  48.044  35.399  5.953 0.0000000000
108688  47.185  35.393  7.279 0.0000000000
107940  48.159  34.272  8.631 0.0000000000
108673  46.738  35.127  8.833 0.0000000000
107928  44.636  35.118  9.838 0.0000000000
107913  45.996  34.793  10.448 0.0000000000
116007  38.239  45.990  -2.525 0.0000000000
116015  39.105  45.938  -3.910 0.0000000000
115419  39.377  44.768  -2.515 0.0000000000
114748  38.596  43.220  1.166 0.0000000000
114781  38.409  44.354  -0.213 0.0000000000
115365  41.234  44.189  1.226 0.0000000000
112738  44.666  40.503  -1.306 0.0000000000
113477  43.227  41.769  -0.926 0.0000000000
113475  44.518  41.198  -1.591 0.0000000000
114173  44.090  42.456  -2.571 0.0000000000
113487  45.449  41.540  -3.147 0.0000000000
112774  45.760  40.427  -3.715 0.0000000000
112038  46.608  39.139  -3.756 0.0000000000
106432  46.505  33.239  -3.920 0.0000000000
108096  45.408  34.429  -4.761 0.0000000000
106434  44.818  32.628  -3.717 0.0000000000
107256  43.278  32.853  -3.231 0.0000000000
106353  44.363  32.610  3.411 0.0000000000
106354  43.295  32.785  3.457 0.0000000000
106336  43.965  32.809  4.571 0.0000000000
105506  44.038  30.870  9.119 0.0000000000
105533  43.254  32.010  7.694 0.0000000000
104801  42.823  29.979  9.102 0.0000000000
103464  41.886  28.575  8.517 0.0000000000
103463  42.716  28.515  8.607 0.0000000000
103445  47.536  28.398  10.068 0.0000000000
104087  46.626  29.521  10.414 0.0000000000
102738  46.155  27.898  9.347 0.0000000000
107150  38.359  33.939  3.437 0.0000000000
106320  38.201  32.697  5.386 0.0000000000
107124  39.185  33.323  4.117 0.0000000000
106318  39.933  32.463  5.363 0.0000000000
106317  40.836  32.376  5.329 0.0000000000
108786  41.322  34.553  -3.261 0.0000000000
107997  37.421  34.460  2.300 0.0000000000
105466  48.342  31.338  12.965 0.0000000000
104758  49.939  30.285  12.906 0.0000000000
103396  49.164  28.978  13.242 0.0000000000
102729  49.260  27.472  11.801 0.0000000000
107253  47.155  33.234  -2.956 0.0000000000
106393  47.479  32.440  -1.506 0.0000000000
107222  47.663  33.438  -0.987 0.0000000000
108030  47.854  33.679  0.356 0.0000000000
108010  47.860  34.521  1.404 0.0000000000
111899  45.212  39.646  5.773 0.0000000000
111907  45.758  39.572  5.039 0.0000000000
111898  46.010  39.755  5.936 0.0000000000
111879  45.857  39.489  6.905 0.0000000000
110186  46.157  37.907  7.605 0.0000000000
109428  45.947  36.837  8.560 0.0000000000
110179  44.748  37.824  8.456 0.0000000000
109430  43.958  37.124  8.565 0.0000000000
108667  43.344  35.762  9.341 0.0000000000
116633  37.671  46.683  -0.922 0.0000000000
112727  41.482  41.156  1.040 0.0000000000
113455  42.189  41.707  0.563 0.0000000000
111988  42.793  40.204  -0.395 0.0000000000
111189  44.049  39.021  -1.138 0.0000000000
112002  45.728  38.805  -1.919 0.0000000000
111217  46.444  38.286  -3.604 0.0000000000
109545  46.295  36.611  -3.690 0.0000000000
108079  46.576  34.679  -3.643 0.0000000000
106311  47.316  32.879  5.372 0.0000000000
106313  44.873  32.762  5.470 0.0000000000
107084  46.205  33.183  6.676 0.0000000000
106252  45.526  32.407  8.069 0.0000000000
105505  44.759  31.201  9.338 0.0000000000
102061  47.111  26.354  6.475 0.0000000000
102036  46.614  26.612  7.462 0.0000000000
104815  36.853  30.069  8.249 0.0000000000
105557  37.632  31.616  6.729 0.0000000000
104829  37.897  30.556  7.631 0.0000000000
104111  37.537  29.377  8.295 0.0000000000
103468  38.043  28.510  8.489 0.0000000000
102762  39.492  27.743  8.369 0.0000000000
102015  39.972  26.898  8.298 0.0000000000
112795  43.096  40.794  -4.154 0.0000000000
112776  42.109  40.441  -3.521 0.0000000000
109492  43.124  36.157  0.706 0.0000000000
108737  43.721  35.534  0.934 0.0000000000
109469  42.814  36.628  2.364 0.0000000000
110271  43.510  37.490  3.863 0.0000000000
110253  43.887  37.779  4.739 0.0000000000
111901  43.367  39.403  6.616 0.0000000000
112657  43.597  40.695  7.090 0.0000000000
114150  35.786  42.836  -0.377 0.0000000000
114130  37.546  42.764  0.932 0.0000000000
114103  39.142  42.443  2.476 0.0000000000
113427  40.530  41.663  2.642 0.0000000000
111966  41.076  39.544  1.120 0.0000000000
109494  41.746  37.265  0.769 0.0000000000
106247  49.544  32.867  8.985 0.0000000000
106241  48.750  32.386  9.161 0.0000000000
105493  49.335  31.845  10.280 0.0000000000
104775  48.890  30.362  10.963 0.0000000000
103438  48.997  28.553  10.380 0.0000000000
103432  50.294  28.728  11.442 0.0000000000
102735  49.996  27.570  9.585 0.0000000000
102011  48.681  26.773  8.034 0.0000000000
107208  42.488  33.579  0.290 0.0000000000
107190  42.479  33.431  1.471 0.0000000000
107207  43.541  33.215  0.295 0.0000000000
106376  44.527  32.703  1.357 0.0000000000
106364  45.510  32.605  2.205 0.0000000000
106373  47.452  32.518  0.494 0.0000000000
106362  47.394  32.496  1.541 0.0000000000
107145  47.229  32.699  3.275 0.0000000000
106333  47.936  32.832  4.531 0.0000000000
106309  49.292  33.020  5.538 0.0000000000
106282  49.517  32.834  6.899 0.0000000000
108012  45.496  35.056  1.429 0.0000000000
108724  46.631  35.555  2.307 0.0000000000
108711  48.253  35.735  2.914 0.0000000000
111102  47.454  38.585  4.125 0.0000000000
109457  48.055  37.236  3.678 0.0000000000
108700  48.897  35.713  3.392 0.0000000000
107964  48.815  35.156  4.450 0.0000000000
107082  49.014  33.761  6.468 0.0000000000
107076  49.560  33.313  7.530 0.0000000000
107923  49.295  33.561  8.960 0.0000000000
107065  49.097  33.693  9.929 0.0000000000
107905  48.466  34.045  10.916 0.0000000000
108664  46.040  35.825  9.607 0.0000000000
107912  46.993  34.615  10.516 0.0000000000
106211  47.197  33.130  11.907 0.0000000000
105476  46.710  32.292  12.129 0.0000000000
116701  38.743  47.074  -4.478 0.0000000000
116013  41.142  45.694  -3.661 0.0000000000
115424  42.625  44.875  -3.354 0.0000000000
114146  42.224  42.339  0.340 0.0000000000
115405  39.969  44.098  -1.581 0.0000000000
114803  41.303  43.397  -2.193 0.0000000000
114801  43.573  43.570  -2.799 0.0000000000
114807  44.695  44.105  -3.697 0.0000000000
113503  45.360  41.665  -3.966 0.0000000000
111230  44.847  38.579  -4.404 0.0000000000
109548  44.481  36.679  -4.082 0.0000000000
109558  45.756  36.617  -4.986 0.0000000000
108782  44.902  36.090  -4.748 0.0000000000
108083  42.897  34.262  -3.993 0.0000000000
107271  42.094  33.436  -3.325 0.0000000000
107258  41.858  33.311  -2.563 0.0000000000
106355  42.121  32.941  3.345 0.0000000000
106338  42.043  32.621  4.437 0.0000000000
106290  41.407  32.144  6.311 0.0000000000
106287  44.439  32.661  6.455 0.0000000000
106268  42.903  32.338  7.152 0.0000000000
105535  41.275  31.502  7.413 0.0000000000
104107  41.466  29.456  8.452 0.0000000000
102761  40.468  27.754  8.410 0.0000000000
104796  47.532  31.425  9.906 0.0000000000
104798  45.700  30.419  9.836 0.0000000000
103448  44.587  28.800  9.423 0.0000000000
102756  45.478  27.541  8.651 0.0000000000
102758  43.228  27.872  8.415 0.0000000000
101991  46.701  26.534  11.536 0.0000000000
101264  47.447  25.145  8.579 0.0000000000
108015  40.443  34.230  1.263 0.0000000000
107192  40.481  33.858  1.936 0.0000000000
107191  41.270  33.939  1.536 0.0000000000
107210  40.721  34.064  0.094 0.0000000000
107228  40.445  33.902  -0.580 0.0000000000
108050  40.421  34.081  -0.006 0.0000000000
108036  39.733  34.327  0.635 0.0000000000
103398  46.917  28.254  13.319 0.0000000000
108756  44.363  35.168  -1.113 0.0000000000
108060  45.224  34.415  -0.737 0.0000000000
108745  44.264  35.038  0.299 0.0000000000
109518  43.457  36.568  -1.192 0.0000000000
108767  44.890  35.328  -1.818 0.0000000000
106263  48.184  32.555  7.374 0.0000000000
106249  48.538  32.445  8.297 0.0000000000
107103  36.630  33.255  5.346 0.0000000000
106321  37.277  32.617  5.621 0.0000000000
105554  40.368  31.719  6.632 0.0000000000
105537  39.250  31.219  7.241 0.0000000000
104826  40.559  31.029  7.598 0.0000000000
110356  43.239  37.538  -3.354 0.0000000000
109534  42.033  36.580  -2.577 0.0000000000
107151  37.326  34.089  3.869 0.0000000000
107152  36.322  34.160  3.889 0.0000000000
111134  39.717  39.014  3.779 0.0000000000
111133  40.525  38.755  3.566 0.0000000000
106208  49.842  32.225  12.008 0.0000000000
106207  50.267  31.733  11.846 0.0000000000
106198  50.259  31.295  12.254 0.0000000000
101250  49.656  26.243  8.514 0.0000000000
106407  45.749  32.362  -2.100 0.0000000000
107991  49.462  34.052  2.146 0.0000000000
108008  49.196  33.776  1.717 0.0000000000
107975  49.452  34.353  3.170 0.0000000000
110252  44.626  38.215  4.785 0.0000000000
111131  45.171  38.176  4.093 0.0000000000
111105  45.197  38.376  4.450 0.0000000000
110185  46.323  37.560  7.091 0.0000000000
109443  46.506  36.712  6.493 0.0000000000
108689  46.646  36.120  7.257 0.0000000000
108680  46.888  35.226  8.394 0.0000000000
108681  46.375  35.858  8.127 0.0000000000
107929  43.664  34.965  9.580 0.0000000000
116660  37.801  46.954  -1.852 0.0000000000
115420  38.735  45.364  -2.213 0.0000000000
114735  40.011  43.181  2.078 0.0000000000
114747  39.801  43.723  1.446 0.0000000000
114112  41.188  43.258  1.792 0.0000000000
112737  45.687  39.907  -1.936 0.0000000000
113474  45.301  40.883  -2.151 0.0000000000
113488  44.690  41.635  -2.454 0.0000000000
112756  46.197  40.307  -2.836 0.0000000000
112773  46.365  39.825  -3.495 0.0000000000
112755  46.619  39.548  -3.176 0.0000000000
106419  46.619  32.657  -3.201 0.0000000000
106445  45.796  33.244  -4.410 0.0000000000
106421  44.749  32.593  -2.903 0.0000000000
106352  45.483  32.497  3.217 0.0000000000
104800  43.395  30.400  9.084 0.0000000000
104093  42.658  29.760  8.925 0.0000000000
104092  43.200  29.437  9.027 0.0000000000
107149  39.301  33.456  3.360 0.0000000000
106340  40.131  32.830  4.428 0.0000000000
106339  41.133  32.584  4.548 0.0000000000
108085  41.140  33.765  -3.416 0.0000000000
108070  40.450  34.277  -3.125 0.0000000000
107273  40.345  33.063  -2.964 0.0000000000
107247  38.793  32.981  -1.382 0.0000000000
106426  38.584  32.494  -2.179 0.0000000000
107995  39.059  34.345  2.064 0.0000000000
107996  38.445  34.357  2.436 0.0000000000
107978  37.904  34.314  2.828 0.0000000000
104749  49.019  30.372  13.363 0.0000000000
104041  48.517  29.596  13.465 0.0000000000
102730  48.052  27.353  11.837 0.0000000000
102714  48.440  27.795  12.453 0.0000000000
101989  48.823  27.022  11.093 0.0000000000
102003  48.819  26.125  9.717 0.0000000000
101997  48.298  26.461  10.516 0.0000000000
117402  39.461  47.639  -5.084 0.0000000000
117418  39.674  48.354  -5.490 0.0000000000
107254  46.657  33.698  -2.808 0.0000000000
107239  47.437  33.141  -1.931 0.0000000000
107240  46.723  33.532  -1.756 0.0000000000
112671  44.991  40.602  6.313 0.0000000000
112670  46.029  40.797  5.784 0.0000000000
111880  45.562  39.801  7.435 0.0000000000
112655  46.174  40.493  6.785 0.0000000000
111051  45.992  38.579  7.352 0.0000000000
110178  45.694  37.769  8.229 0.0000000000
111034  45.347  38.402  8.110 0.0000000000
110180  43.847  37.925  8.391 0.0000000000
109431  43.033  37.296  8.617 0.0000000000
109422  43.122  36.517  8.927 0.0000000000
111152  42.074  39.321  0.007 0.0000000000
112726  42.128  40.722  0.255 0.0000000000
111166  42.446  39.147  -0.290 0.0000000000
110320  44.668  37.125  -1.807 0.0000000000
111188  44.730  38.387  -1.590 0.0000000000
112003  44.947  39.455  -1.401 0.0000000000
111187  45.244  37.892  -2.247 0.0000000000
110353  46.105  37.246  -3.262 0.0000000000
110340  45.458  37.134  -2.517 0.0000000000
108069  46.150  34.286  -2.610 0.0000000000
108781  46.106  35.115  -3.185 0.0000000000
108068  46.450  34.270  -3.113 0.0000000000
107268  46.711  33.721  -3.696 0.0000000000
106285  46.672  33.095  6.346 0.0000000000
105514  46.756  32.351  8.653 0.0000000000
106251  46.457  32.618  8.110 0.0000000000
105515  46.111  32.143  8.733 0.0000000000
105516  45.103  31.744  8.606 0.0000000000
104830  37.034  30.523  7.644 0.0000000000
106342  38.696  32.865  5.097 0.0000000000
106294  37.925  32.129  6.113 0.0000000000
104828  38.962  30.438  7.695 0.0000000000
105538  38.282  31.181  7.308 0.0000000000
104122  38.217  29.880  7.831 0.0000000000
104123  37.518  30.095  7.938 0.0000000000
104110  38.526  29.247  8.165 0.0000000000
103467  39.011  28.528  8.347 0.0000000000
102016  38.989  26.911  8.181 0.0000000000
113518  44.798  41.795  -4.453 0.0000000000
111209  42.065  38.308  -2.665 0.0000000000
112041  42.187  39.267  -3.087 0.0000000000
112025  41.735  38.775  -2.600 0.0000000000
112026  41.248  39.166  -2.430 0.0000000000
109480  42.573  36.532  1.479 0.0000000000
109470  42.148  36.871  2.153 0.0000000000
110272  42.535  37.432  3.791 0.0000000000
111075  42.637  38.588  6.605 0.0000000000
111881  43.503  40.044  6.852 0.0000000000
114785  34.370  43.846  -1.095 0.0000000000
114151  34.754  42.931  -0.548 0.0000000000
114131  36.882  42.536  0.659 0.0000000000
114116  37.147  42.324  1.229 0.0000000000
114115  37.896  42.593  1.571 0.0000000000
112686  40.123  40.603  3.204 0.0000000000
113420  39.994  41.325  3.142 0.0000000000
112701  40.727  40.816  2.256 0.0000000000
111967  40.921  40.248  1.585 0.0000000000
111150  40.861  39.509  1.854 0.0000000000
110281  41.472  37.770  1.527 0.0000000000
109493  42.331  36.699  0.506 0.0000000000
106240  49.246  32.568  9.567 0.0000000000
106226  49.538  32.431  10.130 0.0000000000
104774  49.752  30.621  11.290 0.0000000000
104790  49.594  31.279  10.839 0.0000000000
104085  48.742  29.205  10.620 0.0000000000
104084  49.348  28.859  10.667 0.0000000000
103414  49.901  28.904  12.408 0.0000000000
103431  50.509  29.204  12.018 0.0000000000
102733  50.355  27.753  10.725 0.0000000000
102752  49.981  27.099  8.814 0.0000000000
102753  49.382  27.263  8.699 0.0000000000
102034  48.962  26.426  7.251 0.0000000000
107226  42.685  33.459  -0.744 0.0000000000
107225  43.659  33.071  -0.764 0.0000000000
106386  45.522  32.352  0.076 0.0000000000
106375  45.415  32.524  1.313 0.0000000000
107187  45.320  32.677  1.851 0.0000000000
106363  46.451  32.462  1.890 0.0000000000
106383  48.116  32.658  -0.848 0.0000000000
106384  47.548  32.345  -0.556 0.0000000000
106372  48.096  32.791  0.204 0.0000000000
107165  48.884  32.923  2.030 0.0000000000
106349  48.172  32.547  2.239 0.0000000000
106350  47.309  32.537  2.496 0.0000000000
107144  47.958  32.698  3.107 0.0000000000
107120  47.657  32.914  3.758 0.0000000000
107119  48.380  32.983  3.814 0.0000000000
107117  49.446  33.700  4.285 0.0000000000
106331  49.184  33.188  4.574 0.0000000000
108736  44.352  35.128  1.236 0.0000000000
108726  44.867  35.656  1.887 0.0000000000
109459  46.352  37.199  3.424 0.0000000000
108713  46.288  36.073  2.599 0.0000000000
109465  46.616  36.591  3.052 0.0000000000
108712  47.260  36.027  2.753 0.0000000000
108702  47.990  36.513  3.221 0.0000000000
111906  46.590  39.670  5.141 0.0000000000
111103  46.925  39.172  4.408 0.0000000000
110251  47.243  38.596  4.599 0.0000000000
110250  47.630  37.883  4.334 0.0000000000
109455  47.931  36.839  4.393 0.0000000000
108701  48.677  36.143  3.650 0.0000000000
107965  48.743  35.739  4.166 0.0000000000
107957  47.939  34.650  6.811 0.0000000000
107956  48.550  34.263  6.369 0.0000000000
107077  49.235  33.560  7.084 0.0000000000
107949  49.231  33.645  7.561 0.0000000000
107072  49.542  33.260  8.534 0.0000000000
107939  49.171  33.785  8.293 0.0000000000
107924  48.762  33.939  9.469 0.0000000000
107911  48.087  34.286  10.351 0.0000000000
107904  48.885  33.755  10.710 0.0000000000
109419  45.701  36.175  9.114 0.0000000000
108675  46.104  36.107  8.828 0.0000000000
107051  46.236  34.152  10.791 0.0000000000
107040  46.819  33.923  11.388 0.0000000000
106202  47.530  32.499  12.241 0.0000000000
118067  37.446  48.687  -2.853 0.0000000000
117391  36.748  48.430  -3.039 0.0000000000
117390  37.442  48.387  -3.305 0.0000000000
115426  40.350  44.882  -3.379 0.0000000000
116014  40.252  45.746  -4.001 0.0000000000
114129  42.093  43.070  0.901 0.0000000000
113469  42.855  41.791  -0.170 0.0000000000
113490  43.462  41.698  -1.449 0.0000000000
114162  42.442  42.227  -0.556 0.0000000000
114163  41.810  42.779  -0.977 0.0000000000
114794  41.077  43.236  -1.379 0.0000000000
114804  40.672  43.522  -1.795 0.0000000000
114175  41.739  42.739  -1.903 0.0000000000
114172  45.018  42.474  -3.083 0.0000000000
114800  44.502  43.355  -3.153 0.0000000000
114808  44.201  43.981  -3.266 0.0000000000
114182  45.022  43.223  -3.542 0.0000000000
114191  45.129  42.828  -4.206 0.0000000000
112050  45.642  39.567  -4.433 0.0000000000
111219  44.398  38.052  -4.056 0.0000000000
110354  44.707  37.553  -4.305 0.0000000000
109556  46.537  36.458  -4.262 0.0000000000
110363  46.436  37.420  -4.233 0.0000000000
109557  46.487  36.534  -4.804 0.0000000000
108097  44.476  34.019  -4.497 0.0000000000
108795  45.589  35.448  -5.102 0.0000000000
108081  44.757  35.020  -4.558 0.0000000000
108082  43.873  34.572  -4.074 0.0000000000
108084  41.998  33.916  -3.883 0.0000000000
107286  42.526  33.221  -3.987 0.0000000000
106410  43.210  32.937  -2.207 0.0000000000
107257  42.951  33.106  -2.791 0.0000000000
107243  42.898  33.105  -1.760 0.0000000000
107244  41.700  33.422  -1.692 0.0000000000
106378  43.095  32.956  1.998 0.0000000000
107168  41.905  33.354  2.363 0.0000000000
106367  42.753  33.017  2.535 0.0000000000
107122  43.416  32.647  4.895 0.0000000000
106337  42.969  32.694  4.331 0.0000000000
106316  41.806  32.416  5.364 0.0000000000
106289  42.417  32.386  6.274 0.0000000000
106286  45.652  32.974  6.510 0.0000000000
105534  42.581  31.797  7.692 0.0000000000
106269  42.050  32.236  7.074 0.0000000000
105519  41.566  31.054  8.392 0.0000000000
104812  40.888  30.471  8.097 0.0000000000
102760  41.430  27.778  8.403 0.0000000000
102014  40.992  26.881  8.449 0.0000000000
105502  48.296  31.844  9.832 0.0000000000
103441  46.328  28.966  10.228 0.0000000000
104794  46.172  29.938  10.312 0.0000000000
104088  45.835  29.504  10.155 0.0000000000
104090  45.044  29.556  9.662 0.0000000000
102739  45.090  28.180  9.184 0.0000000000
102062  45.815  26.190  6.407 0.0000000000
102778  45.925  27.112  7.942 0.0000000000
102037  45.347  26.714  7.261 0.0000000000
107171  39.472  33.753  2.540 0.0000000000
107170  40.419  33.509  2.587 0.0000000000
107147  41.128  33.124  3.038 0.0000000000
107259  40.585  33.011  -2.441 0.0000000000
106424  39.785  32.826  -2.423 0.0000000000
107246  39.634  33.263  -1.471 0.0000000000
107229  39.325  33.644  -0.793 0.0000000000
107211  39.069  33.735  0.003 0.0000000000
108037  38.807  34.304  0.631 0.0000000000
108016  39.601  34.277  1.624 0.0000000000
104042  47.383  29.373  13.394 0.0000000000
103397  48.123  28.708  13.461 0.0000000000
103417  47.248  27.941  13.099 0.0000000000
102731  47.158  26.996  11.967 0.0000000000
107241  46.174  33.804  -2.068 0.0000000000
108058  46.620  33.669  -1.247 0.0000000000
108059  45.789  34.174  -1.479 0.0000000000
108048  45.907  34.104  -0.266 0.0000000000
108032  45.804  34.515  0.715 0.0000000000
114062  45.220  42.533  6.799 0.0000000000
114072  46.178  41.740  6.360 0.0000000000
113378  45.848  41.812  7.522 0.0000000000
111861  44.802  39.552  8.133 0.0000000000
110302  42.743  38.013  -0.416 0.0000000000
110301  43.227  38.169  -0.702 0.0000000000
109519  43.096  37.448  -0.792 0.0000000000
109531  45.215  36.258  -2.540 0.0000000000
109532  44.765  35.979  -2.002 0.0000000000
106250  47.463  32.521  8.309 0.0000000000
105503  47.098  31.930  9.257 0.0000000000
106292  39.728  32.152  6.073 0.0000000000
104814  39.293  29.893  7.858 0.0000000000
104108  40.413  29.427  8.229 0.0000000000
111231  44.234  39.136  -4.321 0.0000000000
112052  43.674  39.709  -4.199 0.0000000000
111221  42.806  38.397  -3.236 0.0000000000
110343  41.572  37.453  -2.478 0.0000000000
107981  35.917  34.313  3.297 0.0000000000
107104  35.503  33.112  5.697 0.0000000000
110279  41.623  37.504  2.503 0.0000000000
110273  41.721  37.572  3.578 0.0000000000
111929  39.225  39.549  3.489 0.0000000000
111147  40.717  39.121  2.556 0.0000000000
107049  49.892  33.116  10.559 0.0000000000
106225  50.040  32.307  10.492 0.0000000000
106224  50.384  31.989  11.183 0.0000000000
105475  50.195  31.049  11.523 0.0000000000
104072  50.255  29.661  11.676 0.0000000000
101988  49.995  27.091  11.061 0.0000000000
101995  50.256  26.935  10.034 0.0000000000
102033  49.645  26.201  7.180 0.0000000000
106409  43.705  32.804  -1.821 0.0000000000
107224  44.152  32.890  -0.335 0.0000000000
106396  44.476  32.704  -0.834 0.0000000000
106385  46.638  32.308  -0.261 0.0000000000
108029  48.293  33.488  0.751 0.0000000000
107186  48.505  33.335  1.185 0.0000000000
110276  43.958  37.431  2.980 0.0000000000
109467  44.763  36.660  2.809 0.0000000000
109460  45.509  37.154  3.471 0.0000000000
110268  46.844  38.008  3.477 0.0000000000
111070  46.471  38.434  6.295 0.0000000000
110226  46.923  38.011  5.218 0.0000000000
109450  46.788  37.158  5.551 0.0000000000
109449  47.364  36.422  5.436 0.0000000000
107951  47.715  34.820  7.956 0.0000000000
107941  47.018  34.775  8.965 0.0000000000
107942  46.641  35.112  9.422 0.0000000000
108666  44.346  35.703  9.364 0.0000000000
107927  45.528  35.307  10.035 0.0000000000
107914  45.002  34.587  10.372 0.0000000000
117371  37.389  48.699  -1.814 0.0000000000
117370  37.730  48.021  -2.317 0.0000000000
116682  38.086  46.909  -3.407 0.0000000000
116016  38.436  45.975  -3.288 0.0000000000
116006  38.799  45.415  -3.040 0.0000000000
114765  38.045  43.212  0.594 0.0000000000
114764  38.927  43.955  0.383 0.0000000000
114763  39.631  44.338  0.786 0.0000000000
112731  44.381  40.731  -0.927 0.0000000000
113468  43.593  41.328  -0.612 0.0000000000
113467  44.362  41.092  -0.853 0.0000000000
113476  43.884  41.446  -1.171 0.0000000000
113489  43.857  41.591  -1.922 0.0000000000
112039  46.225  39.637  -3.980 0.0000000000
111229  45.859  38.462  -4.495 0.0000000000
108094  46.635  34.812  -4.557 0.0000000000
108095  46.335  34.793  -4.985 0.0000000000
107282  45.958  33.877  -4.693 0.0000000000
107283  45.127  33.560  -4.593 0.0000000000
106447  44.038  32.594  -4.274 0.0000000000
106436  43.256  32.570  -4.005 0.0000000000
106435  43.760  32.497  -3.664 0.0000000000
106422  43.717  32.720  -2.802 0.0000000000
107099  43.720  32.634  5.299 0.0000000000
106253  44.600  32.251  8.071 0.0000000000
106267  43.859  32.418  7.441 0.0000000000
105517  43.659  31.525  8.462 0.0000000000
104810  42.908  30.857  8.640 0.0000000000
104811  42.248  30.304  8.707 0.0000000000
104106  42.428  29.282  8.755 0.0000000000
102759  42.332  27.820  8.356 0.0000000000
104086  47.707  29.664  10.695 0.0000000000
104793  46.798  30.251  10.341 0.0000000000
103440  47.113  28.870  10.457 0.0000000000
103446  46.694  28.444  9.889 0.0000000000
107102  37.591  33.230  5.229 0.0000000000
107125  38.216  33.392  4.693 0.0000000000
106341  39.191  32.779  4.785 0.0000000000
107123  39.757  33.280  3.866 0.0000000000
106319  39.108  32.521  5.470 0.0000000000
106291  40.542  32.136  6.065 0.0000000000
108785  42.265  34.845  -3.406 0.0000000000
108769  41.631  35.528  -2.815 0.0000000000
106425  39.252  32.635  -2.356 0.0000000000
108038  37.796  34.337  0.564 0.0000000000
108018  37.613  34.485  1.497 0.0000000000
107979  37.351  34.277  3.017 0.0000000000
111916  37.600  38.739  3.517 0.0000000000
111915  38.360  38.781  3.730 0.0000000000
105464  50.159  31.005  12.665 0.0000000000
104759  49.468  30.471  13.172 0.0000000000
104040  49.486  29.629  13.097 0.0000000000
102712  49.945  28.263  12.206 0.0000000000
103415  48.838  28.414  12.804 0.0000000000
102713  49.523  28.077  12.301 0.0000000000
101996  49.417  26.636  10.318 0.0000000000
101251  49.164  25.834  8.876 0.0000000000
106406  46.698  32.387  -2.281 0.0000000000
106405  47.349  32.767  -2.345 0.0000000000
106392  47.808  32.735  -1.540 0.0000000000
107223  47.034  33.551  -1.157 0.0000000000
107205  47.917  33.414  -0.307 0.0000000000
111072  44.850  39.299  5.536 0.0000000000
111083  45.557  39.218  4.916 0.0000000000
112654  46.501  41.297  6.202 0.0000000000
111071  46.254  39.164  6.472 0.0000000000
111050  46.297  38.142  7.124 0.0000000000
110177  46.264  37.383  8.017 0.0000000000
109437  46.254  36.727  8.337 0.0000000000
109427  46.308  37.040  8.237 0.0000000000
109429  44.921  37.058  8.660 0.0000000000
109421  44.115  36.426  9.008 0.0000000000
116648  38.139  46.687  -1.023 0.0000000000
113441  41.507  41.804  1.523 0.0000000000
114111  41.640  42.632  1.570 0.0000000000
113456  41.807  41.715  1.098 0.0000000000
111165  43.299  38.648  -0.666 0.0000000000
111987  43.451  39.627  -0.794 0.0000000000
112732  43.929  40.593  -0.758 0.0000000000
112739  44.310  40.422  -1.086 0.0000000000
111207  46.483  38.689  -3.073 0.0000000000
111208  45.992  38.207  -2.909 0.0000000000
110352  46.407  37.337  -3.791 0.0000000000
109546  45.764  36.209  -3.183 0.0000000000
108780  46.361  35.776  -3.785 0.0000000000
108793  46.667  35.534  -4.385 0.0000000000
106431  46.840  33.286  -3.587 0.0000000000
106334  46.681  32.850  4.094 0.0000000000
106312  46.082  32.824  5.371 0.0000000000
106265  45.979  32.967  7.399 0.0000000000
104799  44.491  30.338  9.401 0.0000000000
102012  47.517  26.772  8.063 0.0000000000
102013  46.831  26.818  8.060 0.0000000000
104112  36.502  29.314  8.536 0.0000000000
105539  37.331  31.103  7.271 0.0000000000
103469  37.022  28.472  8.587 0.0000000000
102763  38.541  27.682  8.474 0.0000000000
112775  42.952  39.939  -3.550 0.0000000000
109535  40.846  36.420  -2.326 0.0000000000
108746  43.617  35.624  -0.051 0.0000000000
109479  43.389  36.110  1.716 0.0000000000
109468  43.651  36.598  2.572 0.0000000000
110277  43.120  37.159  3.047 0.0000000000
111085  43.901  38.589  5.741 0.0000000000
111900  43.935  39.854  6.467 0.0000000000
112672  44.316  40.598  6.663 0.0000000000
113406  44.572  41.255  6.665 0.0000000000
114783  36.499  43.534  -0.612 0.0000000000
114149  36.762  42.798  -0.124 0.0000000000
114148  37.402  42.942  0.354 0.0000000000
114749  37.964  43.025  1.129 0.0000000000
114114  38.883  42.928  1.879 0.0000000000
114102  40.078  42.636  2.553 0.0000000000
113428  39.480  41.648  2.940 0.0000000000
113426  41.276  42.103  2.077 0.0000000000
112718  41.103  40.968  1.563 0.0000000000
111977  41.306  40.225  0.626 0.0000000000
111153  41.732  39.145  0.341 0.0000000000
111149  41.153  38.739  1.466 0.0000000000
110290  41.717  38.082  0.448 0.0000000000
110289  42.197  37.386  0.145 0.0000000000
109504  43.016  36.244  -0.257 0.0000000000
106248  49.218  32.612  8.557 0.0000000000
105501  48.926  32.238  9.754 0.0000000000
105494  48.682  31.411  10.365 0.0000000000
104791  49.074  31.063  10.714 0.0000000000
104776  48.375  30.313  10.869 0.0000000000
104074  48.552  29.841  10.911 0.0000000000
103439  48.070  28.769  10.431 0.0000000000
103444  48.397  28.224  9.940 0.0000000000
104757  50.385  30.606  12.346 0.0000000000
103437  49.838  28.417  10.516 0.0000000000
103443  49.293  28.028  10.004 0.0000000000
102736  48.852  27.648  9.426 0.0000000000
102754  48.177  27.284  8.682 0.0000000000
102035  47.909  26.566  7.268 0.0000000000
107209  41.366  33.927  0.450 0.0000000000
107189  43.062  33.333  0.902 0.0000000000
106377  43.604  32.903  1.459 0.0000000000
107206  43.961  33.005  -0.105 0.0000000000
106388  44.017  32.839  0.869 0.0000000000
106365  44.649  32.674  2.268 0.0000000000
106394  46.713  32.240  -1.312 0.0000000000
106351  46.454  32.579  2.874 0.0000000000
106310  48.426  32.680  5.479 0.0000000000
106332  48.808  32.894  4.623 0.0000000000
108033  44.907  34.737  0.877 0.0000000000
108714  45.509  36.080  2.496 0.0000000000
108725  45.900  35.541  2.070 0.0000000000
108011  46.668  34.923  1.678 0.0000000000
107994  47.064  35.376  2.304 0.0000000000
107993  47.691  35.230  2.253 0.0000000000
111104  45.911  39.028  4.631 0.0000000000
111129  46.430  38.566  3.955 0.0000000000
110267  47.522  37.995  3.732 0.0000000000
108710  48.829  35.613  3.118 0.0000000000
107976  48.964  35.260  3.494 0.0000000000
107959  49.305  34.428  4.795 0.0000000000
108694  48.392  35.093  5.564 0.0000000000
107960  48.678  34.670  5.548 0.0000000000
107081  49.425  33.353  6.508 0.0000000000
106261  49.622  32.823  7.980 0.0000000000
107064  49.433  33.337  9.576 0.0000000000
107050  49.240  33.571  10.384 0.0000000000
107038  49.062  33.502  11.261 0.0000000000
106209  49.101  32.649  11.952 0.0000000000
107926  46.826  34.865  9.753 0.0000000000
108659  46.169  35.384  10.091 0.0000000000
108658  46.481  35.009  10.096 0.0000000000
107906  47.717  34.373  11.103 0.0000000000
107039  47.899  33.674  11.419 0.0000000000
106210  48.183  33.000  11.919 0.0000000000
106201  48.286  32.216  12.420 0.0000000000
105467  47.392  31.649  12.537 0.0000000000
104760  47.611  31.102  13.013 0.0000000000
104761  46.937  30.804  12.849 0.0000000000
116700  39.701  46.569  -4.607 0.0000000000
116681  38.813  46.533  -4.231 0.0000000000
116030  39.794  46.010  -4.344 0.0000000000
116680  40.938  46.105  -3.941 0.0000000000
116010  44.179  45.350  -3.887 0.0000000000
115977  38.266  45.901  -0.834 0.0000000000
115993  39.194  45.380  -1.212 0.0000000000
114128  42.137  42.424  1.047 0.0000000000
115375  41.498  44.237  0.986 0.0000000000
114796  39.980  44.386  -0.805 0.0000000000
115406  39.667  44.660  -1.227 0.0000000000
115418  40.420  44.073  -2.336 0.0000000000
115417  41.881  44.141  -2.718 0.0000000000
114802  42.354  43.261  -2.536 0.0000000000
115415  43.523  44.206  -2.968 0.0000000000
115423  43.815  44.631  -3.344 0.0000000000
115422  44.532  44.903  -3.739 0.0000000000
114811  45.004  43.352  -4.160 0.0000000000
112793  45.170  40.687  -4.353 0.0000000000
112051  44.645  39.748  -4.507 0.0000000000
110355  44.094  37.481  -3.750 0.0000000000
109549  43.529  36.455  -3.506 0.0000000000
111228  46.370  38.341  -4.190 0.0000000000
110364  46.099  37.489  -4.502 0.0000000000
109547  45.106  36.906  -4.509 0.0000000000
108783  44.158  35.656  -4.064 0.0000000000
108784  43.254  35.206  -3.558 0.0000000000
107270  42.987  32.794  -3.659 0.0000000000
107227  41.577  33.733  -0.686 0.0000000000
107146  41.582  33.215  2.788 0.0000000000
106356  41.238  32.836  3.799 0.0000000000
105553  40.929  31.790  6.570 0.0000000000
106314  43.839  32.628  5.502 0.0000000000
106288  43.401  32.494  6.369 0.0000000000
103465  40.940  28.598  8.364 0.0000000000
104797  46.830  31.030  9.852 0.0000000000
102755  46.743  27.168  8.600 0.0000000000
102779  44.849  27.322  7.885 0.0000000000
102740  44.511  28.343  9.098 0.0000000000
103461  44.133  28.515  9.059 0.0000000000
103449  43.869  28.964  9.191 0.0000000000
103462  43.475  28.591  8.836 0.0000000000
101998  47.178  26.271  10.741 0.0000000000
101253  47.055  25.429  9.404 0.0000000000
101242  47.674  26.020  9.912 0.0000000000
102777  46.512  26.921  8.018 0.0000000000
103395  49.540  29.168  12.936 0.0000000000
103413  50.346  29.268  12.217 0.0000000000
104055  50.444  29.732  12.295 0.0000000000
104056  49.979  29.630  12.686 0.0000000000
104075  48.102  30.177  10.883 0.0000000000
104105  42.969  28.971  8.757 0.0000000000
104748  49.494  30.194  13.183 0.0000000000
104773  50.407  30.456  11.813 0.0000000000
105459  49.047  30.725  13.269 0.0000000000
105460  48.734  30.801  13.286 0.0000000000
105463  50.336  31.013  12.306 0.0000000000
105465  49.367  30.999  13.101 0.0000000000
105491  50.260  31.480  11.496 0.0000000000
106199  49.920  31.574  12.461 0.0000000000
106397  43.836  32.861  -1.198 0.0000000000
106404  47.680  32.888  -1.838 0.0000000000
106411  39.849  32.733  -2.017 0.0000000000
106413  38.420  32.555  -1.777 0.0000000000
106418  47.037  33.021  -3.296 0.0000000000
106423  43.383  32.884  -2.418 0.0000000000
106427  38.214  32.527  -2.021 0.0000000000
106433  45.765  32.809  -3.825 0.0000000000
106444  46.249  33.550  -4.423 0.0000000000
106446  44.943  32.916  -4.320 0.0000000000
106448  43.509  32.558  -4.128 0.0000000000
107036  50.195  32.299  11.508 0.0000000000
107048  50.254  32.567  11.023 0.0000000000
107078  46.366  33.252  7.178 0.0000000000
107079  46.061  33.288  6.946 0.0000000000
107083  46.473  33.304  6.888 0.0000000000
107098  48.910  34.096  5.974 0.0000000000
107100  43.499  32.617  5.202 0.0000000000
107101  38.032  33.152  5.144 0.0000000000
107121  43.693  32.699  5.067 0.0000000000
107164  49.188  33.502  1.887 0.0000000000
107166  45.243  32.729  2.064 0.0000000000
107167  45.047  32.786  2.115 0.0000000000
107185  49.021  33.636  1.514 0.0000000000
107188  45.052  32.779  1.826 0.0000000000
107221  48.144  33.046  -1.266 0.0000000000
107230  38.432  33.314  -0.787 0.0000000000
107238  47.851  32.930  -1.637 0.0000000000
107260  39.665  33.129  -2.693 0.0000000000
107267  46.953  33.279  -3.371 0.0000000000
107269  43.413  32.703  -3.393 0.0000000000
107281  46.562  33.933  -4.519 0.0000000000
107284  44.179  33.174  -4.581 0.0000000000
107285  43.223  32.858  -4.370 0.0000000000
107910  48.756  33.868  10.299 0.0000000000
107961  48.291  34.728  6.158 0.0000000000
107977  48.876  35.618  3.918 0.0000000000
108013  44.874  35.069  1.392 0.0000000000
108014  40.876  34.238  1.096 0.0000000000
108035  40.589  34.216  0.546 0.0000000000
108046  47.671  33.532  -0.387 0.0000000000
108080  46.351  34.571  -3.170 0.0000000000
108086  40.336  33.488  -3.120 0.0000000000
108099  42.808  33.556  -4.201 0.0000000000
108106  46.757  35.208  -4.817 0.0000000000
108107  46.681  34.744  -4.981 0.0000000000
108663  46.452  35.338  9.720 0.0000000000
108665  45.247  35.721  9.472 0.0000000000
108674  46.487  35.431  9.040 0.0000000000
108682  46.208  36.475  8.368 0.0000000000
108697  48.471  35.245  5.241 0.0000000000
108727  44.034  35.619  1.638 0.0000000000
108794  46.382  35.776  -5.215 0.0000000000
108804  46.724  35.345  -5.032 0.0000000000
109533  42.697  36.795  -3.183 0.0000000000
109567  46.735  36.235  -4.723 0.0000000000
109568  46.780  35.824  -5.032 0.0000000000
110205  42.972  38.296  6.242 0.0000000000
110269  45.904  37.919  3.558 0.0000000000
110322  43.158  37.793  -0.735 0.0000000000
110341  45.036  36.634  -2.228 0.0000000000
111073  44.333  39.202  5.816 0.0000000000
111074  43.234  38.770  6.440 0.0000000000
111084  44.993  38.929  5.213 0.0000000000
111128  47.144  38.604  3.822 0.0000000000
111167  42.067  38.966  -0.031 0.0000000000
111218  46.228  37.819  -3.456 0.0000000000
111897  46.534  39.281  5.807 0.0000000000
111908  45.354  39.411  5.306 0.0000000000
111912  46.282  39.514  4.703 0.0000000000
111913  45.997  39.497  4.690 0.0000000000
111976  42.131  39.790  0.147 0.0000000000
111978  41.133  40.729  1.184 0.0000000000
112004  44.182  40.005  -1.245 0.0000000000
112023  46.686  39.003  -3.238 0.0000000000
112049  46.278  39.065  -4.283 0.0000000000
112656  45.496  40.308  7.682 0.0000000000
112669  46.357  41.398  5.866 0.0000000000
112700  41.145  41.435  2.013 0.0000000000
112717  41.294  41.347  1.553 0.0000000000
112728  41.208  40.961  1.264 0.0000000000
113393  46.340  41.632  6.449 0.0000000000
113403  46.302  41.625  6.133 0.0000000000
113404  46.034  41.609  5.969 0.0000000000
113405  45.393  41.434  6.181 0.0000000000
113440  41.908  42.144  1.201 0.0000000000
114045  45.416  42.341  7.748 0.0000000000
114060  46.096  41.847  6.510 0.0000000000
114061  45.855  42.181  6.899 0.0000000000
114073  45.917  41.843  6.445 0.0000000000
114074  45.563  41.886  6.390 0.0000000000
114100  41.313  42.443  1.955 0.0000000000
114110  41.919  42.435  1.280 0.0000000000
114113  39.590  43.000  2.122 0.0000000000
114181  45.319  42.533  -3.634 0.0000000000
114685  45.229  42.858  7.195 0.0000000000
114734  40.523  43.235  1.981 0.0000000000
114745  41.580  43.729  1.316 0.0000000000
114746  40.884  43.818  1.565 0.0000000000
114795  40.164  43.771  -1.159 0.0000000000
114806  45.229  43.427  -3.957 0.0000000000
115364  41.448  44.066  1.203 0.0000000000
115366  40.679  44.278  1.224 0.0000000000
115407  39.053  45.155  -1.659 0.0000000000
115416  43.004  44.185  -2.878 0.0000000000
115427  39.552  45.284  -3.416 0.0000000000
116029  40.162  46.155  -4.402 0.0000000000
116632  38.000  46.439  -0.896 0.0000000000
