#!ascii label  , from subject 3778 vox2ras=TkReg
1277
64409  7.913  -7.503  51.357 0.0000000000
50675  8.374  -18.059  40.860 0.0000000000
55669  5.030  -14.050  55.831 0.0000000000
63165  3.264  -8.697  50.008 0.0000000000
63259  7.043  -8.981  42.907 0.0000000000
63077  5.203  -9.570  56.481 0.0000000000
125877  3.285  -6.616  55.423 0.0000000000
61946  11.890  -8.971  48.306 0.0000000000
61800  9.930  -10.574  55.822 0.0000000000
53123  7.325  -15.117  58.584 0.0000000000
70876  5.949  -2.943  50.964 0.0000000000
63231  3.558  -8.366  46.009 0.0000000000
70920  8.358  -2.742  46.432 0.0000000000
51873  4.138  -17.542  52.657 0.0000000000
55730  6.200  -14.065  50.518 0.0000000000
59370  3.355  -11.334  53.557 0.0000000000
69596  3.732  -3.539  53.391 0.0000000000
56996  6.316  -12.777  45.464 0.0000000000
57047  2.947  -13.573  41.551 0.0000000000
58269  2.073  -12.718  37.432 0.0000000000
63295  7.702  -8.709  38.047 0.0000000000
63105  6.591  -9.112  54.298 0.0000000000
65692  5.866  -6.372  53.788 0.0000000000
63162  9.547  -8.375  50.048 0.0000000000
60591  11.243  -10.445  52.662 0.0000000000
63118  8.863  -9.451  54.025 0.0000000000
61793  8.089  -9.344  57.177 0.0000000000
70902  7.321  -2.679  48.290 0.0000000000
54409  4.289  -15.771  54.603 0.0000000000
56908  5.050  -13.524  53.529 0.0000000000
58095  3.564  -11.961  54.801 0.0000000000
68294  5.074  -4.540  55.441 0.0000000000
68337  2.583  -4.872  54.579 0.0000000000
54387  5.615  -15.171  57.401 0.0000000000
51850  5.825  -17.038  57.217 0.0000000000
51852  5.143  -16.605  56.559 0.0000000000
50450  3.310  -18.010  54.705 0.0000000000
58159  4.164  -11.459  50.337 0.0000000000
56979  6.513  -12.922  48.380 0.0000000000
59428  4.306  -11.228  47.800 0.0000000000
64513  5.355  -7.769  44.190 0.0000000000
59442  2.570  -11.036  43.794 0.0000000000
60679  3.794  -10.481  42.448 0.0000000000
58238  1.930  -12.558  39.520 0.0000000000
60706  4.969  -11.186  40.309 0.0000000000
60521  4.633  -10.997  57.069 0.0000000000
60541  2.788  -10.495  56.103 0.0000000000
125874  4.615  -9.077  55.739 0.0000000000
66999  5.553  -5.586  54.573 0.0000000000
64440  14.446  -8.802  47.254 0.0000000000
61899  15.866  -10.168  50.737 0.0000000000
61884  13.154  -9.771  51.286 0.0000000000
61812  12.216  -10.863  54.766 0.0000000000
58071  8.496  -12.791  56.730 0.0000000000
59319  6.362  -11.905  56.850 0.0000000000
67101  4.294  -5.533  49.976 0.0000000000
63208  3.670  -8.413  47.745 0.0000000000
67120  5.225  -5.217  48.365 0.0000000000
67179  6.714  -5.308  46.304 0.0000000000
65820  8.931  -6.222  45.722 0.0000000000
65732  11.111  -5.556  51.013 0.0000000000
64493  19.374  -7.545  43.644 0.0000000000
67170  20.214  -5.245  45.458 0.0000000000
65793  14.163  -6.047  46.675 0.0000000000
65766  12.357  -5.808  48.500 0.0000000000
51883  3.317  -18.221  50.665 0.0000000000
51891  4.234  -17.539  48.921 0.0000000000
54428  5.050  -16.088  51.695 0.0000000000
56936  4.959  -12.508  51.973 0.0000000000
61888  3.377  -9.829  51.576 0.0000000000
63106  2.418  -8.842  54.428 0.0000000000
64381  1.856  -7.866  52.956 0.0000000000
65737  2.646  -6.286  51.477 0.0000000000
69606  4.418  -3.511  52.169 0.0000000000
53182  5.975  -16.354  47.441 0.0000000000
54520  7.798  -15.381  45.713 0.0000000000
55852  8.159  -14.774  42.693 0.0000000000
59437  3.291  -10.710  45.744 0.0000000000
55834  4.175  -12.895  43.580 0.0000000000
54637  6.060  -14.995  41.224 0.0000000000
54667  4.069  -14.710  39.944 0.0000000000
54719  3.206  -14.708  37.146 0.0000000000
70939  10.229  -3.023  44.415 0.0000000000
64518  10.202  -6.600  43.158 0.0000000000
67221  9.321  -5.295  40.582 0.0000000000
62001  8.982  -9.401  40.489 0.0000000000
59498  5.242  -11.317  37.511 0.0000000000
63136  7.228  -8.256  52.502 0.0000000000
64396  6.744  -7.296  52.405 0.0000000000
65736  7.686  -6.686  51.706 0.0000000000
63163  8.830  -8.004  50.488 0.0000000000
61870  9.020  -10.055  52.237 0.0000000000
63135  8.044  -9.073  52.539 0.0000000000
63104  7.674  -9.351  54.162 0.0000000000
50700  8.395  -18.881  39.595 0.0000000000
52040  8.807  -17.422  39.579 0.0000000000
54397  4.368  -14.644  55.388 0.0000000000
56895  4.574  -13.394  54.985 0.0000000000
56892  3.833  -12.636  55.740 0.0000000000
61930  17.569  -9.746  48.767 0.0000000000
55665  5.262  -14.051  56.418 0.0000000000
51842  4.871  -16.186  57.501 0.0000000000
53138  5.029  -15.755  56.322 0.0000000000
53141  4.618  -16.054  55.707 0.0000000000
60623  3.099  -10.363  49.599 0.0000000000
59421  4.183  -10.974  48.939 0.0000000000
60639  2.714  -10.013  48.637 0.0000000000
63251  5.649  -8.468  43.428 0.0000000000
60672  3.801  -10.162  43.091 0.0000000000
61984  5.356  -9.890  42.444 0.0000000000
59458  3.761  -11.381  40.854 0.0000000000
60692  6.272  -10.414  41.333 0.0000000000
63071  4.649  -9.841  57.475 0.0000000000
63078  3.635  -9.600  56.848 0.0000000000
67012  5.897  -5.674  54.219 0.0000000000
66983  6.727  -4.011  55.077 0.0000000000
63191  12.662  -8.931  47.680 0.0000000000
63160  13.773  -9.726  49.070 0.0000000000
61902  12.514  -10.053  50.200 0.0000000000
60561  10.374  -10.590  53.990 0.0000000000
60575  11.619  -10.474  53.288 0.0000000000
61799  10.976  -10.749  55.538 0.0000000000
59339  9.138  -11.330  56.425 0.0000000000
63075  6.824  -9.042  56.972 0.0000000000
61780  7.046  -10.259  56.609 0.0000000000
61787  5.873  -10.256  57.033 0.0000000000
60515  5.352  -11.283  56.946 0.0000000000
69623  4.897  -4.236  50.633 0.0000000000
68427  4.744  -5.057  49.137 0.0000000000
69643  5.428  -4.055  48.952 0.0000000000
70911  7.423  -2.722  47.447 0.0000000000
69664  6.507  -3.666  47.046 0.0000000000
69673  7.533  -3.789  46.029 0.0000000000
65822  7.316  -6.172  45.924 0.0000000000
68467  7.901  -4.277  45.165 0.0000000000
67175  15.208  -6.125  45.716 0.0000000000
51878  3.534  -18.015  51.683 0.0000000000
51882  3.798  -17.381  50.868 0.0000000000
53159  4.509  -16.795  52.599 0.0000000000
56901  4.017  -12.229  53.347 0.0000000000
56921  4.931  -12.984  52.704 0.0000000000
56910  4.173  -12.101  52.889 0.0000000000
58131  4.091  -11.566  52.074 0.0000000000
60602  3.465  -10.690  52.061 0.0000000000
125876  2.764  -8.732  55.595 0.0000000000
61838  2.570  -9.747  54.973 0.0000000000
125889  1.867  -8.249  54.983 0.0000000000
68336  3.246  -4.511  54.394 0.0000000000
67022  2.186  -5.266  53.938 0.0000000000
67041  2.697  -5.280  52.959 0.0000000000
65738  2.184  -6.708  51.913 0.0000000000
67040  3.232  -4.885  52.561 0.0000000000
68386  3.742  -4.563  51.822 0.0000000000
70859  3.806  -3.106  53.005 0.0000000000
61849  15.145  -10.641  52.835 0.0000000000
59368  16.403  -11.232  52.619 0.0000000000
53128  8.268  -15.488  57.386 0.0000000000
51846  7.915  -15.994  55.817 0.0000000000
53137  7.412  -16.554  57.220 0.0000000000
49032  5.269  -18.221  55.591 0.0000000000
49031  5.978  -18.167  55.559 0.0000000000
51870  3.833  -17.808  53.587 0.0000000000
50473  3.577  -18.532  52.429 0.0000000000
54456  5.381  -15.956  49.711 0.0000000000
53176  5.214  -16.535  48.630 0.0000000000
54477  5.754  -15.827  48.608 0.0000000000
58180  6.644  -12.444  47.049 0.0000000000
55790  7.464  -14.627  47.095 0.0000000000
56985  7.411  -13.605  45.954 0.0000000000
54544  8.141  -15.409  44.587 0.0000000000
57004  7.168  -13.490  44.739 0.0000000000
63218  3.245  -8.411  46.827 0.0000000000
61947  3.002  -9.666  47.078 0.0000000000
63233  2.561  -9.448  45.876 0.0000000000
58206  2.208  -12.329  42.671 0.0000000000
57021  2.905  -12.519  43.832 0.0000000000
57031  3.814  -13.673  42.299 0.0000000000
55855  4.799  -14.044  42.101 0.0000000000
55876  3.926  -14.146  41.463 0.0000000000
54653  4.842  -14.997  40.731 0.0000000000
55898  3.923  -14.353  40.635 0.0000000000
58237  2.069  -12.255  39.018 0.0000000000
55940  2.507  -14.083  38.326 0.0000000000
57120  1.899  -13.265  37.727 0.0000000000
70953  10.902  -2.925  43.428 0.0000000000
68471  9.925  -4.852  43.409 0.0000000000
69702  10.653  -3.788  42.735 0.0000000000
64551  7.442  -7.272  39.266 0.0000000000
65892  8.856  -6.613  39.778 0.0000000000
63275  9.326  -8.257  40.510 0.0000000000
62014  8.401  -9.454  38.541 0.0000000000
60714  7.694  -10.603  39.309 0.0000000000
62022  7.273  -9.903  37.258 0.0000000000
63088  6.563  -9.586  55.466 0.0000000000
63089  5.689  -9.084  55.298 0.0000000000
63121  6.249  -8.324  53.472 0.0000000000
63176  10.577  -8.456  49.277 0.0000000000
61903  11.335  -10.342  49.920 0.0000000000
63147  9.731  -9.674  50.576 0.0000000000
61852  9.792  -10.196  52.933 0.0000000000
61815  9.381  -10.366  55.107 0.0000000000
61792  8.872  -9.710  56.925 0.0000000000
61816  8.434  -10.031  55.486 0.0000000000
63087  7.073  -9.824  56.119 0.0000000000
72055  7.324  -2.298  51.216 0.0000000000
70884  6.892  -2.668  49.870 0.0000000000
72071  8.066  -2.102  50.263 0.0000000000
72100  8.443  -2.168  48.709 0.0000000000
72109  9.539  -2.033  47.609 0.0000000000
53155  4.145  -16.902  53.723 0.0000000000
54413  4.574  -16.104  53.607 0.0000000000
55685  4.541  -14.822  54.057 0.0000000000
56899  4.591  -13.408  54.276 0.0000000000
58102  3.457  -12.153  53.856 0.0000000000
68295  4.388  -4.922  55.392 0.0000000000
67002  2.490  -5.595  55.597 0.0000000000
69580  4.031  -4.439  55.379 0.0000000000
70844  4.296  -3.828  55.321 0.0000000000
70852  4.708  -3.323  54.543 0.0000000000
70851  5.350  -3.022  54.196 0.0000000000
54380  6.513  -14.764  58.074 0.0000000000
51839  6.418  -16.916  58.036 0.0000000000
53131  5.173  -15.961  58.441 0.0000000000
51851  5.368  -16.772  57.061 0.0000000000
50440  4.562  -18.002  55.932 0.0000000000
49045  3.173  -19.140  55.017 0.0000000000
51859  4.004  -17.613  55.356 0.0000000000
53146  3.960  -16.903  54.655 0.0000000000
56948  5.449  -12.858  50.779 0.0000000000
55751  6.641  -13.864  49.225 0.0000000000
58157  5.390  -12.067  49.581 0.0000000000
59426  5.671  -11.753  47.942 0.0000000000
56980  5.189  -11.667  46.379 0.0000000000
64501  4.479  -7.914  45.198 0.0000000000
63245  3.065  -9.284  45.007 0.0000000000
61970  3.530  -9.297  44.267 0.0000000000
60681  2.205  -11.038  42.616 0.0000000000
58205  2.405  -12.010  42.167 0.0000000000
57065  2.685  -13.214  41.000 0.0000000000
58224  2.689  -12.034  40.993 0.0000000000
59468  3.246  -11.773  40.181 0.0000000000
59480  3.588  -12.177  39.011 0.0000000000
63297  6.053  -8.212  38.249 0.0000000000
63307  6.817  -8.624  37.206 0.0000000000
63320  5.310  -8.224  36.929 0.0000000000
125825  4.154  -12.121  56.611 0.0000000000
58084  3.578  -12.379  56.179 0.0000000000
60531  3.248  -10.736  57.051 0.0000000000
61804  3.176  -9.570  56.193 0.0000000000
125875  3.480  -7.848  55.095 0.0000000000
64361  5.157  -7.780  54.881 0.0000000000
65687  4.501  -6.822  54.749 0.0000000000
67000  4.836  -5.829  54.793 0.0000000000
68315  5.352  -5.023  55.075 0.0000000000
64439  15.502  -9.146  47.209 0.0000000000
63172  16.479  -9.656  48.888 0.0000000000
63159  14.598  -9.805  49.336 0.0000000000
61885  11.831  -9.992  51.090 0.0000000000
61851  12.924  -10.373  52.941 0.0000000000
61811  13.270  -10.737  54.164 0.0000000000
56880  8.800  -13.679  56.812 0.0000000000
55655  8.024  -14.181  57.640 0.0000000000
60517  7.981  -10.683  56.649 0.0000000000
59317  7.399  -12.073  56.823 0.0000000000
56872  7.157  -13.491  57.548 0.0000000000
56874  6.483  -13.261  57.084 0.0000000000
56876  5.389  -13.096  56.466 0.0000000000
64432  3.603  -7.455  49.610 0.0000000000
63179  3.593  -8.608  49.145 0.0000000000
65783  4.087  -6.655  49.182 0.0000000000
65798  4.615  -6.826  48.383 0.0000000000
65811  4.873  -6.661  47.121 0.0000000000
69652  5.916  -3.857  48.124 0.0000000000
67140  6.014  -5.117  47.482 0.0000000000
65825  4.944  -6.873  46.367 0.0000000000
65843  6.005  -6.807  45.359 0.0000000000
64498  6.957  -7.132  44.590 0.0000000000
64511  7.304  -7.676  43.982 0.0000000000
65734  9.134  -6.197  50.975 0.0000000000
63241  17.780  -8.020  44.536 0.0000000000
64467  23.163  -6.992  45.961 0.0000000000
67151  21.641  -5.642  46.816 0.0000000000
67168  22.277  -5.864  44.776 0.0000000000
67189  19.620  -5.584  44.394 0.0000000000
65836  17.959  -6.457  44.280 0.0000000000
64481  16.171  -7.391  45.019 0.0000000000
64472  13.892  -6.695  46.298 0.0000000000
64442  12.416  -7.472  47.532 0.0000000000
67139  13.068  -5.791  47.626 0.0000000000
64443  11.268  -7.464  48.388 0.0000000000
64431  10.521  -7.320  49.154 0.0000000000
64420  9.738  -7.258  49.753 0.0000000000
53171  4.731  -16.634  50.212 0.0000000000
54427  5.597  -15.298  51.583 0.0000000000
55703  5.054  -15.194  52.560 0.0000000000
55702  5.575  -14.588  52.477 0.0000000000
55716  6.067  -14.226  51.497 0.0000000000
56949  4.819  -12.049  51.409 0.0000000000
59409  3.815  -10.942  50.603 0.0000000000
61904  3.310  -9.685  50.425 0.0000000000
59350  2.602  -11.096  55.464 0.0000000000
60563  2.876  -10.702  54.464 0.0000000000
60578  3.094  -10.529  53.936 0.0000000000
67023  1.747  -6.131  54.403 0.0000000000
64368  2.093  -7.968  54.077 0.0000000000
63122  3.465  -9.386  52.920 0.0000000000
63138  3.042  -8.075  52.131 0.0000000000
63152  3.432  -8.245  50.980 0.0000000000
64423  3.385  -7.795  50.442 0.0000000000
65754  3.725  -5.728  50.553 0.0000000000
69624  4.483  -4.225  51.101 0.0000000000
69604  5.566  -3.262  51.799 0.0000000000
70857  5.288  -2.808  53.186 0.0000000000
70856  6.012  -2.578  52.703 0.0000000000
72039  6.532  -2.183  52.003 0.0000000000
50455  7.510  -17.578  54.013 0.0000000000
50426  6.273  -17.217  56.128 0.0000000000
54498  6.686  -15.604  47.674 0.0000000000
53194  6.481  -16.491  46.641 0.0000000000
53236  8.173  -16.066  42.065 0.0000000000
60651  3.126  -10.081  47.696 0.0000000000
59432  3.509  -10.935  46.642 0.0000000000
56989  4.645  -11.761  45.626 0.0000000000
60665  2.795  -10.650  44.741 0.0000000000
57008  3.694  -12.389  44.327 0.0000000000
57006  5.562  -12.713  44.625 0.0000000000
55832  5.747  -13.685  43.066 0.0000000000
54618  7.275  -15.052  41.707 0.0000000000
53252  7.967  -15.828  41.010 0.0000000000
54664  7.173  -15.635  39.585 0.0000000000
57083  2.721  -13.828  39.359 0.0000000000
55938  3.442  -14.802  38.280 0.0000000000
70908  9.702  -2.216  46.662 0.0000000000
72118  11.167  -1.301  45.483 0.0000000000
70928  9.217  -2.563  45.475 0.0000000000
68466  8.760  -4.485  44.490 0.0000000000
65852  8.994  -6.342  44.118 0.0000000000
63248  8.431  -8.274  43.191 0.0000000000
65863  9.926  -6.318  41.431 0.0000000000
63267  9.194  -8.701  41.845 0.0000000000
61981  8.362  -9.250  42.092 0.0000000000
60704  7.035  -10.770  40.273 0.0000000000
59478  5.758  -11.423  39.246 0.0000000000
59490  3.638  -12.025  37.783 0.0000000000
59517  3.939  -11.284  36.280 0.0000000000
63149  7.710  -8.157  51.925 0.0000000000
64410  7.410  -7.318  51.959 0.0000000000
64408  8.552  -7.369  50.845 0.0000000000
63148  8.648  -8.821  51.263 0.0000000000
50691  8.103  -18.735  40.513 0.0000000000
50690  8.490  -17.933  40.102 0.0000000000
50699  8.750  -18.220  39.240 0.0000000000
52018  8.998  -17.352  40.188 0.0000000000
55674  4.628  -14.130  55.459 0.0000000000
56886  3.935  -12.741  55.898 0.0000000000
63204  17.138  -9.079  46.747 0.0000000000
63187  17.475  -9.596  48.057 0.0000000000
54393  5.305  -15.049  56.377 0.0000000000
54398  4.813  -15.016  55.718 0.0000000000
61919  2.838  -9.790  49.641 0.0000000000
60624  2.542  -9.960  49.257 0.0000000000
63260  6.247  -8.857  42.955 0.0000000000
61974  5.743  -9.039  42.859 0.0000000000
61983  6.191  -9.606  42.284 0.0000000000
60677  5.440  -10.171  41.933 0.0000000000
61995  6.486  -10.029  41.783 0.0000000000
63070  5.059  -9.668  57.163 0.0000000000
64356  4.448  -9.671  57.161 0.0000000000
63206  12.267  -9.075  48.094 0.0000000000
61931  12.405  -9.383  48.490 0.0000000000
61917  11.963  -9.821  49.237 0.0000000000
61814  10.480  -10.609  55.191 0.0000000000
60548  10.921  -10.653  54.593 0.0000000000
60535  10.603  -10.915  56.029 0.0000000000
59337  10.075  -11.124  56.226 0.0000000000
59338  9.645  -11.222  56.338 0.0000000000
60536  9.553  -10.649  56.285 0.0000000000
63076  6.200  -9.660  56.672 0.0000000000
61786  6.515  -9.953  56.949 0.0000000000
63069  5.775  -9.770  56.980 0.0000000000
61788  5.202  -10.164  57.505 0.0000000000
69622  5.417  -3.701  50.316 0.0000000000
69633  5.286  -4.243  49.728 0.0000000000
70886  5.749  -3.246  50.197 0.0000000000
70921  7.789  -2.849  46.833 0.0000000000
69663  7.209  -3.211  46.722 0.0000000000
69662  7.835  -3.221  46.387 0.0000000000
69672  8.206  -3.363  45.847 0.0000000000
51877  3.959  -17.576  51.939 0.0000000000
53165  4.283  -17.222  52.281 0.0000000000
58112  3.794  -11.819  53.237 0.0000000000
59378  3.667  -11.285  52.798 0.0000000000
125886  2.297  -7.905  55.294 0.0000000000
125888  2.564  -7.066  55.480 0.0000000000
68352  3.362  -4.277  53.576 0.0000000000
68353  2.911  -4.851  53.750 0.0000000000
68371  3.109  -4.689  53.091 0.0000000000
68370  3.395  -4.264  52.695 0.0000000000
54386  8.380  -15.255  58.065 0.0000000000
53136  7.924  -16.020  56.931 0.0000000000
53129  7.508  -15.982  58.186 0.0000000000
47654  4.851  -18.434  55.123 0.0000000000
53161  4.082  -17.494  53.287 0.0000000000
51874  3.905  -17.919  52.683 0.0000000000
54438  6.147  -15.245  50.642 0.0000000000
54455  6.299  -15.306  49.555 0.0000000000
56987  6.225  -12.418  46.079 0.0000000000
56986  7.371  -13.142  46.679 0.0000000000
56995  7.057  -13.228  45.493 0.0000000000
56994  7.473  -13.822  45.407 0.0000000000
63217  3.537  -8.001  46.576 0.0000000000
63219  2.753  -9.211  46.529 0.0000000000
63232  2.813  -8.985  45.627 0.0000000000
57048  2.527  -13.098  42.097 0.0000000000
57033  2.725  -12.780  43.018 0.0000000000
57032  3.226  -13.438  42.419 0.0000000000
55856  3.895  -13.966  41.990 0.0000000000
55877  3.414  -13.850  41.743 0.0000000000
55899  3.313  -13.823  40.927 0.0000000000
58251  2.352  -12.529  38.183 0.0000000000
58252  1.944  -12.753  38.418 0.0000000000
72149  11.218  -2.095  43.402 0.0000000000
70952  11.255  -2.330  42.918 0.0000000000
70963  11.015  -2.731  42.299 0.0000000000
64564  7.544  -7.828  38.495 0.0000000000
65893  8.070  -6.701  39.628 0.0000000000
64550  8.568  -7.621  39.103 0.0000000000
63285  9.027  -8.527  39.221 0.0000000000
63294  8.576  -8.610  38.673 0.0000000000
62015  7.857  -9.686  37.860 0.0000000000
64360  5.895  -8.698  54.776 0.0000000000
65717  7.313  -6.367  52.308 0.0000000000
63161  10.282  -9.563  49.761 0.0000000000
61871  8.618  -9.614  52.700 0.0000000000
61853  9.117  -9.772  53.411 0.0000000000
60562  9.657  -10.250  54.058 0.0000000000
61834  9.135  -9.953  54.287 0.0000000000
61835  8.668  -9.998  54.631 0.0000000000
63102  8.777  -9.696  54.297 0.0000000000
63120  7.197  -8.888  53.303 0.0000000000
61837  7.301  -9.672  54.699 0.0000000000
61818  6.907  -9.718  54.959 0.0000000000
72085  8.754  -1.949  49.454 0.0000000000
72084  9.642  -1.748  49.384 0.0000000000
72099  9.196  -1.872  48.555 0.0000000000
72098  10.141  -1.681  48.315 0.0000000000
53150  4.242  -16.497  54.293 0.0000000000
54408  4.444  -15.822  54.200 0.0000000000
55680  4.124  -15.120  54.557 0.0000000000
58100  4.564  -12.830  54.725 0.0000000000
58101  4.185  -12.448  54.357 0.0000000000
69579  4.669  -4.171  55.525 0.0000000000
70834  4.832  -3.697  55.526 0.0000000000
69583  4.205  -3.653  54.770 0.0000000000
70843  4.767  -3.444  55.317 0.0000000000
70842  5.359  -2.992  55.308 0.0000000000
54381  6.029  -15.001  57.679 0.0000000000
53125  5.970  -15.477  58.275 0.0000000000
53126  5.455  -15.562  58.029 0.0000000000
51841  4.815  -16.444  57.789 0.0000000000
50429  4.995  -17.540  56.190 0.0000000000
50430  4.801  -17.354  55.938 0.0000000000
50441  4.301  -17.878  55.721 0.0000000000
51858  4.425  -17.113  55.455 0.0000000000
53145  4.216  -16.406  54.965 0.0000000000
51863  4.035  -17.114  55.086 0.0000000000
53151  3.815  -17.107  54.256 0.0000000000
58141  5.007  -12.168  50.196 0.0000000000
56965  5.957  -12.768  49.618 0.0000000000
58158  4.672  -11.708  49.733 0.0000000000
60637  3.772  -10.790  48.164 0.0000000000
59420  4.882  -11.355  48.887 0.0000000000
59427  5.169  -11.469  47.925 0.0000000000
58174  5.529  -11.737  47.293 0.0000000000
58175  4.788  -11.602  47.064 0.0000000000
64514  4.741  -7.965  44.574 0.0000000000
63243  4.299  -8.290  44.629 0.0000000000
63252  4.440  -8.565  43.976 0.0000000000
61985  3.499  -10.228  43.062 0.0000000000
60680  2.869  -10.843  42.309 0.0000000000
59448  2.438  -11.505  42.108 0.0000000000
58215  2.590  -12.043  41.527 0.0000000000
60695  3.026  -11.221  41.583 0.0000000000
59467  4.303  -11.536  40.097 0.0000000000
59481  2.530  -11.966  39.521 0.0000000000
64565  6.417  -7.644  38.813 0.0000000000
64566  5.235  -8.141  38.448 0.0000000000
63308  5.814  -8.291  37.508 0.0000000000
63309  5.211  -8.211  37.376 0.0000000000
59326  4.184  -11.814  56.733 0.0000000000
125826  3.924  -11.744  56.739 0.0000000000
60522  3.832  -10.671  57.232 0.0000000000
64357  4.171  -9.578  56.377 0.0000000000
64366  5.712  -7.709  54.071 0.0000000000
64367  5.359  -7.166  54.380 0.0000000000
65686  5.155  -6.629  54.521 0.0000000000
68314  5.900  -4.785  54.915 0.0000000000
64456  15.114  -8.382  46.466 0.0000000000
64429  15.001  -9.325  47.737 0.0000000000
63174  14.306  -9.530  48.192 0.0000000000
61901  13.685  -9.945  50.158 0.0000000000
63145  13.698  -9.806  51.672 0.0000000000
63146  10.714  -10.266  50.489 0.0000000000
61868  11.500  -10.490  51.943 0.0000000000
61833  11.833  -10.710  54.399 0.0000000000
60574  12.381  -10.470  53.245 0.0000000000
61832  12.912  -10.517  53.788 0.0000000000
60546  12.870  -11.011  54.634 0.0000000000
60533  12.054  -11.091  55.118 0.0000000000
56882  11.393  -12.629  55.140 0.0000000000
59315  8.794  -12.415  56.302 0.0000000000
56869  8.698  -13.110  56.627 0.0000000000
55654  8.385  -14.239  57.385 0.0000000000
56870  8.488  -13.483  57.133 0.0000000000
61783  8.464  -9.862  57.293 0.0000000000
60516  8.350  -10.210  57.230 0.0000000000
61784  7.915  -9.927  57.394 0.0000000000
60512  6.732  -11.235  56.546 0.0000000000
59318  6.771  -11.842  56.774 0.0000000000
56866  7.218  -13.050  57.403 0.0000000000
58069  6.765  -12.569  57.008 0.0000000000
56873  6.820  -13.323  57.402 0.0000000000
58074  6.416  -12.515  56.838 0.0000000000
59321  5.357  -11.850  56.792 0.0000000000
59327  4.742  -12.053  56.639 0.0000000000
65770  3.903  -6.283  50.116 0.0000000000
67102  4.315  -6.022  49.456 0.0000000000
68426  5.073  -4.698  48.897 0.0000000000
67143  4.643  -6.132  48.512 0.0000000000
67142  4.938  -5.725  48.131 0.0000000000
65797  4.823  -6.443  47.880 0.0000000000
65796  5.145  -6.080  47.557 0.0000000000
70892  7.166  -2.791  49.082 0.0000000000
69641  6.180  -3.394  48.584 0.0000000000
70903  6.746  -3.049  48.476 0.0000000000
68445  6.359  -4.520  47.149 0.0000000000
67159  6.271  -5.202  47.178 0.0000000000
65810  5.441  -6.270  46.932 0.0000000000
67160  5.947  -5.730  46.678 0.0000000000
65824  5.640  -6.573  46.009 0.0000000000
67180  6.179  -5.980  46.232 0.0000000000
67178  7.901  -5.301  45.528 0.0000000000
65842  6.722  -6.736  45.323 0.0000000000
65841  7.651  -6.695  45.277 0.0000000000
64497  7.825  -7.090  44.560 0.0000000000
65733  10.190  -5.876  51.112 0.0000000000
63238  21.008  -8.623  44.070 0.0000000000
63227  20.259  -9.156  45.210 0.0000000000
63239  19.766  -8.500  44.201 0.0000000000
63240  18.649  -8.321  44.311 0.0000000000
67152  20.691  -5.212  46.680 0.0000000000
67169  21.596  -5.648  45.497 0.0000000000
67188  20.807  -5.721  44.442 0.0000000000
65837  17.084  -6.488  44.518 0.0000000000
64496  16.795  -7.097  44.646 0.0000000000
65838  16.361  -6.612  44.656 0.0000000000
67158  14.469  -5.874  46.531 0.0000000000
65808  14.294  -6.289  46.142 0.0000000000
65809  13.895  -6.442  46.555 0.0000000000
64458  13.399  -6.979  46.673 0.0000000000
65794  13.817  -6.179  47.015 0.0000000000
67118  13.140  -5.440  48.282 0.0000000000
65779  12.578  -6.202  47.686 0.0000000000
65780  11.853  -6.532  48.224 0.0000000000
65781  11.274  -6.613  48.667 0.0000000000
65751  11.372  -5.834  50.027 0.0000000000
65752  10.435  -6.346  50.033 0.0000000000
65753  9.670  -6.566  50.389 0.0000000000
51888  3.350  -18.642  49.696 0.0000000000
51887  3.641  -17.845  49.731 0.0000000000
53167  4.348  -16.580  51.058 0.0000000000
51881  4.299  -17.007  50.522 0.0000000000
54439  5.082  -15.869  50.780 0.0000000000
55694  4.888  -14.789  53.075 0.0000000000
54420  4.889  -16.037  52.630 0.0000000000
56920  5.593  -13.685  52.965 0.0000000000
56935  5.514  -13.403  52.117 0.0000000000
56937  4.507  -11.911  51.979 0.0000000000
59396  3.839  -11.019  51.559 0.0000000000
60613  3.512  -10.420  50.938 0.0000000000
59342  2.783  -11.563  56.087 0.0000000000
59343  2.582  -10.883  55.855 0.0000000000
60579  2.812  -10.260  54.489 0.0000000000
61856  2.826  -9.642  54.079 0.0000000000
68318  2.462  -5.074  55.174 0.0000000000
67014  1.784  -6.166  55.317 0.0000000000
67013  1.933  -5.319  54.907 0.0000000000
67042  1.809  -5.916  53.308 0.0000000000
65701  1.770  -6.974  53.774 0.0000000000
63123  2.984  -8.714  53.338 0.0000000000
63137  3.498  -9.114  52.314 0.0000000000
64412  2.792  -7.277  51.322 0.0000000000
64411  2.915  -6.629  51.040 0.0000000000
64422  3.260  -6.910  50.566 0.0000000000
65755  3.255  -6.053  50.890 0.0000000000
69615  4.223  -4.082  51.627 0.0000000000
69614  4.682  -3.781  51.431 0.0000000000
69605  5.027  -3.371  51.954 0.0000000000
63158  15.596  -9.841  49.646 0.0000000000
63157  16.366  -9.892  49.853 0.0000000000
51857  7.333  -16.586  55.387 0.0000000000
51862  7.539  -16.845  54.652 0.0000000000
51849  6.446  -17.035  57.066 0.0000000000
50427  6.069  -17.274  56.346 0.0000000000
50517  3.017  -19.398  49.607 0.0000000000
53183  5.428  -16.605  47.920 0.0000000000
53196  4.929  -17.290  47.499 0.0000000000
53195  5.394  -16.864  46.954 0.0000000000
56974  6.684  -13.344  48.779 0.0000000000
55771  6.964  -14.064  48.720 0.0000000000
55780  7.309  -14.320  47.911 0.0000000000
54521  7.311  -15.475  46.629 0.0000000000
53193  7.355  -16.176  46.112 0.0000000000
53205  6.930  -16.805  45.809 0.0000000000
53204  7.468  -16.198  45.249 0.0000000000
55809  8.169  -14.684  43.837 0.0000000000
54570  8.257  -15.777  43.622 0.0000000000
54595  8.143  -15.746  42.871 0.0000000000
54617  8.119  -15.187  42.362 0.0000000000
63195  3.715  -8.806  48.213 0.0000000000
61934  3.323  -9.485  48.233 0.0000000000
60659  3.325  -10.663  46.685 0.0000000000
58188  3.567  -10.941  45.972 0.0000000000
56990  4.139  -11.469  45.785 0.0000000000
58187  3.574  -11.304  45.493 0.0000000000
60668  2.664  -10.525  44.274 0.0000000000
60669  2.590  -10.259  44.898 0.0000000000
59439  2.691  -11.308  44.227 0.0000000000
57020  3.469  -12.868  43.438 0.0000000000
57009  3.025  -12.303  44.312 0.0000000000
55815  3.934  -12.424  44.120 0.0000000000
55800  4.424  -12.445  44.592 0.0000000000
55813  4.903  -12.687  43.910 0.0000000000
55812  5.672  -13.050  43.820 0.0000000000
54620  5.508  -14.476  41.970 0.0000000000
55854  6.040  -14.138  42.317 0.0000000000
54619  6.181  -14.644  41.841 0.0000000000
53237  7.708  -15.343  41.479 0.0000000000
54636  7.137  -15.209  40.972 0.0000000000
54650  7.598  -15.580  40.247 0.0000000000
54651  6.877  -15.363  40.224 0.0000000000
54666  4.903  -15.478  39.481 0.0000000000
53295  4.981  -15.760  38.717 0.0000000000
57084  2.470  -13.158  39.893 0.0000000000
55920  3.001  -13.528  40.271 0.0000000000
55956  2.784  -14.415  37.766 0.0000000000
55939  2.941  -14.550  38.758 0.0000000000
55955  3.238  -14.674  37.981 0.0000000000
54698  3.874  -15.155  37.613 0.0000000000
72128  10.568  -1.886  44.913 0.0000000000
70927  9.833  -2.300  45.212 0.0000000000
70940  9.324  -2.956  44.839 0.0000000000
69685  9.513  -3.916  44.361 0.0000000000
67201  10.239  -5.481  43.157 0.0000000000
67202  9.713  -5.471  43.544 0.0000000000
65851  9.569  -6.194  43.680 0.0000000000
64509  9.357  -6.961  43.512 0.0000000000
64520  9.056  -7.721  43.000 0.0000000000
67238  9.042  -5.822  40.030 0.0000000000
68487  9.078  -4.481  40.678 0.0000000000
68486  9.838  -4.506  40.922 0.0000000000
68480  10.182  -4.837  41.378 0.0000000000
67212  9.834  -5.427  41.040 0.0000000000
62000  9.348  -8.723  40.085 0.0000000000
63266  9.478  -8.063  41.417 0.0000000000
63276  9.113  -8.715  41.149 0.0000000000
61980  8.826  -9.003  42.017 0.0000000000
61993  8.133  -9.895  41.295 0.0000000000
60691  7.455  -10.352  41.036 0.0000000000
60703  8.203  -10.267  40.397 0.0000000000
60723  6.611  -11.137  37.980 0.0000000000
60715  6.562  -11.172  39.159 0.0000000000
59497  5.950  -11.393  37.852 0.0000000000
59489  4.477  -11.728  38.157 0.0000000000
62032  6.379  -9.768  36.409 0.0000000000
64379  6.528  -8.122  52.827 0.0000000000
65716  8.096  -5.927  52.091 0.0000000000
63134  8.570  -9.393  52.157 0.0000000000
61854  8.471  -9.536  53.094 0.0000000000
63119  8.277  -9.377  53.566 0.0000000000
50709  8.573  -18.193  38.556 0.0000000000
52060  8.197  -17.435  38.694 0.0000000000
54404  4.177  -15.271  55.163 0.0000000000
55679  4.319  -14.371  54.714 0.0000000000
55673  4.334  -14.124  55.168 0.0000000000
56896  4.567  -12.905  55.202 0.0000000000
58094  4.283  -12.443  55.162 0.0000000000
55664  5.462  -14.446  56.935 0.0000000000
54388  5.488  -15.166  57.043 0.0000000000
53133  5.317  -15.895  57.100 0.0000000000
59408  3.765  -10.991  49.667 0.0000000000
58169  4.178  -11.339  49.593 0.0000000000
60622  3.576  -10.692  48.948 0.0000000000
61975  5.011  -9.440  43.016 0.0000000000
60694  3.490  -10.993  41.554 0.0000000000
60678  4.764  -10.200  42.394 0.0000000000
60693  4.708  -10.809  41.225 0.0000000000
61789  4.598  -10.263  57.508 0.0000000000
61790  4.005  -10.264  57.489 0.0000000000
65693  5.550  -6.519  54.203 0.0000000000
66998  6.253  -4.824  54.649 0.0000000000
66984  6.274  -4.461  54.992 0.0000000000
66997  7.004  -4.052  54.807 0.0000000000
63190  13.610  -9.130  47.596 0.0000000000
63175  13.280  -9.516  48.338 0.0000000000
61916  12.948  -9.692  49.278 0.0000000000
60576  10.655  -10.401  53.232 0.0000000000
60560  11.252  -10.706  53.906 0.0000000000
61813  11.388  -10.698  55.069 0.0000000000
61798  11.571  -10.823  55.280 0.0000000000
59331  9.411  -11.690  56.364 0.0000000000
59324  8.886  -12.256  56.256 0.0000000000
63074  7.538  -8.950  57.045 0.0000000000
61785  7.281  -10.035  57.122 0.0000000000
61795  6.812  -9.543  57.221 0.0000000000
61782  6.280  -10.723  56.662 0.0000000000
60513  6.123  -11.082  56.696 0.0000000000
60514  5.715  -11.201  56.862 0.0000000000
60519  5.592  -10.615  57.085 0.0000000000
60520  5.187  -10.720  57.244 0.0000000000
68400  4.698  -4.652  50.480 0.0000000000
68415  4.703  -5.094  49.626 0.0000000000
70912  6.914  -2.930  47.852 0.0000000000
69650  6.816  -3.083  47.322 0.0000000000
69674  6.997  -3.706  46.524 0.0000000000
68456  6.886  -4.240  46.458 0.0000000000
68455  7.344  -4.562  45.856 0.0000000000
67196  8.300  -4.853  44.933 0.0000000000
64492  20.457  -7.502  43.646 0.0000000000
67171  18.980  -4.975  45.351 0.0000000000
67174  15.773  -5.924  45.340 0.0000000000
67157  15.078  -5.778  46.230 0.0000000000
65767  11.747  -5.930  49.106 0.0000000000
53168  4.168  -17.129  51.587 0.0000000000
53164  4.635  -16.762  51.944 0.0000000000
56909  4.439  -12.623  53.106 0.0000000000
56922  4.478  -12.319  52.537 0.0000000000
56938  4.311  -11.745  52.156 0.0000000000
56923  4.283  -11.904  52.430 0.0000000000
59387  3.801  -11.316  52.220 0.0000000000
125884  2.536  -9.279  55.578 0.0000000000
61819  2.771  -9.905  55.672 0.0000000000
125881  2.333  -8.788  55.477 0.0000000000
125887  2.235  -8.875  55.136 0.0000000000
65719  1.744  -6.759  52.680 0.0000000000
64398  2.091  -7.420  52.084 0.0000000000
67064  2.125  -5.872  52.229 0.0000000000
67063  3.195  -5.362  51.816 0.0000000000
67062  3.458  -4.778  52.232 0.0000000000
69607  3.850  -3.664  52.466 0.0000000000
70869  4.135  -3.107  52.701 0.0000000000
61865  15.538  -10.435  52.268 0.0000000000
61881  15.874  -10.349  51.650 0.0000000000
60573  15.809  -10.932  52.869 0.0000000000
53135  8.522  -15.253  56.244 0.0000000000
51847  7.241  -16.384  56.337 0.0000000000
50425  6.400  -16.892  55.767 0.0000000000
50439  5.727  -17.971  56.128 0.0000000000
50456  3.716  -18.226  54.097 0.0000000000
50464  3.844  -18.361  53.297 0.0000000000
50485  3.259  -18.743  51.536 0.0000000000
53177  4.883  -16.813  49.260 0.0000000000
53184  4.914  -17.190  48.358 0.0000000000
54478  5.150  -16.197  49.006 0.0000000000
54499  5.882  -16.046  47.888 0.0000000000
58172  6.637  -12.690  47.584 0.0000000000
55789  7.641  -14.346  46.139 0.0000000000
55798  7.891  -14.479  45.096 0.0000000000
57003  7.512  -13.973  44.876 0.0000000000
55810  7.498  -14.154  44.177 0.0000000000
64474  3.699  -7.966  47.568 0.0000000000
63209  3.388  -9.054  47.396 0.0000000000
61958  2.569  -9.848  46.150 0.0000000000
60666  2.820  -10.344  45.464 0.0000000000
59443  2.145  -11.523  43.456 0.0000000000
59440  2.327  -11.825  43.897 0.0000000000
58197  2.292  -12.298  43.567 0.0000000000
57019  3.915  -13.354  42.893 0.0000000000
55833  4.738  -13.418  43.160 0.0000000000
57018  4.285  -13.639  42.464 0.0000000000
54638  5.229  -14.784  41.620 0.0000000000
54652  5.950  -15.313  40.395 0.0000000000
54654  4.280  -14.646  40.566 0.0000000000
57102  2.254  -13.440  38.693 0.0000000000
55957  2.201  -13.899  37.755 0.0000000000
72137  10.903  -2.094  44.044 0.0000000000
69684  10.042  -3.707  44.255 0.0000000000
69695  10.143  -4.017  43.768 0.0000000000
68476  10.350  -4.705  42.966 0.0000000000
67208  10.348  -5.422  42.489 0.0000000000
67239  8.388  -5.999  39.935 0.0000000000
65874  9.555  -6.260  40.374 0.0000000000
64549  9.304  -7.354  39.954 0.0000000000
63284  9.215  -8.225  39.715 0.0000000000
62008  8.905  -9.311  39.350 0.0000000000
60721  8.127  -10.199  38.555 0.0000000000
60722  7.428  -10.609  38.152 0.0000000000
60728  6.977  -10.640  37.351 0.0000000000
63082  6.406  -9.648  56.133 0.0000000000
63083  5.474  -9.432  55.868 0.0000000000
64380  5.926  -7.250  53.077 0.0000000000
61933  11.087  -8.881  48.922 0.0000000000
61932  11.635  -9.155  48.595 0.0000000000
61918  10.995  -9.516  49.133 0.0000000000
61886  10.626  -10.318  51.204 0.0000000000
61887  9.561  -10.034  51.382 0.0000000000
61869  10.330  -10.426  52.205 0.0000000000
60577  9.877  -10.296  53.518 0.0000000000
60549  10.046  -10.523  54.605 0.0000000000
61791  9.277  -9.962  56.444 0.0000000000
61801  9.097  -9.932  56.119 0.0000000000
61802  8.070  -9.588  56.450 0.0000000000
61836  7.991  -9.825  54.764 0.0000000000
61817  7.440  -9.916  55.560 0.0000000000
61803  7.453  -9.669  56.257 0.0000000000
63081  7.240  -9.355  56.537 0.0000000000
70875  6.742  -2.701  50.689 0.0000000000
70885  6.231  -2.870  50.107 0.0000000000
72072  7.342  -2.465  50.367 0.0000000000
70883  7.584  -2.447  49.655 0.0000000000
72070  8.968  -1.659  50.334 0.0000000000
72086  8.155  -2.238  49.405 0.0000000000
70891  7.800  -2.471  48.873 0.0000000000
70901  7.962  -2.370  48.066 0.0000000000
72110  8.696  -2.118  47.856 0.0000000000
70909  8.938  -2.346  47.009 0.0000000000
53160  4.277  -17.107  53.022 0.0000000000
53154  4.346  -16.482  53.933 0.0000000000
56900  4.273  -12.673  53.685 0.0000000000
125880  3.604  -6.324  55.542 0.0000000000
66987  2.687  -6.213  56.065 0.0000000000
68296  3.786  -5.219  55.480 0.0000000000
67001  2.943  -5.430  55.633 0.0000000000
68317  3.133  -4.973  55.284 0.0000000000
70835  4.451  -3.979  55.485 0.0000000000
69584  3.651  -4.122  54.990 0.0000000000
69590  3.751  -3.929  54.183 0.0000000000
69589  4.191  -3.533  53.971 0.0000000000
69595  4.074  -3.339  53.609 0.0000000000
53124  6.745  -15.289  58.460 0.0000000000
53130  6.148  -16.049  58.438 0.0000000000
51840  5.455  -16.711  58.079 0.0000000000
50428  5.496  -17.263  56.306 0.0000000000
49022  5.119  -18.038  56.120 0.0000000000
49023  4.771  -18.049  56.069 0.0000000000
49033  4.600  -18.374  55.645 0.0000000000
49034  3.682  -18.703  55.457 0.0000000000
50442  3.589  -17.960  55.354 0.0000000000
51864  3.698  -17.382  54.911 0.0000000000
51867  3.646  -17.656  54.226 0.0000000000
53156  3.859  -17.386  53.822 0.0000000000
55729  6.421  -13.994  49.783 0.0000000000
56947  6.100  -13.394  50.046 0.0000000000
56964  6.389  -13.343  49.405 0.0000000000
56975  6.436  -12.748  48.892 0.0000000000
59406  5.290  -11.610  49.165 0.0000000000
59419  5.621  -11.699  48.658 0.0000000000
58173  6.192  -12.332  47.937 0.0000000000
58181  5.950  -11.985  46.690 0.0000000000
56988  5.394  -12.021  45.706 0.0000000000
64502  3.979  -8.024  45.675 0.0000000000
63244  3.620  -8.709  44.854 0.0000000000
61971  2.929  -9.715  44.330 0.0000000000
61976  3.778  -9.625  43.575 0.0000000000
61977  3.085  -10.242  43.223 0.0000000000
60673  2.567  -10.766  43.362 0.0000000000
60674  1.972  -11.133  43.051 0.0000000000
58216  2.448  -12.541  41.691 0.0000000000
57064  2.964  -13.570  41.071 0.0000000000
58225  2.474  -12.430  40.607 0.0000000000
59470  1.861  -12.110  40.175 0.0000000000
59459  3.138  -11.556  41.058 0.0000000000
59469  2.503  -11.902  40.460 0.0000000000
59482  1.875  -11.921  39.725 0.0000000000
58236  2.635  -12.321  38.787 0.0000000000
58250  2.977  -12.335  38.090 0.0000000000
63296  6.729  -8.277  38.076 0.0000000000
64586  5.082  -7.881  36.158 0.0000000000
51994  8.406  -17.808  41.264 0.0000000000
56885  4.437  -13.082  56.078 0.0000000000
58083  4.036  -12.449  56.385 0.0000000000
60540  2.913  -10.975  56.581 0.0000000000
60532  2.823  -10.314  56.703 0.0000000000
63079  3.361  -9.687  57.230 0.0000000000
61797  2.860  -9.960  57.174 0.0000000000
125878  3.532  -6.588  55.112 0.0000000000
125879  4.885  -8.633  55.392 0.0000000000
66985  4.066  -6.010  55.229 0.0000000000
68316  4.736  -5.253  55.211 0.0000000000
68293  6.053  -4.159  55.389 0.0000000000
64455  16.173  -8.762  46.439 0.0000000000
63205  16.440  -9.126  46.936 0.0000000000
63189  15.635  -9.374  47.736 0.0000000000
63173  15.411  -9.484  48.384 0.0000000000
61900  14.764  -10.157  50.485 0.0000000000
61882  14.882  -10.228  51.686 0.0000000000
60558  14.281  -10.808  53.564 0.0000000000
61867  12.703  -10.311  52.152 0.0000000000
60590  12.030  -10.516  52.672 0.0000000000
63117  13.477  -10.189  52.652 0.0000000000
63099  13.904  -10.468  53.484 0.0000000000
60545  13.749  -10.974  54.050 0.0000000000
58080  11.561  -12.014  55.028 0.0000000000
54383  9.060  -14.109  56.038 0.0000000000
54376  8.415  -14.546  57.283 0.0000000000
54377  8.306  -14.691  57.771 0.0000000000
54378  7.837  -14.791  58.308 0.0000000000
60526  9.204  -9.845  56.853 0.0000000000
60528  8.635  -10.935  56.526 0.0000000000
59316  8.104  -12.076  56.643 0.0000000000
60518  7.445  -10.458  56.651 0.0000000000
60511  7.408  -11.098  56.487 0.0000000000
58072  7.919  -12.731  57.183 0.0000000000
58066  7.673  -12.981  57.339 0.0000000000
55656  7.429  -14.152  57.802 0.0000000000
55657  6.832  -13.993  57.677 0.0000000000
55658  6.252  -14.071  57.433 0.0000000000
58075  5.986  -12.537  56.719 0.0000000000
56875  5.998  -13.312  56.705 0.0000000000
55659  5.646  -14.081  57.116 0.0000000000
55660  5.346  -13.721  56.592 0.0000000000
56881  4.762  -12.916  56.387 0.0000000000
64433  3.434  -8.158  49.834 0.0000000000
61920  2.894  -9.477  49.258 0.0000000000
63178  3.521  -7.875  48.918 0.0000000000
64446  3.872  -7.416  48.637 0.0000000000
67122  4.518  -6.199  48.985 0.0000000000
65799  4.420  -6.570  48.833 0.0000000000
64460  4.346  -7.621  47.967 0.0000000000
65812  4.410  -7.155  47.359 0.0000000000
65826  4.439  -7.083  46.619 0.0000000000
70894  5.927  -3.170  49.629 0.0000000000
69653  5.600  -3.939  48.531 0.0000000000
68437  5.513  -4.194  48.446 0.0000000000
69665  6.218  -3.730  47.601 0.0000000000
68436  5.734  -4.513  47.917 0.0000000000
67141  5.640  -5.332  47.664 0.0000000000
64485  4.405  -7.433  45.961 0.0000000000
64484  4.968  -7.280  45.718 0.0000000000
64500  5.364  -7.452  45.117 0.0000000000
65823  6.421  -6.290  45.906 0.0000000000
64499  6.074  -7.187  44.687 0.0000000000
64512  6.299  -7.650  43.936 0.0000000000
63250  6.689  -8.311  43.416 0.0000000000
63249  7.666  -8.332  43.435 0.0000000000
65735  8.245  -6.426  51.304 0.0000000000
65714  9.892  -5.330  51.940 0.0000000000
63216  17.285  -8.789  45.708 0.0000000000
65816  22.227  -6.027  46.225 0.0000000000
65833  21.239  -6.578  43.933 0.0000000000
65834  20.159  -6.552  43.767 0.0000000000
65835  19.028  -6.471  43.743 0.0000000000
64494  18.332  -7.362  44.053 0.0000000000
63242  17.342  -7.817  44.719 0.0000000000
64468  16.635  -8.192  45.588 0.0000000000
64469  15.703  -7.918  45.784 0.0000000000
65818  15.124  -6.533  45.444 0.0000000000
64471  14.104  -7.047  45.923 0.0000000000
64457  14.167  -7.876  46.486 0.0000000000
64441  13.405  -8.251  47.095 0.0000000000
67136  15.560  -5.108  47.089 0.0000000000
67137  14.441  -5.492  47.123 0.0000000000
67138  13.595  -5.633  47.530 0.0000000000
65795  13.203  -6.235  47.261 0.0000000000
64459  12.889  -6.729  47.277 0.0000000000
63192  11.872  -8.582  48.103 0.0000000000
63193  11.212  -8.404  48.686 0.0000000000
64430  10.900  -7.900  48.884 0.0000000000
63177  10.029  -7.867  49.488 0.0000000000
65768  10.985  -6.471  49.254 0.0000000000
64421  9.133  -7.277  50.312 0.0000000000
51886  4.317  -17.293  49.938 0.0000000000
54421  4.464  -16.579  53.056 0.0000000000
54419  5.263  -15.464  52.210 0.0000000000
55693  5.438  -14.314  53.015 0.0000000000
58142  4.749  -11.940  50.641 0.0000000000
58130  4.310  -11.620  51.864 0.0000000000
58160  4.247  -11.207  50.889 0.0000000000
61905  3.018  -9.357  49.921 0.0000000000
58089  3.514  -12.303  55.614 0.0000000000
59349  2.899  -11.646  55.254 0.0000000000
60551  2.675  -10.466  55.508 0.0000000000
59359  2.689  -11.212  55.035 0.0000000000
59358  2.937  -11.328  54.461 0.0000000000
65688  1.939  -6.783  55.566 0.0000000000
65694  1.862  -7.276  55.064 0.0000000000
61855  3.238  -9.803  53.324 0.0000000000
60592  3.422  -10.606  53.033 0.0000000000
61872  3.312  -9.935  52.508 0.0000000000
63151  3.602  -8.963  51.319 0.0000000000
63164  3.445  -8.983  50.456 0.0000000000
65769  3.994  -5.706  50.309 0.0000000000
68387  3.524  -4.909  51.126 0.0000000000
68402  3.687  -5.027  50.727 0.0000000000
68401  4.234  -4.746  50.674 0.0000000000
69613  5.313  -3.420  51.147 0.0000000000
69612  5.742  -3.172  51.482 0.0000000000
70858  4.404  -3.140  53.478 0.0000000000
70868  4.729  -3.040  52.621 0.0000000000
70867  5.467  -3.034  52.385 0.0000000000
70866  6.169  -3.070  51.927 0.0000000000
72056  6.567  -2.659  51.389 0.0000000000
65715  8.960  -5.499  51.959 0.0000000000
61915  16.901  -9.769  49.525 0.0000000000
61879  17.088  -10.556  50.932 0.0000000000
61847  16.653  -10.657  52.205 0.0000000000
51838  7.023  -16.879  57.565 0.0000000000
51848  6.755  -16.759  56.761 0.0000000000
50437  6.675  -17.622  55.644 0.0000000000
50449  6.949  -17.672  54.949 0.0000000000
54454  6.675  -14.532  49.379 0.0000000000
54476  6.846  -15.094  48.734 0.0000000000
51916  6.346  -17.366  45.465 0.0000000000
51968  8.768  -16.961  41.365 0.0000000000
60638  3.277  -10.388  48.392 0.0000000000
60649  3.780  -11.010  47.606 0.0000000000
60650  3.465  -10.654  47.339 0.0000000000
59429  3.733  -11.214  47.086 0.0000000000
56981  4.545  -11.499  46.267 0.0000000000
61968  2.635  -9.754  45.261 0.0000000000
59436  3.090  -10.992  45.010 0.0000000000
58193  2.601  -12.096  44.177 0.0000000000
58192  3.156  -11.828  44.716 0.0000000000
56999  3.862  -11.989  45.240 0.0000000000
56998  4.492  -12.389  45.037 0.0000000000
56997  5.423  -12.508  45.253 0.0000000000
57005  6.413  -12.999  44.655 0.0000000000
55811  6.600  -13.435  43.880 0.0000000000
55831  6.849  -13.938  43.123 0.0000000000
55853  7.226  -14.544  42.410 0.0000000000
53253  7.838  -15.528  41.330 0.0000000000
53251  8.643  -16.555  40.908 0.0000000000
53270  9.087  -16.692  40.159 0.0000000000
53292  7.946  -16.421  39.218 0.0000000000
55900  2.982  -13.551  40.816 0.0000000000
55919  3.320  -14.181  39.896 0.0000000000
54683  3.522  -14.576  39.431 0.0000000000
57101  2.619  -13.975  38.740 0.0000000000
54682  3.845  -14.976  38.831 0.0000000000
54681  4.555  -15.442  38.388 0.0000000000
70919  9.062  -2.426  46.181 0.0000000000
72119  10.273  -1.702  46.004 0.0000000000
70918  9.613  -2.202  45.910 0.0000000000
70929  8.674  -2.865  45.658 0.0000000000
69686  8.612  -3.527  45.053 0.0000000000
67195  8.867  -5.445  44.813 0.0000000000
68472  9.360  -4.621  43.880 0.0000000000
68473  8.829  -5.006  44.108 0.0000000000
64510  8.449  -7.408  43.883 0.0000000000
63258  7.996  -8.919  42.802 0.0000000000
65858  10.069  -6.604  42.222 0.0000000000
64534  9.577  -7.245  40.889 0.0000000000
64523  9.775  -7.244  41.845 0.0000000000
64519  9.995  -7.159  42.856 0.0000000000
63257  8.800  -8.604  42.497 0.0000000000
61982  7.459  -9.474  42.197 0.0000000000
61994  7.003  -9.998  41.679 0.0000000000
60705  5.816  -11.102  40.136 0.0000000000
60716  6.060  -11.277  39.536 0.0000000000
59466  5.112  -11.370  39.787 0.0000000000
59479  4.763  -11.650  39.130 0.0000000000
58267  3.138  -12.170  37.518 0.0000000000
63317  7.209  -9.433  36.880 0.0000000000
62023  6.832  -10.201  36.849 0.0000000000
60730  5.176  -10.838  36.669 0.0000000000
59499  4.276  -11.321  37.137 0.0000000000
58268  2.698  -12.321  37.320 0.0000000000
47656  3.659  -19.290  55.178 0.0000000000
51904  6.424  -17.118  46.098 0.0000000000
51993  8.793  -17.379  40.888 0.0000000000
52017  9.217  -17.182  40.038 0.0000000000
52039  9.156  -17.279  39.826 0.0000000000
52041  8.430  -17.087  39.335 0.0000000000
52059  8.784  -17.802  38.950 0.0000000000
53127  8.257  -15.100  56.954 0.0000000000
53132  4.936  -15.746  57.802 0.0000000000
53149  4.490  -16.150  53.894 0.0000000000
53235  8.523  -16.538  41.500 0.0000000000
53269  9.370  -17.019  39.824 0.0000000000
53271  8.245  -16.063  40.229 0.0000000000
53290  9.107  -17.096  39.687 0.0000000000
53291  8.876  -16.942  39.625 0.0000000000
54379  7.104  -14.587  58.406 0.0000000000
54385  8.340  -14.985  57.423 0.0000000000
54403  4.073  -14.601  55.099 0.0000000000
54414  4.355  -16.734  53.383 0.0000000000
54437  6.493  -14.677  50.038 0.0000000000
54543  8.424  -14.920  44.209 0.0000000000
54569  8.524  -15.123  43.745 0.0000000000
54594  8.470  -15.219  42.974 0.0000000000
54616  8.442  -14.997  42.596 0.0000000000
54635  7.410  -15.388  40.630 0.0000000000
54663  7.798  -15.800  39.778 0.0000000000
54668  3.643  -14.444  39.817 0.0000000000
54699  3.251  -14.695  37.591 0.0000000000
55662  8.916  -13.867  56.516 0.0000000000
55663  8.737  -14.093  57.086 0.0000000000
55666  11.251  -13.034  55.148 0.0000000000
55686  4.299  -15.400  54.360 0.0000000000
55797  8.142  -14.672  44.435 0.0000000000
55799  4.823  -12.517  44.605 0.0000000000
55814  4.254  -12.466  44.174 0.0000000000
55829  8.391  -14.807  43.184 0.0000000000
55830  7.749  -14.460  43.228 0.0000000000
55835  3.894  -12.548  43.894 0.0000000000
55851  8.504  -14.901  42.826 0.0000000000
55857  3.536  -13.776  42.104 0.0000000000
55875  4.473  -14.530  41.270 0.0000000000
55897  4.367  -14.607  40.833 0.0000000000
55918  3.727  -14.397  40.070 0.0000000000
56865  7.453  -13.078  57.401 0.0000000000
56867  6.951  -12.987  57.344 0.0000000000
56868  6.721  -12.939  57.121 0.0000000000
56871  7.679  -13.411  57.457 0.0000000000
56890  4.482  -13.696  55.276 0.0000000000
56891  4.435  -13.141  55.540 0.0000000000
56907  5.430  -14.097  53.332 0.0000000000
56950  4.618  -11.805  51.603 0.0000000000
56978  6.839  -13.200  47.939 0.0000000000
56982  4.181  -11.390  46.243 0.0000000000
57007  4.184  -12.412  44.530 0.0000000000
57030  4.178  -13.843  42.167 0.0000000000
58067  7.456  -12.725  57.260 0.0000000000
58068  7.075  -12.656  57.204 0.0000000000
58070  8.905  -12.838  56.281 0.0000000000
58073  7.627  -12.531  57.132 0.0000000000
58076  5.511  -12.542  56.616 0.0000000000
58088  4.031  -12.585  55.599 0.0000000000
58093  4.623  -12.833  54.974 0.0000000000
58121  4.021  -11.711  52.640 0.0000000000
58143  4.485  -11.595  51.288 0.0000000000
58144  4.161  -11.266  51.420 0.0000000000
58167  6.089  -12.177  49.010 0.0000000000
58168  4.458  -11.332  49.305 0.0000000000
58176  4.177  -11.468  46.778 0.0000000000
58179  6.917  -12.818  47.351 0.0000000000
58182  3.817  -11.202  46.263 0.0000000000
58183  3.556  -10.964  46.267 0.0000000000
59311  7.423  -12.435  57.069 0.0000000000
59312  7.172  -12.361  57.005 0.0000000000
59313  6.848  -12.295  56.925 0.0000000000
59320  5.870  -11.868  56.889 0.0000000000
59325  8.018  -11.785  56.556 0.0000000000
59328  11.870  -11.397  55.067 0.0000000000
59332  8.747  -11.648  56.422 0.0000000000
59333  8.288  -11.507  56.498 0.0000000000
59334  8.294  -11.122  56.523 0.0000000000
59335  3.511  -11.689  56.626 0.0000000000
59340  8.800  -11.406  56.456 0.0000000000
59341  8.496  -11.339  56.478 0.0000000000
59347  13.606  -11.323  54.282 0.0000000000
59407  5.070  -11.633  49.381 0.0000000000
59433  3.392  -10.729  46.279 0.0000000000
59449  2.018  -11.595  42.635 0.0000000000
59460  2.798  -11.619  41.463 0.0000000000
59477  6.154  -11.373  39.020 0.0000000000
59487  6.094  -11.403  38.617 0.0000000000
59488  5.386  -11.533  38.421 0.0000000000
60510  7.885  -11.432  56.526 0.0000000000
60527  8.807  -10.283  56.891 0.0000000000
60529  8.553  -11.277  56.498 0.0000000000
60530  3.999  -11.344  56.836 0.0000000000
60534  11.560  -10.961  55.459 0.0000000000
60537  9.138  -10.841  56.552 0.0000000000
60538  9.164  -11.284  56.460 0.0000000000
60539  8.903  -10.781  56.511 0.0000000000
60547  12.038  -10.864  54.963 0.0000000000
60550  9.515  -10.321  54.512 0.0000000000
60559  12.040  -10.604  53.783 0.0000000000
60564  2.638  -10.699  54.923 0.0000000000
60572  16.570  -10.842  52.465 0.0000000000
60588  17.522  -10.947  51.602 0.0000000000
60589  12.543  -10.423  52.768 0.0000000000
60660  3.087  -10.321  46.532 0.0000000000
60671  4.260  -10.098  43.025 0.0000000000
60690  7.948  -10.213  40.929 0.0000000000
60702  8.843  -9.916  39.878 0.0000000000
60713  8.477  -10.062  39.303 0.0000000000
61781  6.593  -10.518  56.624 0.0000000000
61794  7.427  -9.410  57.292 0.0000000000
61796  3.399  -10.181  57.468 0.0000000000
61810  13.732  -10.786  53.970 0.0000000000
61830  14.043  -10.630  53.581 0.0000000000
61831  13.713  -10.617  53.753 0.0000000000
61848  16.063  -10.637  52.513 0.0000000000
61862  17.507  -10.787  51.303 0.0000000000
61864  16.349  -10.474  52.014 0.0000000000
61866  14.738  -10.360  52.556 0.0000000000
61883  14.034  -9.926  51.250 0.0000000000
61898  16.832  -10.111  50.295 0.0000000000
61914  17.467  -9.894  49.370 0.0000000000
61945  12.056  -9.152  48.311 0.0000000000
61967  2.880  -9.492  45.090 0.0000000000
61972  2.524  -10.008  44.665 0.0000000000
61986  3.262  -10.447  42.774 0.0000000000
61992  8.769  -9.181  41.490 0.0000000000
62002  8.461  -9.889  40.741 0.0000000000
62007  9.256  -8.887  39.713 0.0000000000
62031  6.976  -9.666  36.737 0.0000000000
63072  4.031  -9.744  57.357 0.0000000000
63073  3.638  -9.881  57.621 0.0000000000
63080  7.814  -9.023  56.825 0.0000000000
63100  13.861  -10.352  53.270 0.0000000000
63101  13.360  -10.308  52.958 0.0000000000
63103  8.419  -9.559  54.245 0.0000000000
63150  7.302  -7.761  52.224 0.0000000000
63171  17.202  -9.693  48.958 0.0000000000
63188  16.280  -9.403  47.606 0.0000000000
63194  3.743  -8.184  48.472 0.0000000000
63207  12.059  -8.947  48.138 0.0000000000
63229  17.938  -8.766  45.032 0.0000000000
63230  17.275  -8.252  45.049 0.0000000000
63253  3.855  -9.088  44.213 0.0000000000
63256  9.468  -7.986  42.278 0.0000000000
63306  7.418  -9.168  37.199 0.0000000000
63318  6.897  -9.118  36.629 0.0000000000
64428  15.383  -9.350  47.767 0.0000000000
64438  16.104  -9.148  47.027 0.0000000000
64444  10.847  -6.912  48.726 0.0000000000
64445  4.293  -7.190  48.491 0.0000000000
64461  4.032  -8.005  48.095 0.0000000000
64473  3.690  -7.672  47.128 0.0000000000
64480  16.948  -7.671  44.908 0.0000000000
64486  3.915  -7.620  46.442 0.0000000000
64495  17.450  -7.276  44.474 0.0000000000
64506  20.207  -7.088  43.626 0.0000000000
64507  19.963  -7.211  43.611 0.0000000000
64508  9.885  -6.638  43.334 0.0000000000
64563  8.194  -8.115  38.426 0.0000000000
64575  5.187  -8.220  37.685 0.0000000000
65684  3.141  -6.343  55.923 0.0000000000
65685  2.900  -6.618  55.673 0.0000000000
65782  4.239  -6.901  48.724 0.0000000000
65807  14.845  -6.265  45.846 0.0000000000
65819  14.587  -6.637  45.757 0.0000000000
65821  8.299  -6.197  45.847 0.0000000000
65839  9.168  -6.243  45.419 0.0000000000
65840  8.747  -6.545  45.076 0.0000000000
65848  20.021  -6.941  43.620 0.0000000000
65849  19.716  -6.936  43.609 0.0000000000
65850  10.100  -6.133  43.361 0.0000000000
65857  10.370  -6.252  42.806 0.0000000000
65862  10.238  -6.021  42.134 0.0000000000
66982  7.617  -3.801  55.621 0.0000000000
66986  3.291  -5.786  55.886 0.0000000000
66988  2.663  -6.734  55.653 0.0000000000
67003  2.218  -6.421  55.835 0.0000000000
67083  3.894  -5.330  50.517 0.0000000000
67084  3.433  -5.350  50.863 0.0000000000
67119  5.465  -5.142  48.109 0.0000000000
67121  4.663  -5.486  48.988 0.0000000000
67144  4.581  -6.385  48.705 0.0000000000
67176  9.200  -5.980  45.595 0.0000000000
67177  8.774  -5.766  45.541 0.0000000000
67187  21.703  -5.919  44.476 0.0000000000
67194  9.148  -5.894  45.237 0.0000000000
67203  9.111  -5.509  43.906 0.0000000000
67211  10.215  -5.438  41.728 0.0000000000
67222  8.648  -5.282  40.371 0.0000000000
68414  4.956  -4.771  50.059 0.0000000000
68425  5.470  -4.933  48.242 0.0000000000
68435  6.075  -4.893  47.525 0.0000000000
68446  6.058  -4.009  47.502 0.0000000000
68465  9.177  -4.350  44.207 0.0000000000
69631  5.904  -3.321  49.124 0.0000000000
69632  5.614  -3.634  49.520 0.0000000000
69642  5.728  -3.685  48.773 0.0000000000
69651  6.457  -3.389  47.837 0.0000000000
69687  8.034  -3.733  45.481 0.0000000000
69696  9.680  -4.211  44.003 0.0000000000
70877  5.576  -3.296  50.651 0.0000000000
70893  6.414  -3.011  49.258 0.0000000000
70910  8.193  -2.503  47.270 0.0000000000
70941  8.898  -2.902  45.179 0.0000000000
125882  3.001  -6.916  55.307 0.0000000000
125883  2.374  -8.398  55.361 0.0000000000
125885  2.092  -8.668  55.327 0.0000000000
