#!ascii label  , from subject 3778 vox2ras=TkReg
1158
75480  15.451  0.434  -26.060 0.2500000000
74338  16.861  -0.197  -27.145 0.2500000000
73047  17.159  -0.902  -26.645 0.7500000000
79138  15.848  3.902  -28.290 0.2500000000
79139  15.625  3.224  -27.729 0.1250000000
77974  17.016  2.717  -28.653 0.3750000000
77933  15.990  2.269  -27.704 0.2500000000
76732  15.820  1.233  -26.717 0.2500000000
75497  17.145  0.240  -27.742 0.7500000000
75479  16.185  0.696  -26.779 0.3750000000
73066  18.088  -0.991  -27.703 0.8750000000
74337  17.356  -0.374  -27.496 0.8750000000
73082  18.682  -1.490  -28.358 0.8750000000
77957  16.395  2.472  -28.145 0.3750000000
76769  17.161  1.502  -28.309 0.3750000000
76770  16.756  1.114  -27.957 0.7500000000
74378  19.655  -0.575  -29.658 1.0000000000
75542  18.589  0.262  -29.153 1.0000000000
75520  17.576  0.473  -28.109 0.8750000000
73094  18.994  -1.483  -28.874 1.0000000000
74360  17.794  -0.171  -27.900 0.8750000000
73092  20.517  -1.459  -29.734 1.0000000000
79163  16.638  3.440  -28.806 0.2500000000
76784  18.448  1.409  -29.572 0.8750000000
77956  17.253  2.143  -28.589 0.7500000000
74393  20.122  -0.432  -30.132 1.0000000000
75541  19.260  0.168  -29.761 1.0000000000
75562  19.011  0.705  -29.857 1.0000000000
74391  21.056  -1.100  -30.790 1.0000000000
74377  20.427  -0.837  -30.024 1.0000000000
73105  20.776  -1.307  -30.355 1.0000000000
77972  18.451  2.164  -29.952 1.0000000000
77973  17.656  2.602  -29.309 0.8750000000
76800  19.030  1.423  -30.378 1.0000000000
75581  21.844  0.376  -31.419 1.0000000000
75560  20.465  0.069  -30.698 1.0000000000
75561  19.728  0.249  -30.357 1.0000000000
76799  19.710  1.141  -30.829 1.0000000000
74400  22.340  -0.718  -31.550 1.0000000000
74402  20.903  -0.404  -30.828 1.0000000000
74388  23.969  0.155  -30.369 1.0000000000
73115  21.904  -1.547  -31.325 1.0000000000
81581  18.717  6.133  -31.745 0.2500000000
79162  17.175  4.077  -29.336 0.2500000000
77989  18.663  2.568  -30.628 1.0000000000
79183  17.893  3.404  -30.120 0.6250000000
76813  20.209  1.410  -31.395 1.0000000000
76814  19.438  1.903  -31.146 1.0000000000
75600  22.292  0.759  -31.789 1.0000000000
75582  20.887  0.414  -31.115 1.0000000000
76831  21.075  2.083  -31.871 1.0000000000
76828  23.263  1.655  -31.905 1.0000000000
74398  23.552  0.022  -30.923 1.0000000000
76827  23.267  1.694  -31.381 1.0000000000
76809  23.876  1.142  -30.394 1.0000000000
80446  19.520  5.322  -32.372 0.5000000000
80434  18.321  5.376  -30.702 0.3750000000
79182  18.718  3.909  -30.848 0.5000000000
79200  19.346  3.665  -31.968 0.5000000000
78028  19.704  2.912  -32.510 0.8750000000
78008  19.298  2.813  -31.525 1.0000000000
78040  19.463  2.855  -33.542 1.0000000000
76832  20.604  2.180  -32.102 1.0000000000
76833  19.733  2.137  -32.110 1.0000000000
79216  22.527  2.545  -32.247 1.0000000000
78038  21.669  2.388  -32.357 1.0000000000
79196  23.887  3.241  -30.796 1.0000000000
78023  23.249  2.270  -31.630 1.0000000000
76798  24.217  1.708  -30.354 0.8750000000
80447  18.873  4.756  -31.770 0.5000000000
79199  19.572  4.304  -32.361 0.6250000000
79235  19.705  3.614  -33.797 0.6250000000
78052  19.261  2.995  -34.571 1.0000000000
125938  20.403  2.815  -34.615 1.0000000000
125943  22.553  4.492  -32.485 1.0000000000
125933  22.361  4.460  -33.367 1.0000000000
125934  21.838  3.229  -33.011 1.0000000000
125931  21.373  3.241  -33.590 1.0000000000
125949  22.989  4.589  -31.532 1.0000000000
79215  22.729  3.155  -31.967 1.0000000000
76848  22.282  3.361  -32.562 1.0000000000
81579  23.778  4.889  -30.700 0.8750000000
80445  23.207  3.657  -31.350 1.0000000000
79181  24.438  3.290  -30.216 0.8750000000
79218  20.230  4.390  -32.924 0.5000000000
79247  19.710  3.969  -34.807 0.8750000000
80509  21.146  5.025  -35.556 1.0000000000
79264  20.305  3.342  -35.922 1.0000000000
125947  22.867  5.391  -32.085 1.0000000000
125946  22.381  5.147  -34.369 1.0000000000
125929  20.875  2.881  -34.085 1.0000000000
125951  23.345  5.857  -33.514 1.0000000000
82688  23.809  5.576  -30.465 1.0000000000
125950  23.312  5.088  -31.240 1.0000000000
125956  23.166  6.782  -32.148 1.0000000000
125961  23.572  5.965  -30.721 1.0000000000
80458  20.265  5.395  -32.832 0.5000000000
80476  20.435  4.815  -34.284 0.8750000000
126142  19.082  4.759  -35.411 1.0000000000
126077  22.257  7.229  -35.229 1.0000000000
81654  21.513  5.967  -36.379 1.0000000000
81671  19.568  5.595  -37.375 1.0000000000
125962  24.504  8.489  -32.704 1.0000000000
83733  23.665  7.503  -33.732 1.0000000000
125981  24.203  8.603  -31.107 1.0000000000
125971  24.222  8.256  -31.819 1.0000000000
125957  23.943  7.288  -32.762 1.0000000000
86957  23.696  7.642  -30.971 1.0000000000
125992  24.279  7.203  -29.650 0.8750000000
126037  22.271  10.321  -35.301 1.0000000000
83734  21.825  9.684  -33.906 0.3750000000
126011  22.156  9.719  -34.186 0.8750000000
126050  22.668  7.626  -33.966 1.0000000000
84769  23.302  7.907  -33.778 1.0000000000
125989  21.972  10.215  -37.830 0.8750000000
125977  23.124  11.099  -35.997 1.0000000000
125967  22.926  10.765  -35.433 1.0000000000
126025  23.284  10.963  -33.989 1.0000000000
125966  23.230  10.981  -35.190 1.0000000000
126014  23.058  9.037  -33.862 1.0000000000
125995  24.328  9.433  -33.021 1.0000000000
126045  24.337  10.617  -32.504 1.0000000000
126044  24.697  10.100  -31.711 1.0000000000
126040  21.864  10.379  -38.880 0.7500000000
125965  23.228  11.232  -35.252 1.0000000000
126015  23.342  9.855  -33.734 1.0000000000
126047  23.296  11.980  -35.792 1.0000000000
90081  24.289  13.015  -33.377 1.0000000000
92346  21.734  15.604  -33.892 0.1250000000
92356  21.204  15.399  -34.839 0.2500000000
93507  20.801  16.311  -34.381 0.1250000000
93518  20.173  17.222  -35.329 0.3750000000
93496  19.361  17.349  -34.444 0.2500000000
94634  20.172  17.515  -35.999 0.3750000000
93495  20.206  17.137  -34.032 0.2500000000
93510  18.538  16.769  -35.077 0.2500000000
93497  18.589  17.088  -34.602 0.2500000000
95640  16.383  18.426  -35.651 0.2500000000
93532  18.790  17.346  -35.948 0.2500000000
95660  18.549  18.362  -36.506 0.2500000000
94645  19.758  17.805  -36.388 0.3750000000
93543  16.553  16.890  -37.339 0.2500000000
96584  20.496  19.080  -36.018 0.3750000000
95659  19.657  18.417  -36.369 0.2500000000
76748  16.072  1.509  -27.454 0.2500000000
77918  15.391  2.628  -26.725 0.1250000000
71887  22.222  -2.210  -31.021 1.0000000000
79265  18.819  3.876  -35.655 0.8750000000
82735  23.632  6.014  -34.872 1.0000000000
74287  15.075  -0.464  -25.340 0.1250000000
73067  17.658  -1.372  -27.116 0.6250000000
71833  18.939  -2.583  -27.796 0.7500000000
79118  15.323  3.405  -27.005 0.1250000000
76734  15.091  1.488  -25.939 0.1250000000
71870  20.287  -2.240  -29.303 1.0000000000
70752  21.918  -2.623  -30.910 1.0000000000
73103  23.262  -1.732  -30.772 1.0000000000
80418  16.338  4.679  -28.846 0.3750000000
80435  17.890  4.787  -29.757 0.2500000000
75559  24.345  1.185  -29.949 0.8750000000
80433  24.306  4.001  -29.839 0.8750000000
77968  24.854  2.542  -29.768 0.8750000000
82666  24.780  5.597  -29.467 0.8750000000
84770  21.461  9.415  -33.016 0.1250000000
83735  21.417  8.790  -33.123 0.1250000000
81593  19.740  6.369  -32.642 0.3750000000
126097  20.846  5.963  -34.666 0.6250000000
125979  24.389  6.354  -29.633 0.8750000000
126012  21.736  9.964  -34.625 0.5000000000
125978  22.311  10.764  -36.562 0.8750000000
126069  21.736  8.900  -33.423 0.3750000000
126096  21.778  8.203  -33.532 0.8750000000
126043  25.201  10.473  -30.828 1.0000000000
126091  25.121  11.333  -31.537 1.0000000000
125988  22.264  11.596  -36.999 1.0000000000
126070  22.354  12.853  -37.509 0.8750000000
90104  23.061  13.562  -35.703 1.0000000000
91165  24.107  13.539  -33.983 1.0000000000
126076  24.691  12.972  -32.819 1.0000000000
92345  22.428  15.335  -33.193 0.1250000000
91167  21.759  14.547  -34.276 0.1250000000
93531  20.912  15.487  -35.863 0.6250000000
93517  20.937  16.254  -35.336 0.6250000000
94620  21.676  17.377  -35.595 0.5000000000
95636  21.401  17.836  -35.486 0.5000000000
93477  20.764  17.191  -33.556 0.2500000000
94605  19.340  17.741  -33.995 0.2500000000
95651  20.893  18.041  -35.699 0.5000000000
96583  21.011  18.798  -35.638 0.5000000000
95619  18.593  18.160  -34.247 0.1250000000
96606  17.104  18.628  -36.609 0.2500000000
96594  19.693  19.317  -36.008 0.2500000000
97490  21.374  19.119  -35.181 0.3750000000
97528  20.659  20.274  -35.331 0.2500000000
96571  18.147  18.984  -35.307 0.1250000000
74315  15.752  -0.877  -25.926 0.1250000000
74314  16.479  -0.273  -26.588 0.3750000000
73048  16.438  -1.373  -26.270 0.5000000000
76733  15.455  1.653  -26.462 0.1250000000
71834  18.217  -2.012  -27.542 0.7500000000
74336  17.904  -0.463  -27.813 0.8750000000
71853  18.762  -2.092  -28.074 1.0000000000
73081  19.084  -1.741  -28.768 1.0000000000
75543  18.050  0.568  -28.633 1.0000000000
74379  18.842  -0.936  -29.025 1.0000000000
71880  20.788  -2.401  -30.779 1.0000000000
71889  20.924  -2.235  -31.299 1.0000000000
77990  18.082  2.628  -30.080 0.8750000000
75580  22.614  0.170  -31.470 1.0000000000
75583  20.197  0.677  -30.863 1.0000000000
74399  23.301  -0.745  -31.352 1.0000000000
74390  23.570  -1.195  -30.871 1.0000000000
75578  23.275  0.953  -31.046 1.0000000000
76830  22.324  1.296  -32.072 1.0000000000
76812  21.183  1.432  -31.658 1.0000000000
78025  22.241  2.051  -32.183 1.0000000000
78024  22.922  2.196  -32.169 1.0000000000
77988  24.333  2.494  -30.391 1.0000000000
79219  19.784  3.534  -32.838 0.6250000000
125936  20.205  2.958  -34.912 1.0000000000
76849  21.188  2.686  -32.803 1.0000000000
76850  20.177  2.694  -33.085 1.0000000000
79214  23.139  2.731  -31.566 1.0000000000
80443  24.032  4.036  -30.536 0.8750000000
76782  25.131  1.751  -29.286 0.8750000000
78073  19.602  3.209  -35.928 1.0000000000
125942  20.722  3.234  -34.840 1.0000000000
125941  22.385  3.849  -32.520 1.0000000000
125930  21.849  3.674  -33.450 1.0000000000
81578  24.116  4.610  -30.225 0.8750000000
81636  22.119  5.519  -35.942 1.0000000000
80529  20.094  4.045  -36.905 1.0000000000
81635  22.641  5.531  -35.056 1.0000000000
80508  21.386  4.149  -35.335 1.0000000000
125944  21.831  4.424  -34.314 1.0000000000
125948  23.192  5.739  -34.508 1.0000000000
125970  23.173  7.092  -31.522 1.0000000000
125940  23.136  6.597  -31.433 1.0000000000
80457  20.789  5.960  -33.277 0.6250000000
80491  20.364  5.462  -34.609 0.7500000000
82755  18.999  6.473  -36.457 1.0000000000
82772  21.259  6.479  -36.374 1.0000000000
126036  20.804  6.009  -36.021 1.0000000000
82771  22.239  6.491  -36.073 1.0000000000
126078  23.509  8.150  -34.958 1.0000000000
86966  24.545  9.098  -31.358 1.0000000000
83753  23.440  7.403  -35.126 1.0000000000
126062  22.135  8.961  -33.644 1.0000000000
126085  21.390  6.412  -34.873 1.0000000000
125996  23.441  8.674  -33.725 1.0000000000
81604  21.642  7.635  -33.691 1.0000000000
125982  23.918  8.941  -33.744 1.0000000000
86983  23.738  9.072  -33.754 1.0000000000
126010  24.469  10.072  -32.415 1.0000000000
126046  23.408  12.960  -34.954 1.0000000000
90090  23.149  12.820  -35.601 1.0000000000
126053  22.752  12.577  -36.637 1.0000000000
91166  22.396  14.611  -33.481 0.1250000000
93494  21.023  16.474  -33.558 0.2500000000
93508  20.224  17.127  -34.742 0.2500000000
94633  20.972  17.249  -35.737 0.5000000000
96595  18.198  19.067  -36.195 0.2500000000
97511  20.435  19.522  -35.476 0.2500000000
73003  15.638  -1.342  -24.986 0.1250000000
73029  15.659  -1.472  -25.414 0.1250000000
71812  17.244  -1.972  -26.441 0.6250000000
71835  17.775  -1.943  -26.956 0.7500000000
71851  20.122  -2.577  -28.643 1.0000000000
83736  20.962  8.290  -33.022 0.5000000000
81592  20.695  6.861  -33.091 0.6250000000
126087  21.550  8.336  -33.405 0.7500000000
81603  21.656  7.981  -33.512 0.8750000000
126079  22.765  12.963  -36.908 1.0000000000
90103  23.377  13.769  -35.138 1.0000000000
91178  21.359  14.461  -35.229 0.3750000000
93530  21.135  15.592  -35.901 0.7500000000
92362  20.782  15.158  -35.657 0.5000000000
94632  21.510  16.742  -35.620 0.7500000000
97510  21.168  19.689  -35.100 0.2500000000
97509  22.197  20.300  -34.858 0.3750000000
66893  19.972  -6.551  -26.754 0.7500000000
66913  22.083  -6.564  -27.481 0.7500000000
68149  19.238  -5.844  -26.618 0.7500000000
68169  21.778  -5.709  -27.883 0.7500000000
66915  20.533  -5.927  -27.206 0.7500000000
68171  20.024  -5.370  -27.093 0.7500000000
69402  19.161  -5.073  -26.671 0.7500000000
68168  22.654  -5.750  -27.745 0.7500000000
68170  20.789  -5.427  -28.036 0.7500000000
70682  18.367  -2.963  -27.118 0.7500000000
70683  17.861  -2.381  -26.845 0.6250000000
69421  20.207  -4.879  -27.860 0.7500000000
69441  19.864  -3.642  -28.055 0.8750000000
70681  19.205  -3.365  -27.572 0.8750000000
68185  23.104  -5.104  -28.097 0.7500000000
68186  22.427  -5.035  -28.321 0.7500000000
69438  22.292  -4.418  -29.040 0.7500000000
69440  20.520  -4.239  -28.744 0.8750000000
70699  20.258  -3.286  -28.485 0.8750000000
69437  23.185  -4.319  -28.725 0.7500000000
69456  22.136  -3.821  -29.820 0.8750000000
70721  20.766  -3.053  -29.134 0.8750000000
70717  23.423  -3.052  -29.507 0.7500000000
69473  22.592  -3.422  -30.016 0.8750000000
70736  22.650  -3.044  -30.504 0.8750000000
73080  24.325  -1.829  -29.136 0.8750000000
73090  23.276  -2.122  -30.338 0.8750000000
74376  24.439  -1.155  -29.558 0.8750000000
74389  23.896  -0.799  -30.465 0.8750000000
74354  28.182  -0.516  -28.125 0.3750000000
74355  26.994  -0.225  -28.268 0.6250000000
74374  25.393  0.081  -29.271 0.7500000000
74375  24.806  -0.214  -29.661 0.7500000000
75515  27.191  0.629  -28.276 0.5000000000
75517  25.497  1.195  -29.135 0.7500000000
75537  29.476  0.363  -29.279 0.1250000000
75513  29.003  1.058  -28.759 0.3750000000
76762  27.350  1.657  -28.300 0.6250000000
76763  26.392  1.514  -28.440 0.6250000000
77967  25.551  2.544  -29.099 0.6250000000
75556  30.363  0.169  -31.223 0.1250000000
75557  29.918  0.075  -30.226 0.1250000000
76760  28.998  1.981  -28.742 0.1250000000
77945  29.439  2.846  -28.900 0.1250000000
79133  26.802  3.443  -28.477 0.6250000000
80385  27.008  4.440  -28.463 0.6250000000
81542  24.931  4.963  -29.231 0.7500000000
77987  30.062  2.126  -30.789 0.1250000000
126030  30.227  3.831  -31.113 0.1250000000
80382  29.049  4.686  -28.916 0.1250000000
81515  27.736  5.090  -28.464 0.5000000000
82646  26.093  5.971  -28.695 0.6250000000
83660  25.901  6.476  -28.908 0.7500000000
76807  30.151  1.653  -31.619 0.1250000000
80409  28.234  6.112  -29.017 0.5000000000
125994  26.702  7.151  -28.789 0.6250000000
125991  25.409  6.719  -29.164 0.7500000000
90149  20.991  11.885  -39.120 0.6250000000
90128  20.401  13.125  -36.895 0.5000000000
89095  21.667  13.082  -38.074 0.7500000000
84744  26.869  8.004  -29.001 0.6250000000
86955  26.263  9.153  -29.855 0.6250000000
86956  25.071  8.793  -30.345 0.8750000000
85857  28.388  8.616  -29.889 0.5000000000
85876  27.143  8.593  -29.347 0.6250000000
86954  27.377  9.539  -29.828 0.6250000000
88015  25.696  9.453  -30.276 0.7500000000
91213  21.353  13.740  -37.456 0.7500000000
126024  25.215  9.849  -30.622 0.8750000000
90070  25.553  12.661  -31.886 0.8750000000
126042  26.235  9.892  -30.218 0.7500000000
126075  25.365  11.111  -30.801 0.8750000000
126090  26.095  11.851  -31.028 0.8750000000
85856  28.673  8.923  -30.274 0.3750000000
86942  27.953  9.093  -29.896 0.5000000000
86953  28.239  10.296  -30.217 0.5000000000
88014  26.993  10.558  -30.247 0.6250000000
85887  29.272  8.900  -31.327 0.2500000000
85874  29.032  9.396  -30.787 0.3750000000
91214  21.220  13.794  -37.228 0.6250000000
91201  21.631  14.049  -36.841 0.7500000000
89080  22.578  13.440  -36.996 0.8750000000
90117  22.262  13.925  -36.958 0.7500000000
90116  22.633  13.881  -36.402 0.8750000000
91158  24.776  14.000  -33.239 0.7500000000
91141  25.283  13.500  -32.282 0.8750000000
126089  26.481  11.291  -30.551 0.6250000000
86952  29.378  11.021  -31.033 0.5000000000
90069  27.836  13.703  -31.561 0.7500000000
85873  29.292  10.009  -31.205 0.2500000000
91202  21.234  13.969  -36.558 0.6250000000
91188  22.903  14.515  -35.843 0.8750000000
91177  23.293  14.393  -35.195 0.8750000000
92353  24.172  14.721  -34.138 0.8750000000
92354  23.511  15.214  -34.472 0.7500000000
91156  25.805  14.640  -32.264 0.7500000000
126103  27.347  12.522  -30.935 0.5000000000
126120  29.301  12.159  -32.250 0.2500000000
88013  29.032  12.043  -31.496 0.5000000000
126119  28.544  12.052  -31.022 0.5000000000
85886  29.397  9.576  -31.905 0.2500000000
91190  20.814  14.325  -36.000 0.5000000000
92368  20.982  14.917  -36.349 0.5000000000
92367  21.668  15.178  -36.238 0.6250000000
92361  22.473  15.339  -35.618 0.7500000000
92355  22.966  15.618  -34.929 0.7500000000
93506  22.453  16.141  -34.885 0.7500000000
93493  23.623  16.145  -33.633 0.7500000000
93492  24.421  16.265  -33.126 0.7500000000
92344  24.042  15.457  -33.675 0.7500000000
93505  23.000  16.121  -34.242 0.7500000000
92343  24.569  15.069  -33.189 0.7500000000
92342  25.288  15.475  -32.624 0.7500000000
93491  25.386  16.411  -32.577 0.7500000000
91155  27.695  14.662  -31.769 0.5000000000
93472  27.843  15.660  -32.444 0.3750000000
92326  26.501  15.061  -32.110 0.6250000000
126137  29.507  12.938  -32.574 0.2500000000
90079  28.798  14.121  -31.861 0.3750000000
91154  28.533  14.678  -32.188 0.3750000000
93516  21.639  15.945  -35.317 0.6250000000
94618  22.789  16.960  -34.404 0.7500000000
94603  23.428  16.927  -33.960 0.7500000000
94601  24.989  17.463  -32.807 0.7500000000
93488  28.213  16.195  -32.914 0.3750000000
93490  26.531  16.653  -32.598 0.3750000000
91163  29.309  14.660  -33.381 0.1250000000
92341  29.054  15.373  -33.230 0.2500000000
94619  22.195  17.028  -35.165 0.6250000000
95616  23.215  17.434  -34.168 0.6250000000
94602  24.086  17.132  -33.398 0.7500000000
93504  28.920  16.394  -33.997 0.2500000000
94598  27.813  16.696  -33.152 0.3750000000
91175  28.784  14.805  -35.299 0.1250000000
91174  29.253  14.646  -34.368 0.1250000000
90089  29.464  13.956  -33.944 0.1250000000
95633  23.951  18.741  -33.937 0.3750000000
95634  22.881  18.038  -34.388 0.3750000000
95614  24.546  18.123  -33.487 0.3750000000
95630  27.054  18.284  -34.616 0.2500000000
94600  26.404  17.699  -33.209 0.3750000000
95613  25.500  18.310  -33.408 0.3750000000
93515  28.999  16.312  -35.100 0.1250000000
94615  28.223  17.058  -33.643 0.3750000000
94599  27.358  17.081  -33.232 0.3750000000
90114  28.439  13.639  -35.922 0.1250000000
96568  22.341  18.910  -34.672 0.3750000000
95632  25.085  19.103  -33.850 0.3750000000
95650  26.872  18.662  -35.403 0.3750000000
94617  26.811  18.085  -34.092 0.3750000000
93529  27.823  16.781  -36.986 0.1250000000
94630  28.581  17.402  -34.968 0.1250000000
95649  27.660  18.091  -35.160 0.2500000000
92366  28.297  15.469  -36.970 0.1250000000
97487  23.810  20.304  -34.653 0.2500000000
97486  24.684  20.328  -34.974 0.2500000000
96566  24.405  19.661  -34.428 0.3750000000
96567  23.332  19.320  -34.391 0.3750000000
96581  26.331  19.311  -35.825 0.1250000000
96565  25.589  19.724  -34.960 0.3750000000
96564  26.279  19.142  -35.110 0.2500000000
94652  27.089  17.570  -38.121 0.1250000000
97489  21.861  19.441  -34.840 0.3750000000
97488  22.776  19.941  -34.545 0.3750000000
96582  25.803  19.825  -36.088 0.1250000000
97524  25.454  20.232  -36.453 0.1250000000
96592  26.263  19.311  -36.846 0.1250000000
96593  25.955  19.935  -36.745 0.1250000000
95668  26.691  18.540  -37.650 0.1250000000
98416  25.116  20.665  -37.302 0.1250000000
95677  26.429  18.686  -38.570 0.1250000000
97536  25.859  19.948  -37.932 0.1250000000
93565  26.921  17.211  -39.918 0.1250000000
93553  27.097  16.698  -39.224 0.1250000000
70719  21.782  -3.537  -29.938 0.8750000000
73078  25.418  -1.160  -28.343 0.6250000000
126008  27.781  6.937  -29.066 0.6250000000
126074  25.874  10.588  -30.465 0.8750000000
126102  26.895  11.855  -30.653 0.5000000000
91189  22.309  14.537  -36.402 0.8750000000
92360  23.170  15.099  -35.311 0.8750000000
92328  25.030  14.773  -32.739 0.7500000000
91138  27.759  14.379  -31.692 0.5000000000
91139  26.905  14.300  -31.630 0.7500000000
126121  28.868  12.924  -31.642 0.5000000000
94644  27.633  17.512  -37.169 0.1250000000
96603  26.302  19.213  -37.725 0.1250000000
94653  26.635  17.963  -38.484 0.1250000000
77947  27.525  2.652  -28.313 0.5000000000
77966  25.986  2.998  -29.034 0.6250000000
79157  24.997  3.339  -29.655 0.7500000000
126041  28.345  6.730  -29.300 0.3750000000
84726  28.754  7.536  -29.860 0.3750000000
84743  29.383  8.000  -31.152 0.2500000000
95658  26.818  18.700  -36.539 0.1250000000
84752  29.457  8.307  -32.076 0.1250000000
65601  21.186  -7.613  -26.856 0.7500000000
65602  20.005  -7.763  -26.448 0.7500000000
66894  18.918  -6.590  -26.241 0.7500000000
68150  18.290  -5.525  -26.082 0.7500000000
65624  22.293  -7.436  -26.979 0.7500000000
66914  21.098  -6.477  -27.220 0.7500000000
66912  23.004  -6.564  -27.292 0.7500000000
70659  18.169  -3.584  -26.603 0.6250000000
69403  18.484  -4.389  -26.520 0.7500000000
68167  23.643  -5.574  -27.571 0.6250000000
69420  23.639  -4.754  -28.058 0.7500000000
69436  23.952  -4.231  -28.344 0.6250000000
70696  24.486  -3.214  -28.160 0.6250000000
73062  25.933  -1.699  -27.790 0.5000000000
73061  27.064  -1.756  -27.416 0.3750000000
74330  26.465  -1.142  -27.805 0.5000000000
73076  29.127  -1.351  -28.894 0.1250000000
74373  29.624  -0.693  -29.497 0.1250000000
74408  30.399  -0.564  -32.621 0.1250000000
75594  30.218  0.390  -32.829 0.1250000000
75596  30.055  1.820  -32.406 0.1250000000
125983  30.046  2.350  -32.432 0.1250000000
90137  20.406  12.512  -37.930 0.3750000000
126055  29.291  6.179  -30.624 0.1250000000
83680  29.210  6.954  -30.602 0.2500000000
84725  28.998  8.269  -30.339 0.2500000000
90118  20.896  13.668  -36.352 0.5000000000
85894  29.507  10.002  -33.590 0.1250000000
126136  29.595  11.181  -32.872 0.1250000000
89061  29.148  12.788  -34.002 0.1250000000
89071  28.693  13.239  -35.614 0.1250000000
90115  28.388  14.025  -36.730 0.1250000000
89078  28.341  13.362  -36.418 0.1250000000
93541  27.936  16.024  -37.531 0.1250000000
91212  27.402  15.145  -39.595 0.1250000000
97508  23.348  20.705  -35.185 0.2500000000
97526  24.107  20.706  -35.953 0.1250000000
126541  24.487  20.836  -36.663 0.1250000000
96614  26.157  19.442  -38.249 0.1250000000
98415  25.578  20.391  -37.644 0.1250000000
126134  26.834  16.477  -40.321 0.1250000000
94671  26.679  17.552  -40.265 0.1250000000
85877  26.154  8.326  -29.358 0.7500000000
125993  25.154  7.725  -29.594 0.7500000000
126020  21.047  9.851  -37.723 0.3750000000
71878  22.749  -2.374  -30.852 0.8750000000
70738  21.378  -2.725  -30.436 0.8750000000
75539  25.031  0.861  -29.498 0.7500000000
80411  25.562  3.925  -29.066 0.6250000000
96569  21.526  18.592  -35.217 0.3750000000
98387  21.769  20.488  -35.057 0.1250000000
66892  20.577  -7.114  -26.808 0.7500000000
65625  21.712  -6.975  -26.994 0.7500000000
65623  23.427  -7.442  -26.973 0.7500000000
68187  21.634  -4.999  -28.553 0.7500000000
69423  18.725  -3.748  -27.074 0.7500000000
70660  17.573  -2.996  -26.384 0.6250000000
69422  19.536  -4.346  -27.443 0.7500000000
69439  21.513  -4.424  -29.143 0.8750000000
69458  21.045  -3.615  -29.336 0.8750000000
69455  22.825  -3.929  -29.659 0.7500000000
70697  23.971  -3.479  -28.885 0.7500000000
71850  23.844  -2.529  -29.371 0.7500000000
71867  23.255  -2.475  -29.913 0.8750000000
71832  24.880  -2.621  -27.833 0.6250000000
74357  24.945  -0.918  -28.813 0.7500000000
73077  28.690  -1.995  -28.248 0.2500000000
74329  26.966  -0.839  -27.727 0.5000000000
74356  25.861  -0.487  -28.533 0.6250000000
75516  26.018  0.642  -28.738 0.7500000000
75514  28.237  0.766  -28.324 0.5000000000
74353  29.148  -0.060  -28.576 0.2500000000
76781  29.477  1.413  -29.529 0.2500000000
76761  28.304  1.819  -28.427 0.3750000000
77948  26.418  2.553  -28.541 0.6250000000
76796  30.107  1.246  -30.677 0.1250000000
75574  30.631  0.224  -32.058 0.1250000000
79132  27.728  3.615  -28.346 0.5000000000
79130  29.260  4.151  -28.854 0.1250000000
79180  30.085  2.858  -30.522 0.1250000000
80384  27.842  4.507  -28.390 0.5000000000
125999  30.210  2.546  -31.150 0.1250000000
79154  29.848  3.501  -29.705 0.1250000000
80408  29.337  4.966  -29.326 0.1250000000
82645  27.216  5.771  -28.731 0.6250000000
81539  28.903  5.831  -29.368 0.1250000000
91140  25.887  14.169  -31.991 0.7500000000
126101  27.745  11.455  -30.497 0.5000000000
91157  25.197  14.108  -32.573 0.7500000000
92306  26.827  14.830  -31.818 0.6250000000
92327  25.742  15.130  -32.431 0.7500000000
93474  26.557  15.917  -32.218 0.6250000000
92324  28.265  15.439  -32.520 0.3750000000
93489  27.331  16.412  -32.748 0.3750000000
90078  29.322  13.841  -32.625 0.1250000000
91153  29.131  14.527  -32.752 0.3750000000
95615  23.669  17.760  -33.844 0.3750000000
92351  29.285  15.049  -33.787 0.1250000000
91187  28.384  14.819  -36.351 0.1250000000
90101  28.917  13.930  -35.225 0.1250000000
92352  29.129  15.468  -34.503 0.1250000000
95635  21.926  17.951  -35.016 0.3750000000
94616  27.520  17.686  -34.234 0.2500000000
92359  28.682  15.559  -35.718 0.1250000000
93528  28.476  16.462  -36.241 0.1250000000
95631  26.308  18.762  -34.235 0.3750000000
94643  28.257  17.488  -36.270 0.1250000000
93542  27.561  16.583  -38.184 0.1250000000
95656  28.149  17.894  -35.563 0.1250000000
95657  27.721  18.325  -36.250 0.1250000000
97507  24.307  20.522  -35.493 0.2500000000
97506  25.083  20.194  -35.736 0.2500000000
95667  27.273  18.219  -37.198 0.1250000000
94661  26.680  17.339  -38.873 0.1250000000
97533  25.211  20.490  -36.781 0.1250000000
97532  25.692  20.268  -37.141 0.1250000000
126543  24.664  21.013  -37.229 0.1250000000
98404  24.902  20.635  -36.758 0.1250000000
65600  21.779  -7.970  -26.850 0.7500000000
65603  19.401  -7.190  -26.353 0.7500000000
69404  17.699  -3.868  -26.067 0.5000000000
70679  25.065  -3.645  -27.617 0.6250000000
71831  25.716  -2.787  -27.570 0.5000000000
126016  29.429  4.258  -32.443 0.1250000000
126003  29.817  3.526  -32.801 0.1250000000
126031  29.382  5.462  -31.096 0.1250000000
126145  29.325  11.339  -34.696 0.1250000000
92375  27.610  15.567  -38.754 0.1250000000
92384  27.462  15.836  -39.448 0.1250000000
65581  19.022  -7.596  -25.546 0.7500000000
68136  17.799  -5.796  -25.479 0.5000000000
64274  21.533  -8.442  -26.359 0.6250000000
64299  22.202  -8.160  -26.734 0.6250000000
64297  23.903  -8.268  -27.043 0.3750000000
64298  22.954  -8.180  -26.891 0.6250000000
65621  25.557  -7.662  -27.327 0.2500000000
65622  24.501  -7.557  -27.049 0.3750000000
90105  21.202  13.672  -35.509 0.2500000000
64275  20.604  -8.365  -26.449 0.6250000000
68166  24.799  -5.677  -27.253 0.5000000000
69419  24.402  -4.612  -27.678 0.5000000000
69418  25.520  -4.737  -27.220 0.3750000000
64271  24.246  -8.903  -27.128 0.5000000000
62992  22.092  -9.179  -25.695 0.6250000000
66877  17.513  -5.981  -25.108 0.3750000000
66862  18.289  -7.157  -24.833 0.3750000000
63011  20.906  -8.674  -26.144 0.6250000000
63008  24.273  -9.399  -26.623 0.3750000000
63009  23.330  -9.223  -26.189 0.5000000000
68137  17.419  -5.153  -25.230 0.2500000000
63007  25.310  -9.540  -26.896 0.3750000000
66891  25.891  -7.182  -27.195 0.2500000000
64295  25.915  -8.452  -27.565 0.2500000000
66910  25.312  -6.766  -26.962 0.2500000000
69417  26.764  -4.952  -27.333 0.2500000000
70678  26.210  -3.823  -27.269 0.2500000000
71830  26.776  -2.827  -27.263 0.2500000000
81548  16.551  5.862  -29.469 0.1250000000
81580  19.261  5.949  -32.312 0.2500000000
71848  29.049  -2.945  -28.239 0.2500000000
82724  21.125  7.969  -33.284 0.3750000000
126013  21.645  10.383  -36.813 0.2500000000
81566  18.134  6.208  -30.649 0.1250000000
80417  16.806  5.315  -29.387 0.2500000000
71813  16.416  -2.131  -26.019 0.2500000000
66876  18.162  -6.481  -25.436 0.5000000000
66911  24.067  -6.572  -27.024 0.5000000000
71829  28.118  -2.928  -27.766 0.2500000000
68151  17.793  -4.630  -25.861 0.3750000000
70661  16.865  -2.660  -25.904 0.2500000000
125871  19.920  -8.351  -26.247 0.6250000000
69388  17.213  -4.229  -25.475 0.3750000000
64273  22.543  -8.698  -26.345 0.6250000000
64272  23.483  -8.878  -26.861 0.5000000000
64296  24.893  -8.482  -27.352 0.2500000000
65620  26.538  -7.705  -27.684 0.2500000000
63023  20.086  -8.779  -26.082 0.6250000000
62990  23.813  -9.857  -25.833 0.3750000000
63010  22.762  -9.103  -25.903 0.5000000000
68165  26.003  -5.847  -27.186 0.2500000000
61714  19.718  -9.780  -24.278 0.5000000000
60468  22.320  -11.086  -25.296 0.3750000000
61731  22.258  -10.150  -25.363 0.5000000000
61734  20.215  -9.234  -24.735 0.5000000000
62973  19.045  -8.908  -23.926 0.5000000000
62995  19.866  -8.723  -24.930 0.5000000000
62972  19.539  -9.116  -24.258 0.5000000000
64250  19.152  -8.326  -24.636 0.3750000000
64249  19.453  -8.262  -25.232 0.5000000000
60418  19.222  -10.877  -22.467 0.1250000000
61694  19.218  -10.260  -23.525 0.3750000000
65566  18.596  -7.753  -24.577 0.2500000000
59214  20.027  -12.491  -22.719 0.1250000000
61677  19.407  -10.614  -23.040 0.2500000000
60434  20.608  -11.354  -23.791 0.3750000000
60467  23.256  -11.340  -25.174 0.2500000000
60455  21.628  -11.303  -24.654 0.3750000000
60469  21.527  -10.590  -25.046 0.5000000000
60400  18.952  -11.299  -21.925 0.1250000000
60435  19.948  -10.765  -23.703 0.3750000000
60456  20.711  -10.716  -24.475 0.3750000000
61662  17.618  -9.357  -22.712 0.1250000000
64219  17.368  -8.368  -23.200 0.1250000000
62991  22.926  -9.651  -25.681 0.3750000000
62993  21.131  -8.993  -25.630 0.5000000000
61732  21.461  -9.784  -25.170 0.5000000000
65567  17.960  -7.469  -24.083 0.2500000000
66863  17.680  -6.522  -24.565 0.2500000000
61728  24.831  -10.316  -25.172 0.2500000000
61713  20.268  -10.166  -24.465 0.5000000000
61733  20.640  -9.699  -24.789 0.5000000000
61715  19.279  -9.378  -23.957 0.5000000000
61730  23.123  -10.543  -25.578 0.3750000000
61695  18.711  -9.597  -23.517 0.2500000000
62956  18.327  -8.923  -23.349 0.1250000000
64218  17.872  -8.542  -23.350 0.1250000000
64230  18.390  -8.297  -23.905 0.1250000000
62996  19.451  -8.768  -24.418 0.5000000000
61660  18.827  -10.496  -22.197 0.1250000000
61678  18.637  -10.277  -22.882 0.2500000000
64231  17.781  -8.070  -23.560 0.1250000000
59215  19.370  -11.703  -22.366 0.1250000000
59232  20.342  -11.555  -23.214 0.3750000000
60454  22.470  -11.607  -24.599 0.2500000000
61679  17.906  -9.531  -22.903 0.1250000000
62957  17.647  -8.971  -23.013 0.1250000000
59250  21.754  -11.997  -24.095 0.2500000000
69389  16.695  -3.806  -25.185 0.2500000000
60417  19.809  -11.268  -22.820 0.1250000000
59251  21.120  -11.531  -24.112 0.2500000000
59231  20.989  -12.181  -23.410 0.1250000000
89096  20.595  11.562  -37.828 0.1250000000
126038  20.649  10.624  -37.798 0.1250000000
89089  20.323  12.020  -36.762 0.1250000000
88052  19.984  11.879  -35.096 0.1250000000
88045  20.855  11.781  -34.142 0.1250000000
90106  21.054  13.070  -34.894 0.1250000000
89081  20.611  12.384  -35.901 0.1250000000
88035  21.466  11.421  -32.995 0.1250000000
89064  21.095  12.550  -34.342 0.1250000000
90092  21.513  13.522  -34.423 0.1250000000
86984  20.985  10.737  -34.546 0.1250000000
88044  21.494  12.181  -33.767 0.1250000000
88043  21.715  12.549  -33.637 0.1250000000
88026  22.329  12.099  -32.129 0.1250000000
85902  21.364  10.062  -34.156 0.1250000000
126052  21.043  10.906  -35.538 0.1250000000
81594  19.007  6.856  -32.200 0.1250000000
69369  16.712  -4.259  -24.568 0.1250000000
86985  20.584  11.292  -34.419 0.1250000000
88018  21.332  11.358  -30.446 0.1250000000
88017  22.341  11.603  -30.904 0.1250000000
89053  22.426  12.923  -32.948 0.1250000000
73049  15.983  -1.781  -25.809 0.1250000000
71801  16.072  -2.219  -25.410 0.1250000000
70642  17.136  -3.392  -25.659 0.1250000000
90119  20.838  13.057  -35.781 0.1250000000
90093  21.311  12.970  -34.416 0.1250000000
68138  16.846  -4.514  -24.984 0.1250000000
68120  16.871  -4.993  -24.515 0.1250000000
82712  20.491  7.549  -32.825 0.1250000000
70644  16.391  -2.559  -25.409 0.1250000000
70643  16.740  -2.918  -25.360 0.1250000000
70624  16.767  -3.307  -24.890 0.1250000000
86991  20.656  11.361  -35.718 0.1250000000
86976  20.838  11.258  -33.911 0.1250000000
89062  21.854  12.967  -33.598 0.1250000000
88034  21.954  12.310  -33.211 0.1250000000
86968  20.706  10.294  -30.994 0.1250000000
88016  22.826  12.355  -31.311 0.1250000000
62989  24.939  -9.789  -25.839 0.1250000000
62988  26.045  -9.578  -26.451 0.1250000000
63006  26.194  -9.323  -27.317 0.1250000000
64294  26.884  -8.566  -27.829 0.1250000000
65619  27.224  -8.057  -28.637 0.1250000000
66909  26.356  -6.897  -27.491 0.1250000000
68164  27.214  -6.084  -27.748 0.1250000000
68163  28.379  -6.123  -28.450 0.1250000000
69434  28.367  -4.971  -28.891 0.1250000000
70677  27.325  -4.016  -27.686 0.1250000000
69453  29.237  -5.233  -30.215 0.1250000000
69454  28.908  -4.689  -29.953 0.1250000000
70695  28.888  -3.776  -28.900 0.1250000000
60453  23.303  -11.574  -24.253 0.1250000000
60466  23.961  -11.224  -24.802 0.1250000000
64245  26.588  -9.094  -26.037 0.1250000000
64246  25.839  -9.384  -25.544 0.1250000000
64270  26.968  -9.076  -26.952 0.1250000000
65595  27.979  -7.814  -27.473 0.1250000000
66926  28.705  -7.720  -29.179 0.1250000000
66907  28.508  -7.036  -29.106 0.1250000000
68162  28.848  -6.201  -28.706 0.1250000000
68183  28.967  -5.527  -29.306 0.1250000000
70715  29.180  -3.453  -29.497 0.1250000000
70735  28.329  -3.988  -30.604 0.1250000000
69471  29.163  -5.143  -30.701 0.1250000000
71847  29.495  -2.798  -28.922 0.1250000000
70676  28.218  -4.351  -28.214 0.1250000000
64293  27.796  -8.505  -28.284 0.1250000000
69416  27.867  -5.136  -28.142 0.1250000000
61729  24.149  -10.685  -25.442 0.1250000000
61712  24.530  -10.545  -24.680 0.1250000000
59248  23.166  -12.032  -23.616 0.1250000000
62970  25.242  -9.790  -24.840 0.1250000000
64269  27.471  -8.363  -27.580 0.1250000000
66908  27.437  -7.220  -28.599 0.1250000000
64292  28.407  -8.294  -28.562 0.1250000000
68184  28.555  -5.546  -28.785 0.1250000000
69415  28.193  -4.894  -28.415 0.1250000000
70716  28.671  -3.857  -29.872 0.1250000000
68199  29.536  -5.681  -30.195 0.1250000000
60433  23.697  -11.624  -23.523 0.1250000000
60452  24.089  -11.118  -24.079 0.1250000000
65596  27.393  -8.059  -26.661 0.1250000000
68225  29.799  -5.378  -31.773 0.1250000000
60457  20.122  -10.386  -24.263 0.5000000000
60470  21.096  -10.191  -24.809 0.5000000000
61696  18.133  -9.271  -23.090 0.1250000000
61711  24.918  -10.289  -24.918 0.1250000000
61742  19.877  -8.630  -26.058 0.6250000000
62958  17.135  -8.789  -23.076 0.1250000000
62994  20.402  -8.991  -25.277 0.5000000000
63012  20.447  -8.804  -25.994 0.6250000000
63013  20.031  -8.781  -25.714 0.6250000000
63014  19.839  -8.639  -25.842 0.6250000000
63020  26.148  -8.953  -27.606 0.1250000000
63021  25.521  -9.096  -27.464 0.2500000000
63022  24.820  -9.187  -27.218 0.5000000000
64247  21.987  -8.580  -25.947 0.6250000000
64248  21.666  -8.769  -25.892 0.6250000000
64268  28.108  -8.335  -27.954 0.1250000000
64300  20.161  -8.562  -26.262 0.6250000000
64310  28.640  -8.310  -28.954 0.1250000000
64311  28.154  -8.446  -28.931 0.1250000000
64312  27.587  -8.365  -28.614 0.1250000000
64331  28.884  -8.197  -28.966 0.1250000000
64332  28.604  -8.275  -29.098 0.1250000000
65555  17.175  -7.997  -23.097 0.1250000000
65580  19.660  -8.385  -25.784 0.5000000000
65598  26.236  -7.269  -27.492 0.2500000000
65599  26.045  -7.392  -27.398 0.2500000000
65635  28.831  -8.001  -28.868 0.1250000000
65636  28.187  -8.179  -29.310 0.1250000000
65637  27.749  -8.255  -29.180 0.1250000000
65652  28.711  -8.090  -29.188 0.1250000000
65653  28.419  -8.169  -29.269 0.1250000000
66890  26.113  -7.151  -27.337 0.2500000000
66927  28.101  -7.813  -29.321 0.1250000000
66928  27.473  -7.867  -29.209 0.1250000000
66940  28.474  -7.980  -29.368 0.1250000000
66941  28.081  -7.962  -29.411 0.1250000000
68188  21.072  -4.871  -28.741 0.7500000000
68200  29.145  -5.283  -30.020 0.1250000000
69435  28.344  -5.449  -28.544 0.1250000000
69457  21.429  -3.836  -29.498 0.8750000000
69472  28.712  -4.481  -30.909 0.1250000000
69474  22.386  -3.359  -30.226 0.8750000000
69486  29.309  -4.675  -31.594 0.1250000000
69487  28.716  -4.203  -31.307 0.1250000000
70662  16.384  -2.457  -25.643 0.1250000000
70680  24.403  -3.847  -28.161 0.6250000000
70694  29.325  -3.415  -29.063 0.1250000000
70698  23.322  -3.642  -29.432 0.7500000000
70700  19.695  -2.901  -28.080 1.0000000000
70718  22.934  -3.118  -29.905 0.8750000000
70720  21.400  -3.197  -29.840 0.8750000000
70737  21.963  -3.186  -30.485 0.8750000000
70750  28.412  -4.069  -31.152 0.1250000000
70751  22.375  -2.779  -30.857 1.0000000000
71814  16.129  -2.214  -25.729 0.1250000000
71849  24.404  -2.556  -28.606 0.7500000000
71852  19.294  -2.198  -28.515 1.0000000000
71868  23.047  -2.530  -30.469 0.8750000000
71869  21.130  -2.261  -29.902 1.0000000000
71871  19.771  -2.229  -28.964 1.0000000000
71879  21.356  -2.672  -30.965 1.0000000000
71888  21.550  -2.209  -31.246 1.0000000000
73060  27.857  -1.424  -27.685 0.2500000000
73063  25.317  -2.145  -27.746 0.6250000000
73079  24.861  -1.680  -28.251 0.8750000000
73089  23.640  -1.690  -29.989 0.8750000000
73091  20.783  -1.864  -30.457 1.0000000000
73093  19.504  -1.655  -29.192 1.0000000000
73102  23.641  -1.385  -30.602 1.0000000000
73104  20.622  -1.652  -30.945 1.0000000000
73114  22.679  -1.600  -31.200 1.0000000000
73116  21.152  -1.617  -31.255 1.0000000000
74313  17.004  -0.428  -26.939 0.7500000000
74328  27.533  -0.708  -27.870 0.5000000000
74358  24.614  -1.355  -28.921 0.6250000000
74359  18.267  -0.362  -28.274 0.8750000000
74386  30.518  -0.754  -30.959 0.1250000000
74387  30.087  -1.163  -30.331 0.1250000000
74392  20.576  -0.658  -30.488 1.0000000000
74397  23.635  0.481  -30.695 1.0000000000
74401  21.475  -0.685  -31.151 1.0000000000
75456  14.868  0.214  -25.531 0.1250000000
75481  15.183  1.035  -25.957 0.1250000000
75498  16.683  0.374  -27.431 0.7500000000
75519  18.139  0.239  -28.526 1.0000000000
75521  17.026  0.537  -27.830 0.7500000000
75538  25.629  0.250  -29.085 0.7500000000
75540  24.525  1.399  -29.842 0.8750000000
75558  24.222  0.738  -30.055 0.7500000000
75575  30.141  1.629  -32.225 0.1250000000
75576  29.991  1.833  -31.999 0.1250000000
75577  23.740  0.847  -30.517 1.0000000000
75579  23.105  0.381  -31.393 1.0000000000
75595  30.088  1.232  -32.721 0.1250000000
75597  23.180  1.392  -31.555 1.0000000000
75598  23.102  1.086  -31.700 1.0000000000
75599  22.743  0.856  -31.803 1.0000000000
76718  14.939  1.697  -25.655 0.1250000000
76749  15.704  1.700  -27.021 0.2500000000
76764  25.644  1.597  -28.758 0.6250000000
76783  24.642  1.811  -29.809 0.8750000000
76785  17.821  1.278  -28.810 0.8750000000
76795  30.461  0.884  -31.537 0.1250000000
76797  24.057  1.276  -30.290 1.0000000000
76806  30.437  0.967  -32.173 0.1250000000
76808  30.052  2.313  -31.774 0.1250000000
76810  23.611  1.549  -30.733 1.0000000000
76811  21.847  1.164  -31.875 1.0000000000
76825  30.243  1.004  -32.518 0.1250000000
76826  30.252  1.344  -32.282 0.1250000000
76829  22.831  1.482  -32.116 1.0000000000
77934  15.609  2.393  -27.295 0.2500000000
77946  28.500  2.788  -28.397 0.5000000000
77949  25.887  2.088  -28.511 0.6250000000
77958  15.882  2.623  -27.768 0.2500000000
77965  29.791  2.335  -30.025 0.1250000000
78004  23.544  2.373  -30.927 1.0000000000
78005  23.259  2.569  -31.370 1.0000000000
78006  21.904  1.626  -32.036 1.0000000000
78007  21.624  1.598  -31.848 1.0000000000
78022  23.315  2.032  -31.181 1.0000000000
78026  21.521  2.031  -31.989 1.0000000000
78027  21.113  2.302  -32.194 1.0000000000
78037  22.087  2.763  -32.488 1.0000000000
78039  21.352  2.365  -32.327 1.0000000000
78063  19.791  2.910  -35.289 1.0000000000
78064  19.132  3.185  -35.423 1.0000000000
78074  19.212  3.513  -36.058 0.8750000000
79108  15.355  2.994  -26.785 0.1250000000
79131  28.603  3.818  -28.482 0.5000000000
79155  26.035  3.407  -28.727 0.6250000000
79156  25.541  3.428  -29.180 0.7500000000
79197  23.310  3.146  -31.339 1.0000000000
79198  23.031  3.459  -31.496 1.0000000000
79217  20.602  5.052  -33.308 0.8750000000
79233  20.853  5.186  -33.641 0.8750000000
79234  20.464  4.512  -33.924 0.8750000000
79246  20.090  4.558  -34.304 1.0000000000
79263  21.317  3.810  -34.059 1.0000000000
79277  20.414  3.994  -36.325 1.0000000000
79278  19.754  3.673  -36.521 1.0000000000
79279  18.913  3.950  -36.364 0.8750000000
80383  28.479  4.932  -28.637 0.1250000000
80410  26.102  3.946  -28.536 0.6250000000
80412  24.935  4.097  -29.335 0.8750000000
80444  23.509  4.090  -31.193 1.0000000000
80456  22.892  3.882  -31.460 1.0000000000
80474  22.509  4.265  -31.889 1.0000000000
80475  20.934  5.454  -34.151 0.7500000000
80492  19.942  4.949  -34.561 1.0000000000
80510  20.462  4.669  -35.840 1.0000000000
80511  20.222  4.477  -36.806 1.0000000000
80512  20.060  4.643  -37.173 1.0000000000
80513  18.664  4.546  -36.042 0.8750000000
80530  19.610  4.620  -36.979 1.0000000000
80531  18.928  4.878  -36.434 1.0000000000
80532  18.604  4.912  -36.201 1.0000000000
80536  19.159  5.043  -36.986 1.0000000000
80537  18.931  4.886  -36.870 1.0000000000
81516  27.356  5.071  -28.461 0.5000000000
81517  27.030  5.450  -28.640 0.5000000000
81540  26.365  5.112  -28.816 0.6250000000
81541  25.950  5.144  -28.596 0.7500000000
81549  16.635  5.930  -28.800 0.1250000000
81563  29.143  6.061  -29.949 0.1250000000
81564  24.402  4.873  -29.662 0.8750000000
81565  24.078  5.146  -30.237 1.0000000000
81637  21.072  5.190  -35.911 1.0000000000
81638  20.189  4.974  -36.305 1.0000000000
81639  20.217  4.849  -37.060 1.0000000000
81655  20.604  5.829  -36.636 1.0000000000
81656  20.228  5.341  -37.163 1.0000000000
81657  19.957  4.720  -37.190 1.0000000000
81658  18.540  5.635  -36.535 1.0000000000
81669  20.379  5.888  -36.942 1.0000000000
81670  20.175  5.916  -37.342 1.0000000000
81672  18.794  5.431  -37.007 1.0000000000
81676  19.953  6.195  -37.701 1.0000000000
81677  20.030  5.974  -37.751 1.0000000000
82647  25.617  6.188  -29.055 0.7500000000
82664  26.018  5.566  -28.895 0.6250000000
82665  25.494  5.603  -29.038 0.6250000000
82687  24.162  5.642  -29.925 1.0000000000
82722  23.859  6.618  -34.157 1.0000000000
82723  23.578  5.886  -34.176 1.0000000000
82734  23.520  6.710  -34.824 1.0000000000
82750  23.202  7.069  -35.173 1.0000000000
82751  23.009  6.310  -35.258 1.0000000000
82752  22.655  6.368  -35.719 1.0000000000
82753  20.016  5.970  -35.502 1.0000000000
82754  19.360  5.908  -35.822 1.0000000000
82756  18.619  6.193  -36.346 1.0000000000
82773  20.301  6.088  -36.660 1.0000000000
82774  18.890  6.777  -36.785 1.0000000000
82775  18.568  6.563  -36.896 1.0000000000
82788  20.606  6.103  -36.722 1.0000000000
82789  20.259  6.097  -36.901 1.0000000000
82790  19.200  6.131  -37.523 1.0000000000
82791  18.902  6.165  -37.397 1.0000000000
82800  19.888  6.277  -37.414 1.0000000000
82801  19.447  6.212  -37.620 1.0000000000
82802  18.958  6.161  -38.077 1.0000000000
83681  25.183  6.098  -29.390 0.7500000000
83744  23.665  7.199  -34.544 1.0000000000
83745  21.650  9.791  -33.890 0.3750000000
83754  23.043  6.989  -35.177 1.0000000000
83755  22.828  6.609  -35.363 1.0000000000
83756  19.845  6.052  -36.186 1.0000000000
83766  23.483  7.734  -35.475 1.0000000000
83767  23.212  7.521  -35.440 1.0000000000
83768  19.475  6.491  -36.759 1.0000000000
83769  18.860  7.136  -36.886 1.0000000000
83781  19.756  6.326  -36.905 1.0000000000
83782  19.223  7.117  -37.377 1.0000000000
83783  18.772  6.805  -37.476 1.0000000000
83792  19.500  6.674  -37.563 1.0000000000
83793  19.023  6.796  -38.036 1.0000000000
83794  18.787  6.576  -37.657 1.0000000000
84742  29.460  8.080  -31.629 0.1250000000
84753  29.361  8.579  -31.586 0.1250000000
84779  21.649  9.160  -33.331 0.3750000000
84787  23.441  7.748  -34.681 1.0000000000
84795  23.549  7.977  -35.547 1.0000000000
85858  28.011  8.087  -29.455 0.5000000000
85875  27.771  8.806  -29.687 0.6250000000
86941  28.323  9.353  -30.071 0.5000000000
88025  22.632  12.627  -31.775 0.1250000000
88059  20.466  11.920  -35.857 0.1250000000
89063  21.528  12.772  -34.032 0.1250000000
89072  20.410  12.615  -34.903 0.1250000000
89079  22.741  13.219  -36.448 1.0000000000
89088  22.283  13.556  -37.390 0.8750000000
89094  22.014  13.475  -37.718 0.7500000000
89101  20.844  11.131  -38.544 0.1250000000
90068  28.827  13.677  -31.804 0.3750000000
90080  24.732  13.538  -32.997 0.7500000000
90102  28.531  14.390  -35.846 0.1250000000
90126  21.868  13.794  -37.364 0.7500000000
90127  20.945  13.631  -37.041 0.6250000000
90135  21.573  13.639  -37.628 0.7500000000
90136  20.899  13.463  -37.968 0.7500000000
90143  20.923  12.420  -38.509 0.6250000000
90144  20.563  11.892  -38.693 0.6250000000
90150  20.769  11.491  -39.009 0.6250000000
91160  22.867  14.703  -32.769 0.1250000000
91164  29.068  14.821  -32.877 0.2500000000
91176  23.710  14.112  -34.692 1.0000000000
92307  26.513  14.594  -31.924 0.6250000000
92325  27.517  15.182  -31.916 0.5000000000
92340  29.243  15.023  -33.475 0.2500000000
93473  27.346  15.792  -32.355 0.3750000000
93475  25.862  15.950  -32.292 0.7500000000
93498  17.900  16.848  -34.796 0.2500000000
93509  19.341  17.079  -34.918 0.2500000000
93511  17.830  16.802  -35.325 0.2500000000
93519  19.245  17.221  -35.564 0.2500000000
93520  18.303  17.021  -35.644 0.2500000000
93521  17.412  17.155  -35.880 0.2500000000
93522  16.557  16.928  -36.442 0.2500000000
93523  15.985  17.071  -36.588 0.2500000000
93533  18.018  17.328  -36.126 0.2500000000
93534  17.186  16.821  -36.739 0.2500000000
93535  16.177  16.542  -36.958 0.2500000000
93536  15.758  17.458  -36.951 0.2500000000
93544  16.075  16.863  -37.305 0.2500000000
93554  26.874  17.101  -39.491 0.1250000000
93555  16.107  17.157  -37.431 0.2500000000
94606  18.625  17.540  -34.278 0.2500000000
94607  17.953  17.394  -34.593 0.2500000000
94621  17.366  17.496  -35.495 0.2500000000
94622  16.252  17.643  -35.764 0.2500000000
94623  15.816  17.582  -36.014 0.2500000000
94631  27.992  17.750  -34.884 0.1250000000
94635  19.397  17.492  -36.081 0.2500000000
94636  16.724  17.258  -35.985 0.2500000000
94637  16.113  17.307  -36.198 0.2500000000
94638  15.687  17.578  -36.300 0.2500000000
94646  18.882  17.712  -36.449 0.2500000000
94647  17.813  17.625  -36.477 0.2500000000
94648  17.320  17.218  -37.197 0.2500000000
94654  16.583  17.482  -37.398 0.2500000000
94655  16.278  17.870  -37.335 0.2500000000
94662  26.592  17.751  -39.307 0.1250000000
94663  16.078  17.613  -37.354 0.2500000000
95620  18.186  17.799  -34.440 0.2500000000
95638  18.710  18.774  -34.748 0.1250000000
95639  17.838  18.179  -35.065 0.2500000000
95648  28.110  17.779  -35.145 0.1250000000
95652  20.419  18.248  -36.198 0.3750000000
95653  15.618  17.948  -35.918 0.2500000000
95661  17.575  18.010  -36.742 0.2500000000
95662  17.149  17.813  -37.216 0.2500000000
95663  15.511  17.852  -36.164 0.2500000000
95669  17.830  18.391  -36.522 0.2500000000
95670  17.337  18.289  -36.858 0.2500000000
95671  16.662  18.206  -37.165 0.2500000000
95672  15.912  18.272  -37.116 0.2500000000
95673  15.457  18.031  -36.316 0.2500000000
96572  17.158  18.643  -35.697 0.2500000000
96586  17.586  18.994  -35.845 0.1250000000
96587  16.508  18.965  -35.922 0.2500000000
96588  15.602  19.071  -36.052 0.2500000000
96596  16.845  18.894  -36.285 0.2500000000
96597  15.916  19.160  -36.422 0.2500000000
96598  15.330  19.162  -36.451 0.2500000000
96599  15.061  19.057  -36.217 0.2500000000
96604  26.065  19.712  -37.344 0.1250000000
96605  17.585  18.571  -36.519 0.2500000000
96607  16.272  18.810  -36.801 0.2500000000
96608  15.572  19.035  -36.856 0.2500000000
96609  15.379  18.612  -36.562 0.2500000000
96610  15.373  18.597  -36.036 0.2500000000
96615  26.096  19.565  -37.785 0.1250000000
96619  26.186  19.305  -38.938 0.1250000000
97525  24.773  20.467  -36.295 0.1250000000
97539  26.046  19.602  -38.576 0.1250000000
125872  20.162  -8.272  -26.373 0.6250000000
125873  19.862  -8.632  -25.593 0.5000000000
125928  21.140  3.319  -33.924 1.0000000000
125932  19.908  2.537  -34.385 1.0000000000
125935  22.232  3.677  -33.045 1.0000000000
125937  22.419  3.459  -32.314 1.0000000000
125939  20.434  3.327  -35.280 1.0000000000
125945  21.163  3.394  -34.667 1.0000000000
125954  23.560  5.501  -30.881 1.0000000000
125955  23.336  5.877  -31.211 1.0000000000
125968  23.714  6.174  -30.198 1.0000000000
125969  23.315  6.562  -30.716 1.0000000000
125980  23.475  7.068  -30.073 0.8750000000
125986  29.843  3.365  -33.114 0.1250000000
125990  22.267  10.769  -37.448 0.8750000000
125997  23.718  9.573  -33.549 1.0000000000
126005  22.273  10.857  -38.121 0.7500000000
126006  21.550  9.855  -37.823 0.3750000000
126007  26.220  6.439  -28.733 0.7500000000
126009  27.476  7.661  -29.121 0.6250000000
126021  21.576  9.381  -38.463 0.7500000000
126022  28.189  6.640  -29.175 0.3750000000
126023  28.300  7.036  -29.357 0.3750000000
126026  21.668  9.677  -34.010 0.3750000000
126027  21.894  9.639  -34.082 0.3750000000
126028  21.476  10.571  -35.325 0.1250000000
126029  20.925  10.670  -36.599 0.1250000000
126035  21.920  8.977  -33.541 0.3750000000
126039  20.955  10.140  -38.685 0.7500000000
126048  21.794  9.504  -33.683 0.3750000000
126049  21.983  9.519  -33.898 0.7500000000
126051  21.970  9.298  -33.725 0.7500000000
126054  22.895  12.819  -36.000 1.0000000000
126063  20.290  11.113  -36.956 0.1250000000
126064  21.156  11.104  -38.926 0.7500000000
126065  21.698  11.883  -38.448 0.8750000000
126066  22.651  6.936  -35.398 1.0000000000
126067  22.653  7.316  -35.513 1.0000000000
126068  21.842  9.171  -33.501 0.3750000000
126071  21.285  12.741  -38.351 0.7500000000
126072  28.516  6.469  -29.321 0.3750000000
126073  28.723  6.129  -29.382 0.1250000000
126086  23.053  8.274  -35.321 1.0000000000
126098  19.915  6.031  -35.103 0.8750000000
126111  19.830  5.444  -35.185 0.7500000000
126112  19.467  5.722  -35.522 1.0000000000
126128  18.511  5.956  -35.972 1.0000000000
126151  18.318  5.068  -35.972 1.0000000000
126152  18.606  5.153  -36.276 1.0000000000
126161  18.837  5.565  -35.694 1.0000000000
126489  16.634  18.681  -35.753 0.2500000000
