#!ascii label  , from subject 4010 vox2ras=TkReg
767
38635  -10.906  -30.558  72.408 0.0000000000
52073  -34.586  -17.380  69.822 0.0000000000
61948  -35.179  -9.845  67.652 0.0000000000
67645  -38.272  -4.709  61.853 0.0000000000
50898  -32.731  -21.402  69.320 0.0000000000
65397  -35.953  -6.850  64.985 0.0000000000
71871  -40.580  -0.774  54.540 0.0000000000
75995  -43.105  3.436  54.250 0.0000000000
53273  -36.898  -17.347  69.189 0.0000000000
127510  -36.745  -13.140  68.968 0.0000000000
57580  -33.461  -13.876  69.276 0.0000000000
41973  -11.552  -28.181  75.502 0.0000000000
43098  -15.431  -26.445  76.115 0.0000000000
43102  -19.512  -26.649  74.679 0.0000000000
43126  -23.431  -26.870  73.844 0.0000000000
43131  -28.255  -26.124  73.379 0.0000000000
46295  -31.340  -23.393  70.867 0.0000000000
47331  -35.439  -21.497  70.113 0.0000000000
63069  -37.683  -8.617  68.094 0.0000000000
77120  -45.539  4.170  54.100 0.0000000000
53213  -35.727  -17.566  70.305 0.0000000000
55419  -35.981  -15.167  70.326 0.0000000000
55427  -33.965  -15.862  69.898 0.0000000000
42025  -12.051  -27.833  74.130 0.0000000000
43096  -13.365  -26.979  75.469 0.0000000000
45258  -28.647  -24.360  71.899 0.0000000000
44160  -29.693  -25.359  71.433 0.0000000000
47324  -30.328  -22.558  71.662 0.0000000000
50881  -34.674  -19.597  69.349 0.0000000000
49557  -33.865  -21.067  70.519 0.0000000000
50845  -35.212  -19.480  70.179 0.0000000000
50867  -36.825  -19.255  70.033 0.0000000000
60775  -35.352  -10.572  69.299 0.0000000000
60795  -36.872  -11.511  68.108 0.0000000000
63050  -36.687  -8.438  69.327 0.0000000000
66527  -37.488  -5.580  63.363 0.0000000000
67565  -37.937  -5.118  66.293 0.0000000000
68705  -39.803  -4.521  64.473 0.0000000000
68744  -39.869  -4.682  61.794 0.0000000000
71825  -40.968  -0.150  57.258 0.0000000000
70821  -39.386  -1.483  57.359 0.0000000000
48421  -31.243  -22.213  69.634 0.0000000000
64296  -37.436  -7.263  60.678 0.0000000000
73919  -41.626  1.418  54.193 0.0000000000
73874  -42.840  0.984  57.282 0.0000000000
73938  -45.587  1.859  53.577 0.0000000000
53296  -37.280  -17.495  67.423 0.0000000000
55478  -36.699  -15.523  68.548 0.0000000000
57568  -35.143  -13.342  69.867 0.0000000000
39666  -11.760  -29.538  75.469 0.0000000000
40850  -16.954  -27.681  74.368 0.0000000000
43100  -17.376  -26.680  75.241 0.0000000000
40830  -18.822  -27.776  74.644 0.0000000000
40854  -21.393  -28.093  74.438 0.0000000000
40856  -23.559  -27.876  73.832 0.0000000000
39669  -25.630  -28.368  74.128 0.0000000000
43108  -26.313  -27.029  74.032 0.0000000000
42040  -29.563  -27.044  71.309 0.0000000000
48372  -32.210  -21.995  71.147 0.0000000000
46297  -33.756  -22.356  70.404 0.0000000000
46347  -35.380  -22.571  69.628 0.0000000000
47366  -37.620  -21.777  69.322 0.0000000000
50920  -37.158  -19.300  68.034 0.0000000000
65338  -37.040  -6.945  68.568 0.0000000000
69818  -37.738  -2.955  57.728 0.0000000000
68767  -38.994  -3.534  60.036 0.0000000000
38611  -10.606  -30.422  74.349 0.0000000000
53211  -34.850  -17.417  70.081 0.0000000000
54320  -34.875  -16.699  70.366 0.0000000000
54334  -34.273  -16.763  69.930 0.0000000000
46309  -28.800  -23.435  71.025 0.0000000000
46293  -29.732  -23.528  71.429 0.0000000000
47339  -30.019  -22.942  71.101 0.0000000000
52100  -34.949  -18.333  69.396 0.0000000000
50844  -34.938  -19.448  69.923 0.0000000000
52052  -35.233  -18.381  69.989 0.0000000000
52053  -35.557  -18.478  70.313 0.0000000000
61891  -35.885  -9.494  69.146 0.0000000000
63068  -35.539  -9.210  68.370 0.0000000000
67630  -38.077  -4.730  62.835 0.0000000000
68703  -38.429  -4.644  64.191 0.0000000000
68730  -38.498  -4.383  62.772 0.0000000000
68732  -39.742  -4.261  63.014 0.0000000000
68742  -39.026  -3.886  61.659 0.0000000000
70807  -42.024  -0.644  58.374 0.0000000000
70822  -40.403  -1.238  57.645 0.0000000000
69823  -42.374  -2.377  57.352 0.0000000000
74975  -40.554  2.677  52.622 0.0000000000
75980  -42.440  2.674  54.630 0.0000000000
73907  -42.210  1.585  55.956 0.0000000000
74911  -42.869  2.556  55.842 0.0000000000
73891  -43.415  1.607  56.172 0.0000000000
74923  -43.794  2.692  55.285 0.0000000000
76009  -45.528  3.341  54.005 0.0000000000
53274  -36.932  -17.332  68.568 0.0000000000
54384  -36.798  -16.408  68.057 0.0000000000
54371  -36.740  -16.294  68.848 0.0000000000
57555  -34.317  -14.322  70.339 0.0000000000
57557  -35.581  -14.091  70.133 0.0000000000
57567  -34.367  -13.654  69.795 0.0000000000
58648  -34.654  -12.504  69.709 0.0000000000
58660  -33.877  -12.759  68.831 0.0000000000
39678  -12.691  -29.382  75.064 0.0000000000
40827  -12.611  -28.541  75.819 0.0000000000
43097  -14.623  -26.678  75.661 0.0000000000
44123  -18.406  -25.800  74.271 0.0000000000
43101  -18.429  -26.745  74.930 0.0000000000
41980  -17.923  -27.310  74.932 0.0000000000
41981  -19.025  -27.371  74.773 0.0000000000
42008  -19.709  -27.734  74.600 0.0000000000
41982  -20.075  -27.253  74.783 0.0000000000
42011  -22.906  -27.309  74.347 0.0000000000
40857  -24.920  -28.225  74.009 0.0000000000
41986  -25.228  -27.970  74.708 0.0000000000
43146  -27.561  -25.745  73.220 0.0000000000
44131  -26.171  -25.918  73.290 0.0000000000
43109  -26.918  -26.675  73.390 0.0000000000
40836  -26.788  -27.313  73.358 0.0000000000
42014  -28.287  -26.900  73.386 0.0000000000
40886  -28.634  -27.482  72.092 0.0000000000
42015  -28.578  -26.789  71.983 0.0000000000
45276  -30.841  -24.721  70.632 0.0000000000
44203  -30.688  -25.520  70.729 0.0000000000
45293  -31.513  -24.947  70.252 0.0000000000
46330  -32.695  -23.944  69.979 0.0000000000
48388  -31.520  -22.113  71.008 0.0000000000
49572  -32.850  -21.601  70.560 0.0000000000
48375  -34.712  -21.328  70.321 0.0000000000
47329  -34.290  -21.839  70.663 0.0000000000
46299  -34.927  -22.122  70.472 0.0000000000
46315  -34.975  -22.446  70.303 0.0000000000
46333  -35.451  -22.474  70.107 0.0000000000
47342  -36.565  -21.580  70.143 0.0000000000
52077  -37.107  -18.834  69.952 0.0000000000
49593  -37.155  -20.011  69.198 0.0000000000
50901  -37.428  -18.396  69.222 0.0000000000
52137  -37.027  -18.304  68.028 0.0000000000
41998  -10.640  -28.291  74.388 0.0000000000
41961  -10.670  -28.616  75.702 0.0000000000
40816  -10.797  -29.065  75.927 0.0000000000
56582  -36.723  -14.673  68.051 0.0000000000
127516  -36.702  -13.552  68.136 0.0000000000
61911  -37.466  -9.729  68.330 0.0000000000
64226  -35.599  -7.728  66.038 0.0000000000
65351  -36.040  -7.478  67.372 0.0000000000
65369  -36.517  -6.497  66.402 0.0000000000
66485  -39.149  -5.461  66.319 0.0000000000
66469  -38.923  -5.604  66.794 0.0000000000
70805  -38.992  -2.049  57.990 0.0000000000
70820  -38.658  -2.055  57.371 0.0000000000
69805  -38.330  -2.525  58.357 0.0000000000
68779  -38.063  -3.211  58.764 0.0000000000
68780  -38.796  -2.897  59.274 0.0000000000
67674  -39.537  -3.989  60.127 0.0000000000
77135  -42.857  4.230  53.127 0.0000000000
77104  -44.343  3.984  54.565 0.0000000000
77137  -44.771  4.186  53.365 0.0000000000
77138  -45.618  4.240  53.257 0.0000000000
53232  -36.775  -17.879  70.254 0.0000000000
54353  -36.148  -16.596  69.946 0.0000000000
54337  -35.837  -16.572  70.250 0.0000000000
56527  -34.647  -15.222  70.466 0.0000000000
56554  -33.578  -14.769  69.741 0.0000000000
41999  -11.518  -27.571  74.846 0.0000000000
43095  -12.547  -27.417  75.470 0.0000000000
44109  -14.635  -25.951  75.257 0.0000000000
44157  -28.318  -25.112  72.345 0.0000000000
44135  -28.611  -25.705  72.078 0.0000000000
45247  -28.852  -24.652  71.977 0.0000000000
45260  -29.450  -24.137  71.536 0.0000000000
46294  -30.451  -23.408  71.715 0.0000000000
49591  -33.868  -20.588  69.683 0.0000000000
49573  -33.373  -21.215  70.403 0.0000000000
49574  -34.309  -20.435  69.966 0.0000000000
49558  -34.606  -20.662  70.063 0.0000000000
49559  -35.256  -20.419  70.070 0.0000000000
49575  -36.181  -20.541  70.264 0.0000000000
50846  -35.735  -19.397  70.392 0.0000000000
52055  -36.563  -18.780  70.422 0.0000000000
42034  -11.032  -28.122  73.266 0.0000000000
59746  -35.953  -11.727  69.307 0.0000000000
127518  -36.623  -12.886  68.078 0.0000000000
60777  -36.283  -10.629  69.276 0.0000000000
61893  -37.069  -9.491  69.505 0.0000000000
64166  -37.691  -8.134  69.664 0.0000000000
66514  -36.933  -5.901  64.001 0.0000000000
66483  -37.163  -6.024  65.877 0.0000000000
67600  -38.029  -5.072  64.735 0.0000000000
68687  -38.541  -4.963  65.424 0.0000000000
71859  -40.582  -0.301  55.516 0.0000000000
70853  -39.528  -1.091  55.725 0.0000000000
71824  -39.893  -0.568  56.971 0.0000000000
53270  -34.313  -17.566  68.830 0.0000000000
52119  -34.934  -18.744  68.913 0.0000000000
63083  -34.913  -8.870  67.524 0.0000000000
64253  -36.306  -7.302  63.626 0.0000000000
65426  -36.928  -6.568  62.926 0.0000000000
65447  -37.469  -6.452  61.877 0.0000000000
66558  -37.836  -5.452  61.417 0.0000000000
72866  -41.343  0.336  54.733 0.0000000000
72858  -41.442  0.893  55.964 0.0000000000
73872  -41.637  1.030  57.522 0.0000000000
72814  -43.358  -0.030  58.331 0.0000000000
75997  -44.845  3.337  55.008 0.0000000000
73923  -44.612  1.933  54.344 0.0000000000
54398  -36.915  -16.565  67.576 0.0000000000
55494  -36.716  -15.591  67.822 0.0000000000
55461  -36.661  -14.822  68.752 0.0000000000
55445  -36.523  -15.229  69.646 0.0000000000
56544  -36.421  -14.291  69.664 0.0000000000
57583  -36.165  -13.234  69.344 0.0000000000
58649  -35.335  -12.434  69.692 0.0000000000
59761  -34.531  -11.691  69.448 0.0000000000
54369  -33.451  -16.250  69.357 0.0000000000
55457  -33.130  -15.479  69.125 0.0000000000
57596  -33.611  -13.408  68.533 0.0000000000
38612  -11.282  -30.089  74.098 0.0000000000
39695  -12.430  -29.257  73.880 0.0000000000
40877  -17.468  -28.284  73.545 0.0000000000
44143  -14.821  -25.749  73.640 0.0000000000
44120  -15.475  -25.715  74.547 0.0000000000
43099  -16.279  -26.610  75.937 0.0000000000
40851  -18.095  -28.016  74.481 0.0000000000
39700  -21.589  -29.111  73.049 0.0000000000
39701  -22.189  -28.722  73.092 0.0000000000
44129  -24.149  -26.267  73.415 0.0000000000
44130  -25.394  -25.987  73.390 0.0000000000
43127  -24.752  -26.773  73.798 0.0000000000
41987  -25.959  -27.675  74.980 0.0000000000
39682  -26.426  -28.211  73.132 0.0000000000
42017  -29.640  -26.224  71.362 0.0000000000
48386  -30.469  -22.559  71.295 0.0000000000
48370  -30.804  -22.428  71.507 0.0000000000
47326  -31.324  -22.593  71.357 0.0000000000
48373  -33.109  -21.685  70.673 0.0000000000
47328  -33.366  -21.952  70.656 0.0000000000
46296  -32.672  -22.678  70.510 0.0000000000
45278  -33.583  -23.415  69.773 0.0000000000
45297  -34.213  -23.205  69.593 0.0000000000
47391  -37.455  -21.707  68.542 0.0000000000
48408  -36.885  -20.633  69.547 0.0000000000
48436  -37.522  -21.188  68.645 0.0000000000
49623  -36.976  -20.274  68.177 0.0000000000
50939  -37.279  -19.394  67.175 0.0000000000
38595  -11.008  -29.847  75.498 0.0000000000
64193  -35.626  -8.095  67.686 0.0000000000
65324  -36.822  -7.671  68.768 0.0000000000
65339  -37.563  -7.250  68.425 0.0000000000
66467  -37.170  -6.054  66.927 0.0000000000
65354  -38.437  -6.443  67.483 0.0000000000
64195  -38.174  -7.609  67.727 0.0000000000
65497  -37.548  -6.313  58.941 0.0000000000
67672  -37.785  -4.485  59.900 0.0000000000
69852  -38.376  -2.368  55.808 0.0000000000
69851  -37.879  -2.971  56.010 0.0000000000
67697  -37.884  -4.449  57.687 0.0000000000
67687  -37.671  -4.173  58.784 0.0000000000
68753  -38.240  -3.773  60.495 0.0000000000
68755  -39.508  -4.136  61.111 0.0000000000
54319  -34.447  -16.692  70.144 0.0000000000
54335  -34.367  -16.973  70.028 0.0000000000
46327  -28.546  -23.477  70.405 0.0000000000
47338  -29.403  -23.013  70.864 0.0000000000
47350  -29.061  -22.854  70.423 0.0000000000
52099  -34.675  -17.567  69.668 0.0000000000
52074  -35.095  -18.025  69.629 0.0000000000
60809  -35.016  -10.310  68.408 0.0000000000
61929  -35.184  -9.658  68.247 0.0000000000
61928  -35.043  -9.881  67.944 0.0000000000
67631  -38.508  -4.383  62.391 0.0000000000
68731  -38.929  -4.147  62.583 0.0000000000
67646  -38.642  -4.114  61.954 0.0000000000
70824  -42.727  -1.572  57.951 0.0000000000
70823  -41.707  -1.071  57.951 0.0000000000
77116  -42.473  3.874  53.603 0.0000000000
75981  -42.861  2.853  54.954 0.0000000000
75967  -42.854  2.751  55.586 0.0000000000
75968  -42.961  3.025  55.629 0.0000000000
74912  -43.196  2.549  55.744 0.0000000000
75982  -43.599  3.319  55.056 0.0000000000
52120  -37.366  -17.855  69.123 0.0000000000
57566  -33.847  -14.319  70.136 0.0000000000
57556  -34.965  -14.101  69.980 0.0000000000
57581  -34.227  -13.035  69.297 0.0000000000
40826  -11.961  -28.466  75.802 0.0000000000
41974  -12.311  -27.986  75.628 0.0000000000
43085  -14.761  -26.900  76.736 0.0000000000
41963  -14.737  -27.005  76.410 0.0000000000
44114  -18.748  -26.271  74.644 0.0000000000
43106  -22.758  -26.795  74.499 0.0000000000
42012  -24.327  -27.525  74.047 0.0000000000
44132  -27.803  -25.705  73.192 0.0000000000
43130  -27.565  -26.033  73.423 0.0000000000
43110  -27.729  -26.526  73.541 0.0000000000
43132  -28.502  -26.209  72.552 0.0000000000
46311  -31.600  -24.249  70.280 0.0000000000
46329  -32.157  -24.367  69.916 0.0000000000
46312  -32.260  -23.600  70.281 0.0000000000
49589  -32.309  -21.698  69.924 0.0000000000
49590  -32.883  -21.504  70.041 0.0000000000
47330  -34.987  -21.798  70.341 0.0000000000
47340  -35.109  -22.052  70.309 0.0000000000
47341  -35.750  -21.776  70.116 0.0000000000
52101  -37.260  -18.287  69.694 0.0000000000
50882  -37.313  -18.761  69.468 0.0000000000
52121  -37.268  -18.045  68.705 0.0000000000
41972  -10.838  -28.407  75.173 0.0000000000
40817  -11.508  -28.836  75.927 0.0000000000
56567  -36.812  -13.634  68.553 0.0000000000
56581  -36.754  -14.023  67.881 0.0000000000
127515  -36.733  -13.534  68.343 0.0000000000
60810  -37.359  -10.227  67.746 0.0000000000
61931  -37.473  -9.266  67.629 0.0000000000
61951  -37.505  -9.107  66.966 0.0000000000
65385  -35.878  -6.928  65.756 0.0000000000
65386  -36.509  -6.488  65.405 0.0000000000
70862  -40.085  -1.622  54.518 0.0000000000
69820  -39.563  -2.540  58.502 0.0000000000
53231  -36.258  -17.526  70.277 0.0000000000
54321  -35.313  -16.706  70.374 0.0000000000
55415  -34.241  -15.941  70.105 0.0000000000
55416  -34.568  -15.918  70.334 0.0000000000
56526  -34.179  -15.178  70.381 0.0000000000
57541  -34.072  -14.928  70.479 0.0000000000
56540  -33.766  -15.279  69.972 0.0000000000
43121  -14.224  -25.984  74.899 0.0000000000
46291  -28.186  -23.943  71.244 0.0000000000
45257  -27.781  -24.638  72.049 0.0000000000
44180  -28.181  -24.825  72.291 0.0000000000
44181  -28.412  -24.694  72.188 0.0000000000
45246  -28.595  -24.581  72.060 0.0000000000
50880  -34.234  -20.176  69.183 0.0000000000
49592  -34.486  -20.071  69.655 0.0000000000
49560  -35.928  -20.188  70.361 0.0000000000
52054  -36.123  -18.488  70.482 0.0000000000
52075  -36.586  -18.275  70.420 0.0000000000
42035  -11.496  -27.810  73.152 0.0000000000
42024  -11.132  -27.851  73.923 0.0000000000
127514  -36.168  -11.228  69.176 0.0000000000
60776  -35.667  -10.794  69.367 0.0000000000
63029  -36.437  -9.028  69.060 0.0000000000
61875  -36.724  -9.467  69.561 0.0000000000
61892  -37.208  -9.099  69.755 0.0000000000
63032  -37.346  -8.744  69.548 0.0000000000
64148  -36.814  -7.966  70.061 0.0000000000
66515  -37.519  -5.420  64.363 0.0000000000
68686  -38.308  -4.901  65.071 0.0000000000
68704  -39.019  -4.544  64.634 0.0000000000
67584  -39.552  -4.960  65.456 0.0000000000
68722  -40.165  -4.519  63.908 0.0000000000
71843  -40.590  -0.095  56.402 0.0000000000
69821  -40.119  -2.196  58.139 0.0000000000
53271  -34.650  -18.156  68.683 0.0000000000
64268  -36.523  -7.119  62.784 0.0000000000
65465  -37.740  -6.377  61.013 0.0000000000
74935  -41.689  1.877  53.933 0.0000000000
73936  -41.429  0.935  53.481 0.0000000000
72867  -41.460  0.660  55.440 0.0000000000
73920  -41.865  1.140  55.207 0.0000000000
73890  -42.660  1.756  56.386 0.0000000000
73889  -41.751  1.252  56.763 0.0000000000
73873  -42.152  1.175  57.373 0.0000000000
72813  -42.733  0.408  58.183 0.0000000000
72827  -42.870  0.616  57.764 0.0000000000
71827  -43.679  -0.623  57.635 0.0000000000
73875  -43.404  0.954  57.020 0.0000000000
77119  -44.883  4.449  54.056 0.0000000000
75983  -44.457  3.537  55.079 0.0000000000
77106  -45.178  3.974  54.604 0.0000000000
74955  -45.662  2.797  53.767 0.0000000000
74939  -45.185  2.811  54.253 0.0000000000
53309  -37.593  -17.665  66.770 0.0000000000
54413  -37.213  -16.709  67.042 0.0000000000
54383  -36.793  -16.087  68.264 0.0000000000
55479  -36.702  -15.223  68.234 0.0000000000
55430  -36.024  -15.944  70.238 0.0000000000
55444  -36.259  -15.867  69.879 0.0000000000
55431  -36.212  -15.334  70.191 0.0000000000
57558  -36.031  -14.044  70.122 0.0000000000
57569  -35.729  -13.675  69.683 0.0000000000
57570  -36.165  -13.836  69.573 0.0000000000
57582  -35.586  -13.101  69.560 0.0000000000
58662  -35.816  -12.642  69.406 0.0000000000
58661  -34.271  -12.286  69.291 0.0000000000
39677  -11.869  -29.689  74.608 0.0000000000
39694  -11.741  -29.711  73.970 0.0000000000
39679  -13.056  -29.065  75.517 0.0000000000
40849  -15.958  -27.641  74.524 0.0000000000
40876  -16.449  -27.839  73.616 0.0000000000
44119  -14.741  -25.769  74.770 0.0000000000
44112  -16.922  -26.086  75.151 0.0000000000
41979  -16.753  -27.087  75.390 0.0000000000
40829  -18.489  -27.613  74.718 0.0000000000
40878  -18.721  -28.719  73.322 0.0000000000
40853  -20.279  -28.206  74.242 0.0000000000
40879  -19.894  -28.636  73.479 0.0000000000
40880  -20.952  -28.802  73.787 0.0000000000
42010  -22.405  -27.561  74.554 0.0000000000
40855  -22.476  -28.008  74.271 0.0000000000
40881  -21.926  -28.622  73.762 0.0000000000
40882  -22.796  -28.330  73.269 0.0000000000
40858  -25.341  -28.347  73.391 0.0000000000
40885  -25.528  -28.463  72.692 0.0000000000
39681  -25.935  -28.316  73.306 0.0000000000
45237  -25.997  -25.713  73.192 0.0000000000
43128  -25.859  -26.796  74.032 0.0000000000
43107  -26.234  -27.218  74.681 0.0000000000
40859  -27.388  -27.502  73.149 0.0000000000
39672  -26.425  -27.606  73.472 0.0000000000
39683  -26.882  -27.821  72.952 0.0000000000
39704  -27.159  -28.776  72.968 0.0000000000
42028  -29.041  -27.119  71.596 0.0000000000
40910  -29.239  -27.478  71.416 0.0000000000
44159  -29.146  -25.426  71.734 0.0000000000
43134  -29.398  -26.064  71.474 0.0000000000
43148  -29.847  -25.933  71.357 0.0000000000
48403  -30.154  -22.523  70.647 0.0000000000
48404  -30.778  -22.402  70.535 0.0000000000
48371  -31.416  -22.327  71.239 0.0000000000
47327  -32.310  -22.275  70.974 0.0000000000
46313  -33.229  -23.231  70.137 0.0000000000
46332  -34.834  -23.112  69.864 0.0000000000
46331  -34.314  -23.049  69.449 0.0000000000
47365  -37.153  -22.143  69.496 0.0000000000
49576  -36.350  -19.943  70.026 0.0000000000
48393  -36.601  -20.330  69.811 0.0000000000
49577  -36.736  -19.865  69.621 0.0000000000
49607  -37.242  -20.212  68.702 0.0000000000
52151  -37.483  -18.464  67.291 0.0000000000
39658  -11.038  -29.414  75.843 0.0000000000
38606  -11.170  -29.980  74.915 0.0000000000
127520  -36.938  -12.145  67.579 0.0000000000
63104  -35.251  -8.562  66.501 0.0000000000
65352  -36.584  -6.741  67.610 0.0000000000
64194  -36.229  -7.427  67.921 0.0000000000
65325  -37.274  -7.974  68.926 0.0000000000
66484  -37.621  -5.626  66.166 0.0000000000
66468  -38.021  -5.453  66.998 0.0000000000
64212  -38.574  -7.741  66.811 0.0000000000
66588  -37.691  -5.562  59.709 0.0000000000
66603  -37.688  -5.152  59.111 0.0000000000
70840  -39.389  -1.175  56.423 0.0000000000
70852  -39.119  -1.732  55.638 0.0000000000
70839  -38.815  -1.836  56.570 0.0000000000
69819  -38.123  -2.461  57.506 0.0000000000
69837  -38.225  -2.427  56.687 0.0000000000
69836  -37.796  -2.996  56.873 0.0000000000
68819  -38.171  -3.680  56.368 0.0000000000
68807  -37.877  -3.726  57.139 0.0000000000
68794  -37.756  -3.549  58.072 0.0000000000
68766  -38.164  -3.505  59.619 0.0000000000
68754  -38.937  -3.803  60.845 0.0000000000
53212  -35.271  -17.524  70.167 0.0000000000
55414  -34.137  -16.210  69.899 0.0000000000
46292  -28.832  -23.911  71.492 0.0000000000
46310  -29.400  -23.360  71.162 0.0000000000
50865  -34.862  -19.373  69.664 0.0000000000
60758  -35.628  -10.363  69.358 0.0000000000
61890  -35.380  -10.064  69.127 0.0000000000
61910  -35.594  -9.544  68.795 0.0000000000
63049  -36.311  -8.913  68.818 0.0000000000
67618  -37.907  -4.811  63.814 0.0000000000
68719  -38.458  -4.481  63.280 0.0000000000
68720  -39.027  -4.409  63.563 0.0000000000
68721  -39.639  -4.439  63.818 0.0000000000
68743  -39.622  -4.350  62.073 0.0000000000
71826  -41.669  0.061  57.815 0.0000000000
74954  -41.830  2.666  53.737 0.0000000000
74936  -42.094  2.124  54.458 0.0000000000
74937  -42.238  1.654  55.334 0.0000000000
74922  -42.627  2.217  55.456 0.0000000000
77121  -45.979  3.968  53.774 0.0000000000
75999  -45.678  3.776  54.032 0.0000000000
76010  -46.143  3.511  53.622 0.0000000000
74956  -46.468  2.739  53.358 0.0000000000
72883  -46.159  0.879  52.938 0.0000000000
53285  -36.886  -17.368  68.009 0.0000000000
54372  -36.803  -16.691  68.522 0.0000000000
56528  -35.207  -15.090  70.479 0.0000000000
56529  -35.815  -14.777  70.357 0.0000000000
57544  -35.282  -14.491  70.374 0.0000000000
39659  -11.811  -29.137  75.884 0.0000000000
39667  -12.482  -29.128  75.810 0.0000000000
40828  -13.151  -28.593  75.656 0.0000000000
42005  -16.330  -27.467  75.226 0.0000000000
42007  -19.198  -27.754  74.656 0.0000000000
40852  -19.238  -28.081  74.237 0.0000000000
42009  -20.505  -27.714  74.548 0.0000000000
45245  -27.204  -25.379  72.616 0.0000000000
45244  -26.596  -25.508  72.761 0.0000000000
44155  -26.893  -25.662  73.049 0.0000000000
43129  -26.649  -26.291  73.357 0.0000000000
41989  -26.498  -27.101  73.784 0.0000000000
39685  -28.157  -27.633  73.001 0.0000000000
42029  -29.409  -26.763  71.432 0.0000000000
45261  -30.047  -24.503  71.325 0.0000000000
44182  -30.233  -25.371  71.103 0.0000000000
45292  -31.240  -25.073  70.430 0.0000000000
45295  -32.642  -24.668  69.708 0.0000000000
45277  -33.201  -23.888  69.885 0.0000000000
48405  -31.606  -22.103  70.351 0.0000000000
48406  -32.127  -21.796  70.473 0.0000000000
48389  -32.256  -21.822  70.827 0.0000000000
48374  -34.011  -21.452  70.633 0.0000000000
46298  -34.591  -22.194  70.472 0.0000000000
46314  -34.141  -22.757  69.786 0.0000000000
47352  -36.042  -22.168  69.731 0.0000000000
47353  -36.607  -21.935  69.970 0.0000000000
50883  -37.112  -19.211  69.584 0.0000000000
50902  -37.358  -19.036  68.899 0.0000000000
41971  -10.317  -28.811  74.929 0.0000000000
41960  -10.301  -28.764  75.518 0.0000000000
61894  -37.410  -9.856  69.038 0.0000000000
64211  -35.552  -7.866  66.922 0.0000000000
65368  -35.984  -7.162  66.695 0.0000000000
67566  -38.637  -5.354  66.224 0.0000000000
67551  -38.115  -5.368  66.476 0.0000000000
70804  -38.503  -2.232  57.854 0.0000000000
69804  -37.821  -2.977  58.287 0.0000000000
77117  -43.376  3.836  53.722 0.0000000000
75996  -43.775  3.748  54.299 0.0000000000
77118  -44.206  3.984  53.898 0.0000000000
53254  -37.048  -17.828  69.960 0.0000000000
53253  -36.504  -17.273  69.696 0.0000000000
54352  -36.019  -16.428  70.199 0.0000000000
55418  -35.686  -15.668  70.379 0.0000000000
55417  -35.037  -15.874  70.494 0.0000000000
57542  -34.279  -14.803  70.480 0.0000000000
57554  -34.022  -14.699  70.470 0.0000000000
43118  -11.975  -27.411  75.308 0.0000000000
43094  -12.105  -27.739  75.473 0.0000000000
43119  -12.378  -26.811  75.152 0.0000000000
43120  -13.461  -26.408  74.996 0.0000000000
44128  -23.057  -26.380  73.548 0.0000000000
44156  -27.670  -25.458  72.749 0.0000000000
44134  -28.350  -25.679  72.600 0.0000000000
44158  -28.756  -25.215  72.134 0.0000000000
45248  -29.258  -24.811  71.723 0.0000000000
45259  -29.172  -24.289  71.900 0.0000000000
49605  -33.314  -21.152  69.244 0.0000000000
48376  -35.324  -21.125  70.058 0.0000000000
48391  -35.863  -21.054  70.263 0.0000000000
49561  -36.282  -19.616  70.286 0.0000000000
50847  -36.250  -19.276  70.408 0.0000000000
50866  -36.573  -19.211  70.285 0.0000000000
52076  -36.961  -18.557  70.284 0.0000000000
42023  -10.714  -28.209  73.655 0.0000000000
127512  -36.460  -12.367  68.862 0.0000000000
127513  -36.348  -11.376  68.924 0.0000000000
60779  -36.728  -10.399  68.966 0.0000000000
60760  -36.364  -9.973  69.430 0.0000000000
60778  -36.834  -10.046  69.484 0.0000000000
63051  -37.531  -8.831  68.958 0.0000000000
65398  -36.527  -6.635  64.415 0.0000000000
66501  -37.156  -6.063  64.900 0.0000000000
66502  -37.647  -5.529  65.299 0.0000000000
67582  -37.954  -5.361  65.544 0.0000000000
68668  -38.114  -5.267  65.770 0.0000000000
67583  -38.983  -5.116  65.735 0.0000000000
71858  -40.001  -0.894  55.378 0.0000000000
71842  -39.874  -0.588  56.096 0.0000000000
70806  -39.699  -1.768  58.040 0.0000000000
69807  -39.549  -2.164  58.376 0.0000000000
53251  -34.395  -17.399  69.410 0.0000000000
53229  -34.328  -17.103  69.814 0.0000000000
49606  -33.837  -20.692  69.107 0.0000000000
60824  -35.024  -10.475  67.123 0.0000000000
61967  -35.194  -9.523  66.030 0.0000000000
61968  -35.402  -8.911  65.834 0.0000000000
64238  -35.640  -7.568  64.973 0.0000000000
64239  -36.052  -7.254  64.413 0.0000000000
65410  -36.736  -6.507  63.497 0.0000000000
65411  -37.135  -6.195  63.219 0.0000000000
65446  -37.031  -6.843  62.421 0.0000000000
65427  -37.314  -6.189  62.696 0.0000000000
66542  -37.773  -5.508  62.345 0.0000000000
72879  -41.079  -0.020  53.633 0.0000000000
72857  -41.137  0.330  55.825 0.0000000000
72841  -41.124  0.760  56.721 0.0000000000
73906  -41.766  1.259  56.003 0.0000000000
73888  -41.364  1.019  57.212 0.0000000000
72825  -41.405  0.655  57.491 0.0000000000
72812  -42.010  0.495  58.186 0.0000000000
71793  -42.571  -0.321  58.635 0.0000000000
70825  -43.402  -1.379  57.814 0.0000000000
72843  -43.625  0.619  56.668 0.0000000000
74924  -44.457  2.839  55.160 0.0000000000
75998  -45.231  3.542  54.509 0.0000000000
74938  -44.855  2.821  54.811 0.0000000000
54370  -36.421  -16.290  69.408 0.0000000000
55459  -36.450  -15.687  69.485 0.0000000000
55460  -36.632  -15.441  68.981 0.0000000000
56530  -36.150  -14.948  70.296 0.0000000000
56555  -36.563  -14.780  69.535 0.0000000000
55446  -36.684  -15.129  69.021 0.0000000000
56556  -36.625  -14.356  69.305 0.0000000000
57584  -36.649  -13.567  69.235 0.0000000000
59762  -36.213  -12.597  69.229 0.0000000000
59745  -35.110  -11.447  69.605 0.0000000000
60823  -34.523  -10.838  67.664 0.0000000000
53250  -33.957  -16.752  69.572 0.0000000000
54351  -33.791  -16.199  69.696 0.0000000000
55441  -33.596  -15.632  69.662 0.0000000000
55458  -33.238  -14.921  69.386 0.0000000000
56566  -33.296  -14.539  69.340 0.0000000000
57579  -33.173  -14.243  68.830 0.0000000000
38623  -11.555  -30.025  73.254 0.0000000000
38624  -12.107  -29.666  72.802 0.0000000000
42001  -13.333  -28.265  75.413 0.0000000000
43142  -14.494  -26.025  74.316 0.0000000000
44110  -15.123  -25.934  75.433 0.0000000000
42006  -17.219  -27.475  74.860 0.0000000000
41983  -21.120  -27.291  74.638 0.0000000000
40883  -23.886  -28.355  73.188 0.0000000000
44152  -23.643  -26.143  73.104 0.0000000000
44154  -25.536  -25.699  72.856 0.0000000000
44153  -24.671  -25.939  73.033 0.0000000000
42013  -25.278  -27.454  74.267 0.0000000000
40833  -25.707  -28.256  74.686 0.0000000000
40835  -26.201  -27.496  73.954 0.0000000000
40834  -26.236  -28.027  74.642 0.0000000000
39670  -25.992  -28.243  74.089 0.0000000000
38613  -26.235  -28.322  73.087 0.0000000000
43133  -28.860  -26.051  71.691 0.0000000000
42016  -29.292  -26.399  71.481 0.0000000000
42041  -30.010  -26.815  71.055 0.0000000000
43162  -30.347  -26.063  70.957 0.0000000000
42042  -30.585  -26.726  70.884 0.0000000000
40912  -30.420  -26.996  71.003 0.0000000000
47351  -29.651  -22.644  70.548 0.0000000000
48387  -30.947  -22.425  71.172 0.0000000000
47325  -30.649  -22.665  71.833 0.0000000000
48390  -32.767  -21.727  70.736 0.0000000000
48392  -36.529  -20.936  70.200 0.0000000000
48407  -37.107  -21.490  69.843 0.0000000000
48422  -37.447  -21.674  69.497 0.0000000000
48423  -37.474  -21.176  69.176 0.0000000000
63066  -34.678  -9.107  67.792 0.0000000000
64178  -35.278  -8.727  68.062 0.0000000000
64163  -36.326  -8.528  68.606 0.0000000000
64180  -36.300  -7.819  68.322 0.0000000000
64164  -36.702  -8.206  68.903 0.0000000000
65309  -37.331  -7.724  69.913 0.0000000000
65326  -37.429  -7.923  69.491 0.0000000000
64181  -37.418  -8.011  68.720 0.0000000000
65353  -37.522  -6.386  67.760 0.0000000000
65483  -37.752  -6.481  60.083 0.0000000000
66573  -37.771  -5.431  60.515 0.0000000000
67660  -37.834  -4.458  60.952 0.0000000000
71857  -39.550  -1.305  55.210 0.0000000000
70861  -39.485  -1.825  54.902 0.0000000000
69862  -38.929  -2.578  54.975 0.0000000000
69861  -38.196  -2.983  55.349 0.0000000000
68741  -38.466  -4.036  61.281 0.0000000000
68756  -39.703  -4.486  61.560 0.0000000000
68768  -39.308  -3.817  60.534 0.0000000000
67662  -39.950  -4.828  61.377 0.0000000000
38614  -26.598  -28.429  73.247 0.0000000000
38625  -26.491  -28.671  72.957 0.0000000000
39668  -12.891  -28.863  75.823 0.0000000000
39671  -26.119  -27.892  73.679 0.0000000000
39680  -25.468  -28.367  73.820 0.0000000000
39684  -27.775  -27.753  72.972 0.0000000000
39703  -26.848  -28.823  73.060 0.0000000000
40832  -22.043  -27.716  74.586 0.0000000000
40860  -28.032  -27.494  73.300 0.0000000000
40911  -29.899  -27.005  70.995 0.0000000000
41962  -11.105  -28.652  75.806 0.0000000000
41988  -26.372  -27.486  74.655 0.0000000000
42030  -29.892  -26.430  71.230 0.0000000000
43145  -27.263  -25.807  73.198 0.0000000000
43147  -29.394  -25.786  71.514 0.0000000000
43190  -31.169  -25.470  70.547 0.0000000000
44133  -28.027  -25.672  73.056 0.0000000000
44202  -30.928  -25.159  70.552 0.0000000000
44223  -31.113  -25.239  70.566 0.0000000000
44224  -31.397  -25.332  70.351 0.0000000000
45249  -29.517  -25.030  71.554 0.0000000000
45275  -31.068  -24.908  70.486 0.0000000000
46316  -35.285  -22.178  70.200 0.0000000000
46328  -31.841  -24.658  69.996 0.0000000000
47378  -37.849  -21.901  68.978 0.0000000000
48369  -30.556  -22.429  71.579 0.0000000000
52102  -37.217  -18.787  69.726 0.0000000000
53228  -34.157  -16.791  69.727 0.0000000000
53230  -34.509  -17.207  69.985 0.0000000000
53252  -34.727  -18.026  69.047 0.0000000000
53272  -36.608  -16.842  69.245 0.0000000000
54317  -34.116  -16.342  69.809 0.0000000000
54318  -34.254  -16.445  69.984 0.0000000000
54333  -34.082  -16.490  69.761 0.0000000000
54336  -36.024  -16.270  70.195 0.0000000000
55428  -33.997  -15.396  70.177 0.0000000000
55429  -35.861  -16.217  70.318 0.0000000000
55442  -33.448  -15.198  69.558 0.0000000000
55443  -36.101  -16.157  70.151 0.0000000000
56541  -33.827  -14.914  70.282 0.0000000000
56542  -36.008  -14.341  70.253 0.0000000000
56543  -36.360  -14.592  70.012 0.0000000000
56553  -33.614  -15.205  69.760 0.0000000000
57543  -34.764  -14.629  70.436 0.0000000000
57559  -36.081  -13.878  70.024 0.0000000000
57571  -36.428  -14.063  69.523 0.0000000000
58673  -33.767  -13.019  68.419 0.0000000000
60759  -35.940  -10.191  69.421 0.0000000000
60761  -36.729  -10.251  69.439 0.0000000000
61873  -35.685  -10.016  69.347 0.0000000000
61874  -36.211  -9.558  69.328 0.0000000000
61876  -37.003  -9.867  69.532 0.0000000000
61909  -35.225  -10.018  68.681 0.0000000000
61930  -35.352  -9.599  68.492 0.0000000000
63014  -36.299  -9.217  69.126 0.0000000000
63015  -36.485  -9.176  69.337 0.0000000000
63030  -36.727  -8.681  69.550 0.0000000000
63031  -37.121  -8.596  69.877 0.0000000000
63067  -35.009  -8.982  68.065 0.0000000000
63082  -34.584  -9.228  67.912 0.0000000000
63103  -35.055  -9.096  66.778 0.0000000000
64147  -36.676  -8.199  69.653 0.0000000000
64149  -37.464  -8.050  70.080 0.0000000000
64165  -36.974  -7.824  69.461 0.0000000000
64179  -35.848  -8.575  68.218 0.0000000000
64192  -35.223  -8.587  67.875 0.0000000000
65310  -37.708  -7.765  69.986 0.0000000000
65337  -36.526  -7.172  68.377 0.0000000000
66486  -39.640  -5.650  66.108 0.0000000000
66526  -37.083  -6.045  63.549 0.0000000000
67550  -37.952  -5.126  66.543 0.0000000000
67567  -39.137  -5.302  65.964 0.0000000000
67601  -39.085  -4.703  65.305 0.0000000000
67632  -40.074  -4.355  62.938 0.0000000000
68647  -37.948  -5.169  66.198 0.0000000000
68648  -38.066  -5.338  66.221 0.0000000000
68669  -38.210  -5.346  65.982 0.0000000000
68706  -40.265  -4.633  64.494 0.0000000000
70791  -42.055  -0.486  58.481 0.0000000000
70792  -42.315  -0.546  58.524 0.0000000000
70793  -42.661  -0.685  58.582 0.0000000000
70808  -42.384  -1.013  58.367 0.0000000000
70809  -43.029  -1.065  58.413 0.0000000000
71792  -42.178  -0.281  58.562 0.0000000000
71794  -43.041  -0.478  58.599 0.0000000000
71809  -41.959  -0.206  58.383 0.0000000000
71810  -43.296  -0.624  58.295 0.0000000000
71869  -39.744  -1.479  54.912 0.0000000000
71870  -40.032  -1.250  54.982 0.0000000000
72796  -42.387  0.034  58.568 0.0000000000
72797  -42.975  0.011  58.643 0.0000000000
72798  -43.169  -0.247  58.564 0.0000000000
72811  -41.692  0.791  57.837 0.0000000000
72826  -41.695  0.549  57.835 0.0000000000
72828  -43.344  0.391  57.574 0.0000000000
72842  -41.474  1.074  56.399 0.0000000000
73858  -41.901  1.005  57.922 0.0000000000
73859  -42.333  0.825  57.868 0.0000000000
73860  -42.643  0.694  57.821 0.0000000000
73909  -44.445  2.440  54.861 0.0000000000
73921  -42.006  1.431  55.628 0.0000000000
73924  -45.262  2.345  54.006 0.0000000000
74921  -42.502  2.500  54.902 0.0000000000
74953  -41.155  2.135  53.347 0.0000000000
75984  -44.942  3.761  54.840 0.0000000000
77105  -44.912  4.114  54.638 0.0000000000
127508  -36.720  -13.121  69.109 0.0000000000
127509  -36.563  -12.914  69.111 0.0000000000
127511  -36.274  -11.827  69.051 0.0000000000
127517  -36.666  -13.341  68.154 0.0000000000
