#!ascii label  , from subject 4010 vox2ras=TkReg
1625
40866  13.293  -38.559  70.784 0.0000000000
62736  45.126  -16.478  46.457 0.0000000000
47992  31.297  -31.342  63.192 0.0000000000
50885  40.838  -28.239  65.670 0.0000000000
48959  23.451  -30.299  62.731 0.0000000000
45907  20.367  -32.927  72.767 0.0000000000
68301  53.405  -11.595  40.678 0.0000000000
69304  54.153  -11.665  48.469 0.0000000000
58401  38.481  -20.528  57.950 0.0000000000
77776  54.872  -2.801  33.653 0.0000000000
48877  30.867  -31.105  67.941 0.0000000000
43800  15.900  -35.264  71.580 0.0000000000
73702  52.831  -7.947  44.106 0.0000000000
69388  48.299  -10.302  43.471 0.0000000000
59473  46.562  -19.560  51.606 0.0000000000
61567  51.717  -17.590  51.932 0.0000000000
59454  41.810  -20.608  52.602 0.0000000000
49948  38.832  -28.757  60.357 0.0000000000
47005  37.340  -31.716  64.140 0.0000000000
48859  26.214  -30.489  68.396 0.0000000000
47812  24.990  -30.551  73.427 0.0000000000
46945  22.277  -32.125  67.381 0.0000000000
43894  18.533  -35.266  66.467 0.0000000000
48955  26.697  -30.334  63.912 0.0000000000
72777  56.995  -8.590  40.158 0.0000000000
72704  56.687  -8.787  44.065 0.0000000000
64885  50.483  -14.473  47.697 0.0000000000
60401  40.930  -18.973  58.264 0.0000000000
54356  41.368  -24.300  61.378 0.0000000000
71796  54.704  -8.364  34.416 0.0000000000
72828  57.681  -7.153  35.434 0.0000000000
73849  57.720  -6.661  33.078 0.0000000000
48795  29.894  -30.535  70.768 0.0000000000
41790  14.861  -37.190  71.225 0.0000000000
43769  15.066  -35.100  74.332 0.0000000000
41760  13.449  -36.771  74.221 0.0000000000
71717  47.459  -10.487  41.640 0.0000000000
60492  46.865  -19.078  54.794 0.0000000000
59381  48.929  -20.108  55.498 0.0000000000
37715  9.591  -41.603  72.745 0.0000000000
59518  41.401  -19.556  49.091 0.0000000000
48042  32.496  -30.997  60.813 0.0000000000
48025  35.250  -31.083  61.152 0.0000000000
47009  34.138  -31.982  63.408 0.0000000000
49882  24.754  -30.103  66.253 0.0000000000
48862  23.843  -30.166  68.021 0.0000000000
48922  22.685  -30.537  65.443 0.0000000000
49925  25.343  -29.616  63.769 0.0000000000
49908  26.405  -30.396  65.712 0.0000000000
47815  22.060  -31.249  72.796 0.0000000000
70581  56.349  -9.785  40.275 0.0000000000
72744  57.017  -7.572  42.027 0.0000000000
72746  55.346  -8.110  42.676 0.0000000000
70485  53.830  -9.955  45.786 0.0000000000
72684  55.004  -8.861  46.706 0.0000000000
66007  44.909  -14.403  44.683 0.0000000000
66005  46.462  -13.702  44.835 0.0000000000
63810  47.526  -15.626  47.187 0.0000000000
60479  36.762  -18.901  55.153 0.0000000000
60498  38.740  -19.774  55.280 0.0000000000
60385  39.485  -19.509  58.732 0.0000000000
49935  40.571  -29.528  62.208 0.0000000000
52132  40.434  -26.573  60.272 0.0000000000
52097  42.342  -26.606  63.367 0.0000000000
69475  51.626  -10.717  37.857 0.0000000000
71778  52.007  -8.829  35.883 0.0000000000
69478  54.010  -10.565  37.061 0.0000000000
72811  55.606  -8.888  36.939 0.0000000000
75816  55.224  -4.464  31.643 0.0000000000
78791  55.769  -3.120  32.747 0.0000000000
74876  58.285  -5.941  34.001 0.0000000000
75797  55.981  -4.784  33.961 0.0000000000
47934  30.997  -31.199  66.184 0.0000000000
47931  34.213  -31.518  66.590 0.0000000000
48874  33.533  -30.976  67.959 0.0000000000
44869  18.136  -34.385  72.337 0.0000000000
45850  19.643  -33.275  75.056 0.0000000000
44825  16.975  -33.863  74.691 0.0000000000
69436  50.104  -11.407  40.036 0.0000000000
71712  52.777  -9.476  42.772 0.0000000000
71714  50.745  -9.186  42.707 0.0000000000
70522  50.414  -9.121  43.996 0.0000000000
69358  51.725  -10.931  45.471 0.0000000000
60575  46.391  -18.240  49.425 0.0000000000
62647  48.351  -16.836  49.590 0.0000000000
60536  48.803  -19.013  51.482 0.0000000000
56496  38.411  -22.222  56.563 0.0000000000
52027  42.464  -26.685  66.759 0.0000000000
38889  11.927  -39.665  70.215 0.0000000000
39839  12.184  -38.781  73.194 0.0000000000
38846  10.947  -39.957  72.928 0.0000000000
62739  42.845  -17.248  46.136 0.0000000000
60578  43.669  -19.218  49.051 0.0000000000
59452  43.878  -19.847  52.419 0.0000000000
59383  44.460  -19.498  54.967 0.0000000000
49970  35.552  -29.453  59.834 0.0000000000
48023  37.792  -30.826  61.436 0.0000000000
48914  39.613  -29.763  64.997 0.0000000000
47950  36.022  -31.906  65.866 0.0000000000
47911  38.836  -31.520  66.568 0.0000000000
48797  27.762  -29.936  71.158 0.0000000000
48776  26.513  -30.646  72.761 0.0000000000
48800  25.127  -30.151  71.071 0.0000000000
47864  22.662  -31.181  70.217 0.0000000000
45948  20.749  -32.548  70.081 0.0000000000
45995  21.107  -32.795  64.968 0.0000000000
44966  20.528  -33.600  67.299 0.0000000000
44934  19.710  -34.484  69.230 0.0000000000
43838  17.753  -36.116  69.048 0.0000000000
42768  15.655  -36.685  69.340 0.0000000000
41823  13.698  -37.582  68.448 0.0000000000
48999  29.631  -30.903  60.904 0.0000000000
49001  27.516  -30.445  61.274 0.0000000000
48953  29.023  -31.202  63.168 0.0000000000
48918  28.499  -31.318  65.627 0.0000000000
48858  28.057  -30.761  68.257 0.0000000000
69373  56.935  -10.031  43.049 0.0000000000
74766  55.343  -7.375  44.388 0.0000000000
69382  46.241  -11.042  43.743 0.0000000000
67139  49.477  -12.475  44.776 0.0000000000
67076  52.589  -13.387  47.663 0.0000000000
63748  50.761  -16.040  50.067 0.0000000000
64843  53.443  -14.789  49.891 0.0000000000
58460  39.368  -21.103  52.078 0.0000000000
59386  41.894  -20.110  55.217 0.0000000000
60398  43.806  -18.970  58.164 0.0000000000
54390  40.441  -24.313  58.750 0.0000000000
56426  40.533  -22.456  59.806 0.0000000000
55320  42.088  -23.489  64.819 0.0000000000
56398  41.370  -22.561  62.796 0.0000000000
59332  39.878  -19.975  60.644 0.0000000000
61415  41.453  -19.296  61.052 0.0000000000
61412  43.917  -18.409  61.796 0.0000000000
75799  54.337  -4.921  33.613 0.0000000000
72830  56.472  -7.341  35.053 0.0000000000
72808  58.011  -8.384  37.666 0.0000000000
47822  31.249  -31.567  70.908 0.0000000000
41801  14.363  -37.665  70.515 0.0000000000
42724  14.372  -36.931  72.866 0.0000000000
41782  14.013  -37.447  72.219 0.0000000000
60445  46.674  -18.530  56.383 0.0000000000
60444  47.582  -18.929  56.579 0.0000000000
36564  7.948  -41.329  70.710 0.0000000000
48009  32.024  -31.289  62.341 0.0000000000
48008  32.964  -31.961  62.260 0.0000000000
47990  32.852  -32.433  63.174 0.0000000000
49897  24.051  -29.833  65.099 0.0000000000
48901  23.554  -30.304  65.995 0.0000000000
48940  22.736  -30.391  64.333 0.0000000000
49939  24.306  -29.494  61.935 0.0000000000
49926  24.499  -29.682  63.266 0.0000000000
49911  24.620  -29.612  64.440 0.0000000000
46870  20.825  -32.380  72.374 0.0000000000
45889  20.914  -32.445  73.780 0.0000000000
70583  55.189  -10.422  40.899 0.0000000000
71729  55.803  -8.868  41.071 0.0000000000
70559  54.486  -10.263  41.769 0.0000000000
69324  54.110  -10.604  47.445 0.0000000000
70462  54.837  -10.139  48.172 0.0000000000
63850  45.180  -15.245  45.526 0.0000000000
64928  45.789  -14.704  45.497 0.0000000000
63811  46.514  -16.107  46.868 0.0000000000
58417  36.967  -20.760  56.106 0.0000000000
59371  37.313  -19.956  56.422 0.0000000000
60454  37.888  -18.753  56.559 0.0000000000
59355  38.493  -19.962  58.547 0.0000000000
49907  40.976  -28.940  64.418 0.0000000000
49933  41.562  -27.916  62.829 0.0000000000
50914  41.073  -27.660  64.650 0.0000000000
69461  52.697  -11.246  38.560 0.0000000000
69473  53.386  -10.688  37.618 0.0000000000
69460  53.867  -11.125  38.519 0.0000000000
69458  55.594  -10.868  39.252 0.0000000000
77786  54.650  -2.690  32.524 0.0000000000
78767  55.205  -2.650  33.259 0.0000000000
78765  55.974  -3.119  33.192 0.0000000000
77775  55.346  -3.032  33.629 0.0000000000
48895  30.579  -31.301  66.763 0.0000000000
47916  32.419  -31.335  67.464 0.0000000000
48876  31.834  -30.887  67.972 0.0000000000
43782  17.343  -34.955  72.012 0.0000000000
44824  17.733  -33.918  74.379 0.0000000000
43767  16.367  -34.704  73.364 0.0000000000
43760  14.004  -34.900  75.744 0.0000000000
44817  15.133  -34.102  75.945 0.0000000000
70586  48.423  -11.002  39.828 0.0000000000
70563  50.302  -10.664  41.640 0.0000000000
70564  48.958  -10.800  41.294 0.0000000000
71686  48.158  -9.906  42.879 0.0000000000
71685  48.865  -9.305  43.166 0.0000000000
70523  49.858  -9.717  43.885 0.0000000000
70505  50.732  -9.638  44.560 0.0000000000
69378  49.968  -10.679  44.377 0.0000000000
60558  45.882  -18.798  50.001 0.0000000000
60556  47.856  -18.571  50.458 0.0000000000
59471  47.936  -19.579  51.724 0.0000000000
69449  49.994  -11.032  39.167 0.0000000000
37722  11.347  -40.040  71.597 0.0000000000
37734  10.605  -40.605  70.892 0.0000000000
61666  41.541  -18.090  46.178 0.0000000000
60615  43.379  -18.131  47.558 0.0000000000
60617  41.616  -18.979  47.459 0.0000000000
59500  41.147  -20.593  50.353 0.0000000000
59499  42.281  -19.828  50.068 0.0000000000
59453  42.807  -20.107  52.404 0.0000000000
59427  44.247  -19.738  53.558 0.0000000000
59428  43.204  -19.860  53.540 0.0000000000
49988  34.175  -28.992  59.229 0.0000000000
47025  36.601  -32.164  62.890 0.0000000000
48973  36.333  -31.073  61.188 0.0000000000
48003  37.567  -31.522  62.351 0.0000000000
48951  39.277  -30.583  63.387 0.0000000000
47969  38.446  -31.092  64.312 0.0000000000
47914  34.629  -31.354  67.494 0.0000000000
47951  34.954  -31.911  65.842 0.0000000000
47913  36.149  -31.794  67.162 0.0000000000
47896  38.339  -31.517  67.521 0.0000000000
47895  39.961  -30.886  67.233 0.0000000000
48835  27.257  -30.498  69.522 0.0000000000
48815  26.667  -30.246  70.349 0.0000000000
48837  25.614  -30.379  69.221 0.0000000000
47901  23.153  -31.233  68.095 0.0000000000
47882  23.712  -30.890  68.645 0.0000000000
47902  22.596  -31.379  68.850 0.0000000000
47865  21.824  -31.496  70.455 0.0000000000
45956  21.531  -32.207  68.550 0.0000000000
47012  21.042  -32.378  63.262 0.0000000000
43914  19.015  -35.309  65.813 0.0000000000
45005  19.670  -34.497  65.542 0.0000000000
43872  19.729  -34.688  67.097 0.0000000000
44949  20.187  -34.039  68.695 0.0000000000
43855  19.289  -34.977  68.607 0.0000000000
43837  18.591  -35.240  69.257 0.0000000000
43856  18.606  -35.804  68.201 0.0000000000
41822  14.554  -36.977  68.351 0.0000000000
49020  30.094  -30.504  59.986 0.0000000000
49021  28.948  -30.664  59.894 0.0000000000
49937  26.184  -29.968  62.121 0.0000000000
48977  26.988  -30.225  62.441 0.0000000000
48976  28.276  -30.498  62.282 0.0000000000
48954  27.926  -30.653  63.479 0.0000000000
48936  28.786  -31.237  64.407 0.0000000000
48937  27.670  -30.963  64.718 0.0000000000
49879  26.753  -29.879  66.936 0.0000000000
48881  27.140  -30.111  67.076 0.0000000000
49849  26.987  -30.344  67.821 0.0000000000
48834  28.197  -30.590  69.369 0.0000000000
48777  25.921  -30.401  72.766 0.0000000000
39831  12.027  -39.393  74.482 0.0000000000
40801  12.561  -38.090  75.130 0.0000000000
72762  57.362  -8.906  41.084 0.0000000000
72729  57.278  -7.963  42.767 0.0000000000
71679  57.418  -9.010  42.823 0.0000000000
71670  57.104  -9.081  43.568 0.0000000000
70499  56.425  -9.558  44.203 0.0000000000
73749  52.236  -8.073  43.634 0.0000000000
73728  54.238  -7.692  43.802 0.0000000000
73714  54.140  -7.731  44.263 0.0000000000
71631  55.537  -9.532  46.608 0.0000000000
65986  48.318  -14.125  46.000 0.0000000000
67130  48.320  -13.244  44.746 0.0000000000
65985  49.550  -13.898  46.013 0.0000000000
67111  51.052  -13.189  45.914 0.0000000000
65961  51.446  -13.805  47.239 0.0000000000
62629  49.767  -17.370  50.559 0.0000000000
63750  49.227  -16.267  49.572 0.0000000000
62627  51.449  -17.076  51.242 0.0000000000
59458  37.799  -20.979  53.016 0.0000000000
60452  39.983  -18.939  56.492 0.0000000000
59388  40.214  -20.109  55.388 0.0000000000
60451  40.930  -19.269  56.673 0.0000000000
60449  42.964  -19.511  56.535 0.0000000000
60399  42.845  -18.937  58.270 0.0000000000
49985  37.447  -28.338  58.930 0.0000000000
51005  38.810  -27.761  59.092 0.0000000000
53297  41.004  -25.824  60.539 0.0000000000
53315  39.864  -25.910  59.258 0.0000000000
54389  40.756  -24.322  59.512 0.0000000000
55380  40.228  -23.253  58.538 0.0000000000
55367  41.149  -23.269  60.082 0.0000000000
54286  42.953  -24.689  65.876 0.0000000000
58325  41.920  -20.904  63.906 0.0000000000
57380  41.286  -21.395  61.698 0.0000000000
59315  40.947  -19.918  62.376 0.0000000000
60348  40.943  -19.601  61.688 0.0000000000
60337  41.490  -19.431  62.530 0.0000000000
71788  53.191  -8.889  34.978 0.0000000000
72848  54.569  -7.558  33.686 0.0000000000
73843  55.556  -6.510  33.652 0.0000000000
72839  55.487  -7.583  34.205 0.0000000000
71752  56.741  -8.843  38.830 0.0000000000
72809  57.264  -8.422  37.380 0.0000000000
72797  57.193  -8.519  38.609 0.0000000000
73775  58.417  -8.468  38.278 0.0000000000
74890  56.668  -5.497  31.847 0.0000000000
74864  57.665  -5.473  34.340 0.0000000000
72817  58.408  -7.966  35.991 0.0000000000
72807  58.807  -8.062  36.826 0.0000000000
48832  30.410  -30.341  69.445 0.0000000000
48830  32.139  -30.636  69.130 0.0000000000
48793  31.583  -30.900  70.318 0.0000000000
42735  15.448  -35.945  71.398 0.0000000000
43784  15.741  -34.878  72.748 0.0000000000
42723  14.727  -36.124  72.833 0.0000000000
42714  14.664  -35.722  74.008 0.0000000000
42700  13.614  -35.384  75.941 0.0000000000
71718  46.824  -10.414  41.465 0.0000000000
70535  47.219  -10.346  42.768 0.0000000000
59425  46.347  -19.504  53.553 0.0000000000
59423  48.461  -20.019  53.614 0.0000000000
59382  48.106  -19.911  55.284 0.0000000000
60466  49.045  -19.750  56.267 0.0000000000
37725  9.329  -41.159  71.529 0.0000000000
36551  8.466  -41.448  71.198 0.0000000000
36539  8.738  -41.876  72.142 0.0000000000
59549  41.088  -19.255  47.474 0.0000000000
58498  40.352  -20.945  50.375 0.0000000000
49015  34.329  -30.024  60.278 0.0000000000
48997  33.551  -30.984  60.748 0.0000000000
47027  34.678  -31.874  62.510 0.0000000000
47007  35.853  -32.111  63.640 0.0000000000
49866  25.878  -30.276  67.078 0.0000000000
48861  24.644  -30.454  68.014 0.0000000000
48882  24.366  -30.376  67.162 0.0000000000
48884  23.357  -30.689  67.034 0.0000000000
47935  22.410  -31.012  66.186 0.0000000000
43875  16.908  -35.248  67.114 0.0000000000
43917  16.215  -34.836  65.253 0.0000000000
49938  25.384  -29.640  62.553 0.0000000000
48956  25.946  -29.765  63.563 0.0000000000
48938  26.954  -30.521  65.209 0.0000000000
49924  25.809  -30.014  64.290 0.0000000000
49895  25.287  -29.968  65.690 0.0000000000
47814  22.806  -31.340  73.006 0.0000000000
71741  56.973  -9.214  39.951 0.0000000000
72763  56.920  -8.444  41.055 0.0000000000
72779  56.260  -8.281  41.256 0.0000000000
72745  56.121  -7.665  42.545 0.0000000000
73725  55.831  -7.237  43.374 0.0000000000
71660  53.598  -9.051  44.832 0.0000000000
72708  54.530  -8.016  45.548 0.0000000000
71645  54.611  -9.073  46.747 0.0000000000
70461  55.203  -9.921  48.007 0.0000000000
67144  45.144  -13.046  43.578 0.0000000000
66006  45.408  -14.139  44.781 0.0000000000
64926  47.421  -14.503  45.879 0.0000000000
64887  48.734  -14.783  47.400 0.0000000000
62626  52.477  -17.060  51.696 0.0000000000
60515  36.712  -20.016  54.171 0.0000000000
59412  37.948  -19.644  54.211 0.0000000000
60478  37.800  -18.898  55.680 0.0000000000
60428  39.361  -18.705  57.211 0.0000000000
60402  40.083  -18.915  58.143 0.0000000000
48991  39.572  -29.198  61.126 0.0000000000
50963  39.572  -27.965  60.355 0.0000000000
49946  40.542  -28.370  61.280 0.0000000000
52114  41.371  -26.545  61.898 0.0000000000
53279  41.700  -25.632  62.332 0.0000000000
70632  50.557  -9.456  37.109 0.0000000000
71779  51.420  -8.197  36.273 0.0000000000
70641  51.437  -9.234  36.520 0.0000000000
70639  53.593  -10.229  36.527 0.0000000000
70647  54.342  -9.751  35.836 0.0000000000
71786  55.133  -9.135  35.429 0.0000000000
71767  55.155  -9.655  37.265 0.0000000000
70612  56.463  -9.570  38.660 0.0000000000
76797  54.708  -3.582  32.131 0.0000000000
76796  55.544  -3.713  31.994 0.0000000000
75804  57.287  -4.872  32.962 0.0000000000
73848  57.971  -6.176  33.381 0.0000000000
76780  57.070  -4.045  33.001 0.0000000000
76759  57.037  -4.273  34.217 0.0000000000
74866  56.920  -5.607  34.618 0.0000000000
47975  30.696  -31.389  64.132 0.0000000000
47974  31.682  -31.694  64.293 0.0000000000
47953  32.302  -31.814  65.465 0.0000000000
47915  33.427  -31.292  67.441 0.0000000000
48873  34.082  -30.952  68.112 0.0000000000
44890  19.562  -33.966  71.746 0.0000000000
45891  19.550  -33.228  73.564 0.0000000000
45892  18.927  -33.571  74.056 0.0000000000
45871  18.349  -33.645  74.665 0.0000000000
44826  16.199  -34.419  74.985 0.0000000000
44807  16.522  -33.929  76.140 0.0000000000
68303  52.080  -11.730  40.509 0.0000000000
70560  53.331  -10.296  42.305 0.0000000000
69418  51.531  -10.891  41.886 0.0000000000
72767  51.711  -8.683  42.791 0.0000000000
72751  51.061  -8.003  43.067 0.0000000000
71715  49.429  -10.055  42.329 0.0000000000
71696  50.517  -8.634  43.272 0.0000000000
72712  51.333  -8.163  44.384 0.0000000000
71662  51.593  -8.924  44.509 0.0000000000
70486  52.811  -10.401  45.480 0.0000000000
68195  53.626  -11.445  47.533 0.0000000000
61646  45.689  -17.570  47.424 0.0000000000
62692  46.684  -17.129  47.835 0.0000000000
61603  46.798  -17.738  49.019 0.0000000000
61584  48.820  -17.953  50.232 0.0000000000
60534  50.390  -18.754  52.286 0.0000000000
59422  49.431  -19.940  53.806 0.0000000000
60525  50.726  -19.105  52.980 0.0000000000
61543  51.612  -18.398  53.256 0.0000000000
58409  38.457  -21.553  57.368 0.0000000000
52043  41.798  -27.568  66.170 0.0000000000
71769  49.508  -8.222  36.718 0.0000000000
70616  50.565  -10.385  37.728 0.0000000000
69463  50.653  -10.890  38.506 0.0000000000
78761  51.852  -2.424  34.529 0.0000000000
78759  53.470  -2.396  34.257 0.0000000000
39894  12.738  -38.918  70.129 0.0000000000
40852  13.097  -38.518  71.677 0.0000000000
38858  12.105  -39.384  71.697 0.0000000000
38845  11.518  -39.616  72.799 0.0000000000
39832  11.781  -39.948  74.134 0.0000000000
37714  10.311  -41.153  72.316 0.0000000000
63852  43.747  -16.111  45.068 0.0000000000
62769  42.506  -16.501  44.716 0.0000000000
62738  43.389  -17.059  46.175 0.0000000000
61630  44.481  -18.041  47.829 0.0000000000
60577  44.384  -18.791  49.094 0.0000000000
60540  45.300  -19.315  50.719 0.0000000000
59517  42.315  -19.099  49.038 0.0000000000
60541  44.463  -19.405  50.583 0.0000000000
59474  45.597  -19.560  51.623 0.0000000000
59426  45.301  -19.580  53.679 0.0000000000
60494  45.265  -19.258  54.651 0.0000000000
60446  45.701  -18.411  56.317 0.0000000000
49949  37.612  -29.593  60.390 0.0000000000
49014  35.387  -29.818  60.191 0.0000000000
49950  36.814  -29.864  60.621 0.0000000000
48992  38.592  -30.067  61.200 0.0000000000
48970  39.857  -29.979  61.695 0.0000000000
48933  40.099  -30.003  63.955 0.0000000000
49892  40.693  -28.898  65.248 0.0000000000
47972  33.648  -31.951  64.470 0.0000000000
46974  35.577  -32.008  65.166 0.0000000000
46972  36.835  -31.908  65.188 0.0000000000
47897  36.991  -31.546  67.693 0.0000000000
47928  37.790  -31.448  66.093 0.0000000000
47948  37.965  -31.526  65.316 0.0000000000
46956  39.114  -30.911  65.441 0.0000000000
48893  40.574  -30.047  65.505 0.0000000000
49862  41.538  -29.040  66.603 0.0000000000
47843  28.461  -31.126  71.277 0.0000000000
48783  27.402  -30.415  71.800 0.0000000000
48785  26.067  -30.038  71.956 0.0000000000
47828  24.661  -30.473  72.182 0.0000000000
48818  24.389  -30.618  69.584 0.0000000000
47862  24.288  -30.607  70.105 0.0000000000
47829  23.516  -30.865  72.112 0.0000000000
47848  22.261  -31.320  71.220 0.0000000000
46880  21.387  -31.985  71.025 0.0000000000
45917  20.738  -32.845  71.463 0.0000000000
47977  22.263  -31.156  64.447 0.0000000000
46994  22.061  -31.952  64.819 0.0000000000
45994  21.509  -32.793  65.545 0.0000000000
45022  20.309  -33.503  64.358 0.0000000000
44984  21.201  -33.312  65.817 0.0000000000
45983  21.543  -32.857  66.707 0.0000000000
45958  20.495  -33.311  68.857 0.0000000000
44933  20.311  -33.896  69.757 0.0000000000
44911  20.123  -33.822  70.954 0.0000000000
44891  18.499  -34.489  70.987 0.0000000000
43798  17.621  -34.915  71.172 0.0000000000
43816  16.985  -35.446  70.203 0.0000000000
42804  16.894  -36.020  67.450 0.0000000000
42767  16.576  -36.254  69.176 0.0000000000
42749  16.309  -36.028  70.053 0.0000000000
41799  15.532  -36.990  70.022 0.0000000000
41812  14.259  -37.674  69.610 0.0000000000
40881  13.563  -38.088  69.296 0.0000000000
39908  12.441  -38.622  69.430 0.0000000000
39909  11.678  -38.678  68.888 0.0000000000
49018  31.558  -30.565  60.193 0.0000000000
48030  31.145  -30.893  61.250 0.0000000000
48974  30.347  -30.941  61.689 0.0000000000
49000  28.615  -30.655  61.151 0.0000000000
48975  29.325  -31.052  62.020 0.0000000000
48952  30.292  -30.872  62.975 0.0000000000
47955  30.377  -31.216  64.799 0.0000000000
48917  29.878  -31.400  65.473 0.0000000000
48896  29.242  -31.363  66.651 0.0000000000
48919  27.612  -30.722  65.859 0.0000000000
48879  28.652  -30.943  67.518 0.0000000000
48856  30.152  -30.659  68.647 0.0000000000
48833  29.353  -30.451  69.466 0.0000000000
48813  28.476  -30.574  70.330 0.0000000000
41773  12.987  -37.557  73.768 0.0000000000
42707  13.336  -36.583  75.056 0.0000000000
72728  57.581  -8.538  42.405 0.0000000000
71694  54.152  -8.990  42.955 0.0000000000
74799  55.945  -7.326  43.532 0.0000000000
73697  56.050  -7.746  44.389 0.0000000000
72707  54.982  -7.861  45.686 0.0000000000
72688  55.927  -8.737  45.133 0.0000000000
71641  56.106  -9.297  44.851 0.0000000000
70537  45.486  -10.761  42.652 0.0000000000
69381  47.013  -11.032  43.748 0.0000000000
67142  46.923  -12.811  43.973 0.0000000000
68247  47.458  -11.767  44.002 0.0000000000
68246  48.457  -11.674  44.169 0.0000000000
68229  50.720  -11.913  44.888 0.0000000000
68197  52.226  -12.593  46.493 0.0000000000
68178  53.506  -12.165  48.109 0.0000000000
62690  47.923  -16.164  48.120 0.0000000000
63786  49.345  -15.291  48.608 0.0000000000
64859  50.111  -15.053  49.064 0.0000000000
63731  52.025  -16.253  50.936 0.0000000000
64845  51.311  -15.178  49.693 0.0000000000
64857  51.707  -14.531  48.928 0.0000000000
65933  53.138  -14.041  48.868 0.0000000000
67064  54.452  -13.005  49.157 0.0000000000
58499  39.463  -21.255  50.326 0.0000000000
58459  40.296  -20.960  51.961 0.0000000000
59432  39.227  -20.487  53.794 0.0000000000
59431  40.231  -20.641  53.841 0.0000000000
59429  42.240  -20.253  53.602 0.0000000000
60496  43.023  -19.822  55.118 0.0000000000
60448  43.913  -19.165  56.375 0.0000000000
60396  45.355  -18.384  57.930 0.0000000000
52148  39.226  -26.921  58.770 0.0000000000
55411  39.468  -23.172  57.284 0.0000000000
56460  39.322  -22.476  57.940 0.0000000000
58390  39.305  -21.094  58.708 0.0000000000
52071  41.942  -26.643  64.886 0.0000000000
53263  42.507  -25.707  63.873 0.0000000000
55340  41.761  -24.170  63.402 0.0000000000
55332  41.941  -23.027  64.111 0.0000000000
55347  41.201  -23.479  62.126 0.0000000000
56414  41.052  -22.299  60.713 0.0000000000
57395  40.465  -21.586  60.214 0.0000000000
58379  39.575  -20.395  59.231 0.0000000000
60371  39.788  -19.926  59.354 0.0000000000
61433  40.443  -19.282  60.201 0.0000000000
61454  41.097  -18.897  59.735 0.0000000000
61388  41.956  -17.929  63.064 0.0000000000
61413  42.864  -18.493  61.585 0.0000000000
61452  42.959  -19.087  59.909 0.0000000000
61451  43.816  -18.572  59.844 0.0000000000
77764  54.187  -2.922  34.167 0.0000000000
76773  54.886  -3.822  33.668 0.0000000000
75798  55.173  -4.622  33.588 0.0000000000
74871  56.407  -5.594  34.199 0.0000000000
72829  57.196  -7.081  35.415 0.0000000000
72820  56.441  -8.169  36.241 0.0000000000
72819  57.260  -7.859  36.150 0.0000000000
73815  57.845  -7.893  36.461 0.0000000000
73789  58.729  -8.071  37.866 0.0000000000
47824  29.609  -31.363  71.462 0.0000000000
46866  29.940  -31.738  71.580 0.0000000000
40865  13.864  -38.120  70.636 0.0000000000
41791  14.255  -37.580  71.369 0.0000000000
40851  13.725  -38.073  71.513 0.0000000000
60420  46.979  -18.399  57.229 0.0000000000
47991  32.075  -32.130  63.193 0.0000000000
48939  23.317  -30.076  63.806 0.0000000000
48921  23.259  -29.931  64.830 0.0000000000
49927  23.842  -29.919  63.327 0.0000000000
49912  23.876  -29.654  64.156 0.0000000000
46871  20.583  -32.756  72.206 0.0000000000
45906  20.778  -32.548  73.168 0.0000000000
68300  54.226  -11.428  40.498 0.0000000000
69415  54.309  -10.738  41.543 0.0000000000
69311  54.081  -11.268  48.145 0.0000000000
69310  54.485  -10.674  48.112 0.0000000000
69303  54.649  -11.209  48.828 0.0000000000
63835  44.671  -16.063  45.946 0.0000000000
63834  45.530  -15.914  46.140 0.0000000000
63812  46.014  -16.511  46.705 0.0000000000
58411  37.722  -20.664  57.051 0.0000000000
58402  38.057  -20.194  57.550 0.0000000000
60405  38.070  -19.592  57.621 0.0000000000
59356  38.165  -19.884  57.905 0.0000000000
50899  40.570  -28.035  65.240 0.0000000000
50898  40.949  -27.696  65.540 0.0000000000
68311  52.856  -11.678  40.166 0.0000000000
69446  53.223  -11.527  39.373 0.0000000000
68310  53.739  -11.596  39.993 0.0000000000
68309  54.360  -11.444  39.931 0.0000000000
78778  54.402  -2.270  32.921 0.0000000000
78768  54.539  -2.479  33.413 0.0000000000
43799  16.732  -35.071  71.319 0.0000000000
43783  16.671  -34.919  72.468 0.0000000000
70534  48.156  -9.919  43.161 0.0000000000
70524  48.857  -9.697  43.562 0.0000000000
69379  49.053  -10.713  43.792 0.0000000000
60539  46.220  -19.065  50.886 0.0000000000
60538  47.132  -19.038  50.959 0.0000000000
59472  47.342  -19.509  51.505 0.0000000000
38875  10.412  -40.483  70.318 0.0000000000
61681  41.029  -17.805  45.598 0.0000000000
60631  41.864  -18.397  46.724 0.0000000000
60632  40.651  -18.680  46.517 0.0000000000
59477  42.206  -20.486  51.313 0.0000000000
47024  37.358  -32.060  63.372 0.0000000000
47989  37.949  -31.373  63.650 0.0000000000
47970  37.814  -31.570  64.587 0.0000000000
47930  35.441  -31.611  66.603 0.0000000000
47898  35.724  -31.754  67.779 0.0000000000
48836  26.497  -30.378  69.265 0.0000000000
46944  22.708  -31.595  67.675 0.0000000000
46933  22.625  -31.504  68.132 0.0000000000
46934  22.038  -31.771  68.570 0.0000000000
43873  19.256  -35.108  67.470 0.0000000000
43874  18.076  -35.555  67.132 0.0000000000
49936  26.554  -30.103  61.989 0.0000000000
49850  26.676  -30.360  67.660 0.0000000000
49864  26.935  -29.953  67.208 0.0000000000
49838  26.735  -30.425  68.341 0.0000000000
49837  27.083  -30.426  68.638 0.0000000000
38834  11.869  -39.477  75.035 0.0000000000
40802  12.328  -38.787  74.841 0.0000000000
71740  57.108  -8.930  39.773 0.0000000000
72776  57.501  -9.172  40.214 0.0000000000
71726  57.017  -8.814  40.645 0.0000000000
72720  56.904  -8.478  43.479 0.0000000000
71657  56.361  -9.190  44.446 0.0000000000
73716  52.552  -7.548  43.946 0.0000000000
74779  52.888  -7.290  43.881 0.0000000000
73715  53.377  -7.666  44.087 0.0000000000
64908  49.281  -14.462  46.811 0.0000000000
65963  49.824  -14.362  46.682 0.0000000000
65962  50.595  -14.028  46.768 0.0000000000
65944  51.032  -14.079  47.699 0.0000000000
61568  50.682  -17.987  51.762 0.0000000000
62628  50.365  -16.988  50.751 0.0000000000
59459  36.813  -20.692  52.604 0.0000000000
60427  40.438  -18.892  57.361 0.0000000000
60426  41.393  -19.070  57.476 0.0000000000
60425  42.381  -19.256  57.498 0.0000000000
60400  41.844  -19.071  58.498 0.0000000000
49968  37.783  -28.733  59.484 0.0000000000
51006  38.108  -27.932  58.741 0.0000000000
50986  38.528  -28.175  59.330 0.0000000000
53296  41.403  -25.497  61.391 0.0000000000
53313  41.143  -24.908  60.640 0.0000000000
54374  41.008  -24.293  60.182 0.0000000000
54373  41.319  -24.094  60.683 0.0000000000
58341  41.435  -20.694  62.991 0.0000000000
59314  41.113  -19.908  62.931 0.0000000000
60338  41.088  -19.758  62.167 0.0000000000
60326  41.566  -19.645  63.113 0.0000000000
71787  54.106  -9.187  34.959 0.0000000000
71798  53.009  -8.166  34.716 0.0000000000
71797  53.729  -8.355  34.349 0.0000000000
73845  53.812  -6.952  33.747 0.0000000000
71804  54.279  -8.066  33.955 0.0000000000
72840  54.841  -7.868  34.062 0.0000000000
72798  56.963  -8.443  39.144 0.0000000000
72787  57.130  -8.516  39.384 0.0000000000
72786  57.773  -8.682  39.114 0.0000000000
74884  57.272  -5.910  32.484 0.0000000000
73850  56.845  -6.579  32.237 0.0000000000
72846  57.651  -7.656  33.781 0.0000000000
73824  57.965  -6.626  35.051 0.0000000000
73823  58.531  -7.137  35.303 0.0000000000
73813  58.262  -7.853  36.033 0.0000000000
48811  30.632  -30.330  70.115 0.0000000000
48810  31.445  -30.625  69.893 0.0000000000
48794  30.905  -30.532  70.680 0.0000000000
42751  15.524  -36.841  71.002 0.0000000000
42722  15.212  -35.483  72.203 0.0000000000
42736  14.919  -36.290  71.718 0.0000000000
42715  14.070  -36.373  73.668 0.0000000000
42706  13.890  -35.725  74.966 0.0000000000
70546  46.374  -10.485  41.914 0.0000000000
59403  46.836  -19.499  54.188 0.0000000000
59402  47.598  -19.841  54.534 0.0000000000
37736  8.584  -40.831  70.178 0.0000000000
36552  7.801  -41.939  71.532 0.0000000000
49017  32.251  -30.498  60.175 0.0000000000
49016  33.293  -30.484  60.324 0.0000000000
48041  33.113  -31.139  60.881 0.0000000000
47028  33.784  -32.146  62.692 0.0000000000
48007  34.025  -31.763  61.874 0.0000000000
47026  35.629  -31.833  62.710 0.0000000000
47008  34.959  -31.870  63.505 0.0000000000
49867  25.071  -30.388  67.068 0.0000000000
48900  24.168  -30.313  66.432 0.0000000000
48902  22.873  -30.599  66.360 0.0000000000
47956  22.443  -30.823  65.732 0.0000000000
48979  25.837  -29.675  63.135 0.0000000000
48957  25.658  -29.650  63.296 0.0000000000
49896  24.683  -29.762  65.351 0.0000000000
49881  25.567  -30.170  66.471 0.0000000000
46855  22.204  -31.383  73.203 0.0000000000
72778  56.798  -8.663  40.776 0.0000000000
71728  56.473  -9.178  40.605 0.0000000000
71709  55.411  -8.500  42.130 0.0000000000
72765  55.956  -8.154  41.847 0.0000000000
72730  56.317  -7.519  42.956 0.0000000000
72731  55.933  -7.441  42.964 0.0000000000
70502  53.675  -9.391  45.297 0.0000000000
71659  54.121  -9.089  45.447 0.0000000000
71646  54.446  -9.194  46.276 0.0000000000
66016  44.687  -13.919  44.164 0.0000000000
63833  46.705  -15.477  46.480 0.0000000000
64927  46.784  -14.493  45.605 0.0000000000
64911  47.045  -14.936  46.152 0.0000000000
64910  47.760  -14.754  46.435 0.0000000000
64888  48.130  -14.905  47.072 0.0000000000
60501  36.438  -19.462  54.523 0.0000000000
60500  37.286  -19.170  54.490 0.0000000000
60429  38.423  -18.714  57.272 0.0000000000
61496  38.183  -18.555  56.763 0.0000000000
60403  39.257  -18.953  58.085 0.0000000000
60384  40.016  -19.087  58.866 0.0000000000
48969  40.451  -29.199  61.479 0.0000000000
48990  40.086  -28.801  61.155 0.0000000000
49934  41.262  -28.609  62.172 0.0000000000
50943  41.980  -27.386  62.985 0.0000000000
50944  41.550  -27.456  62.320 0.0000000000
52098  41.968  -26.573  62.580 0.0000000000
53278  42.184  -25.696  63.023 0.0000000000
70631  51.573  -10.210  37.246 0.0000000000
70629  53.326  -10.421  37.085 0.0000000000
70648  53.400  -9.590  35.618 0.0000000000
70638  54.736  -9.978  36.800 0.0000000000
70628  55.158  -9.940  37.718 0.0000000000
70599  55.934  -10.490  39.768 0.0000000000
70613  55.855  -10.197  38.441 0.0000000000
70598  56.679  -9.840  39.318 0.0000000000
77785  55.209  -2.781  32.620 0.0000000000
77801  55.143  -3.124  32.320 0.0000000000
77800  55.642  -3.203  32.454 0.0000000000
76795  56.108  -4.009  32.032 0.0000000000
76794  56.583  -4.049  32.603 0.0000000000
78789  56.256  -3.336  32.979 0.0000000000
76771  56.403  -4.205  33.813 0.0000000000
77773  56.244  -3.575  33.350 0.0000000000
76760  56.794  -4.427  34.325 0.0000000000
76755  56.880  -4.639  34.555 0.0000000000
75788  56.622  -4.895  34.371 0.0000000000
47954  31.022  -31.404  65.391 0.0000000000
47933  31.685  -31.465  66.640 0.0000000000
48875  32.667  -31.077  68.026 0.0000000000
44868  18.979  -33.587  72.873 0.0000000000
44845  18.369  -33.892  73.674 0.0000000000
45872  17.635  -33.687  74.920 0.0000000000
45852  17.867  -33.664  75.297 0.0000000000
45853  17.267  -33.701  75.431 0.0000000000
43785  15.161  -35.254  73.308 0.0000000000
43768  15.760  -34.750  73.924 0.0000000000
43758  15.510  -34.823  74.832 0.0000000000
69435  50.832  -11.297  40.617 0.0000000000
69434  51.681  -11.435  40.981 0.0000000000
69419  50.989  -10.963  41.429 0.0000000000
70562  51.183  -10.278  42.461 0.0000000000
72768  51.297  -8.377  42.825 0.0000000000
71716  48.354  -10.524  42.011 0.0000000000
71684  49.975  -9.269  43.430 0.0000000000
71697  49.649  -9.246  42.892 0.0000000000
71683  50.444  -8.492  43.841 0.0000000000
72734  50.771  -7.778  43.672 0.0000000000
71671  50.790  -8.576  44.370 0.0000000000
69359  50.941  -10.662  45.145 0.0000000000
70487  52.211  -10.588  45.438 0.0000000000
69342  52.448  -11.150  45.684 0.0000000000
69341  53.331  -11.133  46.039 0.0000000000
68214  52.622  -11.612  46.121 0.0000000000
61628  45.783  -17.790  48.260 0.0000000000
61627  46.603  -17.420  48.363 0.0000000000
61604  46.190  -17.877  48.855 0.0000000000
61570  48.922  -18.396  50.894 0.0000000000
61569  49.604  -18.030  50.967 0.0000000000
60535  49.746  -18.711  51.918 0.0000000000
59401  48.695  -20.003  54.574 0.0000000000
59400  49.688  -19.984  54.729 0.0000000000
59421  50.276  -19.602  53.906 0.0000000000
60491  51.239  -18.854  54.547 0.0000000000
60524  51.263  -18.677  53.323 0.0000000000
60510  52.168  -18.492  53.968 0.0000000000
56497  38.175  -21.917  56.066 0.0000000000
57457  37.613  -21.450  56.338 0.0000000000
56476  38.552  -22.177  57.084 0.0000000000
70633  49.637  -9.025  37.311 0.0000000000
70617  49.710  -9.990  37.642 0.0000000000
69448  50.840  -11.195  39.455 0.0000000000
78760  52.699  -2.413  34.369 0.0000000000
39880  12.335  -39.466  70.377 0.0000000000
39879  12.701  -39.190  71.036 0.0000000000
38873  11.980  -39.962  70.994 0.0000000000
38860  11.074  -39.912  72.203 0.0000000000
38859  11.671  -39.551  72.024 0.0000000000
38838  11.557  -39.834  73.339 0.0000000000
63860  43.397  -15.747  44.490 0.0000000000
61680  41.999  -17.647  45.746 0.0000000000
62756  41.836  -17.291  44.975 0.0000000000
62755  42.725  -16.946  45.607 0.0000000000
61662  44.388  -17.448  46.830 0.0000000000
61663  43.739  -17.462  46.713 0.0000000000
60599  43.585  -18.643  48.203 0.0000000000
60559  44.929  -19.034  49.874 0.0000000000
60560  44.010  -19.285  49.869 0.0000000000
59536  41.197  -19.467  47.975 0.0000000000
60601  41.827  -19.247  48.385 0.0000000000
60580  41.841  -19.006  48.865 0.0000000000
59476  43.474  -19.885  50.941 0.0000000000
59475  44.595  -19.554  51.493 0.0000000000
59451  44.937  -19.762  52.560 0.0000000000
59405  44.615  -19.509  54.541 0.0000000000
59404  45.158  -19.456  54.276 0.0000000000
60495  44.836  -19.421  54.851 0.0000000000
60470  45.481  -18.794  55.397 0.0000000000
60471  44.588  -19.356  55.338 0.0000000000
49987  35.311  -29.111  59.283 0.0000000000
49986  36.702  -28.640  58.859 0.0000000000
49969  36.357  -29.544  59.967 0.0000000000
48995  34.912  -30.463  60.764 0.0000000000
48972  36.952  -31.006  61.272 0.0000000000
48994  36.092  -30.313  60.826 0.0000000000
48993  37.271  -30.202  60.976 0.0000000000
48971  39.200  -30.621  62.266 0.0000000000
48934  39.061  -30.505  64.444 0.0000000000
47952  33.748  -31.913  65.356 0.0000000000
47973  32.904  -32.090  64.204 0.0000000000
46973  36.435  -31.982  65.202 0.0000000000
47912  37.466  -31.603  66.960 0.0000000000
47927  38.902  -31.245  65.594 0.0000000000
47910  40.050  -31.128  66.004 0.0000000000
48872  41.140  -30.099  66.449 0.0000000000
48796  28.520  -30.735  70.952 0.0000000000
48782  28.018  -30.878  71.921 0.0000000000
48799  25.988  -29.991  71.145 0.0000000000
48786  25.453  -30.121  71.792 0.0000000000
48838  24.844  -30.476  69.013 0.0000000000
48839  24.218  -30.662  68.819 0.0000000000
47883  23.047  -31.236  69.206 0.0000000000
47863  23.725  -30.894  69.837 0.0000000000
47846  24.225  -30.708  70.930 0.0000000000
47847  23.147  -31.040  71.079 0.0000000000
46900  21.339  -31.835  70.302 0.0000000000
46901  21.087  -32.302  70.628 0.0000000000
46881  20.880  -32.496  71.534 0.0000000000
46995  21.405  -32.411  64.427 0.0000000000
47011  21.720  -31.843  64.069 0.0000000000
46977  21.550  -32.373  65.095 0.0000000000
46976  22.158  -32.196  65.642 0.0000000000
46007  19.106  -33.520  63.680 0.0000000000
45023  19.736  -33.879  64.434 0.0000000000
44986  19.904  -34.392  66.669 0.0000000000
44985  20.540  -33.706  66.498 0.0000000000
45984  20.856  -33.376  67.115 0.0000000000
45970  20.843  -33.280  67.895 0.0000000000
44912  19.248  -34.275  70.276 0.0000000000
43815  18.089  -35.076  70.132 0.0000000000
43876  16.320  -35.517  66.506 0.0000000000
42786  15.855  -36.478  68.198 0.0000000000
42750  15.876  -36.175  70.607 0.0000000000
41811  14.861  -37.079  69.295 0.0000000000
40882  12.654  -38.216  68.676 0.0000000000
40883  11.500  -38.250  67.999 0.0000000000
48998  30.542  -30.845  60.723 0.0000000000
49022  27.985  -30.485  60.339 0.0000000000
48935  29.859  -31.159  64.157 0.0000000000
49923  26.293  -30.372  64.832 0.0000000000
48920  26.934  -30.500  66.236 0.0000000000
48880  27.596  -30.694  67.353 0.0000000000
48857  29.065  -30.559  68.475 0.0000000000
48775  27.007  -30.856  72.636 0.0000000000
45869  20.062  -33.053  74.396 0.0000000000
39850  12.346  -38.778  72.631 0.0000000000
40835  12.875  -38.420  72.493 0.0000000000
40821  12.633  -38.325  73.325 0.0000000000
41761  13.001  -37.350  74.658 0.0000000000
41751  13.080  -37.100  75.508 0.0000000000
42701  13.280  -36.118  75.703 0.0000000000
41743  13.266  -36.703  76.185 0.0000000000
72743  57.554  -8.204  41.823 0.0000000000
71669  57.286  -9.141  43.115 0.0000000000
71711  53.912  -9.617  42.626 0.0000000000
71682  53.699  -9.108  43.075 0.0000000000
74776  54.579  -7.368  44.095 0.0000000000
73727  54.768  -7.528  43.608 0.0000000000
74775  55.258  -7.250  44.140 0.0000000000
74774  55.722  -6.978  44.287 0.0000000000
74765  55.608  -7.374  44.161 0.0000000000
72691  54.783  -8.704  46.212 0.0000000000
72690  55.082  -8.441  45.978 0.0000000000
72682  55.503  -8.945  45.815 0.0000000000
72681  55.752  -9.130  45.528 0.0000000000
71642  55.902  -9.379  45.264 0.0000000000
70482  55.958  -9.904  45.751 0.0000000000
70481  56.040  -9.541  44.860 0.0000000000
69401  45.135  -10.816  42.641 0.0000000000
69391  45.638  -10.968  43.146 0.0000000000
69390  46.592  -10.725  43.293 0.0000000000
66014  46.261  -13.205  44.127 0.0000000000
67143  45.964  -12.623  43.719 0.0000000000
67129  49.120  -13.057  44.956 0.0000000000
67141  47.917  -12.563  44.295 0.0000000000
67140  48.811  -12.448  44.567 0.0000000000
68245  49.583  -11.679  44.481 0.0000000000
68230  49.943  -12.254  44.794 0.0000000000
67090  52.242  -13.282  46.997 0.0000000000
67110  51.831  -13.007  46.282 0.0000000000
67089  52.781  -12.835  47.420 0.0000000000
68179  53.031  -12.481  47.635 0.0000000000
67075  53.236  -13.054  47.737 0.0000000000
62668  47.595  -16.915  49.017 0.0000000000
62691  47.331  -16.669  47.989 0.0000000000
62667  48.106  -16.393  48.610 0.0000000000
63749  49.962  -16.009  49.709 0.0000000000
63768  48.910  -16.064  48.913 0.0000000000
64847  50.048  -15.475  49.439 0.0000000000
64846  50.470  -15.382  49.567 0.0000000000
64830  53.521  -15.168  50.412 0.0000000000
64831  52.872  -15.372  50.451 0.0000000000
64844  52.586  -14.908  49.787 0.0000000000
64856  52.412  -14.383  49.058 0.0000000000
65923  53.447  -14.407  49.539 0.0000000000
58461  38.400  -20.976  52.076 0.0000000000
58478  38.928  -21.319  51.200 0.0000000000
58477  39.895  -21.308  51.174 0.0000000000
59456  39.809  -20.948  52.958 0.0000000000
60499  38.230  -19.170  54.857 0.0000000000
59411  38.628  -19.961  54.473 0.0000000000
59387  41.023  -19.879  55.234 0.0000000000
59409  40.632  -20.084  54.547 0.0000000000
59430  41.241  -20.441  53.681 0.0000000000
59408  41.584  -20.068  54.493 0.0000000000
59407  42.587  -20.022  54.734 0.0000000000
59385  42.341  -20.119  55.195 0.0000000000
60424  43.379  -19.215  57.365 0.0000000000
60423  44.295  -18.881  57.238 0.0000000000
60397  44.702  -18.778  58.037 0.0000000000
50984  39.876  -27.323  60.077 0.0000000000
50985  39.129  -27.723  59.716 0.0000000000
52133  39.850  -26.665  59.634 0.0000000000
53327  40.229  -25.102  59.221 0.0000000000
53328  39.736  -25.439  58.560 0.0000000000
54409  39.985  -24.172  57.835 0.0000000000
56444  40.069  -22.513  59.095 0.0000000000
57429  39.180  -21.935  58.365 0.0000000000
57428  39.522  -21.928  58.969 0.0000000000
52042  42.251  -27.178  66.424 0.0000000000
52055  42.176  -26.990  65.758 0.0000000000
53224  42.765  -26.040  66.283 0.0000000000
54303  42.711  -24.607  65.093 0.0000000000
54318  42.348  -24.672  64.277 0.0000000000
54330  42.012  -24.791  63.482 0.0000000000
55331  42.149  -23.870  63.783 0.0000000000
57354  41.661  -21.771  64.267 0.0000000000
56384  41.587  -22.443  64.577 0.0000000000
56392  41.652  -22.510  63.741 0.0000000000
55341  41.483  -23.600  63.224 0.0000000000
56404  41.276  -22.414  61.660 0.0000000000
58359  40.897  -20.501  61.727 0.0000000000
57381  40.902  -21.365  61.038 0.0000000000
58368  40.325  -20.630  60.663 0.0000000000
58378  39.875  -21.025  59.657 0.0000000000
58369  39.797  -20.360  60.064 0.0000000000
59341  39.526  -20.148  59.108 0.0000000000
61402  41.327  -19.409  61.471 0.0000000000
61416  40.670  -19.187  60.981 0.0000000000
61432  40.907  -19.013  60.377 0.0000000000
61431  41.658  -19.249  60.473 0.0000000000
61374  42.441  -18.149  63.760 0.0000000000
61387  43.046  -17.767  63.505 0.0000000000
61399  43.162  -18.022  62.569 0.0000000000
61430  42.515  -19.009  60.669 0.0000000000
61429  43.310  -18.363  60.717 0.0000000000
77755  53.539  -2.573  34.815 0.0000000000
72833  51.676  -7.510  35.933 0.0000000000
71790  51.914  -8.052  35.734 0.0000000000
76762  54.220  -3.525  34.093 0.0000000000
75790  54.440  -4.238  33.776 0.0000000000
73834  55.877  -6.921  34.037 0.0000000000
73842  55.955  -6.082  33.832 0.0000000000
73833  56.206  -6.459  34.193 0.0000000000
73826  56.776  -6.360  34.761 0.0000000000
72821  55.816  -8.820  36.278 0.0000000000
72810  56.045  -8.515  37.128 0.0000000000
73805  57.742  -8.079  36.802 0.0000000000
73804  58.214  -8.129  37.198 0.0000000000
72785  58.467  -8.715  38.533 0.0000000000
75817  54.267  -4.534  31.656 0.0000000000
47823  30.513  -31.356  71.284 0.0000000000
41781  14.485  -36.868  72.016 0.0000000000
41772  13.711  -37.333  73.215 0.0000000000
60469  46.381  -18.675  55.446 0.0000000000
60468  47.321  -19.255  55.590 0.0000000000
48029  31.910  -30.930  61.540 0.0000000000
48028  32.671  -31.220  61.553 0.0000000000
47029  33.251  -32.381  62.845 0.0000000000
47010  33.435  -32.288  63.399 0.0000000000
49883  24.248  -29.975  65.813 0.0000000000
48941  22.596  -30.701  64.735 0.0000000000
47832  21.366  -31.882  72.472 0.0000000000
46856  21.884  -31.545  73.309 0.0000000000
46857  21.390  -32.130  73.274 0.0000000000
46842  21.180  -32.137  74.281 0.0000000000
46825  20.967  -32.177  74.748 0.0000000000
70600  55.477  -10.444  40.312 0.0000000000
71730  55.223  -9.665  41.257 0.0000000000
71710  54.904  -9.191  42.078 0.0000000000
69340  53.853  -10.542  46.586 0.0000000000
70473  54.530  -9.862  47.442 0.0000000000
69323  54.534  -10.277  47.821 0.0000000000
70452  54.956  -10.623  48.755 0.0000000000
64938  44.524  -14.818  44.603 0.0000000000
64929  45.041  -14.817  45.073 0.0000000000
59372  36.742  -19.710  55.761 0.0000000000
60455  37.240  -19.201  56.016 0.0000000000
60430  37.852  -19.288  57.076 0.0000000000
60404  38.481  -19.393  58.086 0.0000000000
49922  40.738  -29.266  63.180 0.0000000000
49921  41.285  -28.254  63.475 0.0000000000
50929  41.205  -27.837  64.003 0.0000000000
50913  41.826  -27.114  64.411 0.0000000000
69474  52.258  -10.753  37.786 0.0000000000
69472  54.505  -10.621  37.740 0.0000000000
69459  55.077  -11.188  38.601 0.0000000000
69443  55.516  -10.749  39.634 0.0000000000
78777  54.990  -2.413  32.875 0.0000000000
78776  55.488  -2.803  32.864 0.0000000000
78775  55.828  -3.020  32.984 0.0000000000
78766  55.639  -2.947  33.210 0.0000000000
77774  55.864  -3.379  33.434 0.0000000000
76772  55.572  -3.826  33.662 0.0000000000
48894  31.393  -31.229  67.403 0.0000000000
44870  17.381  -34.738  72.613 0.0000000000
44846  17.341  -34.549  73.557 0.0000000000
43759  14.758  -34.853  75.288 0.0000000000
44827  15.520  -34.461  75.424 0.0000000000
69437  49.390  -11.286  39.684 0.0000000000
70584  50.166  -11.172  40.746 0.0000000000
70585  49.503  -11.223  40.596 0.0000000000
71699  47.732  -10.374  42.416 0.0000000000
71698  48.644  -9.740  42.653 0.0000000000
71673  49.427  -9.415  43.502 0.0000000000
71672  49.753  -9.434  43.598 0.0000000000
70506  50.202  -10.064  44.444 0.0000000000
69360  50.454  -10.382  44.670 0.0000000000
69377  50.477  -10.987  44.707 0.0000000000
60557  46.910  -18.532  50.136 0.0000000000
60537  47.950  -19.157  51.079 0.0000000000
69450  49.186  -10.759  38.968 0.0000000000
38890  11.346  -39.762  69.979 0.0000000000
38874  10.978  -40.239  70.463 0.0000000000
37723  10.865  -40.406  71.615 0.0000000000
38861  10.685  -40.440  72.254 0.0000000000
61665  42.201  -17.914  46.324 0.0000000000
61664  42.878  -17.679  46.576 0.0000000000
60630  42.403  -18.090  46.734 0.0000000000
60616  42.679  -18.327  47.349 0.0000000000
59534  42.978  -19.044  48.430 0.0000000000
59406  43.590  -19.698  54.574 0.0000000000
49027  35.217  -29.434  59.792 0.0000000000
48005  35.432  -31.655  61.770 0.0000000000
48024  35.884  -31.184  61.266 0.0000000000
48004  36.353  -31.552  61.873 0.0000000000
48022  38.380  -30.898  61.990 0.0000000000
48002  38.504  -31.005  62.921 0.0000000000
47988  38.699  -30.997  63.770 0.0000000000
47876  38.999  -31.423  67.980 0.0000000000
48814  27.537  -30.340  70.407 0.0000000000
48816  25.794  -30.257  70.216 0.0000000000
47900  23.642  -30.622  68.099 0.0000000000
47884  22.225  -31.351  69.490 0.0000000000
46920  21.589  -31.673  69.644 0.0000000000
46921  21.070  -31.995  69.793 0.0000000000
46005  20.830  -33.137  64.132 0.0000000000
45024  18.592  -34.454  64.356 0.0000000000
45006  18.929  -35.190  65.145 0.0000000000
44967  19.987  -34.068  67.640 0.0000000000
44968  19.564  -34.606  68.028 0.0000000000
43836  19.051  -34.690  69.453 0.0000000000
42787  15.069  -36.691  68.313 0.0000000000
42769  15.021  -36.835  68.821 0.0000000000
41837  14.054  -37.141  67.283 0.0000000000
49951  26.449  -30.073  61.321 0.0000000000
49893  26.586  -30.229  66.568 0.0000000000
48899  26.965  -29.984  66.855 0.0000000000
49863  27.117  -30.301  67.406 0.0000000000
49848  27.368  -30.546  68.017 0.0000000000
49836  27.584  -30.579  68.785 0.0000000000
40822  12.302  -38.587  73.719 0.0000000000
40810  12.317  -38.678  74.313 0.0000000000
71680  57.340  -8.575  43.017 0.0000000000
70519  56.794  -9.706  43.542 0.0000000000
70520  56.278  -10.058  44.156 0.0000000000
72749  52.691  -8.704  43.221 0.0000000000
72748  53.717  -8.619  43.363 0.0000000000
73729  53.523  -7.753  43.916 0.0000000000
74777  53.926  -7.642  44.002 0.0000000000
73713  54.706  -7.464  44.500 0.0000000000
70471  55.692  -9.998  47.127 0.0000000000
68259  45.054  -11.607  43.216 0.0000000000
66004  47.653  -13.917  45.374 0.0000000000
67131  47.466  -13.303  44.575 0.0000000000
66003  48.736  -13.674  45.355 0.0000000000
66002  49.326  -13.366  45.399 0.0000000000
67128  49.852  -12.821  45.310 0.0000000000
65984  50.344  -13.549  46.139 0.0000000000
67091  51.419  -13.455  46.660 0.0000000000
61583  49.461  -17.570  50.452 0.0000000000
62646  49.532  -16.948  50.072 0.0000000000
62645  50.196  -16.544  50.076 0.0000000000
65922  54.114  -14.479  49.835 0.0000000000
58462  37.464  -20.865  52.034 0.0000000000
59457  38.816  -20.897  52.989 0.0000000000
60476  39.451  -19.629  55.827 0.0000000000
60475  40.470  -19.810  56.071 0.0000000000
60474  41.435  -20.027  56.025 0.0000000000
60473  42.524  -19.961  55.614 0.0000000000
60450  41.919  -19.602  56.708 0.0000000000
52115  41.212  -26.675  60.872 0.0000000000
53314  40.506  -25.448  59.899 0.0000000000
55379  40.634  -23.307  59.238 0.0000000000
54253  42.882  -25.266  66.852 0.0000000000
55308  42.477  -23.601  65.668 0.0000000000
57359  41.577  -21.660  63.373 0.0000000000
57367  41.417  -21.571  62.459 0.0000000000
58358  41.415  -20.803  62.218 0.0000000000
59331  40.374  -19.989  61.358 0.0000000000
59324  40.817  -19.951  61.906 0.0000000000
60347  41.434  -19.428  61.883 0.0000000000
61401  41.732  -19.134  61.865 0.0000000000
71789  52.472  -8.324  35.272 0.0000000000
74880  53.809  -5.766  33.682 0.0000000000
73844  54.600  -6.613  33.429 0.0000000000
74879  54.878  -5.635  33.484 0.0000000000
72847  55.132  -7.165  33.448 0.0000000000
71765  56.425  -8.815  37.894 0.0000000000
71764  56.935  -8.668  38.253 0.0000000000
72796  57.892  -8.513  38.130 0.0000000000
73790  58.403  -8.276  37.923 0.0000000000
73776  58.189  -8.505  38.326 0.0000000000
75815  56.118  -4.514  31.682 0.0000000000
74891  55.757  -5.407  31.365 0.0000000000
74870  58.089  -5.756  34.268 0.0000000000
48855  31.156  -30.648  68.692 0.0000000000
48831  31.248  -30.374  69.244 0.0000000000
47840  31.203  -30.956  71.026 0.0000000000
42705  14.597  -35.351  74.671 0.0000000000
71700  47.095  -10.382  41.966 0.0000000000
70545  47.089  -10.368  42.291 0.0000000000
69389  47.534  -10.519  43.324 0.0000000000
59450  45.975  -19.655  52.566 0.0000000000
59449  47.123  -19.759  52.393 0.0000000000
59424  47.425  -19.838  53.464 0.0000000000
60467  48.207  -19.629  56.078 0.0000000000
37735  9.827  -40.800  70.457 0.0000000000
36535  8.920  -42.264  73.302 0.0000000000
59519  40.434  -20.478  49.346 0.0000000000
59478  41.183  -20.781  51.677 0.0000000000
48996  34.040  -30.755  60.720 0.0000000000
48026  34.422  -31.258  61.090 0.0000000000
48027  33.535  -31.365  61.253 0.0000000000
48006  34.767  -31.705  61.555 0.0000000000
47006  36.702  -32.052  63.895 0.0000000000
49851  26.085  -30.479  67.630 0.0000000000
48860  25.453  -30.596  68.307 0.0000000000
49852  25.404  -30.535  67.583 0.0000000000
48883  23.811  -30.443  67.086 0.0000000000
48863  23.612  -30.561  67.707 0.0000000000
47918  23.011  -31.156  66.980 0.0000000000
46957  22.791  -31.653  66.850 0.0000000000
43935  17.519  -34.680  64.601 0.0000000000
43915  18.124  -34.878  65.489 0.0000000000
43895  17.508  -35.015  66.367 0.0000000000
43896  16.679  -35.286  66.042 0.0000000000
48978  26.228  -29.817  62.973 0.0000000000
49909  25.715  -30.242  65.207 0.0000000000
49910  25.200  -29.760  64.782 0.0000000000
49894  25.990  -30.182  66.098 0.0000000000
49880  26.316  -30.133  66.741 0.0000000000
72788  57.058  -8.677  39.632 0.0000000000
72764  56.546  -7.950  41.528 0.0000000000
72721  56.592  -8.014  43.604 0.0000000000
72710  53.191  -8.436  44.470 0.0000000000
73701  53.714  -8.078  44.411 0.0000000000
72709  54.125  -8.432  44.971 0.0000000000
72692  54.455  -8.606  45.736 0.0000000000
71634  54.478  -9.343  46.975 0.0000000000
71620  54.979  -9.628  47.814 0.0000000000
71632  55.234  -9.454  47.306 0.0000000000
67145  44.355  -13.170  43.563 0.0000000000
66015  45.644  -13.428  44.228 0.0000000000
65987  47.783  -14.292  45.945 0.0000000000
64909  48.614  -14.490  46.631 0.0000000000
64886  49.733  -14.628  47.361 0.0000000000
61553  52.044  -17.579  52.389 0.0000000000
61566  52.117  -17.439  51.990 0.0000000000
59435  36.369  -20.128  53.360 0.0000000000
59434  37.331  -20.028  53.619 0.0000000000
60477  38.566  -18.999  55.683 0.0000000000
61509  38.361  -18.826  56.245 0.0000000000
60453  39.029  -18.852  56.357 0.0000000000
49967  38.615  -28.389  59.726 0.0000000000
49947  39.766  -28.395  60.903 0.0000000000
50962  40.378  -27.578  60.714 0.0000000000
50961  41.059  -27.553  61.539 0.0000000000
54343  41.441  -24.559  62.365 0.0000000000
70642  50.888  -8.681  36.673 0.0000000000
70630  52.765  -10.325  37.100 0.0000000000
70640  52.439  -9.779  36.251 0.0000000000
70649  52.662  -9.156  35.532 0.0000000000
70646  54.916  -9.642  36.197 0.0000000000
71776  55.213  -9.324  36.628 0.0000000000
71766  55.602  -9.342  37.508 0.0000000000
70614  55.155  -10.486  38.091 0.0000000000
70627  55.484  -9.768  37.909 0.0000000000
71753  56.187  -9.293  38.248 0.0000000000
76798  53.813  -3.855  32.213 0.0000000000
75814  56.753  -4.624  32.158 0.0000000000
74889  57.190  -5.277  32.440 0.0000000000
74883  57.743  -5.695  32.945 0.0000000000
75803  57.908  -5.366  33.195 0.0000000000
75795  57.361  -4.644  33.575 0.0000000000
77784  56.424  -3.614  33.128 0.0000000000
76770  56.911  -4.017  33.638 0.0000000000
75786  57.793  -5.055  33.956 0.0000000000
75781  57.296  -4.863  34.378 0.0000000000
74865  57.349  -5.658  34.570 0.0000000000
73825  57.328  -6.385  34.968 0.0000000000
47932  32.976  -31.319  66.479 0.0000000000
48854  32.025  -30.594  68.561 0.0000000000
48853  32.703  -31.074  68.364 0.0000000000
48828  33.525  -31.313  68.812 0.0000000000
48852  33.446  -31.112  68.335 0.0000000000
48960  22.840  -30.593  63.205 0.0000000000
45908  19.897  -33.510  72.525 0.0000000000
45870  19.148  -33.275  74.518 0.0000000000
45851  18.680  -33.497  75.101 0.0000000000
44847  16.553  -34.531  74.147 0.0000000000
44816  15.895  -33.952  75.787 0.0000000000
44815  16.652  -33.872  75.540 0.0000000000
45840  17.014  -33.789  75.817 0.0000000000
68302  52.529  -11.641  40.900 0.0000000000
69416  53.803  -10.904  41.642 0.0000000000
68290  52.628  -11.349  41.412 0.0000000000
69417  52.691  -10.991  41.885 0.0000000000
70561  52.191  -10.264  42.457 0.0000000000
70543  50.942  -10.699  41.966 0.0000000000
72766  52.218  -9.011  42.810 0.0000000000
72750  51.754  -8.072  42.933 0.0000000000
73750  51.595  -7.737  43.356 0.0000000000
73717  51.500  -7.364  44.062 0.0000000000
70565  47.842  -10.877  40.988 0.0000000000
73718  51.202  -7.717  43.873 0.0000000000
72722  51.528  -7.750  44.237 0.0000000000
72711  52.143  -8.254  44.292 0.0000000000
71661  52.637  -9.068  44.560 0.0000000000
70503  53.081  -9.615  45.143 0.0000000000
70504  52.018  -10.071  44.827 0.0000000000
69325  53.499  -11.115  46.944 0.0000000000
62714  45.391  -16.916  46.775 0.0000000000
62713  46.500  -16.983  47.177 0.0000000000
61645  46.262  -17.389  47.808 0.0000000000
61626  47.156  -17.281  48.716 0.0000000000
62648  47.744  -17.244  49.447 0.0000000000
61586  47.071  -18.026  49.491 0.0000000000
61585  47.725  -17.813  49.809 0.0000000000
59448  48.346  -19.846  52.470 0.0000000000
60527  49.249  -19.438  52.220 0.0000000000
59446  50.043  -19.797  53.161 0.0000000000
60526  49.930  -19.329  52.546 0.0000000000
61555  50.836  -18.556  52.374 0.0000000000
61554  51.374  -18.224  52.662 0.0000000000
61542  52.111  -18.039  53.269 0.0000000000
57448  37.841  -21.282  56.981 0.0000000000
58410  38.283  -21.161  57.299 0.0000000000
50870  41.381  -27.935  66.877 0.0000000000
50884  41.140  -27.908  66.242 0.0000000000
50869  42.063  -27.577  66.811 0.0000000000
71768  50.238  -8.558  36.808 0.0000000000
69464  49.827  -10.778  38.242 0.0000000000
70615  51.178  -10.682  37.963 0.0000000000
69462  51.566  -11.099  38.532 0.0000000000
69447  51.941  -11.733  39.778 0.0000000000
78769  53.845  -2.305  33.406 0.0000000000
78758  53.975  -2.526  33.911 0.0000000000
39866  12.498  -38.955  71.866 0.0000000000
39867  12.084  -39.135  72.181 0.0000000000
39851  11.926  -39.154  72.727 0.0000000000
39840  12.024  -39.282  73.550 0.0000000000
39841  11.825  -39.796  73.808 0.0000000000
37724  10.279  -40.846  71.490 0.0000000000
38847  10.820  -40.666  72.934 0.0000000000
38839  11.390  -40.406  73.616 0.0000000000
38835  11.529  -40.089  74.682 0.0000000000
64939  43.845  -14.764  43.969 0.0000000000
63859  44.100  -15.300  44.520 0.0000000000
63851  44.446  -15.680  45.261 0.0000000000
62753  44.328  -16.188  45.821 0.0000000000
62768  43.251  -16.391  45.063 0.0000000000
62754  43.755  -16.417  45.637 0.0000000000
62737  44.499  -16.692  46.349 0.0000000000
62715  44.804  -17.250  46.763 0.0000000000
61647  44.919  -17.944  46.946 0.0000000000
60597  45.265  -18.093  48.390 0.0000000000
60598  44.718  -18.302  48.417 0.0000000000
60576  45.423  -18.312  49.082 0.0000000000
60600  42.494  -19.004  48.242 0.0000000000
59535  42.716  -19.121  48.602 0.0000000000
59498  43.149  -19.541  49.578 0.0000000000
60493  46.135  -18.919  54.500 0.0000000000
60514  45.371  -19.351  54.163 0.0000000000
60421  45.991  -18.156  57.312 0.0000000000
49029  33.670  -29.446  59.742 0.0000000000
49028  34.662  -29.432  59.770 0.0000000000
49013  35.931  -29.863  60.383 0.0000000000
48950  39.963  -30.019  62.798 0.0000000000
46993  33.670  -31.962  63.960 0.0000000000
46992  34.297  -31.920  64.309 0.0000000000
46975  34.757  -31.920  65.027 0.0000000000
46991  35.245  -31.988  64.370 0.0000000000
46990  36.132  -32.162  64.523 0.0000000000
46989  37.041  -31.940  64.751 0.0000000000
47929  36.654  -31.621  66.400 0.0000000000
47949  37.024  -31.740  65.520 0.0000000000
47971  37.506  -31.824  65.079 0.0000000000
46988  37.396  -31.747  64.484 0.0000000000
47947  38.580  -30.886  64.989 0.0000000000
47946  38.986  -30.412  65.215 0.0000000000
47926  39.478  -30.626  65.404 0.0000000000
49878  41.306  -28.928  65.918 0.0000000000
49877  41.381  -28.364  66.588 0.0000000000
47825  28.503  -31.406  71.794 0.0000000000
48798  26.884  -30.004  71.272 0.0000000000
48784  26.705  -30.273  71.961 0.0000000000
48778  25.426  -30.272  72.469 0.0000000000
48817  24.882  -30.419  70.040 0.0000000000
47830  22.524  -31.037  72.077 0.0000000000
47831  21.808  -31.487  72.099 0.0000000000
47849  21.691  -31.635  71.333 0.0000000000
46869  21.246  -31.921  71.809 0.0000000000
46882  20.610  -32.645  71.967 0.0000000000
47976  22.446  -30.685  64.337 0.0000000000
48923  22.635  -30.919  65.029 0.0000000000
47957  22.424  -31.235  65.427 0.0000000000
47936  22.322  -31.494  65.929 0.0000000000
46958  22.440  -31.962  66.373 0.0000000000
46006  20.032  -33.448  63.763 0.0000000000
45004  20.634  -33.556  65.116 0.0000000000
45003  21.162  -33.120  65.311 0.0000000000
45969  21.564  -32.467  68.040 0.0000000000
45957  20.998  -32.378  68.938 0.0000000000
45971  20.374  -33.660  68.272 0.0000000000
45949  20.509  -32.986  69.616 0.0000000000
45934  20.514  -33.219  70.528 0.0000000000
45918  20.463  -33.269  71.738 0.0000000000
44913  18.590  -34.603  70.314 0.0000000000
43817  16.301  -35.481  70.727 0.0000000000
43857  17.612  -36.161  67.710 0.0000000000
42805  16.111  -36.009  67.098 0.0000000000
42785  16.842  -36.363  68.084 0.0000000000
41800  14.930  -37.286  70.279 0.0000000000
40873  13.818  -37.967  69.989 0.0000000000
40874  13.020  -38.084  69.927 0.0000000000
39895  11.946  -39.222  69.680 0.0000000000
39896  10.932  -39.232  69.154 0.0000000000
49019  30.956  -30.471  60.049 0.0000000000
48044  31.176  -30.761  60.574 0.0000000000
48043  31.745  -30.865  60.728 0.0000000000
48010  31.190  -30.955  62.199 0.0000000000
48916  30.635  -31.319  65.965 0.0000000000
48878  29.776  -31.138  67.726 0.0000000000
48898  27.332  -30.514  66.702 0.0000000000
48897  28.099  -31.063  66.636 0.0000000000
48812  29.595  -30.393  70.249 0.0000000000
45890  20.395  -32.790  73.682 0.0000000000
45868  20.720  -32.536  74.367 0.0000000000
40834  13.459  -37.966  72.370 0.0000000000
40809  12.449  -37.973  74.137 0.0000000000
72742  57.522  -8.906  41.656 0.0000000000
71693  54.967  -8.548  42.587 0.0000000000
73747  54.087  -8.133  43.603 0.0000000000
73746  54.746  -7.860  43.336 0.0000000000
73745  55.335  -7.691  43.122 0.0000000000
74798  55.482  -6.905  43.644 0.0000000000
73711  56.073  -7.296  43.647 0.0000000000
72705  56.404  -8.376  44.299 0.0000000000
73700  54.334  -7.816  44.842 0.0000000000
73699  54.812  -7.589  45.067 0.0000000000
73698  55.395  -7.576  44.878 0.0000000000
72683  55.206  -8.971  46.303 0.0000000000
72689  55.564  -8.391  45.562 0.0000000000
73687  55.743  -7.896  45.092 0.0000000000
73686  55.984  -8.187  44.904 0.0000000000
71658  56.263  -8.881  44.605 0.0000000000
70547  45.181  -10.561  42.057 0.0000000000
70536  46.076  -10.663  42.667 0.0000000000
68249  45.789  -11.616  43.527 0.0000000000
68248  46.564  -11.779  43.714 0.0000000000
69380  47.967  -10.996  43.698 0.0000000000
68244  50.209  -11.323  44.575 0.0000000000
68228  51.288  -11.348  45.363 0.0000000000
68216  51.051  -12.456  45.524 0.0000000000
68215  51.778  -12.012  45.880 0.0000000000
68196  52.958  -12.151  46.860 0.0000000000
62712  47.018  -16.383  47.252 0.0000000000
63788  47.818  -16.018  47.822 0.0000000000
63787  48.398  -15.564  48.038 0.0000000000
64870  49.173  -14.915  47.994 0.0000000000
64869  49.925  -14.766  48.246 0.0000000000
63732  51.252  -16.403  50.670 0.0000000000
63747  51.771  -15.853  50.136 0.0000000000
63730  52.890  -15.885  50.991 0.0000000000
64858  50.874  -14.912  49.199 0.0000000000
64868  50.954  -14.567  48.414 0.0000000000
64867  51.472  -14.283  48.499 0.0000000000
65943  51.778  -13.855  48.114 0.0000000000
65942  52.766  -13.721  48.175 0.0000000000
65932  53.951  -13.791  49.272 0.0000000000
67066  53.389  -13.420  48.250 0.0000000000
67065  53.954  -13.149  48.495 0.0000000000
68168  54.297  -12.186  48.667 0.0000000000
68167  54.787  -12.276  49.109 0.0000000000
58476  40.655  -21.010  51.019 0.0000000000
59433  38.318  -20.214  53.634 0.0000000000
59410  39.550  -20.257  54.828 0.0000000000
59455  40.814  -20.893  52.825 0.0000000000
60472  43.507  -19.539  55.505 0.0000000000
60447  44.827  -18.762  56.313 0.0000000000
60422  45.057  -18.310  57.168 0.0000000000
56495  38.888  -22.664  56.855 0.0000000000
55396  39.816  -23.053  58.015 0.0000000000
56475  38.964  -22.372  57.412 0.0000000000
57438  38.964  -22.013  57.804 0.0000000000
58400  38.766  -21.443  57.833 0.0000000000
52056  41.548  -27.605  65.810 0.0000000000
52085  42.280  -26.528  64.209 0.0000000000
53236  42.547  -25.797  65.449 0.0000000000
53250  42.407  -25.704  64.639 0.0000000000
54342  41.816  -24.994  62.834 0.0000000000
56383  41.653  -22.599  65.097 0.0000000000
55321  41.688  -22.883  64.715 0.0000000000
55355  41.432  -23.328  60.992 0.0000000000
55356  41.306  -22.862  60.684 0.0000000000
56405  41.152  -21.883  61.284 0.0000000000
57411  40.047  -21.816  59.448 0.0000000000
58389  39.689  -21.470  59.182 0.0000000000
58391  38.908  -20.310  58.749 0.0000000000
59349  38.968  -20.069  58.860 0.0000000000
60386  39.008  -19.842  58.780 0.0000000000
60359  40.156  -19.509  61.035 0.0000000000
61434  40.126  -19.544  60.031 0.0000000000
60370  40.173  -19.493  59.451 0.0000000000
61455  40.564  -19.131  59.617 0.0000000000
60383  40.655  -19.013  58.970 0.0000000000
61477  41.306  -19.020  59.069 0.0000000000
60325  42.126  -19.158  63.576 0.0000000000
61389  41.849  -18.696  62.576 0.0000000000
61400  42.285  -18.505  62.223 0.0000000000
61414  42.185  -19.097  61.359 0.0000000000
61453  41.910  -19.132  59.664 0.0000000000
60382  41.949  -19.095  59.107 0.0000000000
60381  42.453  -19.028  59.092 0.0000000000
60380  43.347  -18.912  59.046 0.0000000000
60379  44.278  -18.796  58.958 0.0000000000
61450  44.664  -18.244  59.608 0.0000000000
77765  53.764  -2.679  34.461 0.0000000000
77763  54.794  -3.066  33.922 0.0000000000
76761  54.858  -3.365  33.744 0.0000000000
74878  55.822  -5.506  33.745 0.0000000000
75789  56.309  -5.073  34.147 0.0000000000
71795  55.359  -8.412  34.756 0.0000000000
72831  55.890  -8.314  35.258 0.0000000000
72818  57.646  -7.642  35.863 0.0000000000
73814  58.048  -7.791  36.115 0.0000000000
73803  58.635  -8.069  37.003 0.0000000000
37733  11.197  -40.342  71.110 0.0000000000
38840  11.051  -40.896  73.303 0.0000000000
38872  12.328  -39.372  71.397 0.0000000000
39827  12.297  -38.971  75.356 0.0000000000
40820  13.216  -38.000  73.090 0.0000000000
41735  13.351  -36.976  76.443 0.0000000000
41810  15.364  -36.946  69.541 0.0000000000
42693  13.569  -35.945  76.099 0.0000000000
43814  18.650  -34.697  69.871 0.0000000000
43893  19.400  -34.949  66.523 0.0000000000
44844  18.965  -33.559  73.556 0.0000000000
44889  20.153  -33.803  71.545 0.0000000000
44950  19.765  -34.459  68.422 0.0000000000
45919  20.129  -33.754  72.084 0.0000000000
45933  20.859  -32.835  71.019 0.0000000000
46824  21.333  -31.882  74.884 0.0000000000
46935  21.359  -31.895  69.239 0.0000000000
46955  39.307  -30.763  65.458 0.0000000000
46970  39.102  -30.668  65.377 0.0000000000
46971  38.912  -30.832  65.319 0.0000000000
47816  21.655  -31.533  72.817 0.0000000000
47826  27.407  -30.093  71.475 0.0000000000
47827  27.191  -30.201  71.627 0.0000000000
47844  27.221  -29.987  71.372 0.0000000000
47845  26.974  -30.130  71.530 0.0000000000
47917  31.856  -31.240  67.456 0.0000000000
47993  22.313  -30.773  63.752 0.0000000000
48915  38.873  -30.209  64.991 0.0000000000
49865  26.571  -30.081  67.141 0.0000000000
49906  40.924  -28.063  64.083 0.0000000000
49920  41.635  -27.745  63.263 0.0000000000
50883  41.713  -27.714  66.547 0.0000000000
50915  40.583  -28.267  64.882 0.0000000000
50928  41.762  -27.436  63.805 0.0000000000
51007  37.377  -28.245  58.754 0.0000000000
52070  42.253  -26.233  64.595 0.0000000000
52072  41.588  -27.406  65.327 0.0000000000
52084  42.350  -26.233  64.382 0.0000000000
53249  42.362  -26.029  64.522 0.0000000000
53262  42.472  -26.031  64.300 0.0000000000
54331  41.623  -24.428  63.085 0.0000000000
55366  41.270  -23.716  60.436 0.0000000000
56413  41.327  -22.692  61.023 0.0000000000
56445  39.630  -22.488  58.544 0.0000000000
57446  38.609  -21.888  57.423 0.0000000000
57447  38.159  -21.710  56.992 0.0000000000
57456  38.094  -21.776  56.512 0.0000000000
58324  42.042  -20.744  64.615 0.0000000000
58342  41.115  -20.295  62.478 0.0000000000
58380  39.217  -20.165  58.912 0.0000000000
58497  40.742  -20.870  50.575 0.0000000000
59301  41.625  -20.027  63.462 0.0000000000
59340  39.707  -20.050  59.852 0.0000000000
59362  37.829  -19.898  57.312 0.0000000000
59384  44.142  -19.565  55.002 0.0000000000
59447  49.315  -19.973  52.882 0.0000000000
59516  43.076  -19.278  48.740 0.0000000000
60336  41.772  -18.713  62.960 0.0000000000
60360  39.934  -19.686  60.311 0.0000000000
60372  39.311  -20.044  58.939 0.0000000000
60489  52.209  -18.427  54.250 0.0000000000
60497  42.782  -19.946  55.151 0.0000000000
60512  50.887  -18.945  53.930 0.0000000000
60513  45.701  -19.226  54.082 0.0000000000
60555  48.486  -18.643  50.806 0.0000000000
60579  42.081  -18.998  48.700 0.0000000000
60618  40.963  -19.068  47.198 0.0000000000
61417  40.197  -19.357  60.568 0.0000000000
61476  41.691  -19.080  59.104 0.0000000000
61495  38.515  -18.641  56.734 0.0000000000
61510  38.100  -18.705  56.396 0.0000000000
61522  38.158  -18.888  55.953 0.0000000000
61523  38.023  -18.786  56.141 0.0000000000
61532  52.482  -18.222  54.122 0.0000000000
61602  47.354  -17.518  49.249 0.0000000000
61629  45.158  -17.981  47.825 0.0000000000
61648  43.958  -17.810  47.420 0.0000000000
61649  43.320  -17.867  47.139 0.0000000000
61679  42.512  -17.458  46.093 0.0000000000
63746  52.469  -15.692  50.423 0.0000000000
63767  49.618  -15.677  49.240 0.0000000000
63809  48.195  -15.203  47.432 0.0000000000
63832  47.251  -15.196  46.574 0.0000000000
64912  46.326  -15.034  46.057 0.0000000000
65934  52.316  -14.052  48.673 0.0000000000
67074  53.636  -12.959  48.063 0.0000000000
67112  50.252  -13.208  45.793 0.0000000000
67127  50.569  -12.701  45.495 0.0000000000
68289  53.163  -11.389  41.328 0.0000000000
68312  52.346  -11.734  40.331 0.0000000000
69399  51.149  -10.796  41.889 0.0000000000
69400  50.981  -10.830  41.718 0.0000000000
69431  54.576  -11.038  41.177 0.0000000000
69432  53.887  -11.368  41.118 0.0000000000
69433  52.191  -11.280  41.436 0.0000000000
69444  55.011  -10.911  39.934 0.0000000000
69445  54.260  -11.430  39.330 0.0000000000
69479  53.586  -10.481  37.068 0.0000000000
70472  55.494  -9.868  47.437 0.0000000000
70474  54.259  -9.871  46.784 0.0000000000
70483  55.774  -9.855  46.967 0.0000000000
70484  55.908  -9.830  47.213 0.0000000000
70532  50.305  -9.052  43.714 0.0000000000
70533  50.165  -9.290  43.730 0.0000000000
70544  50.737  -10.770  41.705 0.0000000000
70582  55.706  -9.936  40.608 0.0000000000
70637  54.952  -9.631  36.544 0.0000000000
71619  55.111  -9.601  48.022 0.0000000000
71630  55.648  -9.466  45.940 0.0000000000
71633  54.776  -9.323  47.215 0.0000000000
71643  55.595  -9.688  47.016 0.0000000000
71644  55.574  -9.797  47.214 0.0000000000
71681  53.943  -9.105  43.051 0.0000000000
71692  55.281  -8.358  42.481 0.0000000000
71695  53.457  -9.145  43.037 0.0000000000
71707  57.260  -8.952  40.865 0.0000000000
71708  57.145  -8.875  40.820 0.0000000000
71713  51.779  -9.416  42.637 0.0000000000
71727  56.954  -8.991  40.356 0.0000000000
71739  57.194  -9.109  39.984 0.0000000000
71751  56.921  -8.618  38.571 0.0000000000
71777  55.100  -9.494  37.077 0.0000000000
71803  54.589  -7.954  34.024 0.0000000000
72706  55.389  -7.925  45.528 0.0000000000
72723  50.895  -7.720  44.201 0.0000000000
72732  53.838  -8.920  43.156 0.0000000000
72733  53.482  -8.909  43.203 0.0000000000
72747  54.543  -8.350  43.131 0.0000000000
72838  56.054  -7.073  34.348 0.0000000000
72849  53.857  -7.760  33.837 0.0000000000
73703  52.047  -7.812  43.929 0.0000000000
73712  55.098  -7.400  44.576 0.0000000000
73726  55.894  -7.310  43.145 0.0000000000
73730  52.763  -7.654  43.901 0.0000000000
73731  51.914  -7.654  43.837 0.0000000000
73732  51.203  -7.446  43.656 0.0000000000
73743  55.730  -7.115  43.524 0.0000000000
73744  55.730  -7.423  43.161 0.0000000000
73748  53.154  -8.191  43.749 0.0000000000
74778  53.152  -7.351  44.064 0.0000000000
74784  55.909  -6.988  43.698 0.0000000000
74785  55.995  -7.217  43.777 0.0000000000
74786  54.979  -7.235  43.810 0.0000000000
74787  54.399  -7.474  43.911 0.0000000000
74788  53.697  -7.583  44.022 0.0000000000
74789  53.188  -7.413  43.911 0.0000000000
74797  55.810  -6.772  43.627 0.0000000000
74872  56.160  -5.201  33.993 0.0000000000
74877  56.152  -5.895  33.925 0.0000000000
74882  58.094  -5.814  33.502 0.0000000000
75780  57.541  -4.944  34.167 0.0000000000
75782  57.047  -5.081  34.624 0.0000000000
75787  57.378  -4.546  34.025 0.0000000000
75794  57.976  -5.286  33.611 0.0000000000
75796  56.515  -4.491  34.119 0.0000000000
76754  57.069  -4.499  34.512 0.0000000000
77798  56.364  -3.559  32.855 0.0000000000
77799  56.091  -3.437  32.548 0.0000000000
78774  56.095  -3.244  33.062 0.0000000000
78790  56.032  -3.255  32.835 0.0000000000
