#!ascii label  , from subject 4004 vox2ras=TkReg
1052
50940  16.569  -32.740  61.001 0.0000000000
48876  10.428  -36.056  46.634 0.0000000000
44867  10.617  -39.436  58.782 0.0000000000
52082  9.714  -31.933  57.998 0.0000000000
57803  11.829  -27.437  55.569 0.0000000000
47616  13.130  -36.193  62.249 0.0000000000
50901  10.831  -33.167  63.339 0.0000000000
49771  19.881  -34.645  61.495 0.0000000000
47635  15.933  -36.888  59.245 0.0000000000
43879  12.529  -40.453  57.568 0.0000000000
58865  8.130  -25.958  61.835 0.0000000000
55364  9.224  -29.502  56.132 0.0000000000
62083  10.416  -23.095  59.562 0.0000000000
44902  9.736  -39.830  54.516 0.0000000000
47662  11.571  -37.040  54.068 0.0000000000
48712  10.584  -34.802  59.361 0.0000000000
55287  8.743  -29.520  63.373 0.0000000000
52118  10.949  -32.672  51.700 0.0000000000
55485  9.076  -29.923  50.166 0.0000000000
54283  12.035  -30.204  50.114 0.0000000000
62140  13.105  -23.595  53.275 0.0000000000
49776  14.105  -34.336  61.869 0.0000000000
52013  13.045  -32.776  61.949 0.0000000000
52024  18.198  -32.774  61.623 0.0000000000
47627  17.476  -35.657  60.564 0.0000000000
49774  16.427  -34.484  62.172 0.0000000000
46617  14.733  -37.130  60.907 0.0000000000
129213  8.694  -24.523  60.897 0.0000000000
44892  10.236  -39.837  56.064 0.0000000000
46647  10.198  -38.170  56.088 0.0000000000
46631  9.516  -37.705  59.197 0.0000000000
55281  11.303  -29.761  63.698 0.0000000000
52005  9.476  -32.333  63.260 0.0000000000
42746  11.109  -41.936  59.618 0.0000000000
42788  11.340  -41.538  56.588 0.0000000000
42774  10.392  -41.121  57.098 0.0000000000
42805  9.700  -41.488  55.096 0.0000000000
49839  11.113  -34.227  56.006 0.0000000000
49870  11.760  -34.437  53.424 0.0000000000
51019  10.106  -32.697  55.161 0.0000000000
55362  11.079  -28.975  55.954 0.0000000000
55426  8.702  -29.629  53.661 0.0000000000
56668  9.712  -28.360  52.587 0.0000000000
55484  10.041  -29.477  49.856 0.0000000000
56646  12.228  -28.452  53.583 0.0000000000
45753  12.122  -38.454  60.243 0.0000000000
47626  10.979  -36.197  61.609 0.0000000000
48682  11.781  -35.420  62.385 0.0000000000
53029  12.151  -31.828  62.725 0.0000000000
49798  21.506  -35.185  59.696 0.0000000000
50984  20.313  -33.707  57.344 0.0000000000
48721  19.390  -35.043  59.064 0.0000000000
48724  16.819  -35.846  57.828 0.0000000000
45762  13.667  -38.984  58.349 0.0000000000
44857  12.969  -39.143  60.178 0.0000000000
55312  8.964  -29.652  59.499 0.0000000000
54189  9.217  -30.811  57.092 0.0000000000
57755  9.021  -27.308  59.154 0.0000000000
58898  10.151  -26.704  58.210 0.0000000000
59986  11.015  -25.253  57.508 0.0000000000
53066  18.181  -31.803  59.169 0.0000000000
49824  25.376  -35.074  57.546 0.0000000000
50950  25.711  -33.320  59.569 0.0000000000
53023  22.791  -32.638  61.958 0.0000000000
52036  20.190  -32.609  60.839 0.0000000000
43958  9.086  -41.158  51.772 0.0000000000
44944  10.030  -39.343  51.008 0.0000000000
45814  9.951  -38.470  53.884 0.0000000000
47651  11.176  -37.237  56.033 0.0000000000
50972  9.850  -33.337  58.584 0.0000000000
49779  10.322  -34.763  61.339 0.0000000000
52044  8.890  -32.898  60.978 0.0000000000
54102  9.495  -31.165  60.334 0.0000000000
57736  7.966  -27.699  63.008 0.0000000000
46739  11.141  -37.956  50.225 0.0000000000
48844  12.595  -36.297  49.629 0.0000000000
49961  10.653  -34.228  49.186 0.0000000000
54236  9.050  -30.992  54.384 0.0000000000
53151  9.635  -31.069  51.652 0.0000000000
52157  9.196  -32.824  48.880 0.0000000000
52208  8.998  -31.653  47.247 0.0000000000
53212  11.219  -31.349  46.910 0.0000000000
64237  9.405  -21.606  57.423 0.0000000000
62121  11.354  -23.099  55.843 0.0000000000
63211  11.013  -21.947  54.145 0.0000000000
60036  12.967  -25.742  54.324 0.0000000000
58969  13.841  -27.158  52.972 0.0000000000
50928  14.724  -33.484  61.512 0.0000000000
50942  14.189  -33.008  60.827 0.0000000000
52040  15.062  -32.615  59.915 0.0000000000
52039  17.036  -32.675  61.439 0.0000000000
49759  17.138  -34.102  62.252 0.0000000000
50912  16.138  -33.365  62.224 0.0000000000
49775  15.414  -34.014  62.140 0.0000000000
46853  9.832  -37.092  45.478 0.0000000000
47808  9.807  -36.247  45.543 0.0000000000
44873  10.366  -39.372  57.912 0.0000000000
45769  9.677  -38.127  58.363 0.0000000000
45759  10.198  -38.362  59.218 0.0000000000
51003  22.156  -33.257  55.357 0.0000000000
43844  10.021  -40.832  59.873 0.0000000000
41606  10.624  -42.081  58.566 0.0000000000
42759  10.323  -40.951  58.756 0.0000000000
43880  10.209  -40.319  57.483 0.0000000000
50999  10.592  -33.226  56.939 0.0000000000
51007  10.785  -33.538  55.400 0.0000000000
52091  10.042  -32.515  56.494 0.0000000000
56613  11.329  -28.301  55.382 0.0000000000
56636  9.862  -28.809  53.740 0.0000000000
56634  11.554  -28.257  54.443 0.0000000000
56647  10.900  -28.676  53.386 0.0000000000
56633  12.284  -28.063  54.273 0.0000000000
46624  12.312  -38.005  61.003 0.0000000000
47625  11.809  -36.673  61.494 0.0000000000
47617  12.245  -36.178  62.208 0.0000000000
52014  12.618  -32.670  62.585 0.0000000000
55293  11.671  -29.936  62.002 0.0000000000
48699  20.800  -35.073  60.600 0.0000000000
49799  20.670  -34.678  59.552 0.0000000000
48700  20.011  -35.328  60.553 0.0000000000
47634  16.638  -36.424  59.613 0.0000000000
47637  17.315  -36.178  59.182 0.0000000000
47639  15.764  -36.802  58.266 0.0000000000
46633  14.606  -37.778  58.349 0.0000000000
47623  13.753  -36.438  61.781 0.0000000000
45752  13.436  -38.739  59.917 0.0000000000
46619  13.024  -37.571  61.173 0.0000000000
44858  12.547  -39.068  60.010 0.0000000000
57743  8.130  -27.498  61.235 0.0000000000
56549  8.501  -28.339  60.158 0.0000000000
57747  8.392  -27.160  60.338 0.0000000000
60977  9.405  -24.160  59.693 0.0000000000
129222  9.083  -25.089  59.132 0.0000000000
60989  9.733  -24.426  58.964 0.0000000000
59966  10.319  -25.573  58.177 0.0000000000
61000  10.612  -24.403  57.954 0.0000000000
50935  23.802  -33.309  61.063 0.0000000000
43950  8.601  -40.966  52.870 0.0000000000
45826  9.506  -39.475  52.882 0.0000000000
45815  9.553  -39.166  53.703 0.0000000000
46639  10.306  -37.550  57.937 0.0000000000
46653  10.499  -37.823  55.664 0.0000000000
47643  10.785  -36.210  57.871 0.0000000000
48735  10.567  -35.037  57.422 0.0000000000
49819  10.155  -34.090  58.743 0.0000000000
48683  10.760  -35.448  62.340 0.0000000000
48694  10.325  -35.493  61.685 0.0000000000
49767  10.080  -34.092  62.086 0.0000000000
53022  8.759  -31.252  63.163 0.0000000000
52016  9.133  -32.239  62.496 0.0000000000
53031  9.113  -31.779  62.115 0.0000000000
53040  8.888  -32.049  60.875 0.0000000000
54096  8.772  -30.960  61.861 0.0000000000
55294  8.391  -29.775  62.040 0.0000000000
56532  8.534  -28.536  62.888 0.0000000000
49837  19.277  -34.253  56.734 0.0000000000
51005  20.073  -34.070  55.673 0.0000000000
44881  12.830  -40.013  56.801 0.0000000000
43924  12.703  -40.730  54.539 0.0000000000
43891  12.390  -40.470  56.478 0.0000000000
41647  10.485  -42.645  54.636 0.0000000000
41646  11.113  -42.723  54.257 0.0000000000
43925  9.535  -40.817  54.392 0.0000000000
43940  9.198  -41.095  53.629 0.0000000000
46695  10.539  -37.953  52.357 0.0000000000
45842  10.908  -38.310  51.270 0.0000000000
46694  11.096  -37.435  51.929 0.0000000000
51042  11.521  -33.192  52.264 0.0000000000
48818  12.516  -35.724  51.086 0.0000000000
49937  12.066  -34.141  50.492 0.0000000000
49960  11.634  -34.435  49.364 0.0000000000
52141  11.042  -33.139  50.467 0.0000000000
54190  9.404  -30.340  56.673 0.0000000000
53128  8.831  -31.274  55.656 0.0000000000
54213  7.801  -30.503  55.376 0.0000000000
55445  7.864  -29.116  51.945 0.0000000000
54252  9.306  -30.326  52.474 0.0000000000
53152  9.045  -31.033  50.657 0.0000000000
52143  9.524  -32.397  50.139 0.0000000000
53167  8.707  -31.580  49.440 0.0000000000
52187  9.212  -32.235  47.879 0.0000000000
55508  8.872  -30.966  49.025 0.0000000000
55482  11.256  -29.737  50.239 0.0000000000
129112  10.226  -30.050  48.401 0.0000000000
54312  11.317  -30.162  48.488 0.0000000000
65370  9.050  -20.690  56.192 0.0000000000
63174  9.716  -22.238  56.589 0.0000000000
64272  9.684  -21.585  55.587 0.0000000000
63216  12.037  -22.015  53.161 0.0000000000
63209  12.178  -22.644  53.299 0.0000000000
62134  11.836  -23.235  54.204 0.0000000000
61049  12.835  -24.343  53.922 0.0000000000
58962  13.659  -26.544  53.475 0.0000000000
60045  13.849  -25.484  52.820 0.0000000000
48680  13.661  -35.645  62.190 0.0000000000
49763  13.349  -34.715  62.246 0.0000000000
49777  13.454  -34.083  61.839 0.0000000000
49772  18.840  -34.570  61.793 0.0000000000
48687  19.348  -35.227  61.233 0.0000000000
48688  17.988  -35.333  61.195 0.0000000000
47620  17.098  -35.557  60.936 0.0000000000
47629  15.711  -36.727  60.312 0.0000000000
46621  15.362  -37.139  60.213 0.0000000000
47622  15.092  -36.672  61.261 0.0000000000
48691  14.414  -35.410  61.918 0.0000000000
129202  7.781  -24.530  62.388 0.0000000000
129201  8.648  -25.476  60.699 0.0000000000
129203  8.018  -23.208  61.532 0.0000000000
62067  8.391  -22.645  60.814 0.0000000000
64203  8.996  -21.945  60.391 0.0000000000
44893  10.071  -39.505  55.551 0.0000000000
45789  9.979  -38.723  55.470 0.0000000000
44882  10.319  -39.279  56.609 0.0000000000
46640  9.424  -38.022  58.379 0.0000000000
46634  10.192  -37.205  58.785 0.0000000000
53019  11.046  -31.730  63.429 0.0000000000
52004  10.281  -32.491  63.557 0.0000000000
54084  10.535  -30.925  64.330 0.0000000000
54079  10.281  -30.604  65.243 0.0000000000
55280  9.313  -29.787  64.622 0.0000000000
57725  8.802  -27.670  64.347 0.0000000000
42772  11.862  -41.230  58.142 0.0000000000
42787  11.820  -41.042  57.082 0.0000000000
42773  11.325  -41.755  57.628 0.0000000000
41617  10.985  -41.985  57.106 0.0000000000
41636  10.363  -41.857  55.491 0.0000000000
41648  9.844  -42.500  54.731 0.0000000000
42804  9.916  -41.517  55.553 0.0000000000
43893  9.720  -40.912  55.996 0.0000000000
48758  11.478  -35.845  54.640 0.0000000000
48778  11.773  -35.771  53.329 0.0000000000
49857  11.445  -34.280  54.451 0.0000000000
51017  11.089  -33.127  54.469 0.0000000000
52107  10.538  -32.621  53.370 0.0000000000
55363  10.018  -28.927  55.857 0.0000000000
55392  8.121  -29.808  54.966 0.0000000000
55412  9.393  -29.311  54.098 0.0000000000
57834  8.666  -28.238  52.503 0.0000000000
57849  8.531  -27.796  51.644 0.0000000000
56736  9.424  -29.678  49.837 0.0000000000
56691  9.599  -28.264  51.188 0.0000000000
55463  10.608  -28.842  51.562 0.0000000000
55461  12.282  -29.289  51.425 0.0000000000
63214  13.243  -22.697  52.448 0.0000000000
61052  14.037  -24.405  52.506 0.0000000000
62150  14.351  -23.567  51.946 0.0000000000
44863  11.230  -39.268  59.663 0.0000000000
45755  10.783  -37.841  59.631 0.0000000000
47631  11.321  -36.789  60.891 0.0000000000
47618  11.435  -36.071  62.138 0.0000000000
49765  11.406  -34.489  62.564 0.0000000000
49764  12.366  -34.568  62.370 0.0000000000
50914  12.052  -33.589  62.704 0.0000000000
52015  11.662  -32.570  63.032 0.0000000000
54082  11.831  -30.823  63.050 0.0000000000
50966  22.381  -34.313  59.178 0.0000000000
50983  21.256  -33.649  57.592 0.0000000000
50955  20.873  -33.908  59.172 0.0000000000
48710  18.815  -35.298  59.578 0.0000000000
48723  17.469  -35.558  58.440 0.0000000000
48739  17.439  -35.426  56.546 0.0000000000
45767  13.788  -38.921  57.433 0.0000000000
44871  13.270  -39.597  57.810 0.0000000000
46629  13.926  -38.362  59.536 0.0000000000
45757  13.596  -38.998  59.230 0.0000000000
44866  12.598  -40.085  58.911 0.0000000000
42745  11.830  -41.118  60.069 0.0000000000
43842  11.292  -40.290  60.332 0.0000000000
54119  9.223  -30.856  59.341 0.0000000000
53119  9.351  -31.261  57.358 0.0000000000
55311  9.346  -30.185  58.841 0.0000000000
55327  9.223  -29.489  58.429 0.0000000000
57779  9.138  -28.450  57.677 0.0000000000
58880  8.471  -26.276  59.993 0.0000000000
57754  9.784  -27.162  58.651 0.0000000000
57778  9.505  -28.133  57.603 0.0000000000
57777  10.318  -27.525  57.416 0.0000000000
57776  10.961  -26.996  57.171 0.0000000000
58926  12.023  -26.142  56.404 0.0000000000
50956  16.826  -32.596  60.271 0.0000000000
49825  24.650  -34.852  57.872 0.0000000000
49782  27.625  -33.978  60.058 0.0000000000
50949  26.594  -33.441  60.047 0.0000000000
49808  26.493  -33.934  58.794 0.0000000000
48717  25.677  -35.482  58.228 0.0000000000
49810  24.689  -34.846  58.605 0.0000000000
49811  23.410  -34.739  58.881 0.0000000000
49785  22.068  -33.955  60.992 0.0000000000
50907  21.262  -33.438  62.199 0.0000000000
52021  21.568  -32.064  61.625 0.0000000000
52011  20.375  -32.562  62.156 0.0000000000
52023  19.418  -32.705  61.744 0.0000000000
52038  17.604  -32.379  60.998 0.0000000000
45825  10.044  -38.726  52.832 0.0000000000
46680  10.313  -37.908  53.298 0.0000000000
46666  10.035  -38.416  55.043 0.0000000000
46665  10.368  -37.952  54.512 0.0000000000
48759  11.332  -36.671  55.427 0.0000000000
48742  10.973  -35.307  56.481 0.0000000000
49840  10.862  -34.241  56.812 0.0000000000
52081  9.768  -32.803  58.256 0.0000000000
46630  10.446  -37.169  59.538 0.0000000000
47636  10.392  -36.071  59.914 0.0000000000
48713  10.517  -35.075  59.589 0.0000000000
50917  9.408  -33.201  62.305 0.0000000000
49780  9.752  -33.916  61.257 0.0000000000
49804  10.069  -34.383  59.543 0.0000000000
50960  9.716  -33.093  59.809 0.0000000000
52063  9.719  -32.693  59.862 0.0000000000
53073  9.486  -31.991  59.700 0.0000000000
54120  8.918  -30.360  60.130 0.0000000000
56541  8.083  -28.497  61.599 0.0000000000
57737  7.601  -27.136  62.618 0.0000000000
57726  8.480  -26.949  63.955 0.0000000000
58859  8.033  -26.256  63.337 0.0000000000
129183  7.813  -25.480  63.243 0.0000000000
43939  12.796  -40.700  53.839 0.0000000000
42816  11.480  -41.813  54.571 0.0000000000
48819  12.010  -36.064  51.753 0.0000000000
47718  12.445  -36.832  50.307 0.0000000000
48868  10.641  -35.750  47.371 0.0000000000
52089  9.544  -31.396  55.992 0.0000000000
53131  9.120  -31.748  55.061 0.0000000000
52120  9.650  -32.191  52.607 0.0000000000
54237  8.735  -30.414  54.102 0.0000000000
53142  9.279  -31.339  53.132 0.0000000000
52130  10.369  -32.529  51.174 0.0000000000
51081  9.995  -33.086  50.089 0.0000000000
49981  10.110  -34.205  48.805 0.0000000000
49995  9.848  -34.663  47.749 0.0000000000
50005  9.580  -34.423  46.600 0.0000000000
129116  9.082  -30.264  47.318 0.0000000000
54359  9.772  -30.143  45.973 0.0000000000
65332  9.169  -20.958  59.068 0.0000000000
65344  8.671  -20.457  58.212 0.0000000000
64222  9.533  -21.762  58.505 0.0000000000
62106  9.464  -23.101  57.173 0.0000000000
62110  11.197  -23.568  56.804 0.0000000000
60026  12.381  -25.349  55.841 0.0000000000
63188  11.011  -22.557  55.250 0.0000000000
61027  12.301  -24.585  55.364 0.0000000000
58955  12.720  -26.378  54.908 0.0000000000
57814  13.378  -27.090  54.168 0.0000000000
56645  13.242  -28.607  53.117 0.0000000000
56711  12.918  -29.003  50.982 0.0000000000
56686  14.223  -28.267  51.024 0.0000000000
50927  15.735  -33.002  61.863 0.0000000000
50941  15.367  -33.123  60.588 0.0000000000
50926  16.678  -33.014  61.853 0.0000000000
46835  10.348  -37.073  45.932 0.0000000000
47788  10.153  -36.440  46.119 0.0000000000
49834  23.213  -33.845  56.699 0.0000000000
50993  22.827  -33.535  56.110 0.0000000000
49835  22.700  -33.578  56.667 0.0000000000
43855  10.649  -40.439  59.310 0.0000000000
42748  10.161  -41.173  59.117 0.0000000000
43866  10.443  -40.390  58.508 0.0000000000
52087  9.925  -32.640  57.383 0.0000000000
56614  11.675  -28.318  55.235 0.0000000000
57816  11.948  -27.859  54.981 0.0000000000
47624  12.716  -36.712  61.675 0.0000000000
49770  20.495  -34.841  61.187 0.0000000000
48685  20.508  -35.115  60.987 0.0000000000
48686  20.214  -35.177  61.100 0.0000000000
46632  15.357  -37.430  58.809 0.0000000000
45751  12.709  -38.456  60.662 0.0000000000
58873  7.870  -26.503  61.804 0.0000000000
58872  8.214  -26.383  61.343 0.0000000000
63139  9.823  -22.622  60.116 0.0000000000
60976  10.141  -23.760  59.432 0.0000000000
60988  10.372  -23.981  58.895 0.0000000000
62097  10.736  -23.008  58.711 0.0000000000
44915  9.380  -40.194  53.466 0.0000000000
48726  10.729  -35.033  58.515 0.0000000000
49766  10.572  -34.359  62.486 0.0000000000
48684  10.005  -35.041  62.271 0.0000000000
50916  10.270  -33.533  62.724 0.0000000000
54086  9.115  -30.458  63.923 0.0000000000
54090  8.458  -30.614  62.885 0.0000000000
53042  8.945  -31.428  62.005 0.0000000000
40577  10.557  -43.360  54.156 0.0000000000
46664  10.968  -37.449  53.540 0.0000000000
46679  10.925  -37.351  52.727 0.0000000000
49913  12.138  -34.326  51.355 0.0000000000
51058  11.594  -33.685  51.139 0.0000000000
52129  11.076  -32.877  51.146 0.0000000000
54191  8.135  -30.205  55.936 0.0000000000
54192  7.782  -29.985  55.575 0.0000000000
55465  8.723  -29.313  51.424 0.0000000000
54269  9.322  -30.300  50.834 0.0000000000
53161  8.885  -31.472  50.035 0.0000000000
54284  8.990  -30.729  49.900 0.0000000000
54298  8.871  -31.104  49.284 0.0000000000
55504  11.008  -29.665  49.177 0.0000000000
54297  11.751  -30.155  49.441 0.0000000000
66502  8.809  -19.573  56.307 0.0000000000
64254  9.327  -21.241  55.989 0.0000000000
64273  9.021  -21.164  55.394 0.0000000000
63208  12.993  -22.952  53.148 0.0000000000
62141  12.470  -23.599  53.770 0.0000000000
61048  13.227  -24.333  53.397 0.0000000000
60043  13.361  -25.534  53.526 0.0000000000
60046  13.507  -24.831  52.933 0.0000000000
48679  14.016  -35.353  62.215 0.0000000000
49762  14.007  -35.107  62.407 0.0000000000
50924  18.646  -33.505  61.917 0.0000000000
48689  16.841  -35.216  61.594 0.0000000000
47621  16.273  -36.056  61.151 0.0000000000
48690  15.715  -35.239  61.579 0.0000000000
129198  7.967  -23.964  61.795 0.0000000000
129211  8.222  -22.673  61.148 0.0000000000
63129  8.522  -22.267  60.947 0.0000000000
63128  8.847  -22.379  60.509 0.0000000000
64204  8.590  -21.523  60.728 0.0000000000
45768  10.274  -38.362  57.647 0.0000000000
54083  11.324  -30.622  63.548 0.0000000000
55278  10.379  -29.937  64.771 0.0000000000
54080  9.461  -30.469  65.020 0.0000000000
56523  9.633  -29.246  64.500 0.0000000000
56524  9.035  -28.886  64.497 0.0000000000
42756  11.863  -41.324  59.185 0.0000000000
42757  11.373  -41.997  58.622 0.0000000000
41618  10.732  -41.782  57.653 0.0000000000
41628  10.682  -41.570  56.594 0.0000000000
41637  9.959  -41.844  55.237 0.0000000000
42789  10.090  -41.230  56.106 0.0000000000
43892  10.171  -40.450  56.328 0.0000000000
43908  9.752  -40.575  55.474 0.0000000000
48749  11.307  -35.074  55.414 0.0000000000
49849  11.257  -34.133  55.271 0.0000000000
51018  10.316  -32.964  54.916 0.0000000000
52106  11.216  -32.640  53.816 0.0000000000
52098  10.542  -32.389  54.266 0.0000000000
55390  9.707  -29.393  55.072 0.0000000000
56635  10.515  -28.560  54.202 0.0000000000
57823  9.111  -27.325  52.743 0.0000000000
58972  8.103  -27.093  52.302 0.0000000000
58980  9.128  -26.930  52.102 0.0000000000
57848  9.389  -27.665  51.608 0.0000000000
57832  9.823  -27.763  51.888 0.0000000000
56666  11.377  -28.993  52.638 0.0000000000
55442  10.981  -29.087  51.901 0.0000000000
55462  11.286  -29.121  51.153 0.0000000000
55441  11.796  -29.142  51.927 0.0000000000
63222  13.008  -22.303  52.160 0.0000000000
63221  13.370  -22.339  51.872 0.0000000000
62151  13.745  -22.920  52.134 0.0000000000
45754  11.307  -38.390  59.745 0.0000000000
46625  11.664  -37.668  60.832 0.0000000000
48681  12.752  -35.477  62.354 0.0000000000
50913  12.907  -33.702  62.121 0.0000000000
53030  11.661  -31.848  63.063 0.0000000000
54088  12.255  -30.966  62.550 0.0000000000
50953  21.933  -34.880  59.432 0.0000000000
50967  21.515  -33.765  58.712 0.0000000000
50954  21.519  -34.325  59.428 0.0000000000
49800  19.937  -34.672  59.181 0.0000000000
49813  20.282  -34.218  58.988 0.0000000000
49814  19.504  -34.323  58.491 0.0000000000
48702  18.154  -35.663  60.203 0.0000000000
48701  19.020  -35.335  60.435 0.0000000000
48733  17.351  -35.328  57.455 0.0000000000
48734  16.887  -35.919  57.020 0.0000000000
47645  16.510  -36.479  56.569 0.0000000000
46644  16.169  -37.196  57.016 0.0000000000
45761  14.060  -38.293  57.916 0.0000000000
46622  14.957  -37.292  60.465 0.0000000000
46628  14.610  -37.794  59.432 0.0000000000
46623  13.999  -37.944  60.142 0.0000000000
45750  13.248  -38.385  60.525 0.0000000000
44861  13.052  -39.592  59.643 0.0000000000
44862  12.720  -39.899  59.226 0.0000000000
43854  12.399  -40.366  59.531 0.0000000000
43853  12.611  -39.764  59.876 0.0000000000
43841  12.054  -40.105  59.981 0.0000000000
44859  11.710  -39.389  59.857 0.0000000000
44860  11.028  -39.784  60.143 0.0000000000
54140  9.336  -30.764  58.507 0.0000000000
56559  9.163  -28.622  58.906 0.0000000000
56569  8.968  -28.795  57.875 0.0000000000
57767  9.120  -28.137  58.191 0.0000000000
129223  8.658  -24.852  60.015 0.0000000000
59949  9.678  -25.598  58.716 0.0000000000
129221  9.351  -26.024  59.492 0.0000000000
58884  9.838  -26.570  58.825 0.0000000000
57766  9.631  -27.595  58.216 0.0000000000
57765  10.088  -27.176  58.183 0.0000000000
58912  10.293  -26.966  57.856 0.0000000000
58927  11.525  -26.313  56.769 0.0000000000
60007  11.644  -25.332  56.793 0.0000000000
52059  17.359  -31.999  60.099 0.0000000000
53067  17.085  -31.613  59.212 0.0000000000
50991  25.426  -33.857  57.208 0.0000000000
49842  25.063  -34.295  55.784 0.0000000000
49832  25.106  -33.968  57.119 0.0000000000
52051  26.116  -32.482  59.891 0.0000000000
50963  26.362  -33.632  59.421 0.0000000000
50964  26.075  -33.646  59.044 0.0000000000
49809  25.668  -34.178  58.803 0.0000000000
50918  23.846  -33.091  62.084 0.0000000000
49768  22.972  -33.661  61.309 0.0000000000
50905  22.708  -33.380  62.061 0.0000000000
50936  21.964  -34.235  61.859 0.0000000000
50906  22.079  -33.512  62.280 0.0000000000
52035  21.250  -32.244  60.933 0.0000000000
53038  20.817  -32.295  61.798 0.0000000000
52022  20.592  -32.391  61.789 0.0000000000
52058  18.541  -32.287  59.961 0.0000000000
42859  8.818  -41.771  51.027 0.0000000000
44945  9.455  -40.136  51.388 0.0000000000
45779  10.005  -38.579  56.049 0.0000000000
47663  11.069  -37.142  55.070 0.0000000000
48750  11.109  -36.157  55.787 0.0000000000
49830  10.407  -34.191  57.688 0.0000000000
50986  10.175  -33.345  57.940 0.0000000000
46626  11.057  -37.385  60.211 0.0000000000
47632  10.743  -36.351  60.621 0.0000000000
49778  10.436  -35.171  61.423 0.0000000000
48703  10.598  -35.274  61.271 0.0000000000
48704  10.539  -35.411  60.675 0.0000000000
49789  10.163  -34.647  60.509 0.0000000000
53020  10.154  -31.520  63.619 0.0000000000
50903  9.862  -33.078  63.243 0.0000000000
50930  9.081  -33.167  61.294 0.0000000000
49790  9.596  -33.884  60.140 0.0000000000
49805  9.769  -33.727  59.349 0.0000000000
50945  9.216  -33.136  60.608 0.0000000000
54094  9.307  -31.562  60.733 0.0000000000
53072  9.719  -32.616  60.125 0.0000000000
53051  9.679  -31.810  60.226 0.0000000000
56533  7.706  -27.961  62.413 0.0000000000
56542  7.538  -27.646  61.905 0.0000000000
57730  8.353  -27.771  63.659 0.0000000000
50995  20.736  -33.382  56.614 0.0000000000
43906  12.577  -40.617  55.502 0.0000000000
42802  11.946  -41.092  56.017 0.0000000000
42803  11.364  -41.497  55.532 0.0000000000
42846  8.665  -42.027  51.608 0.0000000000
45863  10.973  -38.367  50.971 0.0000000000
45864  10.670  -38.619  50.516 0.0000000000
46740  10.708  -38.115  49.962 0.0000000000
46763  10.957  -38.073  49.854 0.0000000000
48800  11.900  -35.874  52.419 0.0000000000
48835  12.666  -35.909  50.237 0.0000000000
47704  12.410  -36.299  50.738 0.0000000000
46738  12.176  -37.666  49.945 0.0000000000
48857  12.312  -36.264  48.952 0.0000000000
49979  11.748  -35.301  48.605 0.0000000000
48859  11.248  -35.742  48.033 0.0000000000
47748  11.112  -36.051  47.649 0.0000000000
49980  10.789  -34.900  48.325 0.0000000000
53120  9.170  -31.108  56.555 0.0000000000
53132  8.496  -31.514  55.039 0.0000000000
53136  9.375  -31.517  54.278 0.0000000000
52108  9.800  -32.114  53.735 0.0000000000
55413  8.664  -29.648  54.310 0.0000000000
55427  7.862  -29.957  54.473 0.0000000000
52131  9.727  -32.135  51.438 0.0000000000
52142  10.425  -32.838  50.457 0.0000000000
51106  9.889  -33.473  49.477 0.0000000000
51126  9.633  -33.776  48.558 0.0000000000
51144  9.421  -33.552  47.721 0.0000000000
52207  9.292  -31.949  46.796 0.0000000000
56735  9.726  -29.523  49.855 0.0000000000
54338  10.254  -30.469  47.641 0.0000000000
129117  9.907  -30.252  47.141 0.0000000000
53213  10.129  -30.973  46.354 0.0000000000
52205  10.819  -32.164  46.407 0.0000000000
64223  8.805  -21.337  57.995 0.0000000000
65343  8.901  -21.188  58.507 0.0000000000
62098  9.559  -23.189  58.002 0.0000000000
63172  10.835  -22.590  56.182 0.0000000000
62111  10.045  -23.147  56.629 0.0000000000
62109  11.661  -24.154  56.445 0.0000000000
62120  11.800  -23.837  55.795 0.0000000000
64299  10.680  -21.195  53.902 0.0000000000
64290  10.204  -21.576  54.362 0.0000000000
63204  9.998  -21.862  54.915 0.0000000000
63203  10.471  -21.959  54.593 0.0000000000
61039  12.622  -24.430  54.503 0.0000000000
62133  11.886  -23.828  54.662 0.0000000000
60037  12.890  -25.359  55.111 0.0000000000
58954  13.133  -26.457  54.194 0.0000000000
57821  13.351  -27.762  53.742 0.0000000000
57831  13.694  -27.914  52.702 0.0000000000
56664  13.370  -28.588  52.246 0.0000000000
56687  13.521  -28.597  51.411 0.0000000000
60051  14.569  -25.278  52.101 0.0000000000
52041  14.532  -32.474  60.172 0.0000000000
52025  17.362  -32.817  61.609 0.0000000000
50925  17.430  -33.418  61.926 0.0000000000
50911  16.730  -33.569  62.184 0.0000000000
48891  9.585  -35.303  45.633 0.0000000000
45763  10.248  -38.541  58.451 0.0000000000
45760  9.160  -38.021  59.158 0.0000000000
42736  10.351  -41.351  60.036 0.0000000000
41595  10.712  -42.191  59.124 0.0000000000
42747  10.434  -41.661  59.238 0.0000000000
42758  10.366  -41.235  58.317 0.0000000000
50998  10.841  -33.582  56.185 0.0000000000
51008  10.410  -32.822  55.758 0.0000000000
51009  9.980  -32.517  55.317 0.0000000000
56593  11.000  -28.191  55.623 0.0000000000
55389  10.808  -29.094  55.282 0.0000000000
55388  11.742  -29.014  55.423 0.0000000000
56648  10.034  -28.600  53.155 0.0000000000
56667  10.156  -28.584  52.196 0.0000000000
46620  12.303  -37.313  61.219 0.0000000000
53028  12.951  -31.661  62.057 0.0000000000
54087  12.575  -30.962  61.948 0.0000000000
54092  12.189  -30.522  61.827 0.0000000000
48707  21.635  -35.542  59.999 0.0000000000
48708  20.771  -35.460  59.984 0.0000000000
48709  19.808  -35.139  59.772 0.0000000000
47633  17.446  -36.073  59.895 0.0000000000
47638  16.606  -36.349  58.597 0.0000000000
45756  14.043  -38.344  58.816 0.0000000000
46618  14.132  -37.389  60.949 0.0000000000
44855  13.184  -38.819  60.409 0.0000000000
43840  12.602  -39.538  59.995 0.0000000000
129224  8.850  -24.876  59.564 0.0000000000
59968  9.410  -24.707  58.923 0.0000000000
58897  10.019  -26.163  58.240 0.0000000000
59967  9.937  -24.832  58.500 0.0000000000
59987  10.514  -25.029  58.100 0.0000000000
49823  25.807  -35.313  57.629 0.0000000000
49794  25.223  -33.631  59.337 0.0000000000
49796  23.633  -34.200  59.743 0.0000000000
52031  24.129  -32.938  61.734 0.0000000000
53044  23.529  -32.422  61.509 0.0000000000
52057  19.751  -32.217  60.019 0.0000000000
44931  9.236  -40.178  52.402 0.0000000000
46646  10.359  -37.748  56.669 0.0000000000
47646  10.666  -36.706  56.772 0.0000000000
48695  9.839  -34.820  61.840 0.0000000000
53021  9.469  -31.302  63.481 0.0000000000
52006  9.044  -31.807  63.083 0.0000000000
52017  8.902  -31.705  62.701 0.0000000000
52028  8.915  -32.494  61.458 0.0000000000
52043  9.003  -32.695  60.778 0.0000000000
53041  8.953  -31.677  61.558 0.0000000000
54095  9.032  -31.326  61.056 0.0000000000
54103  8.797  -30.533  60.983 0.0000000000
49836  19.684  -34.191  56.542 0.0000000000
49846  19.174  -34.455  55.838 0.0000000000
43890  12.956  -39.984  56.003 0.0000000000
42815  11.958  -41.088  54.933 0.0000000000
41635  10.919  -42.015  55.083 0.0000000000
42817  9.438  -41.762  54.194 0.0000000000
41659  9.492  -42.678  53.764 0.0000000000
42834  8.821  -41.992  52.322 0.0000000000
45843  10.513  -38.502  51.556 0.0000000000
46716  10.823  -37.971  51.790 0.0000000000
46715  11.277  -37.981  51.252 0.0000000000
49890  12.071  -34.618  52.222 0.0000000000
48799  12.229  -35.289  51.744 0.0000000000
49889  12.222  -34.738  51.638 0.0000000000
49912  12.444  -34.780  51.135 0.0000000000
49936  12.546  -34.934  50.229 0.0000000000
49959  12.373  -35.461  49.321 0.0000000000
51104  10.955  -34.020  49.547 0.0000000000
53121  8.567  -30.768  56.207 0.0000000000
53129  7.942  -30.914  55.923 0.0000000000
54226  8.070  -30.563  54.778 0.0000000000
55444  8.679  -29.244  52.412 0.0000000000
55443  9.100  -29.727  52.518 0.0000000000
55464  9.113  -29.665  52.066 0.0000000000
54268  9.408  -30.060  51.642 0.0000000000
53160  9.354  -31.613  50.761 0.0000000000
52144  8.852  -31.933  49.796 0.0000000000
52170  8.837  -32.409  49.003 0.0000000000
129110  8.880  -32.359  48.690 0.0000000000
53168  8.664  -31.758  48.999 0.0000000000
54313  8.967  -31.411  48.519 0.0000000000
52188  9.205  -31.268  47.745 0.0000000000
55483  10.567  -29.596  49.912 0.0000000000
55505  10.404  -29.559  49.246 0.0000000000
55526  10.968  -29.815  48.731 0.0000000000
54323  11.389  -30.732  47.649 0.0000000000
65355  9.170  -20.253  57.134 0.0000000000
65354  9.461  -20.959  56.877 0.0000000000
63161  9.491  -22.378  56.967 0.0000000000
64253  9.706  -21.648  56.464 0.0000000000
64271  10.101  -21.713  56.085 0.0000000000
63189  10.353  -21.940  55.532 0.0000000000
63210  11.533  -21.999  53.665 0.0000000000
63202  11.375  -22.620  54.393 0.0000000000
62142  11.770  -22.899  53.764 0.0000000000
61038  13.115  -24.931  54.172 0.0000000000
60042  13.717  -25.894  53.243 0.0000000000
58961  13.948  -26.058  53.107 0.0000000000
47615  13.512  -36.119  62.119 0.0000000000
50929  13.593  -33.364  61.516 0.0000000000
50923  19.673  -33.821  61.928 0.0000000000
49773  17.491  -34.360  62.144 0.0000000000
47619  17.506  -35.487  60.895 0.0000000000
47628  16.742  -36.044  60.390 0.0000000000
46627  15.364  -37.281  59.779 0.0000000000
47630  15.270  -36.933  60.715 0.0000000000
59906  7.893  -25.471  62.561 0.0000000000
129197  8.016  -25.274  61.826 0.0000000000
62031  8.099  -22.890  61.646 0.0000000000
129210  8.013  -22.982  61.243 0.0000000000
62066  8.361  -23.264  60.781 0.0000000000
62084  9.454  -23.014  60.267 0.0000000000
64211  9.440  -22.016  59.801 0.0000000000
44883  9.939  -38.986  55.946 0.0000000000
45778  10.277  -38.393  56.608 0.0000000000
47640  10.445  -36.152  59.036 0.0000000000
52003  10.901  -32.819  63.399 0.0000000000
50902  10.535  -33.148  63.348 0.0000000000
55282  10.971  -30.106  64.541 0.0000000000
54085  9.794  -31.179  64.713 0.0000000000
54081  9.140  -30.099  64.597 0.0000000000
55284  8.826  -29.558  64.255 0.0000000000
55283  8.607  -29.282  63.900 0.0000000000
43865  12.393  -40.655  58.637 0.0000000000
41605  10.986  -42.279  58.063 0.0000000000
41627  10.902  -41.695  56.066 0.0000000000
40578  10.108  -43.418  54.284 0.0000000000
42790  9.708  -41.180  55.716 0.0000000000
47678  11.390  -36.682  53.051 0.0000000000
51028  11.432  -33.102  53.437 0.0000000000
51043  11.047  -32.957  52.751 0.0000000000
56595  9.632  -28.788  56.512 0.0000000000
55365  8.214  -29.860  55.492 0.0000000000
55391  8.824  -29.626  55.015 0.0000000000
55425  9.102  -29.325  53.470 0.0000000000
55411  10.043  -29.125  54.444 0.0000000000
56650  8.913  -28.738  52.832 0.0000000000
56670  8.007  -28.691  52.149 0.0000000000
56693  7.758  -28.744  51.826 0.0000000000
56692  8.308  -28.620  51.527 0.0000000000
56715  8.943  -29.076  50.774 0.0000000000
57861  9.364  -28.217  51.169 0.0000000000
56714  9.560  -28.885  50.624 0.0000000000
56690  10.176  -28.509  51.190 0.0000000000
56713  10.274  -29.191  50.465 0.0000000000
56689  10.762  -29.113  50.662 0.0000000000
55481  12.294  -29.661  50.616 0.0000000000
63215  12.608  -22.153  52.647 0.0000000000
62146  13.607  -23.608  52.695 0.0000000000
61053  13.590  -24.296  52.879 0.0000000000
47787  10.852  -36.633  46.624 0.0000000000
44864  10.854  -39.579  59.526 0.0000000000
45758  10.927  -38.942  59.434 0.0000000000
50915  11.040  -33.422  62.912 0.0000000000
53018  11.782  -31.280  63.113 0.0000000000
54093  11.889  -30.506  62.231 0.0000000000
50982  22.366  -33.759  58.003 0.0000000000
50968  20.514  -33.928  58.284 0.0000000000
50969  19.790  -33.835  57.803 0.0000000000
49828  19.181  -34.054  57.609 0.0000000000
48746  17.833  -34.856  56.196 0.0000000000
48711  17.952  -35.632  59.335 0.0000000000
48722  18.583  -35.102  58.646 0.0000000000
48732  17.978  -34.803  57.856 0.0000000000
48738  18.047  -35.030  56.951 0.0000000000
45777  13.936  -38.762  56.731 0.0000000000
44880  13.424  -39.450  56.708 0.0000000000
44872  13.003  -39.911  57.323 0.0000000000
43864  12.859  -40.130  58.269 0.0000000000
44865  13.148  -39.656  58.818 0.0000000000
42734  11.579  -40.723  60.285 0.0000000000
42735  11.115  -41.077  60.295 0.0000000000
43843  10.566  -40.457  60.205 0.0000000000
53092  9.063  -31.619  58.730 0.0000000000
53108  9.477  -31.196  58.099 0.0000000000
55326  9.333  -30.088  58.085 0.0000000000
55344  9.517  -30.044  57.639 0.0000000000
55345  9.382  -29.601  57.400 0.0000000000
56581  9.310  -28.777  57.094 0.0000000000
129209  8.728  -25.411  59.735 0.0000000000
56596  9.357  -29.018  56.590 0.0000000000
56580  9.973  -28.332  57.061 0.0000000000
56579  10.388  -28.067  56.981 0.0000000000
57792  10.564  -27.858  56.829 0.0000000000
58911  10.562  -26.444  57.663 0.0000000000
57791  11.099  -27.498  56.530 0.0000000000
58943  11.578  -26.852  56.120 0.0000000000
50957  16.258  -33.140  59.872 0.0000000000
52060  16.519  -32.176  59.701 0.0000000000
53068  16.171  -31.623  59.082 0.0000000000
49826  23.430  -34.057  57.749 0.0000000000
49783  27.101  -34.007  60.143 0.0000000000
48729  26.090  -35.470  57.826 0.0000000000
48718  25.162  -35.572  58.041 0.0000000000
50965  22.924  -34.658  59.021 0.0000000000
48705  22.971  -34.745  60.189 0.0000000000
48697  22.537  -34.584  60.423 0.0000000000
48698  21.780  -34.845  60.365 0.0000000000
49786  21.253  -34.271  60.777 0.0000000000
50938  20.987  -34.066  61.146 0.0000000000
50922  20.715  -34.032  61.641 0.0000000000
52033  23.295  -31.903  61.028 0.0000000000
53046  22.278  -31.846  61.696 0.0000000000
52020  21.930  -31.771  61.628 0.0000000000
53036  21.890  -31.874  61.842 0.0000000000
53025  21.451  -32.310  62.039 0.0000000000
52010  20.974  -32.738  62.192 0.0000000000
50908  20.397  -33.233  62.224 0.0000000000
50909  19.683  -32.976  62.166 0.0000000000
52037  18.933  -32.472  60.908 0.0000000000
50939  17.090  -32.354  60.651 0.0000000000
44930  9.822  -39.404  52.028 0.0000000000
45802  9.854  -38.775  54.644 0.0000000000
45801  9.991  -38.379  54.350 0.0000000000
48741  11.186  -34.688  55.786 0.0000000000
49803  10.410  -34.640  59.383 0.0000000000
49818  10.327  -34.427  59.202 0.0000000000
49820  9.863  -33.582  58.925 0.0000000000
50959  9.442  -32.886  60.308 0.0000000000
52073  9.679  -32.964  58.708 0.0000000000
52074  9.389  -32.582  58.968 0.0000000000
55301  8.483  -29.555  60.700 0.0000000000
58866  7.990  -26.180  62.286 0.0000000000
56528  8.526  -28.755  64.000 0.0000000000
57731  8.018  -27.030  63.448 0.0000000000
58855  8.053  -26.322  64.082 0.0000000000
129191  7.724  -24.914  62.832 0.0000000000
50971  15.794  -32.971  59.223 0.0000000000
50994  22.022  -33.139  56.708 0.0000000000
51004  21.042  -33.206  55.572 0.0000000000
42825  11.557  -42.149  53.958 0.0000000000
44960  10.247  -39.422  50.158 0.0000000000
47692  11.564  -36.728  52.210 0.0000000000
47705  11.832  -36.775  51.228 0.0000000000
47719  11.777  -37.445  50.606 0.0000000000
45880  11.833  -38.448  49.091 0.0000000000
49978  12.118  -35.728  48.769 0.0000000000
52088  9.545  -31.892  56.770 0.0000000000
52092  9.657  -32.080  55.674 0.0000000000
53127  9.286  -31.637  55.440 0.0000000000
52099  9.792  -32.335  54.783 0.0000000000
52119  10.571  -32.587  52.300 0.0000000000
55393  7.674  -29.880  54.992 0.0000000000
54238  8.057  -30.105  54.420 0.0000000000
54253  9.036  -29.921  53.127 0.0000000000
53143  9.095  -30.581  53.342 0.0000000000
53137  9.332  -30.838  53.924 0.0000000000
51080  10.468  -33.346  50.023 0.0000000000
51105  10.521  -33.784  49.602 0.0000000000
49962  10.261  -33.918  49.282 0.0000000000
49994  10.323  -35.168  47.729 0.0000000000
48869  10.158  -35.292  47.378 0.0000000000
48877  9.963  -35.517  46.601 0.0000000000
55507  9.338  -30.692  48.525 0.0000000000
129113  9.003  -30.810  47.462 0.0000000000
55506  9.946  -29.811  48.947 0.0000000000
54340  8.860  -29.967  46.928 0.0000000000
53235  8.846  -30.694  46.430 0.0000000000
53214  9.393  -31.207  46.444 0.0000000000
65326  8.337  -20.396  60.348 0.0000000000
64212  8.628  -21.056  59.819 0.0000000000
64221  10.454  -22.466  59.031 0.0000000000
63149  9.827  -22.641  58.330 0.0000000000
62105  10.373  -23.530  57.703 0.0000000000
62104  10.936  -23.872  57.558 0.0000000000
62112  9.600  -22.734  56.622 0.0000000000
60999  11.127  -24.286  57.392 0.0000000000
61012  11.470  -24.556  56.877 0.0000000000
60006  12.075  -25.720  56.401 0.0000000000
58942  12.197  -26.289  55.847 0.0000000000
63190  9.848  -21.789  55.109 0.0000000000
63201  11.723  -23.193  54.569 0.0000000000
63187  11.633  -23.130  55.090 0.0000000000
57802  12.404  -26.918  55.292 0.0000000000
57815  12.585  -27.441  54.639 0.0000000000
57822  12.673  -27.985  54.131 0.0000000000
56665  12.479  -28.896  52.476 0.0000000000
55440  12.361  -29.098  51.904 0.0000000000
56688  12.830  -28.922  51.739 0.0000000000
58968  14.321  -26.321  52.752 0.0000000000
56663  14.098  -28.145  51.900 0.0000000000
55503  12.719  -29.661  49.911 0.0000000000
41594  10.945  -42.360  58.848 0.0000000000
42737  10.021  -41.215  59.604 0.0000000000
43856  10.020  -40.897  59.449 0.0000000000
43867  10.430  -40.851  59.048 0.0000000000
43878  12.957  -40.060  57.749 0.0000000000
43907  10.181  -40.123  55.812 0.0000000000
44856  12.941  -38.850  60.450 0.0000000000
45764  9.271  -38.194  58.791 0.0000000000
45879  12.201  -38.234  49.007 0.0000000000
46635  9.206  -37.738  58.817 0.0000000000
46654  10.063  -38.243  55.493 0.0000000000
48692  13.928  -35.829  61.935 0.0000000000
48693  10.429  -35.417  61.493 0.0000000000
48696  22.874  -34.503  60.446 0.0000000000
48725  10.581  -34.624  59.165 0.0000000000
48730  25.560  -35.546  57.850 0.0000000000
48731  25.243  -35.455  57.797 0.0000000000
49760  16.854  -34.040  62.275 0.0000000000
49761  16.297  -33.852  62.296 0.0000000000
49769  22.748  -33.774  61.411 0.0000000000
49784  23.005  -34.012  60.810 0.0000000000
49787  20.805  -34.421  61.022 0.0000000000
49788  10.754  -34.913  61.092 0.0000000000
49792  27.371  -34.185  59.528 0.0000000000
49797  22.222  -35.162  59.558 0.0000000000
49801  15.756  -33.052  59.467 0.0000000000
49802  16.086  -33.251  59.489 0.0000000000
49816  15.865  -33.264  59.207 0.0000000000
49817  15.733  -33.154  59.432 0.0000000000
49831  25.429  -33.746  57.007 0.0000000000
49845  19.706  -34.298  56.279 0.0000000000
50904  22.935  -33.227  61.930 0.0000000000
50910  17.115  -33.862  62.206 0.0000000000
50919  23.191  -33.332  61.707 0.0000000000
50920  22.428  -34.008  62.016 0.0000000000
50921  21.692  -34.088  62.102 0.0000000000
50934  23.988  -33.146  61.904 0.0000000000
50937  21.428  -34.079  61.412 0.0000000000
50944  9.115  -32.886  60.640 0.0000000000
50958  15.682  -33.047  59.664 0.0000000000
50970  16.068  -33.205  59.440 0.0000000000
50973  9.722  -33.190  59.054 0.0000000000
50980  25.497  -34.189  57.364 0.0000000000
50981  23.005  -34.165  58.690 0.0000000000
50985  19.685  -33.914  57.151 0.0000000000
50990  25.688  -33.802  57.230 0.0000000000
50996  20.011  -33.972  56.622 0.0000000000
50997  19.673  -34.083  56.761 0.0000000000
51029  10.787  -32.952  52.968 0.0000000000
51079  11.265  -33.617  49.977 0.0000000000
52007  22.978  -33.050  62.015 0.0000000000
52008  22.437  -32.949  62.180 0.0000000000
52009  21.723  -32.841  62.261 0.0000000000
52012  19.946  -32.536  62.110 0.0000000000
52018  24.059  -32.965  62.091 0.0000000000
52019  23.549  -32.931  61.995 0.0000000000
52027  8.785  -32.463  60.990 0.0000000000
52032  24.066  -32.617  61.114 0.0000000000
52034  22.201  -31.792  61.298 0.0000000000
52061  15.718  -32.349  59.386 0.0000000000
52062  9.313  -32.785  60.456 0.0000000000
52071  16.327  -32.973  59.372 0.0000000000
52072  16.044  -32.880  59.208 0.0000000000
52093  9.378  -31.570  55.655 0.0000000000
52097  11.074  -32.391  54.014 0.0000000000
52158  8.844  -32.170  49.349 0.0000000000
53024  22.125  -32.344  62.056 0.0000000000
53026  20.865  -32.347  62.031 0.0000000000
53027  20.609  -32.317  62.026 0.0000000000
53032  8.734  -31.317  62.506 0.0000000000
53033  23.836  -32.813  61.864 0.0000000000
53034  23.153  -32.491  61.769 0.0000000000
53035  22.459  -32.082  61.802 0.0000000000
53037  21.208  -32.221  61.814 0.0000000000
53043  23.958  -32.738  61.592 0.0000000000
53045  22.800  -31.984  61.572 0.0000000000
53050  9.442  -32.327  60.435 0.0000000000
53116  12.425  -30.191  56.686 0.0000000000
53117  12.252  -30.285  56.543 0.0000000000
53118  11.906  -30.305  56.222 0.0000000000
53124  12.491  -30.157  56.434 0.0000000000
53125  12.295  -30.113  56.085 0.0000000000
53126  11.946  -30.056  56.184 0.0000000000
53177  8.842  -31.993  48.622 0.0000000000
53215  8.735  -31.114  46.875 0.0000000000
53234  9.447  -30.581  46.183 0.0000000000
53236  8.686  -30.729  46.709 0.0000000000
54089  11.653  -30.464  62.698 0.0000000000
54101  9.470  -31.776  60.522 0.0000000000
54161  11.900  -29.898  57.236 0.0000000000
54162  11.739  -29.449  56.651 0.0000000000
54163  11.315  -29.242  56.361 0.0000000000
54164  9.422  -30.558  57.623 0.0000000000
54165  9.597  -30.093  57.344 0.0000000000
54186  12.432  -29.993  56.894 0.0000000000
54187  11.861  -30.163  56.745 0.0000000000
54188  11.617  -29.480  56.142 0.0000000000
54208  13.052  -29.771  55.326 0.0000000000
54209  12.583  -29.662  55.972 0.0000000000
54210  12.419  -29.403  55.858 0.0000000000
54211  12.009  -28.989  55.989 0.0000000000
54212  8.114  -31.084  55.256 0.0000000000
54214  7.586  -30.080  55.405 0.0000000000
54223  12.694  -29.539  55.517 0.0000000000
54224  8.825  -31.435  54.711 0.0000000000
54225  8.432  -31.099  54.677 0.0000000000
54227  7.639  -30.134  54.879 0.0000000000
54239  7.646  -30.078  54.531 0.0000000000
54282  12.394  -30.033  50.121 0.0000000000
54299  8.682  -31.222  49.006 0.0000000000
54339  10.178  -30.158  46.354 0.0000000000
54360  9.114  -30.191  46.341 0.0000000000
54361  8.748  -30.477  47.040 0.0000000000
55286  8.634  -29.233  63.658 0.0000000000
55341  12.017  -29.590  56.905 0.0000000000
55342  11.430  -29.510  56.847 0.0000000000
55343  11.232  -29.381  56.597 0.0000000000
55360  12.179  -29.264  56.303 0.0000000000
55361  11.622  -29.008  56.261 0.0000000000
55366  7.768  -29.919  55.307 0.0000000000
55386  12.994  -29.562  55.182 0.0000000000
55387  12.314  -28.757  55.410 0.0000000000
55410  12.497  -29.298  55.490 0.0000000000
55414  8.073  -29.888  54.555 0.0000000000
55415  7.656  -29.893  54.671 0.0000000000
55428  7.643  -29.855  54.424 0.0000000000
55466  7.894  -28.983  51.603 0.0000000000
55527  8.934  -31.017  48.790 0.0000000000
55560  9.939  -29.983  46.723 0.0000000000
55575  9.962  -29.849  46.210 0.0000000000
55576  9.577  -29.944  46.496 0.0000000000
56527  8.550  -29.056  63.811 0.0000000000
56531  8.619  -29.008  63.534 0.0000000000
56592  11.605  -28.410  55.876 0.0000000000
56594  10.505  -28.386  56.474 0.0000000000
56615  10.940  -28.169  55.007 0.0000000000
56649  9.388  -28.513  52.900 0.0000000000
56669  8.612  -28.770  52.508 0.0000000000
56712  10.700  -29.430  50.346 0.0000000000
57744  7.673  -26.905  61.835 0.0000000000
57753  10.056  -26.934  58.536 0.0000000000
57824  8.735  -27.638  52.592 0.0000000000
57825  8.283  -27.293  52.495 0.0000000000
57833  9.547  -27.563  52.319 0.0000000000
57835  8.350  -27.896  52.207 0.0000000000
57847  9.865  -27.990  51.682 0.0000000000
57850  8.085  -28.217  51.901 0.0000000000
57862  8.956  -28.260  51.138 0.0000000000
58963  9.033  -27.030  52.827 0.0000000000
58964  8.791  -27.035  52.818 0.0000000000
58965  8.330  -27.057  52.730 0.0000000000
58970  9.111  -26.980  52.605 0.0000000000
58971  8.633  -26.929  52.431 0.0000000000
58981  8.563  -27.031  51.859 0.0000000000
58982  8.242  -27.504  51.964 0.0000000000
61011  11.971  -24.781  56.246 0.0000000000
62048  8.126  -22.821  61.388 0.0000000000
62082  10.766  -23.029  59.473 0.0000000000
62096  10.818  -23.015  59.270 0.0000000000
63105  8.335  -22.578  61.884 0.0000000000
63116  8.588  -22.065  61.600 0.0000000000
63117  8.258  -22.642  61.525 0.0000000000
63140  9.432  -22.480  60.254 0.0000000000
63150  9.387  -22.542  57.713 0.0000000000
63173  10.113  -22.163  56.328 0.0000000000
64238  8.953  -20.956  57.497 0.0000000000
64252  9.987  -21.814  56.316 0.0000000000
64298  11.344  -21.470  53.549 0.0000000000
65369  9.363  -21.130  56.386 0.0000000000
65386  8.833  -20.364  55.358 0.0000000000
129111  8.733  -32.168  48.959 0.0000000000
129114  10.572  -29.880  48.638 0.0000000000
129115  9.531  -30.101  47.129 0.0000000000
129118  9.694  -29.935  46.732 0.0000000000
129212  9.417  -25.039  58.741 0.0000000000
129247  10.939  -22.814  59.192 0.0000000000
129248  11.038  -22.568  58.964 0.0000000000
