#!ascii label  , from subject 4004 vox2ras=TkReg
728
98150  42.248  12.100  26.825 0.0000000000
99090  49.137  12.441  16.110 0.0000000000
100876  46.010  14.248  15.868 0.0000000000
97429  46.724  10.505  6.086 0.0000000000
96440  42.653  9.243  20.507 0.0000000000
101664  47.682  15.613  21.730 0.0000000000
100043  49.917  13.364  9.849 0.0000000000
100004  41.411  13.821  13.580 0.0000000000
99921  49.117  13.674  22.718 0.0000000000
99045  45.604  12.466  21.023 0.0000000000
95564  46.117  8.320  15.624 0.0000000000
103338  43.398  17.548  15.293 0.0000000000
100949  44.022  14.983  9.468 0.0000000000
101712  51.762  15.149  16.333 0.0000000000
102575  49.081  16.134  8.966 0.0000000000
103346  42.368  17.451  14.114 0.0000000000
99904  45.750  13.514  24.451 0.0000000000
99916  43.736  12.648  23.971 0.0000000000
95541  45.091  8.817  18.072 0.0000000000
102503  44.362  16.344  19.392 0.0000000000
104111  44.140  18.746  17.589 0.0000000000
102525  44.201  15.425  15.458 0.0000000000
102545  44.163  16.035  12.780 0.0000000000
101759  45.894  14.837  12.847 0.0000000000
99060  49.286  12.929  18.645 0.0000000000
99947  50.519  14.363  19.741 0.0000000000
99984  51.030  13.653  15.907 0.0000000000
100074  49.196  13.006  6.495 0.0000000000
100955  51.061  15.300  8.857 0.0000000000
100056  48.287  13.642  8.026 0.0000000000
100058  45.663  14.056  8.730 0.0000000000
98287  45.786  10.957  7.848 0.0000000000
95611  45.139  8.051  10.058 0.0000000000
98156  40.815  10.939  25.274 0.0000000000
98169  41.897  11.004  22.903 0.0000000000
100826  46.380  14.990  19.665 0.0000000000
98238  47.790  10.905  13.530 0.0000000000
99115  49.489  12.798  13.050 0.0000000000
98259  48.543  11.477  10.067 0.0000000000
98283  49.198  11.748  6.871 0.0000000000
100786  49.177  14.404  24.980 0.0000000000
100780  47.672  13.827  25.197 0.0000000000
99930  47.664  13.211  21.445 0.0000000000
98182  47.225  11.961  19.218 0.0000000000
98177  43.910  11.435  20.734 0.0000000000
98196  45.690  10.660  18.617 0.0000000000
97368  47.308  10.184  15.525 0.0000000000
96489  47.158  9.289  13.160 0.0000000000
97309  38.723  10.307  27.530 0.0000000000
106352  44.726  20.681  15.777 0.0000000000
104897  42.879  19.379  14.149 0.0000000000
101751  42.923  15.937  13.466 0.0000000000
100931  42.577  14.104  11.455 0.0000000000
100036  41.564  13.375  10.614 0.0000000000
100791  50.776  14.476  23.089 0.0000000000
100823  49.780  14.518  19.353 0.0000000000
100861  48.805  14.883  16.294 0.0000000000
100911  51.205  14.418  12.608 0.0000000000
101757  50.491  15.594  12.236 0.0000000000
100928  48.001  14.562  11.920 0.0000000000
102566  46.298  16.409  8.746 0.0000000000
100060  43.220  14.194  8.467 0.0000000000
102535  41.909  17.139  14.596 0.0000000000
103354  42.064  18.477  13.772 0.0000000000
99026  43.617  12.556  25.520 0.0000000000
99027  42.942  12.306  25.888 0.0000000000
100853  44.721  14.845  17.397 0.0000000000
101706  43.764  16.006  17.537 0.0000000000
100877  45.196  14.453  15.946 0.0000000000
101749  44.943  15.349  13.701 0.0000000000
100903  46.394  14.610  13.898 0.0000000000
99082  49.093  12.190  17.715 0.0000000000
99968  50.115  13.337  17.508 0.0000000000
99977  50.061  13.242  16.534 0.0000000000
99176  47.940  12.086  5.541 0.0000000000
100069  48.918  13.540  7.236 0.0000000000
98285  47.069  11.735  7.081 0.0000000000
99160  47.570  12.442  8.206 0.0000000000
98286  46.378  11.129  7.382 0.0000000000
96530  45.994  9.498  8.108 0.0000000000
96539  46.297  9.626  7.450 0.0000000000
97319  40.838  10.314  24.577 0.0000000000
101681  46.268  15.383  20.134 0.0000000000
100812  47.340  15.097  20.544 0.0000000000
97392  47.610  10.440  11.522 0.0000000000
98251  47.949  11.243  11.664 0.0000000000
97407  48.110  10.389  9.596 0.0000000000
97421  48.637  10.664  7.275 0.0000000000
97433  49.353  10.313  5.173 0.0000000000
98302  49.257  10.974  4.193 0.0000000000
99914  45.379  12.836  23.303 0.0000000000
99913  46.751  13.562  23.449 0.0000000000
99038  46.077  12.829  21.379 0.0000000000
99936  47.481  12.822  20.433 0.0000000000
99050  46.688  12.392  20.082 0.0000000000
97328  42.521  10.556  21.801 0.0000000000
98171  43.240  11.145  21.667 0.0000000000
97327  43.043  10.319  21.194 0.0000000000
95558  45.679  8.326  16.415 0.0000000000
97345  45.410  10.221  18.404 0.0000000000
96458  46.141  9.534  16.820 0.0000000000
97355  46.706  10.512  17.072 0.0000000000
96465  46.842  9.633  15.725 0.0000000000
96481  47.130  9.494  14.154 0.0000000000
96482  46.588  8.975  14.469 0.0000000000
93677  47.349  6.696  12.035 0.0000000000
104112  43.573  18.269  17.135 0.0000000000
104877  44.467  19.386  17.142 0.0000000000
104885  43.678  19.198  15.648 0.0000000000
104891  43.417  19.261  14.846 0.0000000000
104130  43.023  18.588  14.339 0.0000000000
103352  42.977  17.833  13.785 0.0000000000
103345  43.387  17.686  14.250 0.0000000000
100929  44.192  14.981  10.982 0.0000000000
101761  44.143  15.421  12.327 0.0000000000
100940  42.690  14.645  10.139 0.0000000000
100941  41.822  14.266  10.323 0.0000000000
101785  41.631  14.975  9.406 0.0000000000
100794  48.532  14.281  23.712 0.0000000000
100793  48.788  14.424  23.583 0.0000000000
99919  51.044  13.760  23.163 0.0000000000
100833  51.535  14.859  18.342 0.0000000000
100822  50.773  14.565  19.179 0.0000000000
101691  50.575  15.040  17.978 0.0000000000
100849  48.727  14.854  17.355 0.0000000000
101714  50.037  15.211  16.558 0.0000000000
100020  49.728  13.482  11.574 0.0000000000
100008  50.788  13.802  12.942 0.0000000000
100031  50.338  14.052  10.988 0.0000000000
102574  50.085  16.341  8.839 0.0000000000
101776  51.197  15.579  10.786 0.0000000000
101778  49.841  16.052  10.470 0.0000000000
100926  49.589  15.267  11.979 0.0000000000
101779  48.803  15.778  10.350 0.0000000000
101780  47.722  15.697  10.523 0.0000000000
102565  47.262  16.464  8.981 0.0000000000
99150  44.575  12.420  9.245 0.0000000000
100059  44.413  14.197  8.661 0.0000000000
99151  43.569  12.485  9.386 0.0000000000
99152  42.541  12.553  9.842 0.0000000000
101655  47.903  15.833  23.471 0.0000000000
101729  42.185  15.402  14.841 0.0000000000
101740  42.429  15.646  14.190 0.0000000000
99894  46.044  13.382  26.897 0.0000000000
99895  45.060  13.326  26.403 0.0000000000
99905  44.570  13.134  24.367 0.0000000000
99034  44.398  12.340  22.939 0.0000000000
96444  43.825  9.311  19.469 0.0000000000
103315  43.713  17.598  18.597 0.0000000000
103324  43.475  17.457  17.574 0.0000000000
102526  43.584  16.264  15.734 0.0000000000
102533  43.678  16.678  14.338 0.0000000000
102532  44.212  15.778  14.535 0.0000000000
101760  44.806  15.493  12.482 0.0000000000
101783  44.930  15.463  9.864 0.0000000000
99934  49.825  13.631  20.792 0.0000000000
99933  50.593  13.926  21.134 0.0000000000
99959  50.943  13.813  18.939 0.0000000000
99967  51.069  13.729  17.949 0.0000000000
100859  51.949  14.898  16.370 0.0000000000
99166  50.212  13.295  8.148 0.0000000000
100041  50.911  14.708  9.434 0.0000000000
100968  50.416  14.164  8.016 0.0000000000
100957  49.392  14.668  8.400 0.0000000000
101802  48.686  15.413  8.712 0.0000000000
101803  47.581  15.512  8.427 0.0000000000
100057  47.076  13.732  8.855 0.0000000000
99149  45.677  12.197  8.878 0.0000000000
98280  44.803  11.059  8.889 0.0000000000
94700  45.742  7.569  9.847 0.0000000000
98155  41.617  11.461  25.727 0.0000000000
98159  42.573  11.740  25.058 0.0000000000
98160  41.519  11.006  24.513 0.0000000000
97325  41.691  10.522  22.895 0.0000000000
96437  41.770  9.191  21.499 0.0000000000
102488  45.197  16.825  20.455 0.0000000000
100827  45.692  15.084  19.325 0.0000000000
100851  46.627  14.452  17.693 0.0000000000
98229  48.235  11.577  14.343 0.0000000000
99098  49.282  12.826  14.954 0.0000000000
99116  48.861  12.264  13.574 0.0000000000
99130  48.779  12.672  11.481 0.0000000000
99137  49.005  12.555  10.351 0.0000000000
97415  48.395  10.576  8.429 0.0000000000
98276  48.830  11.418  8.114 0.0000000000
98275  49.329  12.091  7.806 0.0000000000
99174  49.172  12.467  6.516 0.0000000000
99180  48.610  12.169  4.979 0.0000000000
98297  47.349  11.379  5.145 0.0000000000
95657  47.151  8.730  6.191 0.0000000000
100779  47.965  14.392  25.898 0.0000000000
99912  48.071  14.036  23.629 0.0000000000
99899  46.018  13.429  25.641 0.0000000000
99922  47.843  13.425  22.554 0.0000000000
99935  48.582  13.377  20.591 0.0000000000
99061  48.608  12.717  19.034 0.0000000000
98205  48.418  11.802  17.631 0.0000000000
99036  42.724  11.842  23.096 0.0000000000
99041  43.646  11.926  22.371 0.0000000000
99053  44.527  11.742  20.801 0.0000000000
97336  44.550  10.279  19.398 0.0000000000
98185  44.888  10.730  19.590 0.0000000000
98175  45.663  11.609  19.948 0.0000000000
98183  46.507  11.701  19.350 0.0000000000
98206  47.143  10.965  17.317 0.0000000000
98223  48.227  11.448  15.524 0.0000000000
98230  47.699  10.807  14.305 0.0000000000
97380  47.501  10.196  13.816 0.0000000000
96495  47.506  9.330  12.063 0.0000000000
94646  46.825  7.503  13.428 0.0000000000
94659  47.301  7.526  11.732 0.0000000000
98148  40.714  11.460  27.454 0.0000000000
97313  39.727  10.170  26.487 0.0000000000
96413  38.302  9.559  27.137 0.0000000000
105618  45.435  20.532  16.436 0.0000000000
106362  44.502  20.860  14.715 0.0000000000
103353  42.476  18.136  13.956 0.0000000000
102541  42.815  17.135  13.674 0.0000000000
100905  42.668  14.763  13.739 0.0000000000
102546  43.921  16.066  12.750 0.0000000000
100904  43.277  14.924  13.185 0.0000000000
100918  42.590  14.251  12.723 0.0000000000
101663  48.916  15.362  22.057 0.0000000000
100801  50.759  14.190  21.636 0.0000000000
100810  49.767  14.531  20.483 0.0000000000
100811  48.550  14.708  20.525 0.0000000000
100825  47.492  14.650  19.607 0.0000000000
100850  47.690  14.619  17.538 0.0000000000
100874  47.882  14.429  15.486 0.0000000000
99993  50.107  13.365  14.458 0.0000000000
99999  51.464  14.521  14.521 0.0000000000
101734  52.579  15.118  14.752 0.0000000000
100923  51.430  15.039  11.225 0.0000000000
101755  51.499  15.128  13.008 0.0000000000
101737  50.830  15.162  14.222 0.0000000000
100886  49.673  14.872  14.306 0.0000000000
100887  48.763  14.734  14.329 0.0000000000
100902  47.259  14.460  13.714 0.0000000000
101758  46.698  14.580  12.555 0.0000000000
101782  45.668  15.859  10.143 0.0000000000
101792  45.232  16.104  9.360 0.0000000000
101812  45.662  16.203  7.747 0.0000000000
101806  44.484  15.791  8.081 0.0000000000
101807  43.043  15.132  8.380 0.0000000000
100062  41.338  14.115  8.488 0.0000000000
94686  44.415  7.749  11.068 0.0000000000
104138  41.719  18.834  13.675 0.0000000000
99022  42.823  12.154  26.890 0.0000000000
98154  42.325  11.911  26.228 0.0000000000
100864  45.787  14.304  16.810 0.0000000000
100865  44.863  14.488  16.828 0.0000000000
101738  45.512  14.688  14.827 0.0000000000
100890  46.097  14.406  14.892 0.0000000000
98214  49.071  11.807  16.985 0.0000000000
99081  49.467  12.456  17.190 0.0000000000
98292  47.189  11.746  6.054 0.0000000000
99169  47.816  12.263  6.664 0.0000000000
98293  46.709  11.163  6.511 0.0000000000
97422  46.476  10.424  6.886 0.0000000000
101660  47.087  16.237  22.299 0.0000000000
101665  46.864  16.046  21.957 0.0000000000
101670  47.360  15.562  20.968 0.0000000000
96502  47.494  9.313  10.998 0.0000000000
97401  47.613  10.041  10.440 0.0000000000
96551  50.317  9.505  4.694 0.0000000000
96558  50.419  9.649  4.226 0.0000000000
97446  50.160  9.949  3.916 0.0000000000
99039  45.433  12.649  21.858 0.0000000000
99924  45.591  12.725  22.503 0.0000000000
99044  46.285  12.667  20.736 0.0000000000
99051  45.940  12.171  20.396 0.0000000000
96436  42.436  9.745  21.176 0.0000000000
96435  43.049  9.842  20.695 0.0000000000
95557  46.016  8.766  16.181 0.0000000000
96459  45.662  9.281  17.138 0.0000000000
96467  45.941  9.068  16.527 0.0000000000
97363  46.420  9.809  16.757 0.0000000000
96466  46.368  9.293  16.191 0.0000000000
96474  46.458  9.055  15.279 0.0000000000
104119  43.514  18.492  16.142 0.0000000000
104124  43.376  18.496  15.065 0.0000000000
100938  44.343  14.932  10.327 0.0000000000
100035  43.893  14.456  10.796 0.0000000000
100939  43.726  14.518  10.229 0.0000000000
100950  43.194  14.967  9.467 0.0000000000
99911  49.219  13.961  23.392 0.0000000000
99910  50.124  13.994  23.416 0.0000000000
99920  50.250  13.643  22.932 0.0000000000
100846  51.812  15.032  17.442 0.0000000000
100847  51.604  15.080  17.950 0.0000000000
101702  51.114  15.192  17.387 0.0000000000
101703  50.341  15.147  17.526 0.0000000000
101713  51.069  15.325  16.350 0.0000000000
100032  49.648  13.269  10.432 0.0000000000
102562  50.385  16.579  9.296 0.0000000000
102563  49.492  16.398  9.245 0.0000000000
101790  49.418  16.150  9.825 0.0000000000
101791  48.869  16.104  9.607 0.0000000000
102555  48.233  16.187  9.880 0.0000000000
102564  48.343  16.405  9.210 0.0000000000
98269  44.159  11.461  9.217 0.0000000000
98270  43.243  11.555  9.570 0.0000000000
101741  42.024  16.170  14.751 0.0000000000
99890  45.176  13.169  27.510 0.0000000000
99015  44.330  12.876  26.984 0.0000000000
99030  43.582  12.471  24.561 0.0000000000
99025  44.202  12.825  25.058 0.0000000000
99906  43.965  12.876  24.220 0.0000000000
99915  44.186  12.764  23.692 0.0000000000
102496  44.277  16.957  19.429 0.0000000000
103305  44.520  17.578  19.534 0.0000000000
102504  43.825  16.766  19.017 0.0000000000
101717  43.803  15.705  16.897 0.0000000000
102519  43.634  16.573  17.036 0.0000000000
103331  43.466  17.448  16.479 0.0000000000
101771  44.766  15.287  11.134 0.0000000000
101770  45.756  15.370  11.435 0.0000000000
99948  49.525  13.448  19.489 0.0000000000
99976  50.964  13.792  16.912 0.0000000000
99975  51.567  14.425  17.241 0.0000000000
99983  51.636  14.374  16.215 0.0000000000
100067  50.193  13.648  7.745 0.0000000000
100068  49.476  13.404  7.145 0.0000000000
100970  49.139  14.098  7.651 0.0000000000
100958  48.421  14.656  8.271 0.0000000000
98278  46.105  11.393  8.075 0.0000000000
99148  46.717  12.459  8.776 0.0000000000
99162  45.942  11.625  8.510 0.0000000000
98279  45.450  11.217  8.469 0.0000000000
97416  45.539  10.419  8.141 0.0000000000
95635  46.138  8.698  8.260 0.0000000000
95636  45.698  9.004  8.740 0.0000000000
98152  40.850  11.254  26.378 0.0000000000
97321  41.398  10.363  23.855 0.0000000000
96428  41.147  9.758  23.190 0.0000000000
96431  42.096  9.848  21.875 0.0000000000
96432  41.361  9.596  22.290 0.0000000000
101682  45.569  15.477  19.838 0.0000000000
100839  45.696  14.793  18.840 0.0000000000
100838  46.515  14.568  18.721 0.0000000000
98237  48.443  11.562  13.085 0.0000000000
98250  48.298  11.700  11.062 0.0000000000
98244  48.385  11.743  12.059 0.0000000000
99146  48.961  12.147  9.538 0.0000000000
96518  48.166  9.606  8.643 0.0000000000
96529  48.280  9.904  7.784 0.0000000000
97420  49.096  11.118  6.945 0.0000000000
98284  49.089  11.411  7.399 0.0000000000
98266  49.222  12.135  8.743 0.0000000000
99167  49.775  12.798  7.456 0.0000000000
98311  48.545  11.118  3.787 0.0000000000
99185  48.882  11.578  4.569 0.0000000000
99187  48.017  11.697  4.197 0.0000000000
99181  47.956  11.912  4.641 0.0000000000
97434  47.368  10.459  4.725 0.0000000000
96552  47.178  9.704  5.246 0.0000000000
99897  47.494  13.971  26.987 0.0000000000
100787  48.187  14.065  24.538 0.0000000000
99902  47.823  14.181  24.283 0.0000000000
99923  46.455  12.967  22.227 0.0000000000
99049  47.338  12.498  19.843 0.0000000000
99950  47.684  12.663  19.844 0.0000000000
99073  48.160  12.212  18.718 0.0000000000
98193  48.201  12.020  18.302 0.0000000000
98164  42.424  11.672  23.746 0.0000000000
98167  43.105  11.488  22.384 0.0000000000
99047  44.012  11.966  21.388 0.0000000000
96443  44.411  9.277  18.877 0.0000000000
97337  43.809  9.913  19.811 0.0000000000
97335  45.080  10.516  18.968 0.0000000000
98184  45.370  10.923  19.148 0.0000000000
98195  46.332  10.745  18.363 0.0000000000
97362  46.833  10.198  16.516 0.0000000000
98216  47.604  10.870  16.084 0.0000000000
98224  47.741  10.856  15.075 0.0000000000
94670  47.418  7.545  10.842 0.0000000000
97308  39.491  10.529  27.244 0.0000000000
97314  38.978  9.912  26.794 0.0000000000
105619  44.453  20.189  16.402 0.0000000000
105609  44.855  19.833  17.141 0.0000000000
106340  44.861  20.646  16.221 0.0000000000
106351  45.401  20.844  15.719 0.0000000000
105628  44.309  20.280  15.215 0.0000000000
104136  42.563  18.711  13.895 0.0000000000
104137  42.133  18.845  13.598 0.0000000000
102539  44.283  16.097  13.421 0.0000000000
100917  43.442  14.682  12.346 0.0000000000
100012  42.168  13.943  12.133 0.0000000000
100024  41.926  13.806  11.760 0.0000000000
100792  49.715  14.585  23.307 0.0000000000
101653  49.042  15.111  23.261 0.0000000000
101662  49.483  14.937  22.267 0.0000000000
100824  48.679  14.661  19.505 0.0000000000
100862  47.809  14.465  16.511 0.0000000000
99106  49.435  12.839  13.979 0.0000000000
100001  50.187  13.291  13.467 0.0000000000
100898  51.128  14.388  13.228 0.0000000000
100000  50.826  14.136  13.886 0.0000000000
100897  51.817  14.815  13.649 0.0000000000
100885  52.276  14.700  14.717 0.0000000000
100054  50.818  14.693  9.043 0.0000000000
100947  50.991  14.806  9.843 0.0000000000
100936  51.311  15.237  10.259 0.0000000000
101765  50.877  15.642  11.611 0.0000000000
101764  51.375  15.327  11.892 0.0000000000
101756  51.141  15.417  12.529 0.0000000000
101746  51.492  15.314  13.542 0.0000000000
101747  50.674  15.295  13.058 0.0000000000
100899  49.882  15.014  13.390 0.0000000000
100927  48.855  14.770  11.850 0.0000000000
100002  48.895  14.575  13.097 0.0000000000
100901  48.250  14.336  13.457 0.0000000000
100888  47.958  14.517  14.485 0.0000000000
100915  47.422  14.245  12.651 0.0000000000
100916  46.675  14.438  13.107 0.0000000000
102557  46.511  16.341  9.573 0.0000000000
101781  46.669  15.827  10.508 0.0000000000
102558  45.791  16.336  9.281 0.0000000000
100960  46.174  14.939  8.299 0.0000000000
101804  46.411  15.774  8.070 0.0000000000
100961  44.968  15.111  8.438 0.0000000000
100962  43.693  14.945  7.991 0.0000000000
100963  42.535  14.756  8.117 0.0000000000
100964  41.652  14.617  8.243 0.0000000000
100061  42.153  14.069  8.327 0.0000000000
98271  42.685  11.425  9.854 0.0000000000
99138  42.114  12.248  10.229 0.0000000000
95625  44.729  9.016  9.607 0.0000000000
103339  41.501  17.920  15.229 0.0000000000
103347  41.946  18.139  14.248 0.0000000000
99021  43.582  12.546  26.464 0.0000000000
99031  43.145  12.262  25.157 0.0000000000
101705  44.511  15.489  17.980 0.0000000000
102512  44.162  16.107  18.743 0.0000000000
101716  44.286  15.014  16.891 0.0000000000
101727  44.495  14.860  16.026 0.0000000000
101739  44.901  14.938  14.968 0.0000000000
101748  45.585  14.787  14.174 0.0000000000
99960  50.071  13.396  18.429 0.0000000000
99071  49.457  12.775  17.966 0.0000000000
99175  48.725  12.448  6.209 0.0000000000
100075  49.001  13.220  6.687 0.0000000000
99168  48.446  12.957  7.234 0.0000000000
99159  48.214  12.985  7.856 0.0000000000
98277  46.754  11.659  7.858 0.0000000000
97423  46.022  10.429  7.592 0.0000000000
97316  40.447  10.223  25.356 0.0000000000
102487  45.788  16.666  21.064 0.0000000000
102486  46.397  16.424  21.515 0.0000000000
101671  46.555  15.848  20.784 0.0000000000
100813  46.619  15.289  20.283 0.0000000000
98245  47.851  11.078  12.444 0.0000000000
97400  47.960  10.875  10.642 0.0000000000
97428  48.662  10.156  6.583 0.0000000000
96543  49.500  9.751  5.444 0.0000000000
97427  49.033  10.620  6.228 0.0000000000
98291  49.047  11.379  5.822 0.0000000000
98296  48.947  10.903  4.872 0.0000000000
98310  49.105  11.039  3.850 0.0000000000
99898  47.028  13.785  26.107 0.0000000000
99931  46.758  13.005  21.104 0.0000000000
99063  47.079  12.236  19.524 0.0000000000
98168  42.485  11.123  22.645 0.0000000000
98172  42.661  11.025  21.978 0.0000000000
97331  43.701  10.506  20.354 0.0000000000
96450  44.905  9.329  18.356 0.0000000000
96449  45.306  9.313  17.862 0.0000000000
97357  45.599  9.810  17.680 0.0000000000
97344  45.985  10.419  18.073 0.0000000000
98207  46.599  10.609  17.746 0.0000000000
97356  46.235  10.224  17.437 0.0000000000
96473  46.951  9.600  14.970 0.0000000000
96490  46.756  8.905  13.774 0.0000000000
93664  47.203  6.712  12.911 0.0000000000
92626  47.653  6.184  11.642 0.0000000000
104118  43.970  18.829  16.869 0.0000000000
104884  43.970  19.332  16.391 0.0000000000
105620  43.913  19.715  16.017 0.0000000000
105629  43.958  19.758  15.420 0.0000000000
102540  43.585  16.352  13.472 0.0000000000
101772  44.223  15.108  11.416 0.0000000000
100930  43.749  14.536  11.211 0.0000000000
100932  41.936  13.854  11.212 0.0000000000
101784  41.939  15.037  9.727 0.0000000000
100951  41.308  14.444  9.386 0.0000000000
99918  51.321  14.117  23.075 0.0000000000
99958  51.191  14.654  18.939 0.0000000000
99946  51.107  14.608  19.241 0.0000000000
100821  51.303  14.738  18.887 0.0000000000
100834  51.093  14.894  18.265 0.0000000000
100835  49.960  14.985  18.205 0.0000000000
100836  48.733  14.753  18.436 0.0000000000
100848  49.523  15.074  17.096 0.0000000000
101726  49.352  15.103  15.788 0.0000000000
99122  49.259  13.059  12.175 0.0000000000
100009  50.055  13.346  12.541 0.0000000000
100019  50.619  13.887  12.038 0.0000000000
100924  51.119  14.492  11.617 0.0000000000
101799  51.281  15.913  9.079 0.0000000000
101789  51.467  15.847  9.847 0.0000000000
102561  51.107  16.412  9.505 0.0000000000
101777  50.648  15.932  10.723 0.0000000000
101766  50.104  15.769  11.507 0.0000000000
100912  49.970  15.280  12.579 0.0000000000
101767  49.237  15.532  11.255 0.0000000000
101768  48.256  15.288  11.293 0.0000000000
102556  47.452  16.321  9.773 0.0000000000
100046  45.111  13.289  9.342 0.0000000000
100047  43.956  13.369  9.093 0.0000000000
100048  42.881  13.484  9.088 0.0000000000
101659  47.490  15.781  22.865 0.0000000000
102527  41.461  16.621  15.434 0.0000000000
100892  42.304  14.842  14.529 0.0000000000
100906  41.972  14.263  14.086 0.0000000000
99900  44.851  13.484  25.326 0.0000000000
99020  44.261  12.944  25.972 0.0000000000
99033  45.102  12.478  22.568 0.0000000000
99040  44.526  12.373  22.041 0.0000000000
96439  43.285  9.448  20.099 0.0000000000
95532  44.052  8.388  19.148 0.0000000000
95542  44.668  8.352  18.355 0.0000000000
95551  45.232  8.319  17.508 0.0000000000
95571  46.447  8.252  14.776 0.0000000000
103314  44.349  17.866  18.998 0.0000000000
104103  44.425  18.568  18.528 0.0000000000
102513  43.697  16.508  18.099 0.0000000000
104104  43.622  18.269  17.984 0.0000000000
99929  48.876  13.529  21.687 0.0000000000
99928  50.106  13.532  21.954 0.0000000000
99966  51.434  14.473  18.210 0.0000000000
99157  50.274  13.315  8.894 0.0000000000
100042  50.332  13.973  9.637 0.0000000000
100055  50.476  13.959  8.502 0.0000000000
100956  50.274  14.703  8.716 0.0000000000
100969  49.968  14.192  7.757 0.0000000000
101801  49.745  15.540  8.783 0.0000000000
102576  47.975  16.127  8.738 0.0000000000
100959  47.355  14.789  8.277 0.0000000000
99147  47.146  12.521  8.697 0.0000000000
100044  47.061  12.777  8.954 0.0000000000
100045  46.259  13.084  9.185 0.0000000000
98268  44.925  11.671  8.925 0.0000000000
96532  44.796  9.885  9.028 0.0000000000
95624  45.434  8.683  9.360 0.0000000000
96531  45.452  9.548  8.575 0.0000000000
98151  41.644  11.885  26.942 0.0000000000
98165  41.853  11.016  23.388 0.0000000000
97318  41.282  10.547  24.326 0.0000000000
97324  41.993  10.372  22.273 0.0000000000
103297  44.878  17.603  20.243 0.0000000000
101683  44.827  16.016  19.931 0.0000000000
101672  45.424  16.132  20.435 0.0000000000
101693  44.661  15.655  19.201 0.0000000000
101704  45.237  15.048  18.373 0.0000000000
100852  45.484  14.701  17.824 0.0000000000
99099  48.698  12.101  15.209 0.0000000000
99107  48.881  12.331  14.413 0.0000000000
99123  48.836  12.367  12.586 0.0000000000
99129  49.192  13.146  11.606 0.0000000000
100033  49.104  12.958  10.840 0.0000000000
99136  49.509  12.894  10.088 0.0000000000
97408  47.809  9.756  9.921 0.0000000000
98267  48.597  11.401  9.079 0.0000000000
99145  49.810  12.893  9.539 0.0000000000
99158  49.882  12.730  8.404 0.0000000000
99179  48.999  11.937  5.418 0.0000000000
97435  47.012  10.542  5.428 0.0000000000
96545  47.050  9.637  5.754 0.0000000000
95668  47.211  8.465  5.687 0.0000000000
99903  47.203  13.958  24.677 0.0000000000
99949  48.183  13.055  19.719 0.0000000000
99072  48.753  12.357  18.294 0.0000000000
98204  49.081  11.971  17.390 0.0000000000
98163  43.040  11.988  24.322 0.0000000000
99035  43.348  12.258  23.461 0.0000000000
99042  42.972  11.851  22.729 0.0000000000
99046  44.884  12.192  21.293 0.0000000000
97330  44.297  10.639  19.942 0.0000000000
97346  44.774  9.816  18.731 0.0000000000
98176  44.728  11.013  20.133 0.0000000000
99052  45.250  11.824  20.642 0.0000000000
98174  46.200  11.975  19.949 0.0000000000
98194  47.464  11.725  18.539 0.0000000000
98215  48.358  11.544  16.514 0.0000000000
99091  48.565  11.910  15.855 0.0000000000
97374  47.411  10.226  14.600 0.0000000000
97381  47.596  10.424  14.023 0.0000000000
97386  47.548  10.222  12.762 0.0000000000
95578  46.561  8.252  13.965 0.0000000000
95577  46.911  8.320  13.222 0.0000000000
94645  47.175  7.528  12.645 0.0000000000
95587  47.191  8.409  12.373 0.0000000000
95599  47.358  8.413  11.404 0.0000000000
97300  40.044  10.961  27.712 0.0000000000
97307  40.207  10.812  26.899 0.0000000000
97312  40.378  10.499  26.052 0.0000000000
96417  39.251  9.522  26.108 0.0000000000
106375  43.477  20.794  13.596 0.0000000000
105635  44.122  20.413  14.676 0.0000000000
106363  43.909  20.547  14.375 0.0000000000
102534  42.409  16.605  14.083 0.0000000000
101750  43.532  15.527  12.914 0.0000000000
100919  42.010  14.191  13.335 0.0000000000
100013  41.586  13.751  12.554 0.0000000000
100025  41.453  13.477  11.480 0.0000000000
101645  49.499  15.240  24.881 0.0000000000
101654  48.398  15.067  23.916 0.0000000000
101658  48.413  15.343  22.834 0.0000000000
99927  50.986  13.745  22.308 0.0000000000
100796  51.190  14.141  22.560 0.0000000000
100809  50.410  14.288  20.241 0.0000000000
100797  50.698  14.398  22.445 0.0000000000
100802  49.634  14.730  21.662 0.0000000000
100803  48.306  15.121  21.260 0.0000000000
100804  47.686  15.360  21.094 0.0000000000
100837  47.601  14.644  18.582 0.0000000000
100863  46.793  14.348  16.681 0.0000000000
100875  46.927  14.298  15.681 0.0000000000
99985  50.053  13.265  15.500 0.0000000000
99992  50.736  14.066  14.977 0.0000000000
99991  51.674  14.362  15.322 0.0000000000
100871  52.353  14.840  15.444 0.0000000000
101723  52.277  15.259  15.416 0.0000000000
100937  50.916  14.682  10.597 0.0000000000
100910  51.480  14.908  12.314 0.0000000000
101745  52.106  15.271  14.029 0.0000000000
101736  51.980  15.604  14.528 0.0000000000
101724  51.455  15.349  15.389 0.0000000000
101725  50.259  15.116  15.386 0.0000000000
100872  49.362  14.745  15.027 0.0000000000
100873  48.681  14.656  15.242 0.0000000000
100889  47.059  14.457  14.683 0.0000000000
101769  47.007  15.017  11.668 0.0000000000
100948  44.477  15.273  9.622 0.0000000000
102577  46.888  16.152  8.431 0.0000000000
102578  45.935  16.424  7.998 0.0000000000
101813  45.115  16.211  7.679 0.0000000000
102579  45.218  16.461  7.925 0.0000000000
102568  44.825  16.281  8.172 0.0000000000
101793  44.605  15.728  8.886 0.0000000000
101794  43.552  15.327  8.764 0.0000000000
101795  42.279  15.381  9.080 0.0000000000
100965  41.207  14.489  8.611 0.0000000000
100050  41.170  13.901  9.099 0.0000000000
100049  41.946  13.702  9.071 0.0000000000
99153  42.044  13.456  9.924 0.0000000000
96546  46.854  9.609  6.358 0.0000000000
95646  46.717  8.674  6.951 0.0000000000
95656  47.255  9.148  5.741 0.0000000000
96540  45.849  9.924  7.967 0.0000000000
96553  46.875  10.006  5.733 0.0000000000
96557  50.482  9.495  3.924 0.0000000000
97375  47.562  10.415  14.271 0.0000000000
97391  47.930  11.075  11.225 0.0000000000
97439  50.236  10.023  3.895 0.0000000000
97440  49.829  10.158  4.324 0.0000000000
97447  49.568  10.308  3.880 0.0000000000
97448  48.911  10.385  3.722 0.0000000000
98158  43.076  12.117  24.772 0.0000000000
98161  41.021  10.800  24.778 0.0000000000
98231  47.653  10.612  14.180 0.0000000000
98239  47.641  10.653  13.936 0.0000000000
98298  46.880  11.130  5.791 0.0000000000
98303  48.123  11.427  3.971 0.0000000000
98304  47.735  11.239  4.302 0.0000000000
99029  44.074  12.827  24.563 0.0000000000
99062  47.741  12.337  19.335 0.0000000000
99144  50.180  13.355  9.332 0.0000000000
99161  46.504  11.882  8.457 0.0000000000
99186  48.527  11.676  4.230 0.0000000000
99192  49.025  11.460  4.090 0.0000000000
99193  48.854  11.415  3.911 0.0000000000
99908  51.173  14.300  23.185 0.0000000000
99909  50.930  14.225  23.513 0.0000000000
99926  51.263  13.950  22.723 0.0000000000
99937  46.813  12.701  20.605 0.0000000000
100003  48.671  14.465  13.219 0.0000000000
100010  48.749  14.445  12.934 0.0000000000
100011  48.545  14.297  13.060 0.0000000000
100021  49.240  13.152  11.175 0.0000000000
100022  44.214  14.809  10.753 0.0000000000
100023  44.089  14.651  10.947 0.0000000000
100034  44.115  14.554  10.614 0.0000000000
100063  41.063  14.171  8.609 0.0000000000
100788  47.732  13.808  24.802 0.0000000000
100790  51.166  14.313  22.928 0.0000000000
100798  50.024  14.758  22.608 0.0000000000
100800  51.200  14.012  22.339 0.0000000000
100860  49.388  15.138  16.570 0.0000000000
100870  52.639  14.926  14.903 0.0000000000
100884  52.407  14.945  14.479 0.0000000000
100891  45.520  14.541  15.291 0.0000000000
100896  52.276  15.041  14.186 0.0000000000
100900  48.992  14.750  13.498 0.0000000000
100913  49.198  14.732  12.714 0.0000000000
100914  48.446  14.339  12.613 0.0000000000
100925  50.027  15.557  12.087 0.0000000000
100946  51.283  15.236  9.410 0.0000000000
101657  49.334  15.092  22.737 0.0000000000
101673  45.033  16.398  20.193 0.0000000000
101690  50.814  15.078  17.810 0.0000000000
101692  45.207  15.222  18.937 0.0000000000
101701  51.503  15.165  16.899 0.0000000000
101715  49.342  15.180  16.302 0.0000000000
101722  52.652  15.132  15.064 0.0000000000
101728  44.030  15.423  16.185 0.0000000000
101735  52.434  15.301  14.724 0.0000000000
101744  52.409  15.194  14.477 0.0000000000
101796  41.437  15.061  8.790 0.0000000000
101800  50.657  15.798  8.788 0.0000000000
101805  45.457  15.756  7.824 0.0000000000
101808  41.950  15.070  8.411 0.0000000000
101809  41.434  14.905  8.401 0.0000000000
101814  44.802  16.136  7.673 0.0000000000
102495  44.723  16.796  19.881 0.0000000000
102552  51.166  16.187  10.181 0.0000000000
102553  50.594  16.472  9.995 0.0000000000
102554  49.973  16.487  9.733 0.0000000000
102567  45.381  16.394  8.573 0.0000000000
102573  50.797  16.363  8.955 0.0000000000
102580  44.866  16.292  7.834 0.0000000000
102585  45.398  16.388  7.750 0.0000000000
102586  45.055  16.410  7.727 0.0000000000
102587  44.929  16.291  7.590 0.0000000000
103306  44.090  17.361  19.154 0.0000000000
105626  46.006  20.622  15.943 0.0000000000
105627  45.800  20.609  16.106 0.0000000000
106339  45.042  20.802  16.087 0.0000000000
