#!ascii label  , from subject 4004 vox2ras=TkReg
971
59114  34.067  -26.813  39.965 0.0000000000
75436  43.890  -11.189  24.954 0.0000000000
64543  37.135  -21.610  32.847 0.0000000000
47763  18.793  -36.363  47.792 0.0000000000
57918  29.294  -26.188  46.373 0.0000000000
129314  37.491  -16.031  31.830 0.0000000000
50011  24.952  -34.261  45.153 0.0000000000
46831  22.676  -37.373  46.306 0.0000000000
53243  27.194  -31.701  44.539 0.0000000000
74470  48.286  -12.440  23.269 0.0000000000
62269  34.054  -24.539  41.327 0.0000000000
64485  34.979  -22.570  38.325 0.0000000000
60170  37.989  -25.883  39.259 0.0000000000
79592  45.982  -7.589  23.160 0.0000000000
78609  49.127  -8.073  20.454 0.0000000000
76409  41.342  -10.615  28.048 0.0000000000
72298  44.565  -14.908  28.360 0.0000000000
71243  40.747  -15.822  29.158 0.0000000000
65701  41.868  -20.725  31.245 0.0000000000
54401  33.337  -31.063  42.251 0.0000000000
43981  17.823  -40.690  48.433 0.0000000000
42881  14.215  -41.590  48.504 0.0000000000
40609  11.615  -42.916  51.564 0.0000000000
57990  31.897  -26.733  42.325 0.0000000000
55585  29.944  -30.453  43.746 0.0000000000
67891  33.858  -18.555  36.391 0.0000000000
65612  38.908  -21.949  37.982 0.0000000000
83550  50.215  -3.376  16.768 0.0000000000
74460  45.805  -12.481  24.131 0.0000000000
73409  46.639  -13.982  25.533 0.0000000000
60161  35.204  -25.749  40.690 0.0000000000
61220  36.011  -24.858  38.360 0.0000000000
59111  36.399  -26.784  38.834 0.0000000000
77494  43.568  -9.262  25.052 0.0000000000
80512  45.537  -6.684  24.850 0.0000000000
77501  44.773  -9.559  23.897 0.0000000000
77515  46.578  -9.712  22.562 0.0000000000
36457  12.168  -47.725  49.648 0.0000000000
74396  40.566  -12.762  28.942 0.0000000000
74383  39.717  -12.761  30.249 0.0000000000
67952  37.126  -18.977  31.587 0.0000000000
67966  39.216  -18.679  29.700 0.0000000000
65689  39.852  -21.475  31.896 0.0000000000
64539  40.871  -21.911  34.269 0.0000000000
47760  21.399  -36.982  46.759 0.0000000000
46756  22.276  -38.941  48.512 0.0000000000
45910  20.362  -38.687  47.833 0.0000000000
44969  19.702  -40.031  49.221 0.0000000000
45912  18.422  -38.550  47.551 0.0000000000
44988  14.813  -39.671  48.992 0.0000000000
41707  12.352  -42.689  49.290 0.0000000000
57955  31.036  -26.527  44.138 0.0000000000
57992  29.540  -27.645  42.212 0.0000000000
57976  28.252  -27.493  43.925 0.0000000000
50010  27.662  -34.459  44.999 0.0000000000
52203  28.608  -33.206  45.474 0.0000000000
64457  37.899  -22.299  39.443 0.0000000000
65614  36.265  -21.595  37.746 0.0000000000
74363  39.120  -12.906  32.223 0.0000000000
67923  37.136  -16.211  33.515 0.0000000000
66807  36.363  -18.207  33.486 0.0000000000
48884  26.389  -35.706  45.087 0.0000000000
46828  25.740  -37.833  46.808 0.0000000000
47806  23.859  -36.310  45.415 0.0000000000
48873  22.318  -35.487  46.192 0.0000000000
49992  20.250  -34.419  47.365 0.0000000000
56809  27.250  -28.352  44.755 0.0000000000
55572  25.856  -29.126  45.708 0.0000000000
52227  25.954  -32.186  44.649 0.0000000000
63315  32.657  -22.588  42.784 0.0000000000
65589  31.651  -20.704  40.078 0.0000000000
62303  33.036  -23.542  39.310 0.0000000000
63357  36.704  -23.151  38.761 0.0000000000
81552  48.419  -5.342  19.502 0.0000000000
79607  47.688  -7.712  21.025 0.0000000000
76461  48.732  -10.352  21.857 0.0000000000
75428  42.094  -11.292  26.479 0.0000000000
74423  44.423  -13.264  26.400 0.0000000000
74408  42.314  -13.007  27.385 0.0000000000
72300  42.143  -14.974  28.648 0.0000000000
69093  43.615  -18.095  29.439 0.0000000000
71232  39.117  -15.743  29.802 0.0000000000
67964  41.642  -18.729  29.290 0.0000000000
55644  33.818  -29.270  40.395 0.0000000000
55642  35.845  -29.000  40.829 0.0000000000
77480  42.799  -8.601  27.759 0.0000000000
47744  17.049  -36.711  48.700 0.0000000000
44986  16.645  -39.456  48.307 0.0000000000
42879  16.290  -41.503  48.487 0.0000000000
40627  15.831  -44.032  49.740 0.0000000000
38521  14.506  -44.844  48.831 0.0000000000
38510  12.420  -45.396  49.033 0.0000000000
38487  10.548  -44.928  51.328 0.0000000000
37413  10.413  -45.217  52.677 0.0000000000
59085  32.696  -26.673  40.843 0.0000000000
56847  31.817  -28.778  41.087 0.0000000000
55600  31.123  -30.329  42.806 0.0000000000
55587  28.330  -30.212  43.788 0.0000000000
65668  35.423  -20.481  34.159 0.0000000000
65633  33.288  -20.702  37.153 0.0000000000
65642  35.166  -21.684  35.551 0.0000000000
64521  37.431  -22.675  34.793 0.0000000000
56854  38.445  -28.187  40.861 0.0000000000
82576  52.103  -4.749  15.564 0.0000000000
80566  50.152  -6.093  18.484 0.0000000000
80582  51.069  -6.327  17.345 0.0000000000
74461  45.167  -11.888  24.427 0.0000000000
74448  46.057  -13.118  24.849 0.0000000000
74449  44.899  -12.681  24.862 0.0000000000
59113  34.884  -26.704  39.600 0.0000000000
59127  35.509  -26.408  38.705 0.0000000000
58031  35.642  -27.371  39.214 0.0000000000
76432  43.485  -10.225  24.900 0.0000000000
77502  44.144  -9.234  24.534 0.0000000000
76439  44.233  -10.249  24.361 0.0000000000
76437  45.646  -10.929  23.450 0.0000000000
35458  11.195  -48.551  50.143 0.0000000000
75383  40.107  -11.640  30.997 0.0000000000
75372  40.249  -11.404  31.987 0.0000000000
65692  37.192  -20.402  31.987 0.0000000000
65704  38.112  -20.569  31.064 0.0000000000
64567  38.712  -21.558  31.601 0.0000000000
64552  40.043  -21.894  32.908 0.0000000000
64541  39.100  -21.913  33.528 0.0000000000
47762  19.708  -36.477  47.542 0.0000000000
46808  21.029  -37.819  47.490 0.0000000000
46809  20.002  -37.614  47.419 0.0000000000
45911  19.393  -38.539  47.453 0.0000000000
46810  18.908  -37.513  47.629 0.0000000000
57935  30.768  -26.242  45.223 0.0000000000
57956  29.787  -26.731  44.187 0.0000000000
57957  28.749  -27.057  44.418 0.0000000000
48883  27.476  -35.424  45.260 0.0000000000
67841  32.364  -18.844  40.697 0.0000000000
65576  39.080  -21.885  40.370 0.0000000000
67924  36.978  -17.546  33.200 0.0000000000
67913  36.605  -16.804  34.075 0.0000000000
48904  25.219  -35.050  44.647 0.0000000000
48886  24.521  -35.519  45.033 0.0000000000
50012  24.226  -34.640  45.233 0.0000000000
50014  22.731  -34.846  45.909 0.0000000000
51153  22.248  -33.957  46.862 0.0000000000
50015  21.001  -34.889  45.866 0.0000000000
57939  26.683  -27.572  46.476 0.0000000000
52204  25.283  -32.426  46.286 0.0000000000
53230  25.498  -31.288  45.777 0.0000000000
50026  25.592  -34.150  44.593 0.0000000000
50025  26.571  -34.266  44.328 0.0000000000
62271  32.498  -23.271  41.290 0.0000000000
62286  33.591  -24.433  40.102 0.0000000000
60171  37.180  -25.618  38.734 0.0000000000
62312  36.468  -24.259  38.213 0.0000000000
61204  37.847  -24.783  38.854 0.0000000000
62283  38.792  -23.786  39.940 0.0000000000
61188  39.191  -24.726  40.083 0.0000000000
80516  45.479  -6.724  24.001 0.0000000000
80542  47.502  -6.024  21.060 0.0000000000
79600  47.037  -7.785  21.931 0.0000000000
75458  47.629  -11.642  23.092 0.0000000000
77513  48.232  -10.333  22.127 0.0000000000
75457  49.030  -11.545  22.898 0.0000000000
76418  41.570  -10.363  27.144 0.0000000000
75419  41.950  -11.885  26.985 0.0000000000
75410  41.661  -11.865  27.757 0.0000000000
72301  40.965  -14.956  28.807 0.0000000000
73350  41.210  -13.944  28.356 0.0000000000
71242  41.823  -15.874  29.019 0.0000000000
70224  43.310  -16.802  29.240 0.0000000000
70225  42.510  -16.857  29.176 0.0000000000
73300  37.968  -14.465  32.058 0.0000000000
72276  38.610  -14.431  30.822 0.0000000000
70204  37.718  -15.853  30.839 0.0000000000
66845  41.152  -20.682  29.906 0.0000000000
67965  40.554  -18.748  29.430 0.0000000000
66858  41.419  -19.673  29.497 0.0000000000
67949  43.563  -19.529  30.126 0.0000000000
55630  33.151  -29.635  41.113 0.0000000000
55629  34.266  -29.750  41.191 0.0000000000
77457  42.467  -9.063  29.055 0.0000000000
77471  41.639  -9.619  27.607 0.0000000000
77482  41.821  -9.712  26.777 0.0000000000
46830  23.637  -37.643  46.317 0.0000000000
46805  23.822  -38.605  46.984 0.0000000000
43980  18.757  -40.632  48.692 0.0000000000
42866  19.591  -41.089  49.764 0.0000000000
42867  19.034  -41.631  49.832 0.0000000000
42877  18.165  -41.535  49.115 0.0000000000
47745  16.396  -36.991  49.182 0.0000000000
45896  17.050  -38.440  48.391 0.0000000000
46785  15.719  -37.924  48.798 0.0000000000
43984  14.792  -40.533  48.557 0.0000000000
43983  15.902  -40.529  48.444 0.0000000000
42880  15.238  -41.518  48.452 0.0000000000
40635  16.177  -43.164  49.084 0.0000000000
40636  15.121  -43.606  48.879 0.0000000000
39532  15.349  -44.579  49.605 0.0000000000
40637  14.070  -43.491  48.456 0.0000000000
41692  12.026  -42.557  50.269 0.0000000000
40629  12.324  -43.580  48.998 0.0000000000
39535  11.382  -44.350  49.867 0.0000000000
38511  11.649  -45.085  49.548 0.0000000000
39525  11.108  -44.235  50.802 0.0000000000
57971  32.921  -26.331  43.120 0.0000000000
58002  33.346  -26.951  41.819 0.0000000000
58003  32.514  -26.630  41.440 0.0000000000
56861  31.590  -28.056  40.785 0.0000000000
58020  30.836  -27.778  41.121 0.0000000000
56836  29.198  -28.674  42.463 0.0000000000
55618  29.893  -29.413  42.254 0.0000000000
55601  30.412  -30.094  43.126 0.0000000000
55589  26.765  -29.286  44.774 0.0000000000
55588  27.541  -29.510  44.194 0.0000000000
54377  27.934  -30.879  44.558 0.0000000000
53226  29.029  -31.823  45.251 0.0000000000
73365  44.593  -14.441  27.500 0.0000000000
73364  45.783  -14.379  27.523 0.0000000000
73347  45.384  -14.611  28.124 0.0000000000
67890  34.564  -17.942  35.823 0.0000000000
66797  34.657  -19.039  34.974 0.0000000000
66798  34.419  -20.152  35.269 0.0000000000
63376  32.371  -22.382  38.470 0.0000000000
65618  32.044  -21.194  38.536 0.0000000000
64486  33.934  -22.671  37.799 0.0000000000
65613  37.562  -21.364  37.861 0.0000000000
65631  34.950  -21.993  36.574 0.0000000000
65630  36.447  -22.136  36.672 0.0000000000
64512  36.711  -22.501  35.630 0.0000000000
64500  38.276  -22.182  36.600 0.0000000000
64509  39.709  -22.798  36.408 0.0000000000
56845  37.301  -28.723  40.918 0.0000000000
83558  50.732  -3.455  15.901 0.0000000000
80540  48.455  -6.808  20.065 0.0000000000
81551  48.967  -5.301  19.007 0.0000000000
79629  49.694  -7.164  19.654 0.0000000000
80565  51.229  -7.106  18.528 0.0000000000
79637  52.684  -7.696  18.495 0.0000000000
51150  24.641  -33.398  46.746 0.0000000000
49999  24.806  -34.192  45.868 0.0000000000
75443  47.455  -12.450  23.643 0.0000000000
73423  48.709  -13.687  23.997 0.0000000000
74446  48.058  -14.016  24.608 0.0000000000
61190  34.464  -25.046  40.703 0.0000000000
61191  34.323  -24.673  39.929 0.0000000000
61221  35.389  -25.465  38.702 0.0000000000
60183  35.768  -25.826  38.325 0.0000000000
59110  37.009  -26.514  38.930 0.0000000000
80507  45.636  -6.695  25.653 0.0000000000
78557  44.634  -8.057  24.915 0.0000000000
78579  44.921  -8.595  23.949 0.0000000000
78578  45.279  -8.300  23.793 0.0000000000
77527  46.701  -8.886  22.231 0.0000000000
77516  45.455  -9.473  23.296 0.0000000000
75459  46.483  -11.288  23.248 0.0000000000
36456  13.524  -47.851  50.238 0.0000000000
76401  41.214  -10.237  29.121 0.0000000000
75411  41.128  -11.793  28.471 0.0000000000
75391  40.162  -11.676  29.860 0.0000000000
73351  40.179  -13.906  29.303 0.0000000000
72287  39.418  -14.375  29.684 0.0000000000
67951  37.615  -17.954  31.240 0.0000000000
69081  38.284  -17.753  30.238 0.0000000000
66847  38.627  -19.661  30.411 0.0000000000
66846  39.817  -20.714  29.856 0.0000000000
65702  40.504  -20.964  31.087 0.0000000000
65688  41.251  -21.496  32.475 0.0000000000
65675  41.494  -21.633  33.796 0.0000000000
54391  32.846  -31.644  42.969 0.0000000000
46832  22.010  -37.039  46.352 0.0000000000
46779  22.419  -38.735  47.625 0.0000000000
46780  21.713  -38.556  47.945 0.0000000000
46781  21.193  -38.545  48.394 0.0000000000
45894  20.824  -39.088  48.694 0.0000000000
44983  19.379  -39.782  48.575 0.0000000000
44984  18.343  -39.874  48.238 0.0000000000
44970  15.564  -38.455  49.870 0.0000000000
44972  14.440  -39.503  49.715 0.0000000000
43973  13.339  -40.813  49.563 0.0000000000
41721  13.571  -42.566  48.576 0.0000000000
43974  12.881  -41.128  50.293 0.0000000000
42858  12.538  -41.683  50.737 0.0000000000
42833  12.488  -41.557  52.451 0.0000000000
57973  31.378  -26.853  43.195 0.0000000000
57991  30.757  -27.181  42.239 0.0000000000
57974  30.020  -26.748  42.995 0.0000000000
56837  28.879  -27.892  42.594 0.0000000000
56822  29.063  -29.075  43.081 0.0000000000
52225  27.287  -32.710  44.152 0.0000000000
52217  27.659  -32.172  44.621 0.0000000000
51158  28.095  -33.672  45.206 0.0000000000
71239  45.449  -15.508  29.126 0.0000000000
67864  33.600  -18.218  37.820 0.0000000000
64458  36.874  -22.244  39.188 0.0000000000
65601  35.610  -22.239  38.375 0.0000000000
65588  36.812  -21.984  39.206 0.0000000000
65599  37.497  -21.480  38.738 0.0000000000
83551  49.760  -3.411  17.572 0.0000000000
36459  9.880  -47.481  51.079 0.0000000000
73298  39.506  -13.501  33.884 0.0000000000
72254  37.736  -14.841  32.473 0.0000000000
129317  37.322  -15.996  33.160 0.0000000000
67939  37.276  -18.286  32.375 0.0000000000
66833  36.938  -19.407  32.181 0.0000000000
65677  36.312  -20.195  32.809 0.0000000000
47803  26.816  -36.435  45.668 0.0000000000
46827  26.712  -37.343  46.959 0.0000000000
47804  25.807  -36.477  45.601 0.0000000000
47805  24.734  -36.677  45.516 0.0000000000
47782  23.295  -36.830  45.874 0.0000000000
50013  23.403  -34.745  45.647 0.0000000000
48888  22.925  -35.508  45.712 0.0000000000
47783  22.608  -36.375  46.088 0.0000000000
47785  21.284  -36.128  46.712 0.0000000000
48865  20.300  -35.519  47.236 0.0000000000
48866  19.381  -35.351  47.526 0.0000000000
57937  28.411  -26.688  45.424 0.0000000000
57938  27.277  -27.383  45.664 0.0000000000
56810  26.690  -28.584  45.153 0.0000000000
54354  26.193  -29.789  45.114 0.0000000000
55557  25.511  -29.339  46.490 0.0000000000
53229  25.953  -30.782  45.003 0.0000000000
53244  26.346  -31.553  44.650 0.0000000000
51167  26.483  -33.369  44.081 0.0000000000
48902  26.849  -34.996  44.630 0.0000000000
65569  32.507  -20.376  43.044 0.0000000000
65579  32.131  -20.565  40.994 0.0000000000
64446  32.016  -21.494  41.545 0.0000000000
63361  32.377  -22.741  39.353 0.0000000000
62313  33.662  -23.443  38.560 0.0000000000
61207  34.351  -24.344  39.306 0.0000000000
62301  34.871  -23.932  38.546 0.0000000000
63358  35.785  -23.054  38.769 0.0000000000
63342  37.301  -22.680  39.206 0.0000000000
63340  39.193  -23.085  40.291 0.0000000000
82538  47.787  -4.831  20.661 0.0000000000
80541  47.734  -6.346  20.088 0.0000000000
78610  48.608  -7.712  20.515 0.0000000000
78588  47.153  -8.479  21.863 0.0000000000
77536  48.446  -9.131  21.432 0.0000000000
75427  43.093  -11.317  25.712 0.0000000000
74436  43.866  -12.480  25.744 0.0000000000
74437  42.824  -12.094  26.381 0.0000000000
74424  43.310  -12.977  26.834 0.0000000000
73366  43.237  -14.141  27.615 0.0000000000
74409  41.335  -12.741  28.176 0.0000000000
73349  42.432  -14.384  28.092 0.0000000000
72299  43.315  -14.869  28.401 0.0000000000
71230  44.157  -16.463  29.452 0.0000000000
70214  44.854  -17.147  29.790 0.0000000000
74376  39.117  -13.205  31.165 0.0000000000
73335  39.069  -13.946  30.497 0.0000000000
71244  39.928  -15.751  29.330 0.0000000000
69097  38.864  -17.352  29.770 0.0000000000
70217  39.831  -17.011  29.294 0.0000000000
69104  41.070  -17.402  29.107 0.0000000000
69094  42.730  -17.838  29.180 0.0000000000
56874  34.050  -27.995  39.600 0.0000000000
56873  35.052  -28.076  39.401 0.0000000000
55643  34.848  -29.247  40.520 0.0000000000
55627  36.340  -29.486  41.581 0.0000000000
78542  42.708  -8.774  26.463 0.0000000000
77488  42.456  -9.381  26.165 0.0000000000
48867  18.626  -35.557  47.855 0.0000000000
48842  18.011  -34.913  49.130 0.0000000000
47743  17.842  -36.215  47.997 0.0000000000
46811  17.948  -37.884  47.720 0.0000000000
44998  17.281  -39.208  47.825 0.0000000000
44985  17.475  -39.817  48.167 0.0000000000
44987  15.583  -39.619  48.714 0.0000000000
43982  16.896  -40.574  48.411 0.0000000000
42878  17.241  -41.477  48.631 0.0000000000
41718  16.780  -42.407  48.838 0.0000000000
40626  16.881  -43.337  49.703 0.0000000000
38497  14.713  -45.919  50.313 0.0000000000
40638  13.156  -43.550  48.533 0.0000000000
38523  13.209  -45.114  48.530 0.0000000000
37449  13.530  -46.621  49.467 0.0000000000
37450  12.538  -46.555  49.270 0.0000000000
36471  11.557  -46.824  49.641 0.0000000000
37438  10.756  -46.133  50.820 0.0000000000
38488  10.664  -44.529  51.831 0.0000000000
37424  10.554  -45.642  52.049 0.0000000000
37439  10.330  -46.859  50.964 0.0000000000
59098  34.610  -26.790  40.441 0.0000000000
59083  33.900  -26.966  41.092 0.0000000000
58017  33.144  -27.098  40.186 0.0000000000
56876  32.777  -27.749  40.119 0.0000000000
56846  32.513  -29.113  40.846 0.0000000000
55631  32.172  -29.553  41.434 0.0000000000
56848  30.772  -28.553  41.072 0.0000000000
55632  31.197  -29.421  41.479 0.0000000000
54402  32.388  -31.038  42.218 0.0000000000
56824  27.883  -28.190  43.743 0.0000000000
55604  28.181  -29.203  43.587 0.0000000000
55586  29.218  -30.643  43.742 0.0000000000
53227  28.488  -31.831  45.010 0.0000000000
54351  29.375  -31.303  44.562 0.0000000000
55570  29.594  -31.123  44.015 0.0000000000
73398  45.488  -13.657  25.890 0.0000000000
66796  35.454  -18.417  34.443 0.0000000000
66808  35.763  -18.946  33.750 0.0000000000
64534  36.428  -21.534  33.659 0.0000000000
66744  32.241  -20.156  39.454 0.0000000000
66754  32.466  -19.656  38.598 0.0000000000
66785  33.260  -19.616  36.488 0.0000000000
65615  34.980  -22.193  37.636 0.0000000000
65632  33.815  -21.570  36.694 0.0000000000
65643  33.877  -20.853  35.738 0.0000000000
64523  35.537  -21.656  34.819 0.0000000000
64522  36.308  -22.225  34.535 0.0000000000
64533  37.209  -22.270  33.782 0.0000000000
64531  39.264  -22.266  34.509 0.0000000000
56872  35.986  -27.898  39.617 0.0000000000
58013  37.495  -27.752  39.965 0.0000000000
59095  38.473  -26.635  39.776 0.0000000000
59070  40.062  -27.358  41.498 0.0000000000
59093  39.984  -26.160  40.542 0.0000000000
83563  52.266  -3.684  14.492 0.0000000000
82557  49.639  -4.605  18.172 0.0000000000
82556  49.920  -4.808  17.589 0.0000000000
80549  50.762  -7.394  19.101 0.0000000000
80583  50.413  -5.808  17.736 0.0000000000
81591  50.512  -4.827  16.691 0.0000000000
80602  51.474  -5.827  16.586 0.0000000000
81588  53.006  -5.800  16.178 0.0000000000
75435  44.555  -11.813  24.722 0.0000000000
58048  35.201  -26.784  39.043 0.0000000000
58032  34.859  -27.302  39.327 0.0000000000
76431  43.898  -10.650  24.642 0.0000000000
75447  44.164  -10.836  24.552 0.0000000000
75446  44.671  -11.164  24.315 0.0000000000
64555  37.305  -21.225  32.137 0.0000000000
65691  37.682  -21.013  31.594 0.0000000000
64554  37.967  -21.643  32.054 0.0000000000
64553  38.982  -21.723  32.369 0.0000000000
64542  38.067  -21.887  33.130 0.0000000000
57936  29.568  -26.478  45.308 0.0000000000
47802  27.853  -36.464  46.108 0.0000000000
67829  32.612  -18.379  41.367 0.0000000000
50027  24.843  -34.730  44.773 0.0000000000
51160  25.197  -33.420  45.450 0.0000000000
62270  33.164  -24.057  41.609 0.0000000000
61203  38.473  -25.109  39.551 0.0000000000
80521  45.708  -7.013  23.540 0.0000000000
80520  46.100  -6.397  23.308 0.0000000000
80527  46.645  -6.194  22.356 0.0000000000
79609  46.854  -6.605  21.989 0.0000000000
79601  46.546  -7.120  22.323 0.0000000000
76451  48.392  -10.790  22.520 0.0000000000
37422  14.804  -46.898  51.366 0.0000000000
75420  41.590  -11.165  27.162 0.0000000000
76410  41.246  -11.298  28.272 0.0000000000
70226  41.391  -16.688  29.167 0.0000000000
129318  37.585  -15.024  31.949 0.0000000000
129319  37.640  -14.977  31.330 0.0000000000
66844  42.531  -20.024  30.187 0.0000000000
55614  33.772  -30.185  41.936 0.0000000000
77458  41.685  -9.609  28.601 0.0000000000
46806  22.997  -37.966  47.167 0.0000000000
42876  19.207  -41.161  49.182 0.0000000000
41720  14.630  -42.532  48.534 0.0000000000
41719  15.705  -42.474  48.588 0.0000000000
41693  11.386  -42.814  50.891 0.0000000000
40621  11.500  -43.466  50.333 0.0000000000
40610  11.321  -43.387  51.408 0.0000000000
57972  32.411  -26.582  43.217 0.0000000000
57989  32.960  -26.475  42.641 0.0000000000
58004  31.517  -27.170  41.440 0.0000000000
55602  29.431  -29.769  43.025 0.0000000000
54374  30.539  -31.076  43.719 0.0000000000
54378  26.814  -30.487  44.660 0.0000000000
67880  33.876  -18.216  37.150 0.0000000000
67879  34.340  -17.914  36.718 0.0000000000
66783  34.447  -18.731  35.508 0.0000000000
66784  34.138  -19.259  35.725 0.0000000000
64487  32.812  -22.210  37.796 0.0000000000
65629  37.859  -21.886  37.118 0.0000000000
64501  37.422  -22.251  36.380 0.0000000000
65628  38.558  -21.944  37.165 0.0000000000
64499  39.088  -22.294  37.031 0.0000000000
84520  50.524  -2.381  16.408 0.0000000000
82578  50.731  -4.257  16.463 0.0000000000
79617  48.989  -7.295  20.130 0.0000000000
80551  49.060  -6.265  19.507 0.0000000000
79616  49.716  -7.878  19.867 0.0000000000
52186  25.055  -32.411  47.489 0.0000000000
75444  46.656  -12.054  23.645 0.0000000000
74458  47.866  -13.169  24.044 0.0000000000
74459  46.776  -12.959  24.081 0.0000000000
73410  46.159  -13.662  25.432 0.0000000000
74447  47.044  -13.739  24.925 0.0000000000
60172  35.166  -25.879  39.426 0.0000000000
58046  36.032  -26.949  38.856 0.0000000000
60184  35.375  -25.974  38.754 0.0000000000
59126  36.175  -26.455  38.456 0.0000000000
59125  36.721  -26.070  38.558 0.0000000000
79572  43.871  -8.039  25.450 0.0000000000
79576  44.263  -7.935  25.304 0.0000000000
79577  44.044  -8.142  25.265 0.0000000000
78566  44.611  -8.638  24.316 0.0000000000
77517  44.887  -8.872  23.735 0.0000000000
75445  45.702  -11.431  23.804 0.0000000000
75460  45.940  -11.071  23.387 0.0000000000
76392  41.230  -9.989  30.191 0.0000000000
76393  40.617  -10.835  29.568 0.0000000000
73334  39.494  -13.638  30.006 0.0000000000
66848  37.573  -19.553  31.096 0.0000000000
65703  39.119  -21.257  30.883 0.0000000000
64540  40.059  -22.042  33.910 0.0000000000
64551  40.762  -21.843  33.458 0.0000000000
64529  41.173  -21.929  35.125 0.0000000000
46807  21.999  -37.802  47.060 0.0000000000
44994  20.149  -39.152  47.890 0.0000000000
44996  18.876  -39.339  47.628 0.0000000000
44997  17.973  -39.245  47.800 0.0000000000
44958  13.970  -39.565  50.615 0.0000000000
43963  13.817  -40.086  49.936 0.0000000000
43964  13.445  -40.608  50.798 0.0000000000
42845  12.605  -41.748  51.611 0.0000000000
57934  32.141  -26.162  45.209 0.0000000000
57954  32.216  -26.360  44.110 0.0000000000
57975  28.792  -27.393  43.167 0.0000000000
56823  28.644  -28.529  43.128 0.0000000000
51159  27.649  -33.894  44.643 0.0000000000
51165  27.832  -33.367  44.590 0.0000000000
67851  33.431  -18.115  38.619 0.0000000000
64470  36.609  -22.152  38.944 0.0000000000
65587  37.681  -21.898  39.356 0.0000000000
65586  38.703  -21.749  39.614 0.0000000000
36460  9.439  -48.015  51.199 0.0000000000
73283  38.606  -14.151  33.629 0.0000000000
67938  37.152  -16.754  32.582 0.0000000000
66818  36.708  -18.716  32.806 0.0000000000
66834  36.477  -19.546  32.590 0.0000000000
66819  36.121  -19.308  33.083 0.0000000000
46851  23.916  -37.080  45.627 0.0000000000
50000  24.025  -34.140  46.089 0.0000000000
47784  21.867  -36.231  46.447 0.0000000000
50004  20.636  -34.821  46.678 0.0000000000
48875  20.888  -35.496  46.634 0.0000000000
57919  28.289  -26.653  46.564 0.0000000000
57920  27.499  -27.180  46.995 0.0000000000
56775  26.271  -28.211  46.757 0.0000000000
56791  26.295  -28.193  45.731 0.0000000000
55571  26.341  -28.990  45.273 0.0000000000
53245  25.793  -31.612  44.967 0.0000000000
52226  26.572  -32.529  44.263 0.0000000000
51175  26.762  -32.927  43.812 0.0000000000
48903  25.985  -35.037  44.549 0.0000000000
64433  32.001  -21.548  42.517 0.0000000000
62287  32.752  -23.773  40.402 0.0000000000
62288  32.442  -23.050  40.332 0.0000000000
62304  32.662  -23.281  39.842 0.0000000000
63360  32.816  -23.138  39.019 0.0000000000
61206  34.868  -24.946  39.045 0.0000000000
61205  35.547  -24.562  38.398 0.0000000000
62299  37.145  -23.952  38.275 0.0000000000
62300  35.911  -23.967  38.164 0.0000000000
63359  34.798  -23.393  38.573 0.0000000000
63343  36.620  -22.645  38.946 0.0000000000
63356  37.503  -23.249  39.041 0.0000000000
80511  46.288  -5.964  25.404 0.0000000000
82534  48.130  -4.176  21.172 0.0000000000
82535  47.690  -4.773  21.421 0.0000000000
79608  47.278  -7.169  21.505 0.0000000000
79619  47.592  -6.597  21.044 0.0000000000
79618  48.017  -7.272  20.595 0.0000000000
77525  48.198  -9.901  21.791 0.0000000000
76468  48.843  -9.785  21.562 0.0000000000
76425  42.344  -10.438  26.113 0.0000000000
75409  42.010  -12.371  27.200 0.0000000000
74425  42.400  -12.421  26.880 0.0000000000
74407  43.116  -13.362  27.370 0.0000000000
73384  43.457  -13.520  27.279 0.0000000000
74410  40.954  -12.247  28.696 0.0000000000
74395  41.101  -13.213  28.399 0.0000000000
73348  42.961  -14.555  27.938 0.0000000000
71240  44.308  -15.679  28.981 0.0000000000
71241  43.154  -16.017  29.008 0.0000000000
71231  43.641  -16.604  29.334 0.0000000000
70215  43.928  -17.217  29.531 0.0000000000
72289  38.461  -14.933  30.581 0.0000000000
72288  38.924  -14.842  30.151 0.0000000000
72303  39.462  -15.215  29.588 0.0000000000
67950  38.335  -18.545  30.283 0.0000000000
69098  38.230  -17.050  30.119 0.0000000000
69096  39.897  -17.602  29.287 0.0000000000
69095  40.852  -18.017  29.085 0.0000000000
69105  40.507  -17.447  29.113 0.0000000000
67972  41.521  -17.994  29.115 0.0000000000
69103  41.896  -17.504  29.187 0.0000000000
67971  42.136  -18.217  29.170 0.0000000000
56859  33.448  -28.618  39.947 0.0000000000
56858  34.425  -28.708  39.858 0.0000000000
55613  34.819  -30.332  41.937 0.0000000000
55628  35.324  -29.685  41.385 0.0000000000
78548  43.749  -7.787  26.662 0.0000000000
78541  43.168  -8.366  27.052 0.0000000000
77489  42.037  -9.955  26.378 0.0000000000
76424  42.932  -10.292  25.593 0.0000000000
46803  26.331  -37.973  47.401 0.0000000000
43970  20.426  -40.132  49.929 0.0000000000
48854  18.828  -34.810  47.704 0.0000000000
48856  17.606  -35.758  48.936 0.0000000000
46782  18.111  -37.063  47.708 0.0000000000
46783  17.428  -37.447  48.187 0.0000000000
45914  17.048  -38.916  47.855 0.0000000000
44971  15.280  -38.920  49.496 0.0000000000
45878  15.518  -38.300  49.446 0.0000000000
41717  17.448  -42.021  48.934 0.0000000000
40634  16.677  -42.911  49.227 0.0000000000
40618  16.546  -44.128  50.632 0.0000000000
39533  14.904  -44.573  49.143 0.0000000000
39524  15.064  -45.106  49.664 0.0000000000
38508  14.544  -45.311  49.205 0.0000000000
41706  12.906  -42.290  48.926 0.0000000000
41722  12.773  -42.907  48.694 0.0000000000
39534  12.061  -44.455  49.263 0.0000000000
39547  12.753  -44.416  48.713 0.0000000000
38509  13.642  -45.906  49.115 0.0000000000
38499  11.197  -45.148  50.374 0.0000000000
37451  11.533  -45.970  49.707 0.0000000000
36472  11.112  -46.554  50.015 0.0000000000
40601  10.798  -43.762  52.143 0.0000000000
40589  10.617  -43.650  52.514 0.0000000000
38480  10.557  -44.847  52.293 0.0000000000
37414  10.211  -45.615  52.490 0.0000000000
59084  33.086  -26.588  40.980 0.0000000000
59099  33.427  -26.853  40.391 0.0000000000
58034  32.978  -27.529  39.993 0.0000000000
58018  32.532  -27.250  40.526 0.0000000000
58006  29.942  -27.929  41.739 0.0000000000
58005  30.530  -27.788  41.408 0.0000000000
56849  29.922  -28.444  41.710 0.0000000000
55617  30.742  -29.802  42.212 0.0000000000
55633  30.400  -29.199  41.620 0.0000000000
55616  31.753  -30.100  42.260 0.0000000000
54392  31.741  -31.157  42.960 0.0000000000
57958  27.867  -27.427  44.588 0.0000000000
52216  28.235  -32.655  44.867 0.0000000000
52215  28.757  -32.214  45.291 0.0000000000
53207  29.700  -31.951  45.526 0.0000000000
74435  44.877  -13.140  25.756 0.0000000000
74422  45.063  -13.422  26.245 0.0000000000
67902  36.195  -17.268  34.924 0.0000000000
67903  35.231  -17.877  35.090 0.0000000000
66809  35.291  -19.642  34.215 0.0000000000
65667  35.926  -20.300  33.620 0.0000000000
66733  32.292  -19.537  40.368 0.0000000000
65617  32.758  -20.904  38.039 0.0000000000
66772  32.825  -19.698  37.544 0.0000000000
65600  36.416  -21.906  38.675 0.0000000000
65656  34.524  -20.879  35.250 0.0000000000
64511  37.855  -22.486  35.776 0.0000000000
64532  38.249  -22.452  34.102 0.0000000000
64520  38.514  -22.531  35.122 0.0000000000
56857  35.467  -28.640  39.957 0.0000000000
56856  36.659  -28.386  40.289 0.0000000000
56855  37.776  -28.285  40.537 0.0000000000
58012  38.475  -27.491  40.375 0.0000000000
58028  37.930  -27.201  39.729 0.0000000000
59080  39.920  -27.092  41.068 0.0000000000
60157  40.262  -25.964  40.622 0.0000000000
82591  51.686  -3.973  15.260 0.0000000000
83564  51.594  -3.420  14.814 0.0000000000
82590  52.330  -4.357  14.996 0.0000000000
81607  52.410  -4.931  15.453 0.0000000000
82537  48.201  -4.488  20.133 0.0000000000
80567  49.467  -5.724  18.913 0.0000000000
81565  49.530  -5.274  18.517 0.0000000000
81564  50.028  -5.349  17.950 0.0000000000
80564  52.061  -7.380  18.343 0.0000000000
81575  50.391  -5.407  17.102 0.0000000000
81574  50.919  -5.802  16.744 0.0000000000
81590  51.045  -5.181  16.387 0.0000000000
60173  35.043  -26.299  40.104 0.0000000000
59128  35.229  -26.539  39.065 0.0000000000
58047  35.567  -26.876  38.880 0.0000000000
76440  43.780  -9.737  24.631 0.0000000000
76438  45.157  -10.515  23.679 0.0000000000
76386  40.633  -10.732  30.807 0.0000000000
76372  40.435  -11.046  31.497 0.0000000000
74375  39.621  -12.261  31.552 0.0000000000
66849  37.221  -19.739  31.621 0.0000000000
65705  37.490  -20.288  31.394 0.0000000000
64568  38.326  -21.308  31.394 0.0000000000
65690  39.161  -21.583  31.621 0.0000000000
47761  20.672  -36.567  47.147 0.0000000000
43957  13.471  -40.080  51.661 0.0000000000
50009  28.134  -34.545  45.664 0.0000000000
48882  28.303  -35.464  45.991 0.0000000000
67840  32.453  -18.583  40.052 0.0000000000
63326  38.946  -22.587  40.230 0.0000000000
64445  38.652  -22.303  39.949 0.0000000000
64444  39.133  -22.240  40.456 0.0000000000
48885  25.418  -35.721  45.073 0.0000000000
50001  23.143  -34.258  46.287 0.0000000000
51152  22.789  -33.827  46.900 0.0000000000
50002  22.229  -34.501  46.396 0.0000000000
48874  21.559  -35.362  46.350 0.0000000000
56792  25.784  -28.633  46.315 0.0000000000
53208  25.317  -31.443  47.023 0.0000000000
52218  25.566  -32.326  45.226 0.0000000000
51168  25.745  -32.969  44.531 0.0000000000
63327  32.322  -22.436  41.908 0.0000000000
62257  32.871  -23.203  42.092 0.0000000000
61219  36.917  -24.870  38.501 0.0000000000
62284  38.107  -23.792  39.083 0.0000000000
61189  38.466  -24.425  39.537 0.0000000000
61187  40.048  -24.686  40.606 0.0000000000
81531  46.513  -5.297  23.929 0.0000000000
81540  47.419  -5.446  21.614 0.0000000000
80532  47.086  -6.183  21.774 0.0000000000
76452  47.115  -10.708  22.760 0.0000000000
77514  47.696  -10.099  22.348 0.0000000000
76450  49.123  -10.979  22.621 0.0000000000
76460  49.392  -10.734  22.083 0.0000000000
75466  49.531  -11.123  22.509 0.0000000000
75429  41.667  -10.812  26.796 0.0000000000
70216  43.241  -17.363  29.259 0.0000000000
73315  38.363  -14.080  32.103 0.0000000000
73314  38.633  -13.659  31.867 0.0000000000
73326  38.326  -14.321  31.510 0.0000000000
71219  38.092  -15.325  30.655 0.0000000000
70219  38.411  -16.268  30.150 0.0000000000
66859  40.281  -19.758  29.657 0.0000000000
66857  42.147  -19.406  29.502 0.0000000000
55645  32.996  -29.168  40.333 0.0000000000
77470  42.298  -9.091  28.108 0.0000000000
77481  42.232  -8.933  27.095 0.0000000000
46829  24.670  -38.099  46.555 0.0000000000
45919  25.282  -38.344  46.946 0.0000000000
46804  24.317  -38.558  46.888 0.0000000000
45908  24.502  -38.831  47.271 0.0000000000
43979  19.401  -40.450  49.137 0.0000000000
43971  19.918  -40.457  49.677 0.0000000000
42875  19.527  -40.791  49.431 0.0000000000
42855  18.686  -41.722  50.831 0.0000000000
41704  17.503  -42.497  49.528 0.0000000000
47728  16.845  -36.277  49.589 0.0000000000
46784  16.398  -37.652  48.711 0.0000000000
45897  15.896  -38.550  48.784 0.0000000000
39545  14.372  -44.323  48.664 0.0000000000
40620  12.029  -43.234  49.714 0.0000000000
40630  11.824  -43.806  49.592 0.0000000000
37403  10.199  -45.192  52.973 0.0000000000
58019  31.250  -27.668  40.991 0.0000000000
56862  30.903  -27.934  40.933 0.0000000000
54393  31.009  -30.802  43.302 0.0000000000
52202  29.260  -32.747  45.875 0.0000000000
73383  44.058  -13.698  27.066 0.0000000000
73382  45.266  -13.911  26.682 0.0000000000
69024  34.604  -17.227  36.686 0.0000000000
65655  34.931  -20.657  34.681 0.0000000000
64472  31.754  -21.880  38.790 0.0000000000
65602  31.702  -21.011  39.174 0.0000000000
64488  32.297  -21.713  38.272 0.0000000000
65616  33.521  -21.824  37.344 0.0000000000
65641  36.024  -22.168  35.803 0.0000000000
64510  38.817  -22.574  36.082 0.0000000000
55641  36.680  -28.949  41.040 0.0000000000
56844  38.013  -28.676  41.250 0.0000000000
56843  38.810  -28.338  41.436 0.0000000000
83557  51.279  -3.705  15.398 0.0000000000
82577  51.490  -4.404  15.723 0.0000000000
80552  48.048  -5.932  19.477 0.0000000000
80581  52.457  -6.987  17.739 0.0000000000
73432  48.649  -13.141  23.376 0.0000000000
74434  47.802  -14.228  25.244 0.0000000000
60182  36.472  -25.619  38.425 0.0000000000
79575  44.912  -7.430  25.223 0.0000000000
78567  44.243  -8.786  24.626 0.0000000000
78565  44.961  -7.985  24.646 0.0000000000
79583  45.167  -7.395  24.378 0.0000000000
79593  45.463  -7.395  23.764 0.0000000000
78589  46.596  -8.098  22.414 0.0000000000
78577  46.018  -8.684  22.830 0.0000000000
76454  45.447  -10.112  23.431 0.0000000000
76453  45.957  -10.504  23.171 0.0000000000
36455  14.276  -47.419  50.494 0.0000000000
76402  40.750  -11.015  28.625 0.0000000000
75401  40.655  -11.708  29.027 0.0000000000
72302  40.083  -14.990  29.263 0.0000000000
129313  37.277  -16.928  31.863 0.0000000000
69082  37.759  -16.820  30.629 0.0000000000
66860  39.502  -19.726  29.885 0.0000000000
65674  42.306  -21.106  33.456 0.0000000000
65665  42.203  -21.548  34.699 0.0000000000
54390  33.951  -31.452  43.122 0.0000000000
44968  20.320  -39.726  49.257 0.0000000000
44995  19.781  -39.267  47.760 0.0000000000
44957  14.649  -38.847  50.287 0.0000000000
43972  14.105  -40.156  49.133 0.0000000000
43985  13.876  -40.878  48.744 0.0000000000
42869  13.345  -41.612  48.836 0.0000000000
42870  12.731  -41.803  49.676 0.0000000000
43965  12.975  -41.174  50.767 0.0000000000
41680  11.842  -42.404  51.304 0.0000000000
41668  12.210  -42.316  52.073 0.0000000000
57993  29.015  -27.623  42.623 0.0000000000
51149  28.629  -33.707  46.083 0.0000000000
72297  45.754  -14.885  28.745 0.0000000000
69009  33.999  -17.865  37.633 0.0000000000
67892  33.418  -18.723  36.754 0.0000000000
64471  36.027  -22.447  38.697 0.0000000000
65598  38.577  -21.574  38.911 0.0000000000
78608  49.984  -8.555  20.398 0.0000000000
35459  10.219  -48.266  50.586 0.0000000000
74344  39.440  -12.914  33.079 0.0000000000
73299  38.468  -13.862  32.813 0.0000000000
73284  37.824  -15.151  33.413 0.0000000000
65693  36.692  -20.093  32.372 0.0000000000
65676  36.827  -20.801  32.517 0.0000000000
46849  27.077  -37.104  46.176 0.0000000000
47779  26.221  -37.071  46.220 0.0000000000
47780  25.339  -37.309  46.043 0.0000000000
47781  24.770  -37.423  45.942 0.0000000000
46850  24.329  -37.418  45.938 0.0000000000
48887  23.641  -35.467  45.324 0.0000000000
47807  23.212  -36.122  45.604 0.0000000000
48890  21.059  -35.156  46.056 0.0000000000
56790  26.852  -28.104  45.308 0.0000000000
54355  25.709  -30.105  45.756 0.0000000000
52235  26.900  -32.733  43.907 0.0000000000
51166  27.300  -33.575  44.081 0.0000000000
50024  27.241  -34.362  44.515 0.0000000000
48901  27.316  -34.841  44.786 0.0000000000
66724  32.524  -19.411  42.197 0.0000000000
65578  32.144  -20.470  41.965 0.0000000000
64447  31.880  -21.551  40.632 0.0000000000
63328  32.146  -22.345  41.091 0.0000000000
63344  32.013  -22.420  40.328 0.0000000000
64460  31.552  -21.779  39.721 0.0000000000
63375  33.119  -23.070  38.492 0.0000000000
63374  34.231  -23.224  38.333 0.0000000000
62285  34.147  -24.682  40.506 0.0000000000
62302  33.957  -23.829  38.840 0.0000000000
63373  35.158  -22.911  38.635 0.0000000000
64459  36.371  -22.545  38.854 0.0000000000
63341  38.315  -22.932  39.640 0.0000000000
81545  47.791  -5.412  19.969 0.0000000000
81546  47.560  -5.479  20.762 0.0000000000
78600  47.487  -8.031  21.409 0.0000000000
77526  47.451  -9.323  21.867 0.0000000000
77537  47.731  -8.666  21.450 0.0000000000
78599  48.241  -8.215  20.895 0.0000000000
78598  49.190  -8.722  20.944 0.0000000000
75426  43.720  -11.796  25.344 0.0000000000
74450  44.206  -11.992  25.155 0.0000000000
74438  42.307  -11.931  26.691 0.0000000000
72309  44.010  -14.620  27.802 0.0000000000
73367  41.949  -13.621  27.923 0.0000000000
73368  41.365  -13.390  28.180 0.0000000000
72310  43.749  -14.720  27.986 0.0000000000
71229  45.206  -16.322  29.539 0.0000000000
73325  38.792  -13.927  31.216 0.0000000000
74384  39.349  -13.373  30.489 0.0000000000
70218  39.403  -16.692  29.532 0.0000000000
70228  39.613  -16.118  29.429 0.0000000000
70227  40.257  -16.727  29.223 0.0000000000
67963  42.813  -18.873  29.582 0.0000000000
67962  44.068  -19.012  29.671 0.0000000000
78549  43.235  -8.495  25.901 0.0000000000
78550  42.799  -8.896  26.194 0.0000000000
77487  43.135  -9.532  25.548 0.0000000000
75437  43.292  -10.780  25.238 0.0000000000
45907  25.637  -38.792  47.544 0.0000000000
46778  23.102  -39.019  47.344 0.0000000000
49993  19.468  -34.507  47.677 0.0000000000
48855  18.344  -35.092  48.356 0.0000000000
45895  17.596  -38.127  48.146 0.0000000000
45913  17.610  -38.632  47.850 0.0000000000
41705  16.956  -42.791  49.302 0.0000000000
40625  17.444  -42.992  50.095 0.0000000000
39523  15.500  -44.894  50.279 0.0000000000
37435  14.585  -46.892  50.552 0.0000000000
39546  13.588  -44.339  48.409 0.0000000000
38522  14.005  -45.020  48.676 0.0000000000
38498  14.009  -46.326  49.699 0.0000000000
37436  14.022  -46.888  49.987 0.0000000000
37437  13.205  -47.177  49.621 0.0000000000
36458  10.736  -47.290  50.137 0.0000000000
40611  11.003  -43.719  51.840 0.0000000000
39515  10.884  -44.144  51.501 0.0000000000
39507  10.579  -44.107  52.203 0.0000000000
38481  10.643  -44.358  51.981 0.0000000000
64421  32.276  -21.631  43.381 0.0000000000
60162  35.180  -26.402  40.530 0.0000000000
58033  33.608  -27.232  39.825 0.0000000000
56875  33.128  -27.915  39.755 0.0000000000
56860  32.543  -28.344  40.356 0.0000000000
55615  32.773  -30.134  42.001 0.0000000000
55603  28.765  -29.603  43.311 0.0000000000
53228  27.985  -31.752  44.750 0.0000000000
54353  28.298  -31.464  44.736 0.0000000000
54352  28.661  -31.374  44.724 0.0000000000
54376  28.762  -30.928  44.242 0.0000000000
54375  29.108  -31.057  44.094 0.0000000000
55569  29.770  -30.899  43.814 0.0000000000
54350  30.057  -31.370  44.255 0.0000000000
73411  45.493  -13.285  25.348 0.0000000000
73397  46.103  -14.267  25.889 0.0000000000
73381  46.436  -14.409  26.720 0.0000000000
67888  36.529  -16.336  35.543 0.0000000000
67914  36.047  -17.926  34.117 0.0000000000
64544  36.576  -20.905  33.135 0.0000000000
67830  32.287  -19.030  40.962 0.0000000000
66732  32.409  -19.126  39.999 0.0000000000
66743  32.441  -19.278  39.579 0.0000000000
66755  32.166  -20.522  38.718 0.0000000000
67852  32.794  -18.707  39.034 0.0000000000
67865  33.053  -18.838  38.146 0.0000000000
67881  33.157  -18.781  37.254 0.0000000000
65644  33.447  -20.691  36.474 0.0000000000
64513  35.931  -22.081  35.270 0.0000000000
65654  35.709  -21.206  34.219 0.0000000000
64530  40.170  -22.011  34.890 0.0000000000
64519  39.479  -22.483  35.485 0.0000000000
64518  40.417  -22.492  35.772 0.0000000000
58030  36.441  -27.227  39.190 0.0000000000
58014  36.787  -27.752  39.629 0.0000000000
58029  37.272  -27.244  39.395 0.0000000000
59109  37.765  -26.717  39.374 0.0000000000
56842  39.454  -28.230  41.790 0.0000000000
57998  39.473  -27.694  41.365 0.0000000000
58011  39.253  -27.360  40.831 0.0000000000
59094  39.437  -26.600  40.417 0.0000000000
60159  38.990  -25.772  39.811 0.0000000000
60158  39.858  -25.578  40.461 0.0000000000
60146  40.234  -25.176  40.767 0.0000000000
83545  49.537  -3.604  18.425 0.0000000000
82566  49.750  -4.165  17.765 0.0000000000
82565  50.111  -4.337  17.091 0.0000000000
80550  50.237  -6.914  19.163 0.0000000000
81589  52.094  -5.343  15.944 0.0000000000
80601  52.290  -6.201  16.734 0.0000000000
36441  14.584  -47.296  50.873 0.0000000000
39516  10.758  -44.073  51.824 0.0000000000
40628  15.291  -44.181  49.341 0.0000000000
41681  11.486  -42.860  51.310 0.0000000000
45909  23.998  -38.904  47.345 0.0000000000
46760  15.444  -38.088  48.968 0.0000000000
48889  21.249  -34.994  46.015 0.0000000000
50003  21.266  -34.726  46.311 0.0000000000
50016  20.799  -34.966  46.126 0.0000000000
51174  26.996  -33.147  43.714 0.0000000000
52224  27.718  -33.062  44.339 0.0000000000
52234  27.012  -32.871  43.747 0.0000000000
57999  38.862  -27.782  41.015 0.0000000000
59064  32.892  -26.493  42.932 0.0000000000
59100  32.888  -26.778  40.679 0.0000000000
59112  35.268  -26.297  39.074 0.0000000000
61157  33.041  -23.494  42.061 0.0000000000
61174  33.166  -23.710  42.055 0.0000000000
61175  32.945  -23.583  41.837 0.0000000000
62272  32.226  -22.816  40.772 0.0000000000
62311  36.676  -24.463  38.299 0.0000000000
62314  33.439  -23.477  38.784 0.0000000000
65577  38.416  -22.054  39.658 0.0000000000
65666  41.457  -21.775  34.468 0.0000000000
66725  32.253  -19.533  41.336 0.0000000000
71233  38.607  -15.419  30.295 0.0000000000
71245  39.512  -15.697  29.513 0.0000000000
72277  38.130  -14.723  30.943 0.0000000000
75465  49.839  -11.417  22.591 0.0000000000
76426  41.834  -10.412  26.574 0.0000000000
77500  45.216  -9.925  23.587 0.0000000000
78556  44.846  -7.822  24.930 0.0000000000
78558  44.037  -8.490  25.032 0.0000000000
80533  46.862  -6.338  22.048 0.0000000000
83565  51.068  -3.136  15.359 0.0000000000
83572  52.060  -3.169  14.217 0.0000000000
