#!ascii label  , from subject 4004 vox2ras=TkReg
1392
40598  16.841  -44.369  52.853 0.0000000000
69067  46.736  -18.518  31.260 0.0000000000
53203  33.250  -32.634  46.009 0.0000000000
54316  41.690  -30.838  47.534 0.0000000000
46848  27.413  -37.018  46.699 0.0000000000
42811  23.840  -41.219  55.061 0.0000000000
76447  53.706  -11.152  22.763 0.0000000000
75365  53.785  -11.777  33.105 0.0000000000
63311  40.126  -22.457  41.918 0.0000000000
81605  54.235  -5.590  15.144 0.0000000000
49901  32.872  -35.208  51.680 0.0000000000
43937  20.248  -41.254  54.178 0.0000000000
75418  53.990  -12.316  28.283 0.0000000000
74421  48.944  -13.497  27.885 0.0000000000
66780  46.444  -20.207  36.379 0.0000000000
67897  51.217  -18.697  35.760 0.0000000000
65640  42.696  -21.355  36.731 0.0000000000
55610  38.197  -29.412  42.234 0.0000000000
52197  38.156  -33.401  45.685 0.0000000000
46709  29.776  -37.844  51.459 0.0000000000
43896  28.223  -40.302  55.280 0.0000000000
44951  25.883  -39.991  50.144 0.0000000000
45859  21.483  -39.384  49.788 0.0000000000
51136  29.975  -34.031  46.914 0.0000000000
78573  58.192  -8.342  23.745 0.0000000000
78535  57.996  -8.758  27.727 0.0000000000
71203  49.514  -15.534  32.169 0.0000000000
66700  42.280  -20.296  43.523 0.0000000000
57945  42.912  -27.307  44.305 0.0000000000
79625  53.258  -8.169  19.178 0.0000000000
80546  57.817  -6.242  19.393 0.0000000000
81584  59.513  -5.539  16.569 0.0000000000
47671  32.459  -36.720  53.855 0.0000000000
41655  18.405  -42.773  53.649 0.0000000000
42771  18.984  -41.787  57.069 0.0000000000
40558  17.566  -43.494  56.104 0.0000000000
73408  48.802  -14.060  24.802 0.0000000000
67847  46.856  -19.088  39.241 0.0000000000
67860  48.944  -18.446  38.570 0.0000000000
35400  13.211  -48.540  53.790 0.0000000000
65674  42.306  -21.106  33.456 0.0000000000
53241  33.251  -32.122  44.752 0.0000000000
53238  35.946  -31.893  44.296 0.0000000000
53201  35.198  -33.247  45.683 0.0000000000
46753  28.387  -37.418  48.957 0.0000000000
45835  28.247  -38.984  51.118 0.0000000000
45890  27.156  -38.566  48.430 0.0000000000
48872  28.717  -35.485  46.702 0.0000000000
48838  30.479  -36.059  49.268 0.0000000000
43915  26.376  -40.727  54.454 0.0000000000
77509  55.377  -9.785  22.909 0.0000000000
77498  58.688  -8.546  25.460 0.0000000000
76430  57.214  -10.764  25.612 0.0000000000
75388  54.019  -11.569  30.639 0.0000000000
76390  56.137  -9.990  30.702 0.0000000000
70213  45.822  -17.084  30.133 0.0000000000
71227  47.718  -15.427  30.319 0.0000000000
70192  48.022  -16.859  31.779 0.0000000000
65575  39.623  -21.436  40.730 0.0000000000
65584  40.401  -21.259  40.061 0.0000000000
65556  40.327  -20.977  43.045 0.0000000000
54343  40.569  -30.465  45.368 0.0000000000
56815  40.716  -28.583  43.243 0.0000000000
55548  42.453  -29.298  46.506 0.0000000000
77533  51.350  -9.715  21.523 0.0000000000
79627  51.254  -7.920  19.347 0.0000000000
78586  53.597  -9.769  21.582 0.0000000000
78592  55.651  -8.255  21.769 0.0000000000
82602  58.090  -4.876  14.038 0.0000000000
81587  57.052  -6.107  15.950 0.0000000000
81562  58.851  -5.727  18.676 0.0000000000
79660  56.154  -7.163  16.892 0.0000000000
52152  33.116  -34.016  48.718 0.0000000000
52150  34.650  -34.322  48.683 0.0000000000
51046  34.503  -34.503  51.524 0.0000000000
43920  21.542  -40.768  54.825 0.0000000000
43874  23.269  -41.215  57.387 0.0000000000
42769  20.811  -41.250  57.883 0.0000000000
75455  50.958  -11.732  23.001 0.0000000000
74444  54.374  -13.091  25.645 0.0000000000
73405  51.694  -13.985  25.459 0.0000000000
73359  51.504  -13.342  27.865 0.0000000000
74381  51.559  -12.505  30.496 0.0000000000
66815  46.836  -19.598  32.925 0.0000000000
67920  48.854  -18.494  33.407 0.0000000000
66790  49.572  -19.718  35.813 0.0000000000
62281  40.271  -24.203  40.739 0.0000000000
55469  43.459  -29.695  50.025 0.0000000000
38478  15.802  -45.528  52.524 0.0000000000
38460  16.218  -45.168  55.362 0.0000000000
37394  13.943  -46.956  54.725 0.0000000000
66842  44.576  -19.722  31.031 0.0000000000
66817  44.711  -20.268  33.321 0.0000000000
66782  44.524  -20.106  35.926 0.0000000000
67849  45.141  -19.293  40.035 0.0000000000
55612  35.927  -30.295  42.293 0.0000000000
54345  38.665  -31.362  44.445 0.0000000000
52195  40.233  -32.191  46.182 0.0000000000
51115  36.839  -34.169  48.350 0.0000000000
49985  39.603  -34.464  47.753 0.0000000000
46660  30.964  -37.886  54.031 0.0000000000
44888  29.832  -39.271  55.601 0.0000000000
45810  29.043  -38.768  53.388 0.0000000000
44907  27.610  -39.798  53.028 0.0000000000
44923  24.558  -40.537  52.172 0.0000000000
45892  24.838  -39.328  48.419 0.0000000000
45836  23.530  -39.699  50.581 0.0000000000
44925  22.536  -40.239  52.478 0.0000000000
44927  20.968  -40.392  52.010 0.0000000000
42843  18.835  -41.780  51.531 0.0000000000
41691  17.872  -42.529  50.618 0.0000000000
54349  31.017  -31.916  44.419 0.0000000000
53207  29.700  -31.951  45.526 0.0000000000
52183  31.222  -32.676  47.047 0.0000000000
51096  31.104  -34.018  49.494 0.0000000000
47695  31.290  -36.441  51.585 0.0000000000
77484  59.399  -9.506  26.719 0.0000000000
76416  56.124  -10.993  28.048 0.0000000000
73345  47.214  -14.443  28.494 0.0000000000
72283  48.974  -14.065  30.168 0.0000000000
73308  51.722  -13.679  32.333 0.0000000000
70164  50.754  -17.245  33.842 0.0000000000
71184  52.402  -15.372  33.872 0.0000000000
64497  40.800  -22.474  37.595 0.0000000000
66742  43.019  -20.757  39.793 0.0000000000
67814  43.970  -19.256  42.875 0.0000000000
59069  40.798  -26.826  41.692 0.0000000000
61138  41.752  -24.301  42.598 0.0000000000
57881  43.228  -27.910  48.506 0.0000000000
60099  43.390  -25.428  45.602 0.0000000000
63288  42.220  -22.415  44.640 0.0000000000
65527  42.272  -21.065  45.474 0.0000000000
66671  43.693  -19.687  45.440 0.0000000000
80600  53.628  -6.762  16.705 0.0000000000
79623  55.463  -7.513  19.023 0.0000000000
80525  57.360  -6.714  21.552 0.0000000000
47648  33.170  -36.960  55.072 0.0000000000
40596  17.891  -43.337  52.804 0.0000000000
40574  18.095  -43.370  54.888 0.0000000000
40576  17.158  -43.981  54.096 0.0000000000
67836  46.599  -18.995  40.136 0.0000000000
68959  47.742  -18.063  40.432 0.0000000000
35436  12.729  -48.931  51.979 0.0000000000
53223  32.889  -32.042  45.434 0.0000000000
53221  34.882  -31.989  45.590 0.0000000000
53202  34.209  -32.881  45.857 0.0000000000
46775  28.298  -37.334  48.311 0.0000000000
46754  28.170  -38.128  49.131 0.0000000000
46802  27.132  -37.778  47.657 0.0000000000
50009  28.134  -34.545  45.664 0.0000000000
47777  28.460  -36.248  46.872 0.0000000000
47742  28.853  -36.690  48.426 0.0000000000
43916  25.140  -41.346  54.811 0.0000000000
42780  24.295  -41.417  56.635 0.0000000000
76446  54.651  -10.841  23.108 0.0000000000
76444  56.732  -10.710  23.811 0.0000000000
75450  55.799  -11.436  23.879 0.0000000000
75381  53.431  -11.526  31.648 0.0000000000
76379  54.389  -11.128  32.101 0.0000000000
70203  46.370  -17.346  30.671 0.0000000000
70202  46.899  -16.939  31.023 0.0000000000
69066  47.684  -17.893  31.697 0.0000000000
63325  39.468  -22.543  40.750 0.0000000000
64431  39.675  -22.016  41.678 0.0000000000
65566  39.847  -21.580  41.774 0.0000000000
64418  40.422  -21.700  42.967 0.0000000000
54317  41.434  -30.876  46.898 0.0000000000
55565  41.370  -30.133  46.039 0.0000000000
55530  42.162  -30.215  47.668 0.0000000000
77512  52.559  -10.673  22.349 0.0000000000
77532  52.305  -9.747  21.730 0.0000000000
77511  53.398  -10.623  22.360 0.0000000000
77522  54.151  -10.148  21.931 0.0000000000
81617  55.972  -5.518  14.397 0.0000000000
81604  55.277  -5.919  15.089 0.0000000000
80613  56.359  -6.414  15.986 0.0000000000
80614  55.566  -6.439  15.779 0.0000000000
51094  32.968  -34.315  49.772 0.0000000000
51093  33.752  -34.492  49.651 0.0000000000
49926  33.514  -34.473  51.034 0.0000000000
43936  20.774  -40.646  54.030 0.0000000000
43903  21.498  -41.178  55.923 0.0000000000
42799  20.370  -41.404  55.817 0.0000000000
41603  18.482  -42.440  58.815 0.0000000000
42743  19.695  -41.132  59.368 0.0000000000
74468  50.202  -12.548  23.273 0.0000000000
73429  51.309  -13.581  23.678 0.0000000000
73430  50.368  -13.374  23.601 0.0000000000
73379  48.867  -14.105  27.345 0.0000000000
73393  50.857  -14.015  26.365 0.0000000000
74419  50.169  -13.510  27.823 0.0000000000
74392  51.895  -12.586  29.509 0.0000000000
74394  50.123  -13.267  28.964 0.0000000000
66792  47.144  -20.179  35.259 0.0000000000
66791  48.505  -19.807  35.174 0.0000000000
66779  47.598  -20.081  36.496 0.0000000000
75464  50.425  -11.410  22.623 0.0000000000
38479  15.255  -45.938  53.222 0.0000000000
37401  14.313  -46.890  53.084 0.0000000000
65699  43.697  -20.268  31.604 0.0000000000
65685  44.360  -20.355  32.601 0.0000000000
65686  43.761  -20.430  32.217 0.0000000000
65652  43.143  -20.981  35.210 0.0000000000
65638  43.821  -20.511  35.625 0.0000000000
65625  43.893  -20.475  36.554 0.0000000000
66752  45.068  -20.047  38.354 0.0000000000
66753  43.998  -20.321  38.271 0.0000000000
54400  34.357  -30.843  42.505 0.0000000000
53220  36.120  -32.532  44.869 0.0000000000
54368  36.638  -31.168  44.117 0.0000000000
52212  38.303  -32.886  44.836 0.0000000000
53217  39.253  -31.952  44.900 0.0000000000
52196  39.242  -32.649  45.688 0.0000000000
51091  35.501  -34.578  49.390 0.0000000000
51116  36.027  -34.312  48.531 0.0000000000
51064  36.978  -34.525  50.028 0.0000000000
49944  38.860  -34.831  49.378 0.0000000000
49966  40.999  -34.053  48.525 0.0000000000
46690  30.306  -37.312  52.475 0.0000000000
45809  29.780  -38.307  53.603 0.0000000000
45820  29.431  -38.238  52.810 0.0000000000
44935  26.810  -39.965  50.970 0.0000000000
44920  27.661  -39.272  51.887 0.0000000000
44921  26.611  -39.882  52.116 0.0000000000
44922  25.586  -40.309  52.204 0.0000000000
45920  25.032  -38.583  47.016 0.0000000000
46757  21.821  -38.786  48.806 0.0000000000
45857  22.984  -39.306  49.575 0.0000000000
46710  22.453  -39.353  49.784 0.0000000000
44939  22.838  -39.915  51.265 0.0000000000
44940  21.785  -39.875  51.020 0.0000000000
44926  21.417  -40.087  52.147 0.0000000000
44941  21.018  -40.258  51.295 0.0000000000
41690  18.174  -42.026  50.892 0.0000000000
54373  31.331  -31.489  43.773 0.0000000000
54374  30.539  -31.076  43.719 0.0000000000
51148  29.267  -33.490  46.545 0.0000000000
52201  29.936  -32.386  46.131 0.0000000000
53206  30.460  -32.282  45.805 0.0000000000
52184  30.435  -32.919  46.958 0.0000000000
52168  31.135  -33.693  47.964 0.0000000000
51117  31.074  -34.339  48.355 0.0000000000
47710  29.887  -37.022  49.748 0.0000000000
48827  31.196  -36.061  49.814 0.0000000000
47696  30.668  -37.031  51.392 0.0000000000
47686  30.768  -36.993  52.338 0.0000000000
44889  29.040  -39.965  55.962 0.0000000000
38456  15.504  -45.742  56.889 0.0000000000
39477  15.987  -45.029  57.574 0.0000000000
79582  59.104  -7.746  24.118 0.0000000000
78547  58.364  -8.323  26.765 0.0000000000
78546  58.977  -8.178  26.518 0.0000000000
79553  59.115  -8.335  27.197 0.0000000000
77474  58.810  -9.372  28.338 0.0000000000
74430  54.712  -12.669  26.598 0.0000000000
74414  55.682  -12.006  26.968 0.0000000000
76417  55.017  -11.311  28.478 0.0000000000
77436  56.878  -9.392  30.785 0.0000000000
72266  48.792  -15.415  31.216 0.0000000000
72284  48.303  -14.527  30.016 0.0000000000
72265  49.401  -14.881  31.411 0.0000000000
74374  50.431  -13.543  31.122 0.0000000000
72263  51.093  -14.283  32.171 0.0000000000
67909  50.133  -18.716  34.420 0.0000000000
69045  50.145  -17.780  33.868 0.0000000000
69044  50.943  -17.813  34.593 0.0000000000
64484  39.430  -22.429  37.665 0.0000000000
66722  41.603  -20.473  41.568 0.0000000000
66731  41.769  -20.793  40.687 0.0000000000
66721  42.659  -20.187  42.008 0.0000000000
66729  43.693  -20.066  41.397 0.0000000000
66709  43.383  -19.608  43.368 0.0000000000
55626  37.359  -29.187  41.572 0.0000000000
56833  38.395  -28.873  41.737 0.0000000000
57947  41.857  -27.835  43.681 0.0000000000
57983  40.592  -27.758  42.336 0.0000000000
59059  41.813  -26.652  42.783 0.0000000000
60133  41.703  -25.448  42.306 0.0000000000
59058  42.397  -26.077  43.295 0.0000000000
56718  42.890  -28.947  49.408 0.0000000000
61095  43.283  -24.417  46.180 0.0000000000
61109  43.075  -24.274  45.143 0.0000000000
63277  42.681  -22.323  45.510 0.0000000000
64393  42.057  -21.585  45.004 0.0000000000
64358  43.109  -21.491  46.421 0.0000000000
79626  52.259  -8.237  19.101 0.0000000000
79636  53.689  -7.941  18.450 0.0000000000
79635  54.694  -7.814  18.342 0.0000000000
79624  54.474  -8.101  19.361 0.0000000000
78584  56.103  -8.248  22.334 0.0000000000
79599  56.277  -7.766  21.781 0.0000000000
79591  57.404  -7.558  22.811 0.0000000000
79597  57.929  -7.060  22.505 0.0000000000
81600  59.536  -5.247  15.662 0.0000000000
81550  58.508  -5.764  19.500 0.0000000000
80536  58.706  -6.136  20.354 0.0000000000
80530  57.910  -6.419  21.088 0.0000000000
48789  32.537  -35.782  52.512 0.0000000000
49878  33.466  -35.218  52.266 0.0000000000
48769  32.759  -36.206  53.392 0.0000000000
42814  18.875  -42.038  54.168 0.0000000000
42800  19.599  -41.661  55.533 0.0000000000
42801  18.888  -41.950  55.140 0.0000000000
40547  18.253  -42.902  56.980 0.0000000000
41616  17.877  -42.953  58.277 0.0000000000
74434  47.802  -14.228  25.244 0.0000000000
73380  47.612  -14.319  26.908 0.0000000000
66768  46.754  -19.662  37.449 0.0000000000
66767  47.899  -19.550  37.853 0.0000000000
67846  47.464  -18.659  39.083 0.0000000000
68970  48.555  -17.668  39.717 0.0000000000
36431  13.980  -47.878  52.129 0.0000000000
35435  13.482  -48.545  51.584 0.0000000000
34357  12.489  -49.549  53.670 0.0000000000
65687  42.602  -20.811  32.336 0.0000000000
64528  41.831  -21.740  35.641 0.0000000000
54389  34.970  -31.244  43.208 0.0000000000
54370  34.619  -31.849  43.884 0.0000000000
53200  35.741  -33.128  45.330 0.0000000000
52199  36.127  -33.362  45.809 0.0000000000
46730  29.471  -37.726  50.509 0.0000000000
45852  29.337  -38.310  51.218 0.0000000000
46731  28.592  -37.819  49.813 0.0000000000
44949  27.497  -39.158  49.693 0.0000000000
44966  26.008  -39.615  49.263 0.0000000000
44955  20.913  -39.698  50.264 0.0000000000
44982  20.190  -39.348  48.283 0.0000000000
51149  28.629  -33.707  46.083 0.0000000000
49987  29.305  -34.851  46.914 0.0000000000
49970  30.535  -35.075  48.415 0.0000000000
48863  29.820  -35.365  48.085 0.0000000000
47726  29.622  -36.568  48.919 0.0000000000
43897  27.325  -40.460  55.700 0.0000000000
77508  56.443  -9.591  23.306 0.0000000000
78564  58.530  -8.405  24.413 0.0000000000
76443  57.485  -10.126  24.237 0.0000000000
76429  57.775  -9.807  25.762 0.0000000000
77485  57.577  -9.346  26.911 0.0000000000
75407  53.679  -12.292  28.923 0.0000000000
76408  55.177  -11.103  28.969 0.0000000000
75387  54.791  -11.110  30.480 0.0000000000
76363  55.862  -10.016  32.291 0.0000000000
71238  46.235  -15.295  29.273 0.0000000000
71228  46.557  -15.976  29.931 0.0000000000
71217  47.569  -16.257  30.904 0.0000000000
71188  49.169  -16.237  32.233 0.0000000000
69031  51.857  -17.710  35.444 0.0000000000
65598  38.577  -21.574  38.911 0.0000000000
65597  39.732  -21.942  39.180 0.0000000000
65585  39.512  -21.452  39.927 0.0000000000
65565  40.199  -20.960  41.751 0.0000000000
66701  41.353  -20.556  43.276 0.0000000000
54385  39.456  -30.058  43.824 0.0000000000
55595  39.776  -29.423  43.684 0.0000000000
55582  40.364  -29.513  44.089 0.0000000000
55580  41.907  -29.277  45.100 0.0000000000
56783  42.566  -28.568  45.607 0.0000000000
77542  50.436  -9.065  20.715 0.0000000000
79615  50.473  -8.180  19.805 0.0000000000
78596  51.607  -9.141  20.867 0.0000000000
78606  52.154  -8.821  20.399 0.0000000000
78605  53.140  -8.857  20.472 0.0000000000
78604  54.206  -8.630  20.531 0.0000000000
77530  54.767  -9.439  21.818 0.0000000000
78576  55.523  -8.976  22.639 0.0000000000
81628  56.473  -5.104  13.781 0.0000000000
81615  58.157  -5.237  14.700 0.0000000000
81585  58.836  -5.161  16.429 0.0000000000
81571  59.212  -5.680  17.625 0.0000000000
82575  58.191  -5.341  17.250 0.0000000000
80577  57.544  -6.431  17.582 0.0000000000
80562  57.148  -7.150  18.167 0.0000000000
53174  32.928  -33.406  47.154 0.0000000000
52182  33.916  -33.606  47.429 0.0000000000
52151  33.919  -34.235  48.672 0.0000000000
51092  34.565  -34.677  49.506 0.0000000000
51044  35.912  -34.810  51.163 0.0000000000
43901  23.032  -40.961  55.339 0.0000000000
42781  23.550  -41.317  56.504 0.0000000000
43887  22.921  -41.208  56.235 0.0000000000
43875  22.296  -41.193  57.841 0.0000000000
42770  19.779  -41.406  57.497 0.0000000000
43862  20.463  -40.975  59.172 0.0000000000
75454  51.992  -11.878  23.147 0.0000000000
75442  54.635  -12.420  23.685 0.0000000000
74457  52.742  -13.370  23.841 0.0000000000
73418  53.528  -13.661  24.899 0.0000000000
73391  52.905  -13.519  26.553 0.0000000000
73406  50.653  -14.099  25.335 0.0000000000
73392  51.903  -13.853  26.496 0.0000000000
74417  52.729  -12.985  27.540 0.0000000000
74391  52.598  -12.429  29.254 0.0000000000
75390  52.097  -12.010  30.647 0.0000000000
75382  52.356  -11.872  31.396 0.0000000000
66829  46.615  -19.425  32.162 0.0000000000
67934  47.683  -18.640  32.345 0.0000000000
66814  47.560  -19.379  33.107 0.0000000000
67899  49.553  -19.406  34.931 0.0000000000
66789  50.396  -19.401  36.231 0.0000000000
66766  49.033  -19.521  37.548 0.0000000000
66764  50.201  -19.316  37.427 0.0000000000
67874  51.591  -18.671  37.554 0.0000000000
62268  40.206  -23.245  41.143 0.0000000000
54288  42.561  -30.203  48.460 0.0000000000
78598  49.190  -8.722  20.944 0.0000000000
76466  50.301  -10.320  21.690 0.0000000000
76458  51.066  -11.004  22.449 0.0000000000
83583  53.654  -3.412  13.497 0.0000000000
82604  53.223  -4.283  14.243 0.0000000000
39504  16.512  -44.649  52.288 0.0000000000
39488  16.494  -44.688  54.243 0.0000000000
38471  15.752  -45.497  53.614 0.0000000000
37396  15.097  -46.271  54.887 0.0000000000
37387  14.591  -46.582  56.612 0.0000000000
36412  13.372  -47.663  54.491 0.0000000000
69080  45.177  -18.761  30.260 0.0000000000
67962  44.068  -19.012  29.671 0.0000000000
67947  45.221  -19.383  30.751 0.0000000000
66830  46.034  -19.692  32.178 0.0000000000
66816  45.662  -19.841  33.173 0.0000000000
66793  46.083  -20.496  35.350 0.0000000000
65663  43.947  -20.582  33.821 0.0000000000
66795  44.428  -20.462  35.179 0.0000000000
66781  45.399  -19.970  36.158 0.0000000000
66751  46.036  -19.516  38.266 0.0000000000
66740  45.499  -19.666  39.223 0.0000000000
67837  45.812  -19.097  40.483 0.0000000000
55611  37.072  -29.959  42.268 0.0000000000
54388  36.034  -31.174  43.178 0.0000000000
55583  37.099  -30.531  43.747 0.0000000000
54386  38.702  -30.413  43.552 0.0000000000
54344  39.623  -30.997  45.073 0.0000000000
53198  40.587  -31.491  46.169 0.0000000000
53180  41.557  -31.539  46.937 0.0000000000
52180  35.279  -33.600  46.808 0.0000000000
52179  36.078  -33.687  46.780 0.0000000000
51133  37.420  -34.103  47.530 0.0000000000
49945  38.084  -34.907  49.655 0.0000000000
51113  38.505  -34.644  48.585 0.0000000000
51132  38.619  -34.259  47.619 0.0000000000
51131  39.670  -33.710  47.347 0.0000000000
51129  41.249  -33.000  47.423 0.0000000000
52149  42.104  -32.464  48.111 0.0000000000
45794  31.308  -38.149  55.173 0.0000000000
45785  30.487  -38.723  55.389 0.0000000000
44896  29.499  -39.090  54.702 0.0000000000
44897  28.718  -39.617  54.338 0.0000000000
45822  28.310  -38.880  51.876 0.0000000000
44906  28.367  -39.205  52.869 0.0000000000
44898  27.563  -40.142  53.966 0.0000000000
44899  26.957  -40.337  54.101 0.0000000000
43931  25.246  -40.705  53.669 0.0000000000
43932  24.284  -40.711  53.740 0.0000000000
46803  26.331  -37.973  47.401 0.0000000000
44980  25.875  -39.386  48.316 0.0000000000
44967  25.191  -39.649  49.439 0.0000000000
46755  22.921  -39.213  48.189 0.0000000000
45874  23.570  -39.468  48.942 0.0000000000
44952  24.736  -40.027  50.289 0.0000000000
44938  23.786  -39.902  51.110 0.0000000000
44924  23.594  -40.315  52.208 0.0000000000
43933  23.418  -40.642  53.734 0.0000000000
43934  22.547  -40.560  53.508 0.0000000000
43935  21.641  -40.519  53.796 0.0000000000
43947  20.146  -41.009  53.342 0.0000000000
43961  20.429  -40.698  50.560 0.0000000000
42841  20.131  -41.265  51.535 0.0000000000
42830  19.505  -41.471  52.763 0.0000000000
42831  18.941  -41.977  52.179 0.0000000000
41666  18.353  -42.784  52.536 0.0000000000
40617  17.230  -43.316  50.699 0.0000000000
40608  16.674  -44.269  51.274 0.0000000000
39522  16.024  -44.657  50.714 0.0000000000
54392  31.741  -31.157  42.960 0.0000000000
53242  32.612  -31.890  44.893 0.0000000000
53204  32.321  -32.383  45.903 0.0000000000
54332  30.677  -31.834  45.091 0.0000000000
53205  31.346  -32.284  45.585 0.0000000000
53186  31.793  -32.599  46.713 0.0000000000
52167  31.643  -33.326  47.583 0.0000000000
52153  32.299  -33.678  48.783 0.0000000000
51070  31.258  -34.246  50.194 0.0000000000
49950  31.057  -35.081  49.399 0.0000000000
49929  31.442  -34.863  50.085 0.0000000000
48808  31.996  -35.837  51.782 0.0000000000
48790  31.975  -36.181  52.777 0.0000000000
47672  31.834  -36.926  53.501 0.0000000000
39480  16.587  -44.377  56.237 0.0000000000
39469  16.956  -44.144  58.089 0.0000000000
78562  59.479  -8.325  24.684 0.0000000000
74453  55.865  -12.369  25.066 0.0000000000
76422  56.886  -10.420  26.708 0.0000000000
77476  56.960  -9.617  27.883 0.0000000000
76407  55.802  -10.504  28.938 0.0000000000
77463  57.142  -9.621  28.858 0.0000000000
78523  58.038  -8.962  28.880 0.0000000000
73381  46.436  -14.409  26.720 0.0000000000
73362  47.772  -13.940  27.929 0.0000000000
72296  46.727  -14.879  29.028 0.0000000000
72294  48.176  -14.376  29.293 0.0000000000
73342  49.453  -13.581  29.263 0.0000000000
73323  50.365  -13.397  30.584 0.0000000000
74356  51.315  -13.129  31.599 0.0000000000
74354  52.764  -12.510  32.672 0.0000000000
69055  48.598  -17.843  32.463 0.0000000000
70180  49.452  -17.009  32.466 0.0000000000
71187  49.801  -16.113  32.674 0.0000000000
70162  52.017  -16.648  34.661 0.0000000000
70177  51.703  -16.445  33.893 0.0000000000
72247  51.334  -14.823  32.651 0.0000000000
73293  51.956  -14.163  32.938 0.0000000000
73292  52.723  -13.534  33.324 0.0000000000
64518  40.417  -22.492  35.772 0.0000000000
64506  42.158  -21.740  37.279 0.0000000000
65596  40.821  -21.714  39.467 0.0000000000
64481  41.826  -21.858  38.603 0.0000000000
65609  42.607  -21.096  38.452 0.0000000000
66741  44.261  -20.232  39.874 0.0000000000
67839  44.492  -19.626  41.021 0.0000000000
67812  45.404  -18.785  42.072 0.0000000000
56831  39.803  -28.385  42.394 0.0000000000
60145  40.590  -25.592  41.039 0.0000000000
61168  40.987  -24.374  41.512 0.0000000000
62236  41.460  -23.291  42.644 0.0000000000
56757  42.496  -29.483  47.846 0.0000000000
56756  43.011  -28.790  47.683 0.0000000000
57910  43.015  -27.846  46.234 0.0000000000
59013  43.560  -26.159  47.180 0.0000000000
59037  43.266  -26.546  44.851 0.0000000000
60111  42.792  -25.352  44.502 0.0000000000
61124  42.135  -23.979  43.384 0.0000000000
63298  41.095  -22.375  43.138 0.0000000000
64405  41.323  -21.640  43.832 0.0000000000
64394  41.688  -21.266  44.399 0.0000000000
66674  42.323  -20.595  44.601 0.0000000000
65495  43.456  -20.951  46.825 0.0000000000
66648  43.189  -20.293  45.731 0.0000000000
66688  42.898  -19.739  44.446 0.0000000000
67783  43.663  -19.240  44.237 0.0000000000
81606  52.998  -5.326  15.141 0.0000000000
80616  53.692  -5.954  15.805 0.0000000000
79662  54.561  -7.482  16.886 0.0000000000
79634  55.626  -7.599  18.141 0.0000000000
80539  56.325  -7.294  19.403 0.0000000000
79605  55.836  -7.871  21.138 0.0000000000
79612  56.551  -7.259  20.752 0.0000000000
80531  57.216  -6.566  20.933 0.0000000000
80523  58.304  -6.838  22.037 0.0000000000
46650  32.008  -37.744  55.548 0.0000000000
46649  32.721  -37.430  55.362 0.0000000000
40597  17.311  -43.878  52.480 0.0000000000
40586  17.716  -43.518  53.531 0.0000000000
40587  16.971  -44.164  53.409 0.0000000000
67824  46.377  -18.779  40.911 0.0000000000
68946  47.087  -18.588  41.311 0.0000000000
47759  27.986  -37.113  47.329 0.0000000000
46801  28.004  -37.431  47.718 0.0000000000
46826  27.491  -37.239  47.231 0.0000000000
47778  27.944  -36.831  46.956 0.0000000000
47758  28.405  -36.734  47.575 0.0000000000
42810  24.300  -41.343  55.159 0.0000000000
42795  24.826  -41.462  55.897 0.0000000000
75451  55.033  -11.607  23.545 0.0000000000
76380  53.839  -11.437  32.370 0.0000000000
76365  54.274  -11.223  33.039 0.0000000000
69079  45.782  -18.210  30.715 0.0000000000
69078  46.885  -17.755  30.966 0.0000000000
63312  39.693  -22.337  41.359 0.0000000000
64432  39.481  -22.090  40.974 0.0000000000
64419  39.966  -21.875  42.356 0.0000000000
63299  40.398  -22.175  42.619 0.0000000000
55531  41.767  -30.617  47.226 0.0000000000
76448  52.754  -11.245  22.673 0.0000000000
77510  54.213  -10.165  22.847 0.0000000000
81618  54.878  -5.414  14.350 0.0000000000
49949  32.650  -34.523  50.227 0.0000000000
51069  33.242  -34.440  50.365 0.0000000000
49927  33.167  -34.702  50.770 0.0000000000
43921  20.758  -41.161  55.005 0.0000000000
43922  20.283  -41.469  54.678 0.0000000000
74469  49.268  -12.485  23.129 0.0000000000
73431  49.454  -13.263  23.460 0.0000000000
73378  50.044  -13.947  27.214 0.0000000000
74420  49.428  -13.546  27.824 0.0000000000
74405  49.701  -13.368  28.421 0.0000000000
37411  15.041  -46.456  52.498 0.0000000000
66844  42.531  -20.024  30.187 0.0000000000
65700  43.075  -20.407  31.428 0.0000000000
65653  42.512  -21.356  35.816 0.0000000000
65639  43.221  -20.882  36.167 0.0000000000
65626  43.330  -20.922  37.088 0.0000000000
66771  43.825  -20.510  37.412 0.0000000000
52213  37.272  -33.229  44.923 0.0000000000
53219  37.419  -32.391  44.507 0.0000000000
51065  36.316  -34.545  50.353 0.0000000000
51090  36.519  -34.308  49.367 0.0000000000
47697  30.113  -37.361  51.674 0.0000000000
46691  29.878  -37.624  52.357 0.0000000000
44936  25.752  -40.302  51.158 0.0000000000
46734  21.912  -39.221  49.439 0.0000000000
46711  22.111  -39.398  49.912 0.0000000000
45838  22.327  -39.551  50.425 0.0000000000
45858  21.831  -39.464  50.141 0.0000000000
44954  21.471  -39.546  50.319 0.0000000000
52185  29.671  -33.200  46.694 0.0000000000
51135  30.681  -33.872  47.550 0.0000000000
46708  30.258  -37.562  50.939 0.0000000000
47709  30.586  -36.921  50.373 0.0000000000
47687  30.208  -37.090  52.073 0.0000000000
38457  14.952  -46.157  57.376 0.0000000000
38451  15.470  -45.802  57.863 0.0000000000
78572  58.731  -7.897  24.166 0.0000000000
79555  58.451  -8.025  27.095 0.0000000000
79566  58.725  -7.887  26.941 0.0000000000
79554  58.716  -8.177  27.243 0.0000000000
78534  58.663  -8.954  27.836 0.0000000000
74416  53.932  -12.580  27.707 0.0000000000
74415  55.118  -12.290  27.285 0.0000000000
75417  54.676  -11.814  28.105 0.0000000000
72264  50.414  -14.773  32.066 0.0000000000
67908  50.830  -18.607  34.977 0.0000000000
69032  51.219  -18.228  35.171 0.0000000000
65612  38.908  -21.949  37.982 0.0000000000
66711  41.832  -20.245  42.651 0.0000000000
66710  42.844  -20.195  43.086 0.0000000000
55625  37.993  -29.066  41.686 0.0000000000
57946  42.627  -27.629  44.401 0.0000000000
57964  41.793  -27.396  43.178 0.0000000000
59049  42.041  -27.170  43.383 0.0000000000
59048  42.531  -26.696  43.867 0.0000000000
61082  44.052  -24.228  47.476 0.0000000000
62192  43.405  -23.458  46.557 0.0000000000
63265  43.103  -22.410  46.109 0.0000000000
63252  43.520  -22.535  47.011 0.0000000000
79637  52.684  -7.696  18.495 0.0000000000
79649  53.202  -7.522  17.946 0.0000000000
78574  57.204  -8.371  23.220 0.0000000000
78583  56.754  -7.964  22.765 0.0000000000
79590  58.047  -7.586  23.128 0.0000000000
81583  60.374  -6.019  16.401 0.0000000000
80594  60.269  -6.693  16.885 0.0000000000
81544  58.714  -5.637  20.012 0.0000000000
80537  57.977  -6.034  20.275 0.0000000000
48770  32.275  -36.300  53.270 0.0000000000
42822  18.834  -41.986  53.180 0.0000000000
41644  18.424  -42.743  54.721 0.0000000000
40566  18.181  -43.251  55.512 0.0000000000
40557  18.234  -43.110  56.385 0.0000000000
40548  17.583  -43.368  57.266 0.0000000000
73396  47.157  -14.329  25.816 0.0000000000
66750  47.006  -19.284  38.483 0.0000000000
67863  47.257  -18.991  38.833 0.0000000000
35456  13.621  -48.462  50.839 0.0000000000
34378  12.641  -49.569  52.533 0.0000000000
54371  33.549  -32.103  43.852 0.0000000000
47711  29.172  -37.374  49.855 0.0000000000
45889  27.754  -38.460  48.786 0.0000000000
45871  27.829  -38.644  49.364 0.0000000000
45872  27.522  -38.870  48.860 0.0000000000
44965  26.937  -39.312  48.899 0.0000000000
49998  28.668  -34.663  46.366 0.0000000000
51137  29.110  -34.097  46.644 0.0000000000
49986  29.897  -34.931  47.601 0.0000000000
48864  29.181  -35.803  47.664 0.0000000000
47741  29.443  -36.354  48.497 0.0000000000
47727  28.978  -37.043  49.360 0.0000000000
43898  26.298  -41.059  56.079 0.0000000000
77507  57.437  -9.431  23.690 0.0000000000
76436  57.090  -10.972  24.727 0.0000000000
76435  57.834  -10.089  24.906 0.0000000000
76421  57.674  -9.606  26.357 0.0000000000
75398  53.757  -11.880  29.824 0.0000000000
75397  54.591  -11.414  29.778 0.0000000000
76378  55.296  -10.551  31.497 0.0000000000
71229  45.206  -16.322  29.539 0.0000000000
71239  45.449  -15.508  29.126 0.0000000000
70212  46.498  -16.765  30.485 0.0000000000
70201  47.534  -16.948  31.404 0.0000000000
71205  47.877  -16.472  31.523 0.0000000000
71204  48.454  -15.906  31.757 0.0000000000
70191  48.779  -16.920  31.884 0.0000000000
65586  38.703  -21.749  39.614 0.0000000000
66712  40.868  -20.486  42.357 0.0000000000
65543  41.452  -21.013  43.883 0.0000000000
54365  40.086  -30.184  44.551 0.0000000000
54384  39.852  -29.714  44.108 0.0000000000
54364  40.586  -30.143  44.936 0.0000000000
55581  41.168  -29.728  44.864 0.0000000000
55564  42.041  -29.401  45.791 0.0000000000
56784  42.189  -29.019  45.265 0.0000000000
55563  42.481  -29.012  46.127 0.0000000000
77534  50.261  -9.551  21.249 0.0000000000
77541  50.961  -9.274  20.902 0.0000000000
78587  52.961  -9.620  21.512 0.0000000000
78595  52.439  -9.282  21.126 0.0000000000
78594  53.625  -9.258  21.100 0.0000000000
77531  54.230  -9.513  21.503 0.0000000000
77521  54.999  -9.671  22.370 0.0000000000
78575  56.196  -8.759  22.894 0.0000000000
81603  56.451  -5.960  15.248 0.0000000000
81616  57.175  -5.316  14.411 0.0000000000
81602  57.542  -5.528  15.423 0.0000000000
82574  58.505  -5.124  17.059 0.0000000000
81586  57.784  -5.596  16.705 0.0000000000
80597  56.775  -6.616  16.636 0.0000000000
80596  57.292  -6.435  17.055 0.0000000000
80578  56.777  -6.895  17.405 0.0000000000
80561  57.812  -6.516  18.443 0.0000000000
80579  56.329  -7.218  17.496 0.0000000000
52166  32.585  -33.528  47.839 0.0000000000
52165  33.435  -33.609  47.737 0.0000000000
51067  34.550  -34.923  50.545 0.0000000000
49924  35.098  -35.191  50.250 0.0000000000
51045  35.215  -34.840  51.288 0.0000000000
43919  22.375  -40.672  54.601 0.0000000000
43902  22.292  -41.019  55.583 0.0000000000
42783  21.339  -41.433  56.867 0.0000000000
42767  22.109  -41.312  57.373 0.0000000000
42768  21.706  -41.290  57.611 0.0000000000
43860  22.100  -41.235  58.837 0.0000000000
43876  21.532  -41.070  58.340 0.0000000000
42786  18.988  -41.886  56.099 0.0000000000
42785  19.624  -41.470  56.457 0.0000000000
74465  53.273  -12.734  23.578 0.0000000000
74466  52.233  -12.894  23.439 0.0000000000
73420  51.474  -14.035  24.470 0.0000000000
73419  52.564  -13.862  24.538 0.0000000000
73404  52.712  -13.774  25.608 0.0000000000
73390  53.498  -13.395  26.263 0.0000000000
73422  49.579  -13.782  24.189 0.0000000000
73407  49.627  -14.009  25.135 0.0000000000
73377  51.018  -13.501  27.303 0.0000000000
73376  52.129  -13.537  27.421 0.0000000000
74418  52.115  -13.138  27.778 0.0000000000
74402  52.874  -12.548  28.584 0.0000000000
74403  51.794  -12.984  28.329 0.0000000000
74382  50.934  -12.884  30.160 0.0000000000
74372  51.572  -12.314  31.221 0.0000000000
66803  47.699  -19.654  33.946 0.0000000000
67878  48.115  -19.077  38.382 0.0000000000
67877  48.607  -19.089  38.237 0.0000000000
67859  49.933  -18.472  38.624 0.0000000000
67875  50.456  -19.051  37.736 0.0000000000
67857  52.182  -17.966  38.192 0.0000000000
62282  39.831  -23.798  40.489 0.0000000000
63339  39.729  -23.053  40.782 0.0000000000
62267  40.550  -23.951  41.141 0.0000000000
76468  48.843  -9.785  21.562 0.0000000000
77535  49.359  -9.374  21.305 0.0000000000
76467  49.481  -10.060  21.571 0.0000000000
76459  50.230  -10.941  22.270 0.0000000000
76449  51.865  -11.125  22.634 0.0000000000
82620  53.553  -3.889  13.824 0.0000000000
39505  15.976  -45.100  51.717 0.0000000000
38470  16.182  -45.253  53.163 0.0000000000
37400  14.704  -46.435  53.497 0.0000000000
38472  15.203  -46.006  53.961 0.0000000000
37397  14.651  -46.518  54.370 0.0000000000
37392  15.269  -46.218  55.620 0.0000000000
37393  14.496  -46.752  55.385 0.0000000000
36421  13.673  -47.546  53.172 0.0000000000
69092  44.676  -18.126  29.994 0.0000000000
67949  43.563  -19.529  30.126 0.0000000000
67948  44.423  -19.603  30.284 0.0000000000
67961  44.875  -19.134  29.901 0.0000000000
67937  45.681  -19.542  31.496 0.0000000000
66831  44.890  -20.203  31.871 0.0000000000
66805  45.449  -20.223  34.249 0.0000000000
65661  45.892  -20.234  34.423 0.0000000000
65650  45.516  -20.378  34.686 0.0000000000
65673  43.302  -20.721  33.177 0.0000000000
65664  43.090  -20.820  34.198 0.0000000000
66769  45.710  -19.865  37.282 0.0000000000
54369  35.614  -31.615  43.860 0.0000000000
54346  37.638  -31.595  44.296 0.0000000000
54367  37.910  -30.832  43.931 0.0000000000
54366  39.078  -30.679  44.226 0.0000000000
53199  39.921  -31.739  45.589 0.0000000000
53197  41.023  -31.694  46.472 0.0000000000
52174  40.976  -32.433  46.699 0.0000000000
52164  34.229  -33.936  47.945 0.0000000000
52181  34.458  -33.628  47.237 0.0000000000
52163  35.139  -34.237  47.955 0.0000000000
52162  36.005  -34.057  47.617 0.0000000000
51134  36.632  -34.038  47.382 0.0000000000
52178  36.862  -33.791  46.667 0.0000000000
49968  39.320  -34.634  48.494 0.0000000000
49984  40.029  -34.239  47.669 0.0000000000
51111  41.175  -33.781  47.926 0.0000000000
51110  41.728  -33.071  47.833 0.0000000000
45795  30.874  -38.294  54.796 0.0000000000
45808  30.475  -38.255  53.995 0.0000000000
45797  29.383  -38.842  54.156 0.0000000000
45853  28.805  -38.465  50.672 0.0000000000
45834  28.831  -38.667  51.557 0.0000000000
44908  26.502  -40.248  53.279 0.0000000000
44909  25.351  -40.085  53.062 0.0000000000
43930  25.889  -40.594  53.508 0.0000000000
44910  24.427  -40.025  53.096 0.0000000000
45908  24.502  -38.831  47.271 0.0000000000
45891  25.418  -39.319  47.999 0.0000000000
44981  25.449  -39.408  48.906 0.0000000000
45856  23.798  -39.703  50.155 0.0000000000
45855  24.247  -39.846  49.996 0.0000000000
44953  24.238  -39.896  50.738 0.0000000000
44911  23.563  -40.278  53.097 0.0000000000
44912  23.032  -40.448  53.178 0.0000000000
43944  22.331  -40.501  52.939 0.0000000000
43945  21.901  -40.567  52.902 0.0000000000
43946  20.947  -40.690  52.804 0.0000000000
44968  20.320  -39.726  49.257 0.0000000000
43970  20.426  -40.132  49.929 0.0000000000
42854  19.697  -41.338  50.539 0.0000000000
42853  20.165  -41.256  51.192 0.0000000000
42842  19.598  -41.407  51.648 0.0000000000
41678  18.345  -42.240  51.451 0.0000000000
41679  17.778  -43.176  51.629 0.0000000000
40618  16.546  -44.128  50.632 0.0000000000
39513  16.326  -44.633  51.331 0.0000000000
40619  15.978  -44.442  50.329 0.0000000000
54348  31.664  -31.675  44.382 0.0000000000
53224  31.963  -31.792  45.065 0.0000000000
54333  30.096  -31.522  45.205 0.0000000000
54350  30.057  -31.370  44.255 0.0000000000
53187  31.050  -32.484  46.472 0.0000000000
53175  32.284  -33.157  47.153 0.0000000000
52154  31.567  -33.834  48.683 0.0000000000
51095  31.963  -34.425  49.581 0.0000000000
49951  30.486  -35.503  48.908 0.0000000000
47708  31.215  -36.573  50.713 0.0000000000
48826  31.793  -35.944  50.647 0.0000000000
47673  31.152  -37.099  53.061 0.0000000000
46673  31.196  -37.417  53.699 0.0000000000
46659  31.592  -37.662  54.626 0.0000000000
44887  30.646  -39.009  55.934 0.0000000000
42766  23.923  -41.354  57.161 0.0000000000
43873  23.976  -41.394  57.645 0.0000000000
38463  16.350  -45.056  54.899 0.0000000000
39484  16.564  -44.582  55.319 0.0000000000
39485  16.273  -44.898  55.911 0.0000000000
39470  16.458  -44.506  58.313 0.0000000000
39476  16.639  -44.167  57.285 0.0000000000
40539  16.752  -44.027  58.499 0.0000000000
40532  16.444  -43.954  59.123 0.0000000000
77499  58.445  -9.041  25.068 0.0000000000
78563  58.921  -8.141  24.753 0.0000000000
78545  59.278  -8.532  26.612 0.0000000000
74455  54.397  -13.054  24.457 0.0000000000
74454  55.283  -12.519  24.900 0.0000000000
76423  56.162  -11.130  27.128 0.0000000000
75425  56.094  -11.506  26.531 0.0000000000
76415  56.696  -10.161  27.435 0.0000000000
77486  56.932  -9.817  27.203 0.0000000000
76400  55.290  -10.859  29.720 0.0000000000
76399  56.026  -10.280  29.722 0.0000000000
77449  56.981  -9.457  29.813 0.0000000000
77448  57.621  -9.044  29.886 0.0000000000
77462  57.572  -9.289  29.233 0.0000000000
78513  58.223  -8.858  29.746 0.0000000000
78522  58.415  -9.233  28.882 0.0000000000
73364  45.783  -14.379  27.523 0.0000000000
73363  46.839  -14.348  27.671 0.0000000000
72286  46.706  -15.322  29.466 0.0000000000
72285  47.291  -15.141  29.651 0.0000000000
72274  49.191  -14.387  30.550 0.0000000000
73333  48.950  -13.906  29.824 0.0000000000
73343  48.677  -14.018  29.162 0.0000000000
73332  49.593  -13.657  30.160 0.0000000000
73309  50.900  -13.869  31.828 0.0000000000
74357  50.723  -13.460  31.431 0.0000000000
74355  52.043  -12.552  31.976 0.0000000000
73307  52.279  -13.038  32.574 0.0000000000
67921  48.009  -18.786  33.047 0.0000000000
69056  48.011  -18.305  32.377 0.0000000000
69054  49.476  -17.749  33.184 0.0000000000
70179  50.174  -16.882  33.244 0.0000000000
71171  52.704  -15.681  34.557 0.0000000000
71172  52.194  -16.045  33.987 0.0000000000
71185  51.701  -15.720  33.391 0.0000000000
72246  52.223  -14.719  33.355 0.0000000000
64509  39.709  -22.798  36.408 0.0000000000
64508  40.611  -22.631  36.704 0.0000000000
64507  41.455  -22.223  36.991 0.0000000000
64469  39.950  -22.294  38.769 0.0000000000
65582  42.266  -21.154  40.086 0.0000000000
65595  41.777  -21.563  39.381 0.0000000000
65594  42.512  -21.064  39.248 0.0000000000
64480  42.307  -21.572  38.532 0.0000000000
65593  43.193  -20.570  38.911 0.0000000000
67827  44.405  -19.760  42.095 0.0000000000
67826  45.004  -19.290  41.650 0.0000000000
67813  44.723  -19.028  42.463 0.0000000000
56816  39.874  -28.873  43.117 0.0000000000
56817  39.309  -28.985  42.642 0.0000000000
56830  40.473  -28.341  42.781 0.0000000000
59060  41.177  -27.316  42.401 0.0000000000
57984  40.020  -27.708  41.858 0.0000000000
59070  40.062  -27.358  41.498 0.0000000000
59079  40.264  -26.425  40.809 0.0000000000
61151  41.315  -24.655  41.737 0.0000000000
62235  41.444  -23.829  41.963 0.0000000000
55488  43.053  -29.660  49.263 0.0000000000
55489  42.531  -29.701  48.819 0.0000000000
56719  42.478  -29.389  49.127 0.0000000000
57895  43.430  -27.870  47.160 0.0000000000
60091  43.618  -25.526  46.705 0.0000000000
60083  43.494  -25.917  47.379 0.0000000000
59027  43.484  -26.644  46.381 0.0000000000
62219  42.730  -23.256  44.778 0.0000000000
61123  42.697  -24.112  44.229 0.0000000000
62220  42.571  -23.027  43.857 0.0000000000
62221  41.835  -23.056  43.324 0.0000000000
63289  41.694  -22.428  43.949 0.0000000000
64404  41.693  -22.027  44.444 0.0000000000
64377  42.532  -21.205  45.833 0.0000000000
65528  41.992  -20.946  44.807 0.0000000000
65512  42.358  -20.829  45.399 0.0000000000
64357  44.063  -21.648  47.488 0.0000000000
65510  43.263  -20.609  46.299 0.0000000000
66672  43.137  -19.995  45.007 0.0000000000
67763  43.479  -19.522  44.723 0.0000000000
67801  43.130  -18.985  44.057 0.0000000000
82590  52.330  -4.357  14.996 0.0000000000
79628  50.329  -7.612  19.414 0.0000000000
81588  53.006  -5.800  16.178 0.0000000000
80599  54.910  -6.996  16.306 0.0000000000
80548  56.318  -7.307  18.649 0.0000000000
78593  54.798  -8.665  21.380 0.0000000000
79606  54.988  -8.099  20.726 0.0000000000
79598  57.058  -7.312  22.178 0.0000000000
79604  56.753  -7.235  21.405 0.0000000000
80524  57.865  -6.619  21.888 0.0000000000
79596  58.548  -7.394  22.586 0.0000000000
82615  58.611  -4.554  13.280 0.0000000000
82601  59.000  -4.777  14.279 0.0000000000
81572  58.684  -5.665  17.878 0.0000000000
47656  32.688  -36.934  54.609 0.0000000000
40585  18.205  -43.194  53.134 0.0000000000
41656  18.134  -43.202  54.167 0.0000000000
40575  17.717  -43.603  54.462 0.0000000000
40567  17.601  -43.633  55.254 0.0000000000
67835  47.297  -18.642  39.802 0.0000000000
68960  47.069  -18.696  40.537 0.0000000000
53240  34.255  -32.195  44.696 0.0000000000
53222  33.808  -32.319  45.432 0.0000000000
53182  35.038  -33.495  46.223 0.0000000000
46776  27.779  -37.934  48.365 0.0000000000
46777  27.166  -38.179  48.058 0.0000000000
47801  28.400  -35.960  46.369 0.0000000000
46800  28.415  -37.076  48.003 0.0000000000
43899  25.487  -41.370  55.781 0.0000000000
42779  25.135  -41.370  56.933 0.0000000000
76445  55.706  -10.688  23.353 0.0000000000
75440  56.160  -11.861  24.611 0.0000000000
75380  54.496  -11.190  31.248 0.0000000000
69077  47.271  -17.372  31.247 0.0000000000
69065  48.276  -17.383  31.929 0.0000000000
65576  39.080  -21.885  40.370 0.0000000000
65567  39.566  -21.853  41.216 0.0000000000
65557  40.065  -21.493  42.599 0.0000000000
54329  40.939  -30.792  46.283 0.0000000000
55550  41.640  -30.455  46.839 0.0000000000
55549  42.173  -29.860  46.834 0.0000000000
77524  51.865  -10.328  22.179 0.0000000000
77523  52.973  -10.169  21.910 0.0000000000
80598  55.860  -6.862  16.394 0.0000000000
51068  33.704  -34.424  50.764 0.0000000000
51047  33.987  -34.268  51.422 0.0000000000
43904  20.893  -41.208  55.719 0.0000000000
42798  20.926  -41.311  56.198 0.0000000000
42755  19.159  -41.893  58.188 0.0000000000
74467  51.180  -12.695  23.310 0.0000000000
73394  49.768  -14.146  26.236 0.0000000000
74404  50.725  -13.331  28.307 0.0000000000
74393  50.800  -13.008  29.257 0.0000000000
66804  46.330  -20.110  34.261 0.0000000000
66778  48.743  -19.953  36.640 0.0000000000
75456  49.966  -11.840  22.952 0.0000000000
38485  15.572  -45.709  51.352 0.0000000000
37410  15.538  -46.049  52.023 0.0000000000
37398  14.020  -46.926  53.868 0.0000000000
66843  43.834  -19.919  31.078 0.0000000000
66832  44.055  -20.203  31.700 0.0000000000
65672  44.036  -20.510  33.029 0.0000000000
66770  44.630  -20.144  37.128 0.0000000000
55613  34.819  -30.332  41.937 0.0000000000
54347  36.915  -31.843  44.451 0.0000000000
53218  38.368  -32.091  44.589 0.0000000000
52211  38.849  -32.436  44.944 0.0000000000
52175  39.873  -32.849  46.758 0.0000000000
51089  37.412  -34.478  49.339 0.0000000000
49943  39.943  -34.559  49.348 0.0000000000
49967  40.360  -34.332  48.313 0.0000000000
46674  30.428  -37.574  53.203 0.0000000000
46675  29.843  -37.898  53.005 0.0000000000
44934  27.518  -39.285  50.641 0.0000000000
45893  23.820  -38.963  47.853 0.0000000000
46756  22.276  -38.941  48.512 0.0000000000
46733  22.368  -39.013  49.190 0.0000000000
45837  23.089  -39.587  50.419 0.0000000000
42867  19.034  -41.631  49.832 0.0000000000
42855  18.686  -41.722  50.831 0.0000000000
42868  18.274  -42.052  50.057 0.0000000000
52155  31.372  -34.055  48.646 0.0000000000
48828  30.511  -36.513  49.795 0.0000000000
48837  30.888  -35.686  49.461 0.0000000000
38461  15.793  -45.500  55.915 0.0000000000
39481  16.044  -44.868  56.626 0.0000000000
39471  15.739  -45.080  58.523 0.0000000000
78555  58.550  -8.529  26.219 0.0000000000
78554  58.848  -8.491  25.764 0.0000000000
79565  59.137  -7.922  26.969 0.0000000000
78533  59.184  -8.918  27.225 0.0000000000
77473  59.233  -9.721  27.838 0.0000000000
74443  55.484  -12.289  25.659 0.0000000000
75416  55.642  -11.633  27.355 0.0000000000
77437  56.391  -9.720  31.201 0.0000000000
76389  56.625  -9.634  30.341 0.0000000000
73346  46.247  -14.463  28.347 0.0000000000
71216  48.311  -15.577  30.884 0.0000000000
71226  48.270  -15.129  30.500 0.0000000000
72275  48.786  -15.058  30.716 0.0000000000
73324  49.907  -14.008  30.891 0.0000000000
73310  50.301  -14.076  31.458 0.0000000000
67919  49.566  -18.408  33.773 0.0000000000
72235  52.921  -14.559  34.342 0.0000000000
64498  39.914  -22.718  37.311 0.0000000000
65573  40.977  -20.836  40.791 0.0000000000
65583  41.349  -21.280  40.141 0.0000000000
66730  42.784  -20.595  40.818 0.0000000000
66720  43.586  -20.029  42.549 0.0000000000
57948  41.271  -28.335  43.350 0.0000000000
57965  41.268  -27.831  42.925 0.0000000000
59068  41.399  -26.147  42.108 0.0000000000
60123  42.014  -25.276  43.198 0.0000000000
56717  43.304  -28.515  49.471 0.0000000000
57868  43.157  -28.283  49.283 0.0000000000
62208  42.933  -23.248  45.662 0.0000000000
63287  42.574  -22.662  45.159 0.0000000000
63278  42.328  -22.165  45.162 0.0000000000
64376  42.650  -21.750  45.706 0.0000000000
78617  51.888  -8.545  19.714 0.0000000000
79638  51.870  -7.729  18.695 0.0000000000
80580  53.309  -7.224  17.500 0.0000000000
79648  53.966  -7.658  17.554 0.0000000000
81601  58.651  -5.231  15.458 0.0000000000
82588  59.476  -5.038  14.890 0.0000000000
81599  60.421  -5.665  15.585 0.0000000000
81563  58.379  -5.992  18.625 0.0000000000
81549  58.985  -5.608  19.502 0.0000000000
80545  58.998  -6.309  20.095 0.0000000000
48807  32.460  -35.570  51.869 0.0000000000
49879  32.992  -35.452  52.334 0.0000000000
48788  33.147  -35.725  52.850 0.0000000000
47670  32.912  -36.581  54.023 0.0000000000
42821  19.547  -41.566  53.693 0.0000000000
42813  19.705  -41.727  54.607 0.0000000000
41634  18.688  -42.650  55.746 0.0000000000
41626  18.598  -42.451  56.644 0.0000000000
41615  18.426  -42.541  57.599 0.0000000000
41604  17.696  -42.846  59.233 0.0000000000
74446  48.058  -14.016  24.608 0.0000000000
74433  48.308  -14.213  25.125 0.0000000000
73395  48.478  -13.928  25.840 0.0000000000
66749  47.532  -19.273  38.319 0.0000000000
67862  47.692  -18.983  38.576 0.0000000000
68985  47.916  -18.414  38.869 0.0000000000
68971  47.852  -18.141  39.414 0.0000000000
68984  48.401  -18.015  38.922 0.0000000000
37423  14.355  -47.396  51.775 0.0000000000
36442  14.253  -47.846  51.140 0.0000000000
35416  13.319  -48.586  52.668 0.0000000000
34377  13.019  -49.226  52.911 0.0000000000
34356  13.110  -49.015  53.275 0.0000000000
34339  12.270  -49.341  54.863 0.0000000000
65665  42.203  -21.548  34.699 0.0000000000
53239  35.251  -31.935  44.620 0.0000000000
52214  36.593  -33.304  45.223 0.0000000000
52198  37.120  -33.487  45.826 0.0000000000
45854  27.979  -38.550  50.191 0.0000000000
44950  26.797  -39.623  49.927 0.0000000000
46758  21.489  -39.048  48.960 0.0000000000
46735  21.566  -39.247  49.341 0.0000000000
45876  21.143  -39.351  49.366 0.0000000000
51118  30.492  -34.482  47.712 0.0000000000
48849  29.856  -35.854  48.504 0.0000000000
48850  29.354  -36.200  48.243 0.0000000000
46729  30.061  -37.339  50.391 0.0000000000
77506  58.056  -9.249  24.303 0.0000000000
77493  58.265  -8.825  25.993 0.0000000000
77475  57.745  -8.960  27.314 0.0000000000
75406  54.521  -11.721  29.026 0.0000000000
76391  55.371  -10.583  30.502 0.0000000000
76377  56.034  -9.983  31.502 0.0000000000
71218  46.894  -16.502  30.578 0.0000000000
67886  51.872  -18.415  36.583 0.0000000000
67896  51.761  -18.267  35.950 0.0000000000
65574  40.203  -21.015  40.804 0.0000000000
66723  40.727  -20.727  41.490 0.0000000000
55596  39.064  -29.678  43.008 0.0000000000
56802  40.358  -29.081  43.570 0.0000000000
56801  41.269  -29.044  43.686 0.0000000000
56800  42.097  -28.714  44.628 0.0000000000
56799  42.600  -28.132  44.980 0.0000000000
78608  49.984  -8.555  20.398 0.0000000000
78607  51.096  -8.718  20.243 0.0000000000
78616  52.736  -8.471  19.817 0.0000000000
78615  53.703  -8.512  19.867 0.0000000000
78585  55.360  -8.895  22.053 0.0000000000
82616  57.394  -4.744  13.383 0.0000000000
82562  59.150  -5.342  17.112 0.0000000000
82573  59.020  -5.107  16.946 0.0000000000
82564  58.484  -5.409  17.422 0.0000000000
81573  58.133  -5.796  17.707 0.0000000000
80547  57.205  -7.088  19.072 0.0000000000
53184  33.600  -33.381  46.769 0.0000000000
53173  33.285  -33.468  47.193 0.0000000000
49946  35.378  -34.969  49.994 0.0000000000
51066  35.530  -34.941  50.507 0.0000000000
49900  33.645  -34.564  51.520 0.0000000000
51032  34.902  -34.625  52.059 0.0000000000
46827  26.712  -37.343  46.959 0.0000000000
43900  23.487  -41.066  54.991 0.0000000000
42796  23.785  -41.338  55.661 0.0000000000
42797  23.255  -41.279  55.905 0.0000000000
43888  22.297  -41.272  56.754 0.0000000000
43859  23.057  -41.335  58.483 0.0000000000
42784  20.463  -41.346  56.776 0.0000000000
42754  19.960  -41.316  58.694 0.0000000000
42753  20.561  -41.092  58.596 0.0000000000
43877  20.946  -40.939  58.631 0.0000000000
75453  53.001  -11.921  23.240 0.0000000000
75452  54.116  -12.032  23.135 0.0000000000
74464  54.045  -12.848  23.630 0.0000000000
74456  53.487  -13.423  24.028 0.0000000000
73417  54.042  -13.434  25.238 0.0000000000
74445  53.813  -13.336  26.088 0.0000000000
74431  53.602  -13.079  26.657 0.0000000000
73421  50.494  -13.914  24.353 0.0000000000
74432  52.984  -13.238  26.977 0.0000000000
74401  53.607  -12.442  28.370 0.0000000000
75408  52.956  -12.390  29.139 0.0000000000
75399  52.755  -12.273  29.802 0.0000000000
75389  53.006  -11.799  30.679 0.0000000000
75367  52.665  -11.897  32.067 0.0000000000
67936  46.351  -19.189  31.595 0.0000000000
67935  47.035  -18.899  32.113 0.0000000000
67911  48.381  -19.050  33.820 0.0000000000
66802  48.429  -19.438  34.284 0.0000000000
67910  49.022  -18.996  34.295 0.0000000000
67898  50.330  -19.186  35.304 0.0000000000
67876  49.468  -19.110  38.129 0.0000000000
66765  49.852  -19.402  37.472 0.0000000000
66777  49.674  -19.699  36.805 0.0000000000
66776  50.299  -19.425  37.086 0.0000000000
67887  51.047  -19.096  36.811 0.0000000000
67873  52.352  -18.233  37.246 0.0000000000
63326  38.946  -22.587  40.230 0.0000000000
63324  39.885  -22.736  41.280 0.0000000000
62252  40.248  -22.887  41.538 0.0000000000
53171  42.350  -31.224  48.312 0.0000000000
54303  42.125  -30.635  48.146 0.0000000000
54287  43.108  -30.366  48.878 0.0000000000
78597  49.841  -9.103  20.884 0.0000000000
76465  50.994  -10.533  21.935 0.0000000000
82603  53.726  -4.592  13.966 0.0000000000
81619  53.792  -5.066  14.291 0.0000000000
39495  16.532  -44.760  53.206 0.0000000000
39496  16.232  -45.104  53.667 0.0000000000
38464  15.751  -45.575  54.693 0.0000000000
37386  15.381  -46.091  56.279 0.0000000000
37412  14.277  -47.119  52.331 0.0000000000
36395  13.836  -47.022  56.302 0.0000000000
37388  13.515  -46.835  56.814 0.0000000000
70214  44.854  -17.147  29.790 0.0000000000
69091  45.259  -17.622  30.209 0.0000000000
67946  45.829  -19.009  31.168 0.0000000000
65651  43.856  -20.655  34.748 0.0000000000
66806  44.621  -20.463  34.413 0.0000000000
66794  45.236  -20.407  35.105 0.0000000000
66739  46.377  -19.403  38.986 0.0000000000
67848  46.080  -19.400  39.737 0.0000000000
67825  45.647  -18.961  41.279 0.0000000000
55627  36.340  -29.486  41.581 0.0000000000
55597  37.829  -30.279  43.094 0.0000000000
54399  35.290  -30.766  42.644 0.0000000000
54398  35.849  -30.876  42.638 0.0000000000
54387  36.603  -30.893  43.594 0.0000000000
55598  36.749  -30.712  43.058 0.0000000000
54330  40.332  -31.102  45.704 0.0000000000
53181  41.078  -31.215  46.559 0.0000000000
53183  34.612  -33.427  46.369 0.0000000000
52200  35.640  -33.487  46.266 0.0000000000
52177  37.838  -33.734  46.701 0.0000000000
51088  38.106  -34.632  49.081 0.0000000000
51114  37.794  -34.360  48.442 0.0000000000
52176  38.894  -33.379  46.700 0.0000000000
51112  40.397  -33.949  47.631 0.0000000000
51130  40.532  -33.271  47.301 0.0000000000
52161  41.737  -32.371  47.384 0.0000000000
53172  41.912  -31.519  47.886 0.0000000000
45783  31.540  -38.072  55.525 0.0000000000
45796  30.018  -38.650  54.645 0.0000000000
45833  29.413  -38.318  51.982 0.0000000000
45821  28.788  -38.703  52.407 0.0000000000
44919  28.264  -38.991  52.253 0.0000000000
43913  28.051  -40.242  54.530 0.0000000000
43914  27.441  -40.424  54.665 0.0000000000
43917  23.926  -41.109  54.510 0.0000000000
45906  26.603  -38.435  47.840 0.0000000000
44993  26.115  -39.141  47.847 0.0000000000
44979  26.502  -38.971  48.169 0.0000000000
46778  23.102  -39.019  47.344 0.0000000000
45875  22.847  -38.895  48.975 0.0000000000
45873  24.361  -39.745  49.526 0.0000000000
44937  24.747  -40.214  51.275 0.0000000000
43918  23.134  -40.768  54.465 0.0000000000
43962  19.924  -40.890  50.129 0.0000000000
43954  20.587  -41.055  51.697 0.0000000000
43955  20.141  -41.110  52.470 0.0000000000
41667  17.873  -43.325  52.348 0.0000000000
40607  17.079  -43.938  51.464 0.0000000000
39503  16.967  -44.262  51.970 0.0000000000
39512  16.718  -44.359  51.668 0.0000000000
39514  15.742  -45.035  51.039 0.0000000000
39523  15.500  -44.894  50.279 0.0000000000
38496  15.381  -45.376  50.748 0.0000000000
54391  32.846  -31.644  42.969 0.0000000000
54372  32.353  -31.734  44.115 0.0000000000
54331  31.089  -32.030  45.017 0.0000000000
53225  31.360  -31.967  45.038 0.0000000000
53185  32.657  -32.968  46.571 0.0000000000
49928  32.216  -35.086  50.659 0.0000000000
49969  31.167  -34.698  48.935 0.0000000000
51071  30.879  -34.106  50.190 0.0000000000
49902  32.427  -35.482  51.467 0.0000000000
47685  31.484  -36.540  52.529 0.0000000000
47657  32.256  -37.219  54.262 0.0000000000
42765  24.568  -41.400  57.583 0.0000000000
40568  17.102  -44.102  54.846 0.0000000000
40549  17.017  -43.813  56.517 0.0000000000
40538  17.222  -43.587  58.501 0.0000000000
75441  55.276  -12.218  24.121 0.0000000000
75433  56.446  -11.695  25.550 0.0000000000
75434  55.808  -11.842  26.024 0.0000000000
75424  56.694  -11.141  26.098 0.0000000000
77477  56.386  -10.317  28.495 0.0000000000
76398  56.482  -9.859  29.999 0.0000000000
77450  56.549  -9.794  29.422 0.0000000000
77464  56.362  -9.915  28.858 0.0000000000
78524  57.686  -9.157  28.573 0.0000000000
73397  46.103  -14.267  25.889 0.0000000000
73361  48.591  -13.708  28.285 0.0000000000
72295  47.634  -14.631  29.213 0.0000000000
73344  48.024  -14.205  28.726 0.0000000000
73360  49.117  -13.622  28.658 0.0000000000
73331  50.343  -13.258  29.965 0.0000000000
74373  50.905  -12.939  31.003 0.0000000000
74353  53.379  -12.247  33.050 0.0000000000
71202  50.184  -15.486  32.486 0.0000000000
69043  51.558  -17.332  34.688 0.0000000000
70163  51.382  -17.063  34.137 0.0000000000
70178  51.104  -16.578  33.509 0.0000000000
71186  50.691  -15.833  32.923 0.0000000000
72248  50.643  -15.228  32.525 0.0000000000
74338  53.165  -12.691  33.306 0.0000000000
64517  41.222  -22.074  36.121 0.0000000000
64516  41.941  -21.674  36.439 0.0000000000
65611  39.608  -22.208  38.563 0.0000000000
64483  39.996  -22.379  38.175 0.0000000000
64482  40.959  -21.998  38.294 0.0000000000
64467  41.155  -21.772  38.898 0.0000000000
64496  41.664  -22.151  37.840 0.0000000000
64495  42.334  -21.727  38.077 0.0000000000
65627  42.719  -21.215  37.602 0.0000000000
65608  43.187  -20.617  37.947 0.0000000000
67850  44.756  -19.583  40.417 0.0000000000
67838  45.172  -19.392  40.823 0.0000000000
55609  38.898  -29.249  42.476 0.0000000000
56832  39.000  -28.823  42.075 0.0000000000
61170  40.354  -24.906  40.989 0.0000000000
60134  41.155  -25.633  41.711 0.0000000000
61169  40.731  -24.649  41.301 0.0000000000
62266  40.829  -24.230  41.388 0.0000000000
62250  41.058  -24.010  41.531 0.0000000000
62251  40.805  -23.228  41.742 0.0000000000
63310  40.782  -22.651  42.419 0.0000000000
55511  42.397  -29.976  48.314 0.0000000000
56740  42.547  -28.842  48.527 0.0000000000
56768  42.722  -29.357  47.111 0.0000000000
56767  42.919  -28.744  46.607 0.0000000000
57929  43.076  -27.575  45.283 0.0000000000
59004  43.585  -26.607  48.248 0.0000000000
60084  43.511  -25.774  47.571 0.0000000000
59014  43.448  -26.809  47.558 0.0000000000
60122  42.535  -25.647  43.719 0.0000000000
60112  42.490  -24.868  43.785 0.0000000000
61125  41.789  -23.517  43.106 0.0000000000
66690  42.010  -20.666  44.037 0.0000000000
64359  42.708  -21.058  46.175 0.0000000000
65509  43.800  -20.463  46.717 0.0000000000
65511  42.640  -20.810  45.910 0.0000000000
66649  42.698  -20.515  45.367 0.0000000000
66689  42.539  -20.175  44.195 0.0000000000
66699  42.873  -19.410  43.838 0.0000000000
66698  43.200  -19.297  43.694 0.0000000000
67782  44.665  -18.846  44.097 0.0000000000
67799  44.522  -18.878  43.234 0.0000000000
82589  52.911  -4.759  14.713 0.0000000000
81620  53.231  -4.870  14.604 0.0000000000
80615  54.543  -6.329  15.767 0.0000000000
79661  55.411  -7.437  16.821 0.0000000000
79647  55.024  -7.734  17.485 0.0000000000
79646  55.898  -7.452  17.409 0.0000000000
80563  56.364  -7.319  17.890 0.0000000000
78614  54.317  -8.441  19.961 0.0000000000
79614  54.768  -8.234  20.142 0.0000000000
79613  55.675  -7.645  20.094 0.0000000000
80538  57.020  -6.888  20.052 0.0000000000
80529  58.308  -6.639  21.310 0.0000000000
35417  12.898  -49.029  52.508 0.0000000000
36403  14.195  -47.054  55.995 0.0000000000
38465  15.194  -46.116  54.458 0.0000000000
38477  16.308  -45.081  52.785 0.0000000000
39475  17.148  -43.858  57.778 0.0000000000
39489  16.062  -45.217  54.060 0.0000000000
40559  17.071  -44.015  55.722 0.0000000000
41645  18.161  -43.264  54.539 0.0000000000
42782  21.899  -41.384  57.062 0.0000000000
42812  20.209  -41.584  55.099 0.0000000000
42856  18.203  -42.035  50.617 0.0000000000
43889  21.797  -41.358  56.635 0.0000000000
44964  27.541  -39.083  49.167 0.0000000000
44992  26.248  -38.864  47.790 0.0000000000
46732  28.147  -38.274  49.655 0.0000000000
48882  28.303  -35.464  45.991 0.0000000000
49899  34.123  -34.433  51.703 0.0000000000
49925  34.742  -35.144  50.026 0.0000000000
49947  35.073  -35.020  49.812 0.0000000000
49948  33.008  -34.423  50.285 0.0000000000
52194  40.720  -31.945  46.328 0.0000000000
55584  36.826  -30.719  43.740 0.0000000000
55599  36.198  -30.863  42.720 0.0000000000
56741  42.343  -29.462  48.654 0.0000000000
57928  43.170  -27.288  44.545 0.0000000000
59026  43.586  -26.029  46.865 0.0000000000
59036  43.058  -26.987  44.218 0.0000000000
59047  42.749  -27.173  44.115 0.0000000000
60090  43.558  -25.857  47.156 0.0000000000
61139  41.783  -23.753  42.952 0.0000000000
61152  40.902  -25.119  41.502 0.0000000000
61186  40.404  -24.478  40.959 0.0000000000
61187  40.048  -24.686  40.606 0.0000000000
64392  42.404  -21.915  45.351 0.0000000000
64468  40.444  -21.999  38.806 0.0000000000
65496  42.932  -20.977  46.348 0.0000000000
65610  42.249  -21.455  38.877 0.0000000000
65649  45.804  -20.405  34.729 0.0000000000
65662  45.678  -20.299  34.526 0.0000000000
66650  42.384  -20.673  45.051 0.0000000000
66673  42.686  -20.320  44.789 0.0000000000
66738  46.730  -19.234  38.897 0.0000000000
67764  43.143  -19.596  44.586 0.0000000000
67784  43.089  -19.245  44.312 0.0000000000
67800  43.613  -19.168  43.694 0.0000000000
67861  48.252  -18.601  38.571 0.0000000000
67922  47.462  -19.118  32.675 0.0000000000
69016  52.026  -18.075  36.116 0.0000000000
69068  46.155  -18.721  31.207 0.0000000000
73341  50.053  -13.341  29.540 0.0000000000
73358  51.872  -13.209  27.843 0.0000000000
73375  52.696  -13.357  27.145 0.0000000000
73402  54.041  -13.396  25.529 0.0000000000
73403  53.633  -13.505  25.727 0.0000000000
73428  52.088  -13.699  23.866 0.0000000000
74406  49.106  -13.403  28.189 0.0000000000
74429  55.503  -12.140  26.508 0.0000000000
74442  56.091  -12.177  25.202 0.0000000000
75366  53.366  -11.852  32.486 0.0000000000
75379  54.923  -10.797  30.919 0.0000000000
75400  52.082  -12.393  30.167 0.0000000000
76366  53.810  -11.563  32.717 0.0000000000
77492  58.636  -8.603  25.703 0.0000000000
78536  57.420  -9.217  28.257 0.0000000000
79567  58.478  -7.939  26.913 0.0000000000
79622  58.690  -6.884  19.884 0.0000000000
79645  56.324  -7.156  17.246 0.0000000000
79659  56.499  -6.961  17.039 0.0000000000
81631  53.976  -4.734  13.828 0.0000000000
82563  58.867  -5.308  17.342 0.0000000000
83570  53.269  -3.691  13.846 0.0000000000
83584  53.164  -3.371  13.652 0.0000000000
