#!ascii label  , from subject 4114 vox2ras=TkReg
970
66267  -35.846  -31.629  71.096 0.0000000000
58088  -21.603  -37.709  75.066 0.0000000000
61393  -28.256  -36.405  73.242 0.0000000000
90273  -41.719  -10.238  54.213 0.0000000000
92572  -47.799  -8.143  49.286 0.0000000000
58005  -13.938  -38.021  80.466 0.0000000000
86923  -39.561  -13.134  58.202 0.0000000000
69527  -37.390  -27.958  69.166 0.0000000000
62647  -32.755  -34.853  72.106 0.0000000000
58052  -17.363  -37.967  77.415 0.0000000000
55712  -18.591  -42.619  80.686 0.0000000000
65093  -32.736  -32.033  69.079 0.0000000000
68480  -33.053  -29.472  67.640 0.0000000000
62578  -25.412  -34.561  75.234 0.0000000000
65064  -29.177  -32.328  71.386 0.0000000000
74324  -37.273  -24.066  58.591 0.0000000000
80362  -39.649  -19.325  57.475 0.0000000000
83720  -42.182  -16.373  54.110 0.0000000000
53235  -9.653  -43.037  82.907 0.0000000000
50745  -7.426  -44.805  85.971 0.0000000000
73031  -29.750  -26.064  66.946 0.0000000000
75380  -31.851  -24.807  64.328 0.0000000000
73131  -33.922  -25.802  61.000 0.0000000000
54551  -13.880  -42.048  82.122 0.0000000000
56955  -22.340  -39.854  77.842 0.0000000000
58054  -24.484  -38.516  77.559 0.0000000000
65052  -34.584  -32.778  71.730 0.0000000000
60260  -20.175  -35.074  75.977 0.0000000000
58076  -19.321  -38.312  76.073 0.0000000000
56937  -20.155  -40.941  78.520 0.0000000000
66265  -32.586  -31.383  71.244 0.0000000000
65091  -30.803  -32.691  69.542 0.0000000000
79118  -36.275  -20.433  58.846 0.0000000000
76668  -38.629  -21.722  57.596 0.0000000000
81431  -37.637  -18.588  57.899 0.0000000000
85856  -39.758  -14.317  54.955 0.0000000000
86967  -41.429  -13.417  53.248 0.0000000000
86970  -44.313  -14.322  52.525 0.0000000000
89172  -43.183  -11.570  51.660 0.0000000000
89181  -45.445  -11.706  50.453 0.0000000000
71828  -31.220  -26.966  70.509 0.0000000000
70680  -31.228  -27.667  67.630 0.0000000000
73013  -28.946  -25.534  69.109 0.0000000000
76557  -29.519  -22.667  65.244 0.0000000000
77787  -31.537  -21.879  63.571 0.0000000000
74254  -32.920  -25.757  63.101 0.0000000000
76596  -33.331  -22.768  62.243 0.0000000000
75406  -34.377  -22.971  60.961 0.0000000000
62580  -26.828  -35.119  75.014 0.0000000000
56903  -11.730  -40.151  81.313 0.0000000000
56916  -13.132  -39.985  79.869 0.0000000000
47279  -8.191  -47.524  88.160 0.0000000000
48391  -6.397  -47.566  88.986 0.0000000000
84742  -38.176  -14.907  59.898 0.0000000000
73017  -36.513  -26.376  69.550 0.0000000000
61419  -31.091  -36.048  72.503 0.0000000000
59147  -15.990  -37.746  78.184 0.0000000000
56919  -15.906  -40.864  79.242 0.0000000000
56935  -18.115  -40.759  78.734 0.0000000000
92602  -48.907  -9.180  47.464 0.0000000000
65094  -34.115  -32.506  69.214 0.0000000000
66298  -35.285  -30.966  68.036 0.0000000000
67404  -33.215  -30.233  68.266 0.0000000000
61370  -21.318  -35.174  74.294 0.0000000000
60290  -23.613  -36.805  74.044 0.0000000000
65007  -22.940  -32.758  74.230 0.0000000000
65010  -25.128  -32.001  74.273 0.0000000000
62618  -26.535  -33.946  73.356 0.0000000000
65047  -28.037  -32.152  72.742 0.0000000000
62657  -27.570  -34.289  70.983 0.0000000000
62671  -30.039  -34.076  69.777 0.0000000000
63897  -32.266  -33.607  69.798 0.0000000000
73152  -38.421  -26.213  60.261 0.0000000000
83683  -38.427  -16.367  57.318 0.0000000000
82577  -41.357  -17.437  55.796 0.0000000000
90304  -46.667  -11.238  49.535 0.0000000000
50757  -9.198  -44.944  84.827 0.0000000000
48438  -9.637  -47.041  86.644 0.0000000000
68500  -34.801  -29.049  66.920 0.0000000000
71872  -33.870  -26.795  67.735 0.0000000000
74152  -32.874  -25.527  67.767 0.0000000000
75306  -28.655  -23.874  67.431 0.0000000000
74202  -29.992  -24.675  65.492 0.0000000000
75330  -33.002  -24.987  66.685 0.0000000000
74206  -34.559  -25.194  65.196 0.0000000000
71892  -36.242  -26.659  63.847 0.0000000000
71922  -37.579  -26.954  62.208 0.0000000000
73149  -35.534  -25.556  59.735 0.0000000000
75425  -35.290  -22.724  60.142 0.0000000000
60246  -25.668  -36.778  77.420 0.0000000000
55672  -10.339  -39.817  83.256 0.0000000000
53264  -11.598  -42.617  82.018 0.0000000000
55688  -16.120  -42.501  81.643 0.0000000000
47277  -5.054  -47.458  88.408 0.0000000000
56970  -22.293  -39.200  77.083 0.0000000000
56956  -23.472  -39.609  77.660 0.0000000000
58067  -23.286  -38.547  76.337 0.0000000000
65069  -35.211  -32.126  71.190 0.0000000000
59207  -20.776  -36.937  74.871 0.0000000000
59198  -19.885  -36.973  75.275 0.0000000000
58065  -21.307  -38.848  76.319 0.0000000000
56969  -21.336  -39.609  76.984 0.0000000000
80329  -36.396  -19.465  59.308 0.0000000000
80345  -36.820  -19.777  58.484 0.0000000000
81422  -36.993  -18.332  59.247 0.0000000000
90272  -41.143  -10.605  55.039 0.0000000000
88079  -40.563  -12.341  54.525 0.0000000000
89162  -41.445  -11.310  53.291 0.0000000000
88100  -42.689  -12.531  52.190 0.0000000000
90282  -42.737  -10.146  52.336 0.0000000000
90283  -43.642  -10.442  51.502 0.0000000000
71844  -29.928  -26.765  69.487 0.0000000000
79023  -31.284  -20.302  64.512 0.0000000000
76580  -32.685  -22.600  62.639 0.0000000000
77789  -33.311  -21.501  63.087 0.0000000000
76581  -33.778  -22.109  62.719 0.0000000000
62601  -27.309  -35.697  74.344 0.0000000000
61355  -28.139  -36.007  75.218 0.0000000000
61356  -28.468  -36.454  74.824 0.0000000000
58003  -12.667  -39.271  80.683 0.0000000000
58023  -13.532  -39.519  79.698 0.0000000000
90306  -47.781  -10.627  48.611 0.0000000000
48410  -6.979  -47.131  87.816 0.0000000000
69502  -38.097  -28.791  70.686 0.0000000000
71848  -36.727  -26.914  69.247 0.0000000000
62646  -31.631  -35.291  72.163 0.0000000000
62622  -33.927  -34.880  73.053 0.0000000000
59169  -17.395  -36.966  77.512 0.0000000000
59127  -16.507  -36.157  79.469 0.0000000000
59167  -16.707  -38.201  77.950 0.0000000000
56949  -16.563  -39.548  78.411 0.0000000000
56965  -17.756  -39.645  77.539 0.0000000000
56922  -21.579  -41.414  79.329 0.0000000000
55732  -21.042  -41.720  79.947 0.0000000000
65104  -33.161  -32.179  68.870 0.0000000000
66296  -33.584  -31.541  68.396 0.0000000000
66295  -33.056  -31.333  68.634 0.0000000000
62576  -21.775  -33.704  75.186 0.0000000000
62615  -22.023  -34.266  73.972 0.0000000000
64975  -22.232  -32.091  75.427 0.0000000000
67332  -24.620  -30.567  74.645 0.0000000000
65011  -25.879  -31.737  73.984 0.0000000000
63858  -26.233  -32.710  73.604 0.0000000000
65027  -26.456  -31.629  73.596 0.0000000000
65048  -28.980  -32.384  72.574 0.0000000000
65063  -28.218  -32.379  71.598 0.0000000000
65062  -27.272  -32.489  71.815 0.0000000000
63894  -27.897  -33.353  70.555 0.0000000000
62670  -28.940  -34.155  69.926 0.0000000000
65089  -28.995  -32.688  69.714 0.0000000000
65092  -32.014  -32.453  69.455 0.0000000000
63908  -31.197  -33.140  69.289 0.0000000000
65103  -32.625  -32.554  69.161 0.0000000000
63910  -33.168  -33.103  69.516 0.0000000000
74308  -37.832  -24.860  59.043 0.0000000000
74293  -39.617  -25.462  59.641 0.0000000000
74326  -39.253  -24.157  58.369 0.0000000000
79133  -39.497  -20.456  57.590 0.0000000000
77857  -39.890  -21.339  57.777 0.0000000000
86907  -39.044  -13.647  59.345 0.0000000000
84761  -37.707  -15.051  58.722 0.0000000000
85840  -38.440  -14.304  57.064 0.0000000000
84801  -40.802  -15.090  54.526 0.0000000000
83705  -40.734  -16.179  55.376 0.0000000000
83706  -41.535  -16.568  54.957 0.0000000000
82578  -42.268  -18.028  55.671 0.0000000000
89182  -45.894  -11.313  50.225 0.0000000000
91423  -45.629  -9.241  50.727 0.0000000000
90298  -46.571  -10.241  49.633 0.0000000000
54507  -8.932  -41.511  83.878 0.0000000000
53204  -8.416  -42.600  84.377 0.0000000000
51936  -9.290  -43.903  84.107 0.0000000000
48450  -10.740  -46.301  86.326 0.0000000000
48413  -10.136  -47.020  88.747 0.0000000000
67421  -33.912  -30.303  67.070 0.0000000000
67423  -35.209  -30.039  67.384 0.0000000000
68498  -33.595  -29.577  66.771 0.0000000000
71868  -30.228  -26.760  67.562 0.0000000000
70682  -32.908  -27.546  66.954 0.0000000000
71870  -32.334  -26.877  67.295 0.0000000000
71860  -33.578  -26.373  68.087 0.0000000000
73033  -32.046  -26.013  67.522 0.0000000000
76519  -29.199  -22.129  67.555 0.0000000000
75378  -30.122  -23.486  64.744 0.0000000000
75356  -29.618  -23.869  65.169 0.0000000000
75357  -30.575  -24.318  65.160 0.0000000000
74180  -32.073  -25.125  66.491 0.0000000000
75358  -31.766  -25.055  65.570 0.0000000000
75331  -34.218  -24.573  66.550 0.0000000000
75359  -33.033  -25.223  65.543 0.0000000000
73092  -33.494  -26.160  62.729 0.0000000000
73093  -34.241  -26.250  63.553 0.0000000000
71906  -34.937  -26.671  62.670 0.0000000000
71908  -36.929  -26.893  63.046 0.0000000000
71920  -35.599  -26.894  61.940 0.0000000000
71943  -36.881  -26.585  60.497 0.0000000000
71941  -34.945  -26.357  60.215 0.0000000000
75399  -34.863  -22.371  61.570 0.0000000000
76614  -35.473  -21.648  60.966 0.0000000000
61373  -24.521  -35.110  74.378 0.0000000000
60278  -24.732  -36.476  75.515 0.0000000000
61337  -25.537  -35.784  76.195 0.0000000000
55705  -12.343  -40.943  80.796 0.0000000000
55704  -11.290  -41.013  81.444 0.0000000000
54549  -12.700  -42.496  81.784 0.0000000000
55728  -16.701  -41.819  79.739 0.0000000000
55727  -15.686  -41.622  79.867 0.0000000000
55711  -17.492  -42.451  80.648 0.0000000000
56924  -22.921  -40.578  79.260 0.0000000000
55746  -24.234  -40.505  79.268 0.0000000000
56941  -24.697  -39.931  78.663 0.0000000000
58039  -25.675  -38.726  78.894 0.0000000000
62663  -33.290  -33.893  71.798 0.0000000000
63859  -33.880  -34.243  72.691 0.0000000000
60258  -18.628  -35.911  76.713 0.0000000000
59196  -18.798  -37.790  76.262 0.0000000000
58075  -18.729  -38.297  76.440 0.0000000000
56966  -18.422  -39.735  77.407 0.0000000000
56968  -20.314  -39.942  76.910 0.0000000000
56954  -21.330  -40.292  77.729 0.0000000000
66278  -32.809  -31.241  70.290 0.0000000000
67381  -33.166  -30.724  69.663 0.0000000000
65065  -30.202  -32.211  71.257 0.0000000000
65078  -29.452  -32.343  70.331 0.0000000000
66264  -32.025  -32.018  70.910 0.0000000000
76651  -36.816  -22.487  58.311 0.0000000000
76653  -38.268  -22.452  57.761 0.0000000000
77856  -37.409  -21.269  57.802 0.0000000000
80360  -37.963  -19.626  57.461 0.0000000000
81448  -38.304  -19.056  57.453 0.0000000000
86948  -39.411  -13.426  56.060 0.0000000000
86956  -40.150  -13.304  54.820 0.0000000000
86957  -40.732  -13.362  53.990 0.0000000000
85859  -42.007  -14.940  53.534 0.0000000000
84812  -43.399  -15.368  53.217 0.0000000000
86968  -42.421  -13.552  52.708 0.0000000000
86981  -43.897  -13.628  52.094 0.0000000000
88114  -44.740  -13.135  51.317 0.0000000000
89173  -43.952  -11.404  51.205 0.0000000000
91421  -44.292  -9.817  51.199 0.0000000000
51946  -11.763  -44.074  83.656 0.0000000000
51937  -10.341  -44.418  83.875 0.0000000000
51925  -11.966  -44.500  85.294 0.0000000000
70666  -32.141  -28.199  68.650 0.0000000000
69536  -31.769  -28.347  67.740 0.0000000000
70664  -30.483  -27.415  68.935 0.0000000000
71858  -29.840  -26.925  68.482 0.0000000000
71857  -29.272  -26.362  67.954 0.0000000000
77746  -29.547  -21.153  66.928 0.0000000000
77747  -29.893  -20.134  66.148 0.0000000000
77773  -30.148  -21.725  64.909 0.0000000000
75388  -31.548  -23.548  63.809 0.0000000000
75389  -32.155  -23.840  63.264 0.0000000000
74263  -32.756  -24.056  62.452 0.0000000000
74274  -33.294  -24.582  61.489 0.0000000000
74275  -33.766  -24.615  60.957 0.0000000000
75397  -33.567  -23.085  61.806 0.0000000000
63800  -25.966  -34.255  75.371 0.0000000000
62537  -26.397  -35.676  76.385 0.0000000000
62560  -27.014  -35.399  75.860 0.0000000000
55723  -12.411  -40.366  80.436 0.0000000000
55706  -13.363  -41.407  80.676 0.0000000000
48436  -7.854  -46.380  86.395 0.0000000000
50731  -7.018  -44.779  87.026 0.0000000000
48424  -7.373  -46.391  86.896 0.0000000000
49573  -6.187  -45.797  87.560 0.0000000000
49572  -5.491  -45.834  87.938 0.0000000000
74138  -36.272  -25.193  69.893 0.0000000000
61417  -28.796  -36.070  72.349 0.0000000000
61377  -30.171  -36.839  74.596 0.0000000000
59106  -15.838  -36.464  80.056 0.0000000000
59125  -15.171  -37.507  79.099 0.0000000000
58035  -14.765  -39.368  79.155 0.0000000000
56933  -16.092  -39.893  78.852 0.0000000000
56920  -16.864  -41.051  79.088 0.0000000000
55741  -18.344  -41.374  79.392 0.0000000000
56936  -19.158  -40.864  78.630 0.0000000000
55742  -19.100  -41.372  79.334 0.0000000000
55713  -19.647  -42.419  80.867 0.0000000000
91450  -48.173  -9.138  47.969 0.0000000000
65082  -35.267  -31.914  70.347 0.0000000000
66280  -35.929  -31.389  70.142 0.0000000000
66289  -34.782  -31.907  68.871 0.0000000000
66313  -33.808  -30.982  67.744 0.0000000000
68466  -33.129  -29.408  68.188 0.0000000000
67393  -33.334  -30.102  69.234 0.0000000000
68467  -33.309  -29.400  68.743 0.0000000000
69524  -32.885  -28.242  68.917 0.0000000000
70631  -31.913  -27.438  70.062 0.0000000000
59208  -21.799  -36.973  74.556 0.0000000000
59209  -22.741  -37.329  74.519 0.0000000000
61371  -22.261  -35.726  73.415 0.0000000000
61391  -23.473  -34.871  73.448 0.0000000000
63839  -24.454  -33.527  74.346 0.0000000000
66203  -23.316  -31.729  74.575 0.0000000000
65009  -24.415  -32.379  74.251 0.0000000000
63840  -25.174  -32.929  74.720 0.0000000000
63820  -25.892  -33.591  75.053 0.0000000000
62599  -26.357  -33.942  74.429 0.0000000000
62619  -26.922  -34.761  73.018 0.0000000000
65028  -26.993  -31.596  73.524 0.0000000000
65061  -26.719  -32.540  72.364 0.0000000000
62656  -26.888  -33.973  71.587 0.0000000000
61416  -27.845  -35.840  72.412 0.0000000000
62644  -29.217  -35.612  71.413 0.0000000000
62659  -29.618  -34.774  70.716 0.0000000000
62661  -31.844  -34.511  71.126 0.0000000000
63907  -30.112  -33.224  68.989 0.0000000000
62680  -30.760  -33.609  69.497 0.0000000000
62674  -32.596  -33.818  70.604 0.0000000000
63899  -33.592  -33.134  70.331 0.0000000000
63900  -34.207  -32.709  70.453 0.0000000000
61352  -20.958  -34.959  75.508 0.0000000000
76654  -39.330  -22.352  57.717 0.0000000000
83678  -37.349  -16.647  59.070 0.0000000000
82550  -38.110  -17.325  57.900 0.0000000000
82557  -38.813  -17.361  57.369 0.0000000000
84786  -38.864  -15.106  55.907 0.0000000000
83690  -39.667  -16.286  56.262 0.0000000000
82559  -40.704  -17.880  56.598 0.0000000000
82560  -41.666  -18.184  56.523 0.0000000000
89194  -47.282  -12.019  49.219 0.0000000000
91428  -46.870  -9.383  49.508 0.0000000000
92571  -47.206  -8.179  49.911 0.0000000000
53189  -7.844  -42.297  85.462 0.0000000000
50756  -8.212  -44.925  85.408 0.0000000000
50758  -10.287  -45.402  84.917 0.0000000000
49619  -9.757  -46.160  85.490 0.0000000000
49606  -8.968  -46.429  85.859 0.0000000000
47294  -8.992  -47.547  87.507 0.0000000000
67394  -35.982  -30.681  68.559 0.0000000000
68469  -36.410  -29.360  68.305 0.0000000000
69540  -36.411  -28.393  68.407 0.0000000000
70692  -32.653  -28.256  66.801 0.0000000000
70684  -35.020  -28.032  67.351 0.0000000000
70651  -35.904  -27.458  68.605 0.0000000000
71862  -35.088  -26.836  68.597 0.0000000000
73015  -34.877  -25.749  69.177 0.0000000000
74155  -34.913  -24.745  68.921 0.0000000000
75289  -28.698  -23.880  68.396 0.0000000000
73029  -28.874  -25.502  66.836 0.0000000000
76539  -29.215  -22.199  66.393 0.0000000000
75328  -28.762  -23.953  66.427 0.0000000000
73038  -30.008  -25.599  66.450 0.0000000000
74162  -31.536  -25.470  66.907 0.0000000000
74164  -33.179  -24.914  67.527 0.0000000000
74235  -34.266  -25.731  64.446 0.0000000000
73067  -35.383  -25.960  64.551 0.0000000000
71935  -38.241  -26.742  61.284 0.0000000000
73151  -37.503  -26.108  59.992 0.0000000000
74307  -36.835  -24.711  59.000 0.0000000000
74292  -34.952  -24.654  59.939 0.0000000000
75437  -35.315  -23.871  59.646 0.0000000000
75438  -35.863  -23.171  59.263 0.0000000000
76641  -36.116  -22.220  58.950 0.0000000000
77843  -36.039  -20.416  60.244 0.0000000000
59200  -24.233  -37.597  76.184 0.0000000000
60245  -25.201  -37.266  77.366 0.0000000000
61318  -26.440  -36.175  77.026 0.0000000000
55670  -9.852  -41.503  82.685 0.0000000000
55686  -10.636  -40.336  82.286 0.0000000000
55685  -10.337  -41.411  82.070 0.0000000000
53251  -11.019  -42.934  82.730 0.0000000000
53238  -12.583  -43.854  83.366 0.0000000000
56918  -15.060  -40.618  79.537 0.0000000000
55726  -14.717  -41.340  80.124 0.0000000000
55687  -15.189  -42.329  81.370 0.0000000000
47258  -6.109  -47.783  90.000 0.0000000000
48390  -5.785  -47.586  88.620 0.0000000000
48408  -5.311  -46.957  88.279 0.0000000000
66268  -36.637  -31.003  71.051 0.0000000000
58066  -22.306  -38.717  76.299 0.0000000000
56971  -23.039  -38.979  76.949 0.0000000000
58079  -22.415  -38.271  75.579 0.0000000000
58087  -20.739  -37.703  75.141 0.0000000000
58078  -21.423  -38.328  75.583 0.0000000000
80330  -36.610  -18.810  60.269 0.0000000000
81407  -36.939  -17.675  60.694 0.0000000000
89161  -40.902  -11.300  54.259 0.0000000000
90281  -41.893  -10.457  53.009 0.0000000000
90274  -42.270  -9.682  53.360 0.0000000000
77776  -32.767  -20.896  63.640 0.0000000000
61375  -27.766  -36.016  74.209 0.0000000000
61376  -28.929  -36.701  74.287 0.0000000000
91438  -47.815  -9.409  48.520 0.0000000000
90307  -48.344  -10.648  48.219 0.0000000000
70636  -37.752  -27.473  69.515 0.0000000000
71832  -38.016  -26.926  70.012 0.0000000000
70653  -37.314  -27.535  69.150 0.0000000000
62621  -32.884  -35.851  73.011 0.0000000000
59168  -16.863  -37.688  77.811 0.0000000000
58051  -17.244  -38.748  77.559 0.0000000000
58061  -17.859  -39.207  77.303 0.0000000000
66288  -32.764  -31.528  69.375 0.0000000000
63798  -22.040  -32.966  75.944 0.0000000000
67334  -26.154  -29.803  74.826 0.0000000000
66219  -25.220  -30.996  74.111 0.0000000000
66220  -26.357  -30.716  74.161 0.0000000000
66233  -26.732  -31.292  73.873 0.0000000000
65076  -27.720  -32.760  71.027 0.0000000000
65077  -28.462  -32.610  70.494 0.0000000000
63895  -28.608  -33.322  69.793 0.0000000000
63920  -32.929  -32.779  69.137 0.0000000000
74325  -38.310  -24.200  58.437 0.0000000000
80363  -40.495  -19.145  57.631 0.0000000000
85830  -38.165  -14.253  58.125 0.0000000000
86937  -38.765  -13.637  57.780 0.0000000000
84802  -41.590  -15.581  54.156 0.0000000000
84789  -41.042  -15.764  54.881 0.0000000000
83707  -42.500  -17.022  54.526 0.0000000000
53221  -9.013  -42.777  83.457 0.0000000000
51943  -9.416  -43.425  83.394 0.0000000000
68481  -33.334  -29.841  67.160 0.0000000000
68497  -32.988  -29.345  66.998 0.0000000000
71869  -31.371  -26.876  67.347 0.0000000000
73032  -30.805  -26.072  66.992 0.0000000000
75379  -31.026  -23.788  64.523 0.0000000000
73112  -33.271  -25.592  61.952 0.0000000000
73113  -33.983  -26.387  62.253 0.0000000000
71919  -34.657  -26.649  61.633 0.0000000000
71932  -35.256  -26.938  60.967 0.0000000000
71931  -34.510  -26.538  60.823 0.0000000000
62577  -24.940  -34.976  75.127 0.0000000000
62557  -25.178  -35.584  75.679 0.0000000000
62558  -25.737  -35.283  75.719 0.0000000000
54567  -13.191  -41.805  81.298 0.0000000000
54566  -12.338  -41.893  81.363 0.0000000000
54550  -13.204  -42.264  81.793 0.0000000000
54529  -13.680  -42.711  82.197 0.0000000000
51910  -7.421  -43.538  86.138 0.0000000000
50732  -7.258  -44.193  86.751 0.0000000000
68445  -37.854  -29.604  70.249 0.0000000000
55745  -23.613  -40.606  79.496 0.0000000000
56940  -23.400  -40.338  78.622 0.0000000000
56957  -24.316  -39.172  77.910 0.0000000000
56942  -25.498  -39.328  79.031 0.0000000000
58038  -25.058  -38.840  78.404 0.0000000000
63876  -34.484  -33.260  72.222 0.0000000000
63875  -33.793  -33.861  72.257 0.0000000000
60243  -19.696  -34.586  77.442 0.0000000000
60259  -19.385  -35.776  76.202 0.0000000000
59197  -18.843  -37.093  75.927 0.0000000000
58063  -19.288  -39.147  76.499 0.0000000000
56939  -22.252  -40.460  78.586 0.0000000000
66277  -32.269  -31.794  70.475 0.0000000000
77855  -36.590  -21.476  58.415 0.0000000000
81421  -36.918  -19.093  58.564 0.0000000000
80346  -37.328  -19.721  57.937 0.0000000000
86949  -39.980  -12.877  55.734 0.0000000000
88078  -40.382  -12.315  55.454 0.0000000000
88087  -40.969  -12.346  53.563 0.0000000000
85858  -41.206  -14.446  53.781 0.0000000000
85870  -41.921  -14.240  53.195 0.0000000000
88101  -43.596  -12.815  51.727 0.0000000000
89179  -44.075  -12.276  51.377 0.0000000000
91417  -43.735  -9.082  52.173 0.0000000000
70648  -31.178  -27.504  69.528 0.0000000000
70665  -31.425  -28.048  68.509 0.0000000000
70647  -30.530  -27.182  69.463 0.0000000000
73014  -29.218  -25.583  69.977 0.0000000000
71843  -29.126  -26.275  68.945 0.0000000000
73021  -28.769  -25.605  68.369 0.0000000000
79036  -31.514  -20.774  64.074 0.0000000000
77774  -30.912  -21.404  64.145 0.0000000000
76569  -31.133  -22.636  63.888 0.0000000000
76579  -31.808  -22.683  63.281 0.0000000000
75395  -32.634  -23.606  62.583 0.0000000000
76595  -32.917  -23.133  62.385 0.0000000000
74264  -32.848  -24.586  62.186 0.0000000000
75404  -33.203  -23.861  61.720 0.0000000000
76582  -34.686  -22.045  62.939 0.0000000000
62579  -26.285  -34.588  75.248 0.0000000000
60263  -28.500  -36.575  75.686 0.0000000000
61339  -28.097  -36.063  76.313 0.0000000000
56905  -12.747  -39.554  80.381 0.0000000000
56915  -12.581  -40.031  80.216 0.0000000000
55724  -12.885  -40.683  80.243 0.0000000000
55725  -13.719  -40.939  80.111 0.0000000000
47293  -8.345  -47.315  87.244 0.0000000000
48411  -7.758  -47.121  87.357 0.0000000000
48409  -5.976  -46.929  88.029 0.0000000000
73007  -37.763  -26.365  70.239 0.0000000000
73006  -36.946  -25.746  70.186 0.0000000000
73005  -36.315  -25.533  69.881 0.0000000000
61418  -29.966  -36.272  72.326 0.0000000000
61395  -30.667  -36.369  73.441 0.0000000000
59126  -15.743  -36.677  78.969 0.0000000000
59105  -15.349  -36.836  79.614 0.0000000000
58036  -15.155  -38.800  79.027 0.0000000000
59146  -15.523  -38.179  78.657 0.0000000000
56934  -17.037  -40.437  78.608 0.0000000000
56921  -17.659  -41.039  79.152 0.0000000000
56952  -19.255  -40.462  77.857 0.0000000000
55743  -20.050  -41.304  79.296 0.0000000000
55731  -19.942  -41.913  80.016 0.0000000000
65095  -34.676  -32.236  69.456 0.0000000000
65106  -34.469  -32.037  68.838 0.0000000000
66312  -33.280  -30.951  68.011 0.0000000000
67420  -33.396  -30.318  67.607 0.0000000000
67382  -33.592  -30.048  70.019 0.0000000000
70633  -33.621  -27.612  70.710 0.0000000000
69525  -33.348  -28.518  69.442 0.0000000000
69538  -33.214  -28.783  68.747 0.0000000000
70650  -33.067  -27.808  69.815 0.0000000000
70649  -32.373  -27.957  69.230 0.0000000000
60276  -20.889  -35.927  74.843 0.0000000000
60288  -21.824  -36.308  74.121 0.0000000000
63856  -22.631  -33.724  73.980 0.0000000000
62616  -22.457  -34.211  73.690 0.0000000000
63857  -22.840  -33.934  73.750 0.0000000000
62597  -23.956  -34.478  73.877 0.0000000000
63838  -23.238  -33.497  73.873 0.0000000000
66218  -24.314  -31.465  74.404 0.0000000000
63841  -25.855  -32.709  74.449 0.0000000000
65030  -28.801  -32.070  73.809 0.0000000000
65029  -27.846  -31.469  73.992 0.0000000000
65046  -27.215  -32.053  72.857 0.0000000000
63884  -27.179  -33.293  71.156 0.0000000000
63883  -26.656  -33.193  71.877 0.0000000000
62642  -27.223  -34.915  72.105 0.0000000000
62643  -28.112  -35.364  71.554 0.0000000000
62658  -28.570  -34.689  70.780 0.0000000000
62660  -30.741  -34.668  70.932 0.0000000000
65079  -30.477  -32.287  70.230 0.0000000000
65090  -29.782  -32.633  69.518 0.0000000000
62682  -32.015  -33.611  69.683 0.0000000000
62681  -31.547  -33.604  69.634 0.0000000000
62673  -32.115  -33.917  70.239 0.0000000000
63885  -32.865  -33.749  70.809 0.0000000000
63898  -32.794  -33.593  70.154 0.0000000000
63911  -33.936  -32.739  69.613 0.0000000000
63912  -34.396  -32.559  69.971 0.0000000000
65081  -34.734  -32.373  70.430 0.0000000000
62555  -21.019  -34.313  76.026 0.0000000000
61334  -20.576  -34.454  76.190 0.0000000000
73132  -39.037  -26.440  60.786 0.0000000000
74310  -40.487  -24.661  59.258 0.0000000000
74294  -40.135  -25.342  59.758 0.0000000000
75449  -38.776  -23.341  58.000 0.0000000000
83645  -37.844  -15.730  60.432 0.0000000000
83663  -37.245  -16.482  59.637 0.0000000000
83664  -37.451  -15.825  59.399 0.0000000000
84775  -37.985  -15.285  57.629 0.0000000000
83679  -37.734  -16.287  58.335 0.0000000000
83684  -39.122  -16.709  56.881 0.0000000000
86955  -39.619  -13.640  55.335 0.0000000000
85847  -39.117  -14.334  55.617 0.0000000000
84787  -39.599  -15.308  55.491 0.0000000000
83692  -40.902  -16.760  55.654 0.0000000000
83691  -40.343  -16.530  55.893 0.0000000000
82576  -40.507  -17.150  56.155 0.0000000000
82558  -39.749  -17.385  56.803 0.0000000000
82561  -42.646  -18.550  56.404 0.0000000000
85872  -43.803  -14.827  52.947 0.0000000000
89188  -46.219  -11.853  49.732 0.0000000000
88130  -46.651  -12.736  49.719 0.0000000000
92570  -46.573  -8.573  50.132 0.0000000000
51924  -8.104  -43.728  85.091 0.0000000000
50759  -11.215  -45.135  85.184 0.0000000000
50764  -10.645  -44.912  84.467 0.0000000000
48449  -10.361  -46.517  86.136 0.0000000000
49618  -8.830  -45.741  85.392 0.0000000000
48437  -8.523  -46.813  86.365 0.0000000000
48412  -9.585  -47.419  88.739 0.0000000000
66290  -35.435  -31.547  69.018 0.0000000000
67383  -36.372  -30.899  69.412 0.0000000000
68483  -35.213  -29.469  67.199 0.0000000000
67406  -35.686  -30.071  67.863 0.0000000000
68468  -35.810  -29.367  67.726 0.0000000000
69539  -35.730  -28.537  67.722 0.0000000000
69549  -31.753  -28.166  67.334 0.0000000000
69550  -32.399  -28.656  67.233 0.0000000000
70681  -31.953  -27.766  67.029 0.0000000000
70683  -34.177  -27.471  67.303 0.0000000000
70667  -34.646  -27.150  67.800 0.0000000000
71861  -34.440  -26.753  68.192 0.0000000000
73023  -33.244  -25.834  68.133 0.0000000000
73024  -34.087  -25.787  68.769 0.0000000000
74146  -34.864  -25.215  69.151 0.0000000000
74153  -33.536  -25.226  68.173 0.0000000000
76496  -28.870  -23.047  68.009 0.0000000000
75290  -28.918  -23.287  68.806 0.0000000000
74151  -28.576  -24.752  67.896 0.0000000000
77759  -29.799  -21.422  65.795 0.0000000000
75355  -29.000  -23.970  65.601 0.0000000000
74201  -29.422  -24.398  65.503 0.0000000000
74177  -29.114  -25.072  65.892 0.0000000000
74178  -30.347  -25.179  66.031 0.0000000000
73039  -30.777  -25.472  66.556 0.0000000000
74179  -31.208  -25.181  66.298 0.0000000000
74181  -32.692  -25.033  66.954 0.0000000000
75307  -33.369  -24.681  67.328 0.0000000000
75308  -33.996  -24.497  67.702 0.0000000000
74182  -34.946  -24.763  65.924 0.0000000000
74233  -32.371  -25.154  63.680 0.0000000000
74234  -33.167  -25.758  64.189 0.0000000000
73094  -35.312  -26.584  63.563 0.0000000000
73066  -34.638  -25.959  64.193 0.0000000000
71909  -37.949  -26.850  63.122 0.0000000000
71923  -38.567  -26.916  62.289 0.0000000000
71934  -37.213  -26.872  61.322 0.0000000000
71942  -35.907  -26.651  60.193 0.0000000000
73150  -36.573  -26.017  59.753 0.0000000000
73161  -37.212  -25.434  59.440 0.0000000000
73160  -36.311  -25.234  59.350 0.0000000000
75423  -34.127  -23.862  60.691 0.0000000000
74291  -34.343  -24.665  60.496 0.0000000000
75424  -34.689  -23.556  60.290 0.0000000000
76632  -35.609  -21.694  60.080 0.0000000000
77830  -35.730  -21.068  60.295 0.0000000000
59210  -23.569  -37.330  74.552 0.0000000000
58090  -23.263  -37.729  74.914 0.0000000000
59199  -23.975  -37.504  75.461 0.0000000000
61316  -25.222  -36.653  76.816 0.0000000000
60262  -24.620  -37.040  76.095 0.0000000000
60232  -25.456  -37.510  77.854 0.0000000000
60233  -25.878  -37.366  78.235 0.0000000000
61319  -27.134  -36.050  77.065 0.0000000000
55661  -9.430  -41.180  83.175 0.0000000000
55671  -9.881  -40.683  82.784 0.0000000000
56894  -11.718  -39.223  81.785 0.0000000000
56887  -11.103  -39.482  82.658 0.0000000000
56893  -11.316  -40.031  81.927 0.0000000000
54565  -11.476  -42.023  81.514 0.0000000000
55703  -10.917  -41.658  81.624 0.0000000000
54564  -10.852  -42.187  81.887 0.0000000000
54548  -10.311  -42.363  82.477 0.0000000000
53263  -11.071  -42.668  82.333 0.0000000000
53252  -11.688  -43.135  82.603 0.0000000000
56932  -15.262  -39.886  79.134 0.0000000000
56931  -14.613  -39.849  79.235 0.0000000000
55710  -16.438  -42.325  80.643 0.0000000000
55709  -15.473  -42.156  80.658 0.0000000000
55708  -14.810  -41.960  80.777 0.0000000000
92601  -48.661  -8.410  47.725 0.0000000000
47264  -5.313  -47.929  88.980 0.0000000000
58053  -23.778  -38.874  77.229 0.0000000000
65068  -34.656  -32.558  71.205 0.0000000000
60275  -20.211  -36.143  75.424 0.0000000000
58077  -20.187  -38.197  75.574 0.0000000000
58064  -20.300  -39.096  76.297 0.0000000000
66251  -33.307  -30.939  72.158 0.0000000000
79101  -36.005  -20.216  59.682 0.0000000000
89154  -40.685  -11.394  55.405 0.0000000000
88088  -41.779  -12.432  52.803 0.0000000000
89171  -42.252  -11.397  52.492 0.0000000000
91416  -43.004  -9.014  53.191 0.0000000000
71845  -30.606  -26.978  69.894 0.0000000000
71827  -30.152  -26.496  70.535 0.0000000000
77775  -31.844  -21.152  63.755 0.0000000000
77788  -32.285  -21.720  63.214 0.0000000000
62581  -27.360  -35.684  74.760 0.0000000000
62561  -27.450  -35.676  75.482 0.0000000000
60279  -28.502  -36.531  75.227 0.0000000000
60280  -29.085  -36.816  75.209 0.0000000000
58004  -13.180  -38.996  80.370 0.0000000000
89196  -48.315  -11.403  48.415 0.0000000000
47266  -8.000  -47.605  89.183 0.0000000000
47278  -7.596  -47.536  88.571 0.0000000000
48392  -7.242  -47.621  89.130 0.0000000000
71831  -37.353  -26.636  69.615 0.0000000000
61420  -31.694  -35.896  72.620 0.0000000000
62620  -32.053  -35.866  72.720 0.0000000000
62603  -33.807  -35.475  74.162 0.0000000000
59184  -18.144  -36.379  77.003 0.0000000000
59170  -17.926  -35.621  78.139 0.0000000000
59149  -17.195  -35.977  78.810 0.0000000000
59148  -16.578  -36.759  78.395 0.0000000000
58037  -15.996  -38.795  78.569 0.0000000000
58050  -16.629  -38.791  78.134 0.0000000000
56950  -17.237  -39.876  77.970 0.0000000000
56938  -21.308  -41.035  78.490 0.0000000000
55744  -20.843  -41.330  79.094 0.0000000000
63922  -33.855  -32.566  69.159 0.0000000000
65105  -33.963  -32.238  68.825 0.0000000000
67392  -33.136  -30.709  68.931 0.0000000000
62575  -21.354  -34.383  75.284 0.0000000000
62595  -21.661  -34.311  74.383 0.0000000000
63817  -22.144  -33.002  74.939 0.0000000000
64991  -22.571  -32.428  74.637 0.0000000000
62669  -28.194  -33.986  70.267 0.0000000000
63896  -29.245  -33.625  69.254 0.0000000000
65080  -31.571  -32.201  70.181 0.0000000000
63909  -32.256  -33.225  69.353 0.0000000000
63921  -33.481  -32.644  69.125 0.0000000000
73162  -38.159  -25.558  59.627 0.0000000000
73153  -39.451  -25.848  60.066 0.0000000000
74309  -39.213  -25.103  59.171 0.0000000000
75439  -39.947  -24.260  58.700 0.0000000000
77870  -38.887  -21.060  57.519 0.0000000000
76669  -39.223  -21.522  57.610 0.0000000000
77871  -39.368  -21.098  57.615 0.0000000000
85802  -38.970  -13.980  59.811 0.0000000000
85813  -38.333  -14.135  59.128 0.0000000000
84779  -38.485  -15.390  56.626 0.0000000000
84788  -40.390  -15.555  55.099 0.0000000000
82591  -42.049  -17.434  55.099 0.0000000000
82592  -42.903  -17.770  54.888 0.0000000000
90290  -44.852  -10.705  50.735 0.0000000000
90291  -45.480  -10.503  50.477 0.0000000000
90297  -46.122  -10.537  50.090 0.0000000000
91427  -46.161  -9.349  49.998 0.0000000000
48427  -10.366  -46.770  87.738 0.0000000000
66314  -34.530  -30.784  67.569 0.0000000000
66315  -35.114  -30.437  67.535 0.0000000000
67439  -34.269  -30.006  66.876 0.0000000000
68499  -34.411  -29.518  66.834 0.0000000000
71871  -33.249  -26.866  67.521 0.0000000000
71859  -32.833  -26.292  67.793 0.0000000000
73022  -32.758  -25.933  67.864 0.0000000000
74203  -30.918  -24.876  65.773 0.0000000000
74204  -31.511  -25.052  66.024 0.0000000000
75329  -32.317  -25.094  66.235 0.0000000000
75360  -34.078  -24.966  65.644 0.0000000000
74255  -33.614  -25.965  63.875 0.0000000000
71907  -35.922  -26.856  62.890 0.0000000000
71921  -36.581  -27.003  62.115 0.0000000000
71933  -36.257  -27.049  61.151 0.0000000000
75407  -35.010  -22.429  60.959 0.0000000000
61353  -24.430  -36.210  74.451 0.0000000000
60277  -24.294  -36.745  74.893 0.0000000000
61354  -24.732  -35.894  74.963 0.0000000000
61336  -25.020  -36.163  76.106 0.0000000000
61317  -25.741  -36.236  76.846 0.0000000000
53265  -12.121  -42.446  81.725 0.0000000000
53253  -12.498  -43.060  82.255 0.0000000000
53254  -13.185  -42.831  82.071 0.0000000000
69513  -37.723  -28.576  69.736 0.0000000000
55734  -23.103  -40.837  80.136 0.0000000000
55735  -24.320  -40.749  80.175 0.0000000000
56925  -24.941  -40.517  79.575 0.0000000000
62648  -33.390  -34.289  72.209 0.0000000000
60242  -18.964  -35.270  77.499 0.0000000000
59183  -18.298  -37.511  76.658 0.0000000000
58062  -18.155  -38.620  77.027 0.0000000000
56967  -19.285  -39.799  77.206 0.0000000000
56953  -20.281  -40.554  77.705 0.0000000000
56923  -22.303  -41.064  79.254 0.0000000000
66279  -33.342  -30.536  70.407 0.0000000000
65049  -29.987  -32.347  72.391 0.0000000000
65066  -31.313  -32.166  71.212 0.0000000000
66287  -32.296  -31.896  69.947 0.0000000000
75447  -36.635  -23.218  58.564 0.0000000000
75448  -37.611  -23.180  58.128 0.0000000000
76652  -37.385  -22.146  57.899 0.0000000000
76667  -37.944  -21.770  57.632 0.0000000000
79119  -36.989  -20.535  58.163 0.0000000000
79131  -37.664  -20.454  57.627 0.0000000000
77869  -38.146  -21.130  57.490 0.0000000000
79132  -38.478  -20.393  57.415 0.0000000000
80361  -38.795  -19.561  57.383 0.0000000000
81449  -38.927  -18.462  57.411 0.0000000000
86938  -39.278  -13.342  57.095 0.0000000000
86939  -40.024  -12.672  56.732 0.0000000000
85857  -40.434  -14.259  54.418 0.0000000000
84803  -42.627  -15.695  53.564 0.0000000000
85871  -42.768  -14.701  53.047 0.0000000000
86969  -43.380  -14.083  52.559 0.0000000000
86980  -43.156  -13.358  52.178 0.0000000000
89180  -44.687  -11.871  50.925 0.0000000000
90289  -44.215  -10.836  50.925 0.0000000000
91422  -45.013  -9.570  50.997 0.0000000000
53236  -10.506  -43.196  82.911 0.0000000000
51944  -9.996  -43.750  83.315 0.0000000000
51945  -10.931  -44.053  83.340 0.0000000000
51938  -11.392  -44.608  84.234 0.0000000000
70679  -30.527  -27.474  68.166 0.0000000000
71867  -29.505  -26.241  67.388 0.0000000000
77760  -30.431  -20.706  65.109 0.0000000000
76568  -30.344  -22.601  64.418 0.0000000000
74253  -32.534  -24.506  62.842 0.0000000000
73130  -33.534  -25.159  61.329 0.0000000000
75405  -33.691  -23.596  61.201 0.0000000000
75398  -34.231  -22.654  61.611 0.0000000000
76597  -34.093  -22.377  62.204 0.0000000000
76599  -35.644  -21.624  61.993 0.0000000000
63799  -25.793  -34.594  75.374 0.0000000000
62559  -26.267  -35.143  75.630 0.0000000000
62538  -26.833  -35.651  76.306 0.0000000000
61338  -27.395  -35.841  76.604 0.0000000000
57983  -12.475  -38.857  81.139 0.0000000000
56904  -12.203  -39.734  80.748 0.0000000000
54568  -13.984  -41.867  81.331 0.0000000000
55691  -19.196  -42.609  81.803 0.0000000000
49604  -7.416  -45.699  86.312 0.0000000000
50744  -7.104  -44.968  86.509 0.0000000000
49589  -7.053  -45.520  86.726 0.0000000000
49574  -6.796  -45.696  87.168 0.0000000000
50722  -5.866  -44.644  88.135 0.0000000000
84730  -38.449  -15.119  60.698 0.0000000000
86900  -39.187  -13.718  59.630 0.0000000000
86908  -39.616  -13.190  59.098 0.0000000000
86909  -40.740  -12.653  59.019 0.0000000000
74148  -36.323  -24.760  69.739 0.0000000000
61394  -29.468  -36.608  73.323 0.0000000000
58006  -14.946  -37.069  80.465 0.0000000000
58025  -14.529  -37.975  79.585 0.0000000000
55729  -17.821  -41.853  79.704 0.0000000000
56951  -18.271  -40.375  77.914 0.0000000000
55730  -18.950  -42.099  79.847 0.0000000000
92585  -48.264  -8.122  48.588 0.0000000000
65096  -35.330  -31.790  69.744 0.0000000000
66297  -34.467  -31.564  68.344 0.0000000000
67405  -33.251  -30.129  68.747 0.0000000000
68455  -33.558  -29.482  69.539 0.0000000000
69537  -32.683  -28.580  68.371 0.0000000000
71829  -32.182  -26.982  70.684 0.0000000000
58089  -22.518  -37.742  74.986 0.0000000000
59222  -22.344  -36.816  74.237 0.0000000000
60289  -22.785  -36.529  73.768 0.0000000000
61389  -21.886  -34.708  73.561 0.0000000000
61390  -22.818  -34.922  73.111 0.0000000000
61372  -23.815  -35.793  73.836 0.0000000000
62598  -24.577  -34.439  74.536 0.0000000000
63818  -24.914  -34.228  74.960 0.0000000000
64976  -22.354  -31.482  76.115 0.0000000000
66189  -22.686  -31.858  74.870 0.0000000000
64992  -22.976  -32.253  74.352 0.0000000000
66204  -23.935  -30.948  75.166 0.0000000000
66217  -23.860  -31.962  74.193 0.0000000000
65008  -23.562  -32.526  74.070 0.0000000000
63819  -25.384  -33.911  75.073 0.0000000000
62600  -27.084  -35.158  74.039 0.0000000000
61374  -27.294  -35.711  73.846 0.0000000000
61392  -27.319  -35.697  73.231 0.0000000000
66234  -27.118  -31.119  74.053 0.0000000000
65045  -26.600  -32.201  73.022 0.0000000000
63874  -26.414  -33.080  72.704 0.0000000000
62641  -26.622  -34.014  72.387 0.0000000000
62645  -30.402  -35.530  71.594 0.0000000000
63906  -29.205  -33.002  69.181 0.0000000000
62672  -31.156  -34.116  70.117 0.0000000000
62662  -32.733  -34.029  71.295 0.0000000000
63886  -33.452  -33.582  71.243 0.0000000000
63887  -34.069  -32.914  71.227 0.0000000000
61314  -20.264  -34.191  76.920 0.0000000000
75450  -39.919  -23.427  58.126 0.0000000000
82544  -37.130  -17.206  59.573 0.0000000000
82549  -37.519  -17.415  58.671 0.0000000000
81432  -38.398  -17.936  57.686 0.0000000000
85841  -38.838  -13.930  56.333 0.0000000000
85846  -38.628  -14.615  56.234 0.0000000000
84780  -39.085  -15.659  56.154 0.0000000000
83689  -38.949  -16.095  56.640 0.0000000000
81450  -40.080  -18.448  57.207 0.0000000000
81451  -41.036  -18.520  57.251 0.0000000000
89195  -47.948  -11.803  48.799 0.0000000000
90305  -47.167  -10.720  49.140 0.0000000000
91437  -47.401  -9.813  49.009 0.0000000000
91429  -47.386  -8.969  49.220 0.0000000000
93710  -47.799  -7.364  49.965 0.0000000000
51911  -7.717  -43.052  85.714 0.0000000000
51923  -7.706  -44.265  85.592 0.0000000000
50763  -9.860  -44.725  84.391 0.0000000000
50762  -9.450  -44.520  84.448 0.0000000000
49605  -8.136  -45.879  85.879 0.0000000000
47308  -8.402  -47.122  86.800 0.0000000000
48426  -9.672  -47.285  87.958 0.0000000000
47280  -9.115  -47.633  88.417 0.0000000000
47267  -8.800  -47.641  89.223 0.0000000000
67407  -36.227  -30.109  68.358 0.0000000000
69526  -37.067  -28.627  68.941 0.0000000000
69565  -33.020  -28.892  66.638 0.0000000000
69567  -34.406  -28.825  66.841 0.0000000000
70694  -34.067  -28.364  66.891 0.0000000000
69551  -34.574  -28.357  67.081 0.0000000000
70669  -35.984  -27.880  68.343 0.0000000000
70652  -36.678  -27.618  68.853 0.0000000000
71847  -35.799  -26.891  69.051 0.0000000000
71846  -34.954  -26.317  68.982 0.0000000000
73016  -35.786  -25.737  69.477 0.0000000000
74145  -29.081  -24.522  69.875 0.0000000000
75282  -29.195  -23.501  69.675 0.0000000000
75281  -28.908  -23.823  69.000 0.0000000000
74144  -28.905  -24.645  69.046 0.0000000000
73030  -28.893  -25.690  67.152 0.0000000000
76518  -28.873  -23.016  66.971 0.0000000000
76538  -28.963  -23.139  65.978 0.0000000000
74161  -28.628  -24.785  66.858 0.0000000000
73037  -29.289  -25.570  66.557 0.0000000000
74163  -32.413  -25.311  67.230 0.0000000000
74165  -33.693  -24.776  68.050 0.0000000000
75291  -34.418  -24.568  68.256 0.0000000000
75292  -34.998  -24.503  68.502 0.0000000000
75381  -32.711  -25.446  64.601 0.0000000000
74205  -33.630  -25.395  64.967 0.0000000000
71936  -39.195  -26.756  61.527 0.0000000000
71944  -37.663  -26.547  60.659 0.0000000000
73148  -34.642  -25.508  60.258 0.0000000000
74305  -35.492  -24.714  59.563 0.0000000000
73159  -35.802  -25.005  59.417 0.0000000000
74306  -35.943  -24.419  59.161 0.0000000000
74323  -36.460  -23.960  58.788 0.0000000000
77842  -35.767  -21.019  59.601 0.0000000000
79102  -36.517  -19.782  60.485 0.0000000000
58080  -23.287  -38.108  75.496 0.0000000000
59185  -23.907  -38.026  76.197 0.0000000000
58068  -23.989  -38.357  76.863 0.0000000000
60261  -24.300  -37.102  75.498 0.0000000000
59186  -24.528  -37.833  76.891 0.0000000000
59173  -25.200  -37.917  77.964 0.0000000000
62536  -25.977  -35.794  76.467 0.0000000000
61303  -26.219  -36.572  77.731 0.0000000000
61305  -27.652  -36.255  78.000 0.0000000000
61304  -26.963  -36.446  77.867 0.0000000000
61291  -26.700  -36.937  78.641 0.0000000000
60291  -29.475  -36.871  74.763 0.0000000000
60292  -29.708  -36.925  75.020 0.0000000000
54527  -9.660  -42.089  83.044 0.0000000000
55684  -10.089  -41.796  82.476 0.0000000000
53237  -11.428  -43.549  83.052 0.0000000000
58024  -14.047  -39.016  79.396 0.0000000000
56917  -14.075  -40.239  79.543 0.0000000000
55707  -14.174  -41.661  80.659 0.0000000000
54569  -14.576  -42.019  81.235 0.0000000000
54552  -14.702  -42.351  81.920 0.0000000000
55690  -18.152  -42.931  81.668 0.0000000000
55689  -17.124  -42.676  81.597 0.0000000000
54553  -15.502  -42.629  82.025 0.0000000000
91439  -48.455  -9.939  48.125 0.0000000000
47257  -5.672  -48.153  89.914 0.0000000000
47265  -5.852  -47.816  89.319 0.0000000000
47276  -4.709  -47.558  88.158 0.0000000000
48423  -4.523  -46.607  87.775 0.0000000000
48407  -4.879  -46.898  88.161 0.0000000000
49571  -4.845  -45.849  88.108 0.0000000000
47309  -8.785  -47.297  86.850 0.0000000000
48425  -8.007  -46.908  86.808 0.0000000000
48439  -10.570  -46.543  86.830 0.0000000000
53188  -7.596  -42.626  86.145 0.0000000000
54528  -9.977  -42.682  82.738 0.0000000000
54547  -9.968  -41.929  82.688 0.0000000000
59154  -25.580  -38.327  78.526 0.0000000000
59221  -21.998  -36.675  74.333 0.0000000000
59223  -23.002  -37.065  74.113 0.0000000000
61357  -30.468  -36.883  75.238 0.0000000000
62596  -22.153  -33.777  74.335 0.0000000000
62617  -23.122  -34.270  73.487 0.0000000000
63837  -22.554  -33.173  74.285 0.0000000000
66202  -22.839  -32.045  74.580 0.0000000000
67395  -36.627  -30.180  68.864 0.0000000000
67422  -34.700  -30.080  67.107 0.0000000000
67438  -34.030  -29.907  66.776 0.0000000000
68482  -34.791  -29.701  67.007 0.0000000000
69552  -35.065  -28.683  67.127 0.0000000000
69566  -33.806  -28.914  66.639 0.0000000000
69568  -34.719  -28.738  66.990 0.0000000000
70635  -37.238  -27.178  69.185 0.0000000000
70668  -35.251  -27.378  68.040 0.0000000000
70693  -33.411  -28.235  66.750 0.0000000000
71940  -34.412  -26.086  60.487 0.0000000000
73036  -28.989  -25.519  66.653 0.0000000000
73163  -38.805  -25.699  59.768 0.0000000000
74147  -35.677  -24.850  69.257 0.0000000000
74154  -34.237  -24.778  68.543 0.0000000000
74160  -28.845  -25.333  66.586 0.0000000000
74176  -29.031  -25.405  66.382 0.0000000000
75283  -35.794  -24.570  68.921 0.0000000000
75396  -33.012  -23.576  62.173 0.0000000000
76556  -29.192  -23.377  65.429 0.0000000000
81430  -37.167  -19.317  58.217 0.0000000000
82532  -37.169  -16.572  60.325 0.0000000000
82575  -40.066  -16.845  56.273 0.0000000000
83644  -37.375  -16.118  59.944 0.0000000000
83704  -40.151  -15.968  55.626 0.0000000000
84729  -38.156  -15.257  60.322 0.0000000000
84800  -40.126  -14.947  54.792 0.0000000000
85803  -39.721  -13.734  60.247 0.0000000000
86901  -39.465  -13.548  59.663 0.0000000000
86922  -38.849  -13.589  58.607 0.0000000000
