#!ascii label  , from subject 4114 vox2ras=TkReg
1056
66916  24.968  -34.542  70.459 0.0000000000
84684  43.482  -19.047  55.235 0.0000000000
73980  33.982  -28.791  62.002 0.0000000000
55549  9.629  -44.858  79.710 0.0000000000
60138  24.160  -40.903  73.851 0.0000000000
81066  35.272  -22.769  61.791 0.0000000000
56756  15.624  -42.793  75.763 0.0000000000
53360  13.934  -47.245  78.740 0.0000000000
56768  19.887  -44.147  74.427 0.0000000000
84678  48.799  -20.089  55.121 0.0000000000
70510  28.757  -31.267  72.290 0.0000000000
68148  31.414  -33.569  67.314 0.0000000000
66862  29.945  -34.830  72.984 0.0000000000
88007  46.334  -15.803  53.181 0.0000000000
88022  50.025  -17.016  50.939 0.0000000000
86836  39.895  -17.370  57.872 0.0000000000
82294  42.743  -22.808  58.220 0.0000000000
82279  37.990  -22.064  59.324 0.0000000000
76289  39.504  -27.335  62.607 0.0000000000
60152  28.196  -40.527  72.571 0.0000000000
53287  8.182  -47.484  82.579 0.0000000000
53273  4.723  -47.244  84.063 0.0000000000
54308  2.628  -45.711  88.103 0.0000000000
63445  23.569  -37.531  72.181 0.0000000000
56790  24.316  -43.404  73.591 0.0000000000
75051  29.476  -27.287  65.964 0.0000000000
72743  35.179  -29.278  68.521 0.0000000000
91494  52.195  -12.827  48.613 0.0000000000
84681  45.819  -20.229  54.528 0.0000000000
83525  45.380  -21.519  56.242 0.0000000000
70531  26.295  -31.726  70.702 0.0000000000
68126  28.719  -33.195  70.686 0.0000000000
66865  27.790  -34.761  72.375 0.0000000000
87996  43.237  -16.454  55.118 0.0000000000
87974  46.094  -15.457  55.465 0.0000000000
86878  44.847  -16.908  53.894 0.0000000000
85823  46.581  -18.147  52.912 0.0000000000
48681  2.043  -50.627  87.393 0.0000000000
83489  38.759  -19.604  58.184 0.0000000000
85757  37.345  -18.717  60.574 0.0000000000
77462  34.680  -25.772  61.558 0.0000000000
77460  36.516  -25.404  60.710 0.0000000000
75107  37.241  -28.290  61.989 0.0000000000
72820  37.587  -30.239  64.504 0.0000000000
54453  11.176  -46.101  79.526 0.0000000000
53317  13.093  -47.891  80.615 0.0000000000
53320  10.266  -47.138  80.671 0.0000000000
52216  10.476  -48.116  83.463 0.0000000000
53322  8.736  -46.628  81.183 0.0000000000
55485  5.576  -44.186  84.523 0.0000000000
53250  3.442  -46.295  86.077 0.0000000000
61281  24.198  -39.400  73.124 0.0000000000
60179  24.176  -40.450  71.120 0.0000000000
59043  23.025  -41.705  72.229 0.0000000000
55592  18.871  -45.761  77.156 0.0000000000
55609  20.916  -45.947  76.361 0.0000000000
68122  34.175  -33.718  69.868 0.0000000000
70586  33.357  -31.631  67.404 0.0000000000
83407  36.392  -20.118  62.736 0.0000000000
78590  33.922  -22.982  63.835 0.0000000000
76291  33.043  -25.486  63.504 0.0000000000
54503  17.428  -45.891  76.961 0.0000000000
53358  16.196  -47.457  78.809 0.0000000000
54506  14.492  -45.087  77.004 0.0000000000
55594  12.793  -44.095  77.551 0.0000000000
56723  11.211  -42.676  78.859 0.0000000000
56804  20.978  -42.152  72.546 0.0000000000
57899  18.948  -41.281  74.064 0.0000000000
56754  18.223  -43.223  75.229 0.0000000000
70527  30.544  -30.745  71.596 0.0000000000
70574  31.241  -30.843  68.847 0.0000000000
69362  30.995  -32.936  69.691 0.0000000000
66929  30.857  -34.631  69.802 0.0000000000
90375  49.569  -14.995  50.826 0.0000000000
89187  47.975  -16.168  51.449 0.0000000000
85834  49.520  -18.292  52.637 0.0000000000
85794  41.285  -18.376  56.181 0.0000000000
83508  43.558  -21.683  56.705 0.0000000000
83511  40.610  -20.048  57.059 0.0000000000
82296  40.393  -22.362  57.995 0.0000000000
81064  41.331  -23.976  60.077 0.0000000000
81079  36.336  -22.320  60.473 0.0000000000
79801  38.828  -24.389  60.213 0.0000000000
63461  27.467  -37.930  71.226 0.0000000000
63422  29.057  -36.784  73.022 0.0000000000
87935  42.778  -16.168  58.078 0.0000000000
56653  8.094  -43.656  81.697 0.0000000000
55520  6.796  -44.764  82.136 0.0000000000
53289  6.331  -46.851  83.214 0.0000000000
51053  6.369  -49.166  84.990 0.0000000000
49900  4.417  -49.683  85.553 0.0000000000
51033  2.408  -48.516  85.898 0.0000000000
50990  1.247  -47.471  87.758 0.0000000000
52099  0.268  -46.349  89.496 0.0000000000
65716  23.514  -35.801  71.214 0.0000000000
61323  25.374  -39.370  69.842 0.0000000000
57903  26.364  -42.285  73.389 0.0000000000
56782  22.351  -44.101  73.754 0.0000000000
73971  31.539  -27.703  63.535 0.0000000000
71699  30.955  -30.342  66.926 0.0000000000
73909  32.752  -29.362  65.727 0.0000000000
73937  34.227  -29.735  65.111 0.0000000000
65653  29.909  -35.590  74.741 0.0000000000
91520  53.522  -13.312  46.349 0.0000000000
90390  51.301  -14.705  49.249 0.0000000000
89221  52.733  -15.230  48.092 0.0000000000
84682  44.952  -19.788  54.624 0.0000000000
83537  46.202  -21.269  55.255 0.0000000000
83526  44.328  -20.881  56.083 0.0000000000
69335  25.071  -32.529  70.936 0.0000000000
68112  27.068  -33.327  70.595 0.0000000000
66890  26.902  -35.038  71.558 0.0000000000
85801  43.266  -18.082  55.155 0.0000000000
86879  44.174  -16.916  54.449 0.0000000000
85812  44.396  -18.040  54.344 0.0000000000
84698  45.503  -19.261  53.989 0.0000000000
49874  1.239  -49.767  87.514 0.0000000000
85755  38.703  -17.662  60.581 0.0000000000
85743  38.345  -17.901  61.625 0.0000000000
76304  35.075  -26.987  61.618 0.0000000000
76303  35.942  -27.122  61.527 0.0000000000
75108  36.297  -28.037  61.715 0.0000000000
73965  37.266  -29.401  62.830 0.0000000000
73966  35.989  -29.669  62.643 0.0000000000
54475  10.852  -45.037  79.348 0.0000000000
53342  10.814  -46.923  79.920 0.0000000000
54435  9.540  -46.446  80.190 0.0000000000
53321  9.473  -46.851  81.030 0.0000000000
54456  8.712  -45.376  80.204 0.0000000000
60153  24.167  -40.264  73.496 0.0000000000
60166  23.916  -40.392  72.440 0.0000000000
59026  23.058  -41.416  72.981 0.0000000000
54488  19.126  -46.432  78.024 0.0000000000
73850  30.094  -28.690  70.780 0.0000000000
69346  34.977  -32.788  70.486 0.0000000000
77438  33.570  -24.151  63.460 0.0000000000
77439  33.162  -24.715  63.972 0.0000000000
55613  16.182  -44.886  76.326 0.0000000000
54505  15.557  -45.602  76.765 0.0000000000
55614  15.185  -44.476  76.406 0.0000000000
55616  13.374  -43.249  77.240 0.0000000000
56721  12.941  -42.414  78.319 0.0000000000
55596  11.505  -43.330  78.465 0.0000000000
59030  20.171  -40.897  73.616 0.0000000000
57864  16.403  -41.806  75.731 0.0000000000
57863  17.528  -41.683  75.179 0.0000000000
56755  16.855  -43.306  75.570 0.0000000000
56739  17.111  -44.313  75.661 0.0000000000
69347  30.677  -31.591  71.091 0.0000000000
69331  29.743  -32.278  71.423 0.0000000000
66913  29.094  -34.087  71.225 0.0000000000
66931  29.397  -34.091  70.664 0.0000000000
66885  30.273  -34.684  71.980 0.0000000000
66883  32.600  -34.886  71.697 0.0000000000
66860  31.963  -34.913  73.016 0.0000000000
87993  46.123  -15.285  54.276 0.0000000000
89178  48.508  -14.884  51.801 0.0000000000
88015  47.314  -16.448  52.012 0.0000000000
84710  48.104  -19.172  53.718 0.0000000000
85836  47.980  -18.190  52.625 0.0000000000
84709  48.845  -19.189  53.804 0.0000000000
86835  40.724  -17.203  57.441 0.0000000000
84653  41.019  -19.420  56.525 0.0000000000
84654  40.304  -19.104  57.026 0.0000000000
83464  38.614  -20.656  58.222 0.0000000000
83463  39.824  -21.280  58.048 0.0000000000
82297  39.381  -21.815  58.533 0.0000000000
81075  40.682  -23.531  59.625 0.0000000000
81076  39.742  -22.910  59.763 0.0000000000
82246  35.807  -20.736  62.718 0.0000000000
83425  36.154  -20.319  61.776 0.0000000000
79802  35.676  -22.943  61.060 0.0000000000
76313  38.199  -26.220  61.023 0.0000000000
78616  37.658  -24.638  60.066 0.0000000000
77458  38.711  -25.661  60.860 0.0000000000
77456  40.198  -25.210  61.184 0.0000000000
61291  27.947  -39.439  72.043 0.0000000000
62368  28.318  -38.436  72.241 0.0000000000
86796  41.047  -16.710  59.366 0.0000000000
86814  41.695  -16.595  58.368 0.0000000000
86853  41.785  -16.917  56.497 0.0000000000
53359  15.107  -47.532  78.763 0.0000000000
53338  14.690  -47.956  79.639 0.0000000000
53286  9.034  -47.758  82.605 0.0000000000
52194  10.336  -48.130  84.460 0.0000000000
52195  9.456  -48.104  84.495 0.0000000000
52196  8.573  -48.236  84.430 0.0000000000
56611  7.959  -43.118  83.240 0.0000000000
55519  7.475  -44.108  81.844 0.0000000000
55483  7.267  -43.635  83.699 0.0000000000
54391  4.903  -45.932  84.596 0.0000000000
54409  5.905  -45.574  83.325 0.0000000000
53272  5.440  -46.542  83.723 0.0000000000
52198  6.224  -48.278  84.089 0.0000000000
52199  5.156  -48.280  84.265 0.0000000000
51054  5.319  -49.703  85.102 0.0000000000
52200  4.339  -48.034  84.501 0.0000000000
54329  3.191  -45.769  87.415 0.0000000000
52163  2.585  -47.422  86.002 0.0000000000
52144  2.430  -46.912  86.746 0.0000000000
52145  1.944  -47.167  87.035 0.0000000000
53219  2.337  -46.042  88.009 0.0000000000
65667  22.569  -35.033  74.107 0.0000000000
66868  23.006  -34.533  72.616 0.0000000000
64522  23.485  -36.396  71.413 0.0000000000
63481  24.159  -37.720  70.091 0.0000000000
62393  23.949  -38.599  70.692 0.0000000000
57938  24.634  -41.910  71.934 0.0000000000
59041  25.627  -41.792  72.115 0.0000000000
57904  25.413  -42.584  73.327 0.0000000000
56784  20.280  -43.495  73.573 0.0000000000
56793  21.247  -43.175  73.063 0.0000000000
55647  20.681  -44.314  74.003 0.0000000000
55625  22.770  -45.025  76.425 0.0000000000
82311  42.457  -22.223  57.288 0.0000000000
83484  44.031  -22.260  57.631 0.0000000000
83461  44.245  -22.140  58.706 0.0000000000
76259  30.201  -25.590  65.562 0.0000000000
75089  30.968  -26.770  64.294 0.0000000000
75070  30.659  -27.511  64.677 0.0000000000
69379  31.297  -32.596  67.724 0.0000000000
71659  30.767  -30.302  68.182 0.0000000000
70605  31.627  -31.608  66.943 0.0000000000
71657  34.399  -30.854  68.474 0.0000000000
71677  32.824  -30.236  66.827 0.0000000000
72763  34.157  -29.440  67.189 0.0000000000
73938  33.192  -29.508  64.956 0.0000000000
73907  34.600  -29.370  66.084 0.0000000000
73935  36.170  -29.490  65.642 0.0000000000
64480  29.316  -36.361  74.195 0.0000000000
91507  52.688  -13.566  47.537 0.0000000000
89193  49.532  -15.812  50.575 0.0000000000
90380  50.318  -14.879  49.839 0.0000000000
89202  50.975  -15.883  49.880 0.0000000000
88051  52.972  -16.601  48.999 0.0000000000
88050  53.623  -16.830  48.789 0.0000000000
57865  15.688  -42.004  76.263 0.0000000000
56757  14.975  -42.629  76.121 0.0000000000
84679  47.879  -20.298  54.862 0.0000000000
83535  48.319  -20.687  55.757 0.0000000000
83536  47.368  -21.112  55.544 0.0000000000
70530  27.324  -31.353  70.850 0.0000000000
69332  28.724  -32.694  70.934 0.0000000000
69333  27.717  -32.361  70.418 0.0000000000
68097  28.190  -33.732  71.891 0.0000000000
66863  29.117  -34.842  72.832 0.0000000000
87956  45.663  -15.756  56.208 0.0000000000
89159  44.717  -15.374  55.234 0.0000000000
87994  44.888  -15.681  54.584 0.0000000000
86886  45.546  -16.915  53.281 0.0000000000
86885  46.209  -17.052  52.790 0.0000000000
85824  45.899  -17.775  53.231 0.0000000000
84697  46.406  -19.518  54.023 0.0000000000
48680  3.231  -51.043  87.162 0.0000000000
86798  39.644  -17.298  59.193 0.0000000000
85787  39.496  -18.134  57.775 0.0000000000
85779  38.670  -18.089  58.948 0.0000000000
84631  38.005  -19.410  58.723 0.0000000000
83465  37.386  -20.437  59.171 0.0000000000
79804  34.818  -23.686  61.878 0.0000000000
79822  35.721  -23.523  60.822 0.0000000000
77461  35.479  -25.550  61.101 0.0000000000
76315  36.301  -26.337  61.275 0.0000000000
75106  37.762  -27.737  61.884 0.0000000000
75098  38.149  -28.342  62.402 0.0000000000
73952  38.619  -29.924  64.331 0.0000000000
58984  28.455  -42.288  74.251 0.0000000000
54473  12.578  -46.249  78.745 0.0000000000
53339  13.668  -47.730  79.926 0.0000000000
53341  11.637  -47.147  79.890 0.0000000000
53319  11.272  -47.593  80.750 0.0000000000
52237  11.815  -48.444  82.315 0.0000000000
53301  9.264  -47.307  81.843 0.0000000000
53302  8.556  -46.978  81.948 0.0000000000
55484  6.392  -43.880  84.105 0.0000000000
55467  5.362  -43.934  85.379 0.0000000000
54370  4.347  -45.296  85.325 0.0000000000
53263  3.573  -46.688  85.223 0.0000000000
54349  4.138  -45.061  86.147 0.0000000000
54328  3.588  -45.392  87.431 0.0000000000
54291  3.195  -44.546  89.641 0.0000000000
62370  23.856  -38.507  72.647 0.0000000000
61305  23.971  -39.287  71.110 0.0000000000
61292  23.573  -39.437  71.993 0.0000000000
59061  23.609  -41.789  71.850 0.0000000000
56801  23.520  -42.925  72.677 0.0000000000
55628  19.485  -44.492  75.956 0.0000000000
55627  20.538  -45.111  75.720 0.0000000000
55610  19.776  -45.406  76.676 0.0000000000
82275  42.839  -23.214  59.181 0.0000000000
75029  29.005  -27.596  67.598 0.0000000000
66941  32.693  -34.279  68.266 0.0000000000
68146  32.669  -33.155  67.081 0.0000000000
68133  33.949  -33.278  68.704 0.0000000000
70572  34.579  -31.746  68.882 0.0000000000
91481  52.064  -12.333  49.676 0.0000000000
50975  0.493  -47.647  89.039 0.0000000000
82237  36.586  -20.713  64.115 0.0000000000
81044  35.802  -21.392  64.233 0.0000000000
79771  34.400  -22.404  63.257 0.0000000000
78598  34.038  -23.895  62.778 0.0000000000
77449  33.971  -25.196  62.489 0.0000000000
75111  33.465  -27.536  61.984 0.0000000000
54471  17.704  -47.040  77.877 0.0000000000
53357  17.428  -47.506  78.658 0.0000000000
53368  16.604  -47.207  77.931 0.0000000000
53369  15.558  -47.124  77.953 0.0000000000
53370  14.620  -46.797  78.149 0.0000000000
55615  14.178  -43.774  76.588 0.0000000000
54507  13.595  -44.455  77.125 0.0000000000
54493  13.548  -45.827  77.835 0.0000000000
54474  11.676  -45.225  78.982 0.0000000000
55568  11.005  -43.893  78.894 0.0000000000
55569  10.160  -44.231  79.444 0.0000000000
59027  22.409  -41.492  73.505 0.0000000000
59046  21.051  -41.385  73.202 0.0000000000
57909  20.147  -41.476  73.031 0.0000000000
57882  19.056  -42.071  74.145 0.0000000000
58991  17.889  -40.541  74.799 0.0000000000
56770  18.496  -42.337  74.740 0.0000000000
56753  19.184  -43.937  75.167 0.0000000000
55629  18.699  -43.855  75.974 0.0000000000
55593  18.043  -45.560  76.873 0.0000000000
71630  30.618  -29.482  71.643 0.0000000000
71646  30.509  -30.024  70.248 0.0000000000
70544  30.685  -30.915  70.649 0.0000000000
69361  31.246  -31.817  70.248 0.0000000000
69369  31.037  -33.220  68.611 0.0000000000
69349  29.494  -32.966  70.631 0.0000000000
66944  30.543  -34.326  69.033 0.0000000000
66943  31.101  -34.790  68.838 0.0000000000
66909  32.600  -34.637  70.311 0.0000000000
68095  33.852  -34.515  72.086 0.0000000000
90366  49.514  -14.533  51.762 0.0000000000
89186  48.741  -15.607  51.224 0.0000000000
88035  49.239  -16.642  50.974 0.0000000000
86894  47.677  -17.436  52.168 0.0000000000
86904  48.589  -17.316  51.795 0.0000000000
85802  42.378  -18.188  55.514 0.0000000000
83527  43.321  -20.547  56.259 0.0000000000
84652  41.859  -20.014  56.330 0.0000000000
83510  41.304  -20.648  56.783 0.0000000000
82312  41.670  -22.242  57.561 0.0000000000
84643  40.003  -19.756  57.475 0.0000000000
83487  40.588  -21.208  57.517 0.0000000000
82295  41.702  -23.004  58.058 0.0000000000
82258  42.577  -23.409  59.945 0.0000000000
81063  42.153  -23.841  60.273 0.0000000000
84609  36.708  -19.044  61.720 0.0000000000
83443  36.769  -20.466  59.936 0.0000000000
82280  37.032  -21.403  59.845 0.0000000000
79821  36.159  -23.497  60.456 0.0000000000
79820  37.028  -23.623  59.885 0.0000000000
81077  38.700  -22.811  59.809 0.0000000000
78605  39.933  -24.846  60.664 0.0000000000
64520  26.864  -36.560  71.239 0.0000000000
64505  27.029  -36.085  71.743 0.0000000000
63443  27.869  -37.546  71.732 0.0000000000
62358  29.574  -38.281  73.635 0.0000000000
87959  42.772  -15.865  56.589 0.0000000000
86868  42.052  -17.169  55.741 0.0000000000
56676  9.101  -42.867  80.034 0.0000000000
57747  8.901  -42.185  81.449 0.0000000000
55535  8.618  -44.157  80.656 0.0000000000
55536  7.948  -44.523  81.069 0.0000000000
54438  7.685  -45.707  81.354 0.0000000000
53288  7.216  -46.953  82.648 0.0000000000
55502  6.420  -44.472  83.085 0.0000000000
54408  6.565  -45.758  82.656 0.0000000000
52220  7.035  -47.684  83.495 0.0000000000
52197  7.605  -48.342  84.320 0.0000000000
52178  7.427  -48.940  85.352 0.0000000000
49887  4.085  -50.161  86.097 0.0000000000
52180  3.530  -47.659  84.890 0.0000000000
51056  3.131  -48.843  85.389 0.0000000000
49888  2.763  -49.735  85.925 0.0000000000
49889  2.035  -49.506  86.607 0.0000000000
49873  1.647  -49.508  87.115 0.0000000000
50991  1.078  -47.760  88.275 0.0000000000
52109  0.993  -45.560  88.960 0.0000000000
52110  0.766  -46.616  88.685 0.0000000000
50974  0.693  -47.214  88.747 0.0000000000
69314  24.329  -32.855  71.399 0.0000000000
68101  23.313  -33.779  71.653 0.0000000000
66917  23.927  -34.691  70.566 0.0000000000
64541  25.056  -36.274  70.211 0.0000000000
62392  26.584  -38.567  70.280 0.0000000000
60164  27.497  -40.353  71.699 0.0000000000
60178  25.200  -40.777  70.524 0.0000000000
59040  26.349  -41.265  71.557 0.0000000000
59005  27.977  -42.070  73.325 0.0000000000
57920  22.301  -42.439  72.510 0.0000000000
57906  22.795  -43.058  72.548 0.0000000000
56791  23.261  -43.618  73.112 0.0000000000
55640  21.571  -45.053  75.076 0.0000000000
55644  23.152  -44.441  75.031 0.0000000000
56767  23.840  -44.198  75.000 0.0000000000
83507  44.603  -21.775  57.020 0.0000000000
76277  32.001  -25.390  64.373 0.0000000000
76307  32.416  -26.550  63.019 0.0000000000
73981  32.890  -28.486  62.321 0.0000000000
72739  30.008  -29.747  69.889 0.0000000000
72747  30.002  -29.745  68.079 0.0000000000
73911  30.369  -28.848  66.229 0.0000000000
70604  32.296  -31.626  66.627 0.0000000000
72793  31.525  -29.747  66.424 0.0000000000
73910  31.784  -29.130  65.790 0.0000000000
73939  32.252  -29.014  64.898 0.0000000000
73956  32.607  -29.310  63.873 0.0000000000
73967  34.659  -29.775  62.871 0.0000000000
72822  35.872  -29.845  64.232 0.0000000000
65666  28.269  -35.642  73.063 0.0000000000
66841  28.575  -35.154  73.043 0.0000000000
66839  29.692  -35.015  73.848 0.0000000000
66801  31.008  -35.585  75.164 0.0000000000
66837  31.456  -35.000  74.075 0.0000000000
91533  53.827  -12.836  45.741 0.0000000000
91471  51.289  -13.684  49.397 0.0000000000
91483  51.521  -14.149  48.729 0.0000000000
88043  51.702  -16.436  49.875 0.0000000000
89211  51.823  -15.336  48.866 0.0000000000
91508  52.345  -14.118  47.684 0.0000000000
90421  53.529  -14.756  47.271 0.0000000000
89235  54.555  -15.395  46.696 0.0000000000
84683  44.198  -19.221  54.805 0.0000000000
83539  44.464  -20.133  55.250 0.0000000000
84665  43.793  -19.926  55.561 0.0000000000
68114  25.129  -33.590  70.685 0.0000000000
66915  26.136  -34.506  71.021 0.0000000000
85813  43.844  -17.719  54.735 0.0000000000
85800  43.836  -18.432  54.848 0.0000000000
51013  0.806  -49.240  87.724 0.0000000000
75110  34.571  -27.758  61.593 0.0000000000
75109  35.471  -27.749  61.546 0.0000000000
73979  35.374  -28.712  62.032 0.0000000000
54454  10.162  -45.847  79.682 0.0000000000
54455  9.246  -45.585  79.856 0.0000000000
55550  9.076  -44.510  80.133 0.0000000000
60154  23.728  -40.923  73.171 0.0000000000
54469  19.057  -46.915  78.768 0.0000000000
55631  15.876  -43.898  75.950 0.0000000000
55630  16.615  -44.361  75.822 0.0000000000
70528  28.972  -32.108  71.791 0.0000000000
66886  29.417  -34.518  72.012 0.0000000000
66912  29.720  -34.394  71.082 0.0000000000
66884  31.299  -34.806  71.890 0.0000000000
66861  30.881  -34.816  73.027 0.0000000000
87992  47.207  -14.928  53.918 0.0000000000
88006  46.874  -15.190  53.255 0.0000000000
89170  46.853  -15.376  52.951 0.0000000000
89180  46.997  -15.695  52.558 0.0000000000
84695  48.392  -19.689  54.315 0.0000000000
84694  49.284  -19.645  54.485 0.0000000000
48664  5.014  -50.884  87.690 0.0000000000
85786  40.044  -18.115  57.249 0.0000000000
82298  38.235  -21.537  58.737 0.0000000000
82278  39.046  -22.267  59.234 0.0000000000
81065  35.528  -21.909  61.808 0.0000000000
76301  38.487  -26.990  61.798 0.0000000000
77448  38.710  -26.276  61.263 0.0000000000
77447  39.293  -26.072  61.545 0.0000000000
60151  28.975  -40.141  72.999 0.0000000000
60135  28.804  -40.965  73.155 0.0000000000
86815  40.540  -16.934  58.509 0.0000000000
52218  8.822  -47.992  83.499 0.0000000000
52219  7.892  -47.891  83.424 0.0000000000
55501  7.252  -43.835  82.693 0.0000000000
51075  4.879  -48.792  84.601 0.0000000000
54307  2.991  -45.485  88.029 0.0000000000
53235  2.814  -46.194  87.358 0.0000000000
53218  2.707  -45.862  87.864 0.0000000000
53236  2.256  -46.628  87.413 0.0000000000
64494  22.750  -36.505  73.969 0.0000000000
64482  22.600  -35.766  74.642 0.0000000000
64506  23.241  -36.627  72.859 0.0000000000
65694  23.256  -36.049  72.507 0.0000000000
63446  23.487  -37.059  71.535 0.0000000000
63463  23.568  -37.782  71.124 0.0000000000
57905  24.469  -42.855  73.152 0.0000000000
57917  25.099  -42.084  72.443 0.0000000000
56789  25.047  -43.294  74.149 0.0000000000
82293  43.450  -22.479  58.129 0.0000000000
82274  43.734  -22.311  59.428 0.0000000000
75038  29.200  -27.424  66.692 0.0000000000
76242  29.517  -26.540  66.316 0.0000000000
76260  29.751  -26.701  65.675 0.0000000000
75071  30.152  -26.998  65.176 0.0000000000
73941  30.361  -27.981  65.258 0.0000000000
69391  31.608  -32.813  66.921 0.0000000000
72744  34.423  -29.800  67.972 0.0000000000
72745  33.676  -30.242  67.414 0.0000000000
73884  34.098  -29.378  66.676 0.0000000000
73883  34.731  -28.988  67.091 0.0000000000
73882  35.855  -28.878  67.325 0.0000000000
92511  52.844  -12.273  48.321 0.0000000000
88034  49.639  -16.594  50.766 0.0000000000
89192  50.162  -15.745  50.030 0.0000000000
88033  50.573  -16.717  50.509 0.0000000000
57843  15.952  -41.162  77.231 0.0000000000
57866  15.249  -42.076  76.710 0.0000000000
58973  16.321  -41.034  76.449 0.0000000000
84680  46.860  -20.395  54.624 0.0000000000
70545  26.974  -31.852  70.218 0.0000000000
68098  27.620  -33.871  71.596 0.0000000000
66888  28.343  -33.896  72.387 0.0000000000
66864  28.365  -34.319  72.861 0.0000000000
89149  43.270  -15.393  56.094 0.0000000000
89147  44.566  -15.227  55.731 0.0000000000
87976  43.486  -15.716  55.357 0.0000000000
88008  45.479  -16.035  53.759 0.0000000000
85811  45.236  -18.088  53.700 0.0000000000
85767  39.675  -17.227  59.640 0.0000000000
85768  39.115  -17.599  59.449 0.0000000000
85756  37.946  -18.207  60.668 0.0000000000
85769  38.156  -18.292  59.524 0.0000000000
84632  37.448  -19.101  59.683 0.0000000000
78610  34.673  -24.480  61.649 0.0000000000
76302  37.070  -27.283  61.549 0.0000000000
73953  37.822  -29.866  63.705 0.0000000000
72819  38.107  -30.266  64.912 0.0000000000
86780  40.556  -16.641  60.080 0.0000000000
54452  11.905  -46.423  79.323 0.0000000000
53298  11.794  -48.153  81.513 0.0000000000
53299  10.908  -48.189  81.720 0.0000000000
53323  8.160  -46.381  81.373 0.0000000000
54348  4.846  -44.400  86.074 0.0000000000
54306  3.771  -44.769  88.526 0.0000000000
61280  24.383  -39.063  73.955 0.0000000000
62369  23.848  -38.628  73.599 0.0000000000
63433  23.182  -38.312  74.029 0.0000000000
59042  23.681  -41.145  71.844 0.0000000000
57939  23.990  -42.114  71.865 0.0000000000
57919  23.338  -42.377  72.255 0.0000000000
75028  28.963  -27.729  68.570 0.0000000000
68134  33.428  -34.053  68.897 0.0000000000
70542  35.653  -32.233  70.391 0.0000000000
70559  35.299  -31.922  69.687 0.0000000000
50976  -0.182  -47.961  89.047 0.0000000000
82238  35.816  -21.015  63.580 0.0000000000
79772  34.094  -23.150  63.036 0.0000000000
77450  33.411  -25.179  63.280 0.0000000000
76305  34.190  -26.548  61.817 0.0000000000
76306  33.168  -26.218  62.808 0.0000000000
54490  17.137  -46.693  77.346 0.0000000000
54491  16.038  -46.719  77.087 0.0000000000
54492  14.925  -46.286  77.370 0.0000000000
56758  14.684  -42.450  76.683 0.0000000000
55633  14.465  -42.951  76.388 0.0000000000
56740  14.082  -42.464  77.158 0.0000000000
54494  12.327  -44.901  78.191 0.0000000000
56699  10.327  -42.654  79.164 0.0000000000
59028  21.634  -41.364  73.833 0.0000000000
57898  19.490  -41.519  73.482 0.0000000000
56785  19.576  -42.564  73.400 0.0000000000
56738  17.781  -44.146  75.768 0.0000000000
55612  17.278  -45.004  76.298 0.0000000000
54489  18.104  -46.339  77.498 0.0000000000
70526  30.674  -30.023  71.778 0.0000000000
70543  30.575  -30.187  71.124 0.0000000000
69348  30.480  -32.529  70.706 0.0000000000
69350  28.963  -33.125  70.580 0.0000000000
68125  29.153  -33.565  70.655 0.0000000000
66911  30.573  -34.607  70.886 0.0000000000
66930  29.954  -34.167  70.066 0.0000000000
66928  31.774  -34.726  69.564 0.0000000000
90356  49.689  -14.644  52.902 0.0000000000
89167  48.929  -14.626  52.308 0.0000000000
89194  49.117  -16.260  50.874 0.0000000000
88024  48.756  -16.687  51.247 0.0000000000
86895  46.936  -17.246  52.495 0.0000000000
85837  47.298  -17.998  52.607 0.0000000000
85835  48.750  -18.204  52.711 0.0000000000
86893  48.354  -17.718  52.228 0.0000000000
86892  49.047  -17.774  52.198 0.0000000000
86903  49.324  -17.409  51.623 0.0000000000
85793  41.794  -18.636  55.779 0.0000000000
84667  42.280  -19.281  55.796 0.0000000000
84668  41.583  -19.197  56.047 0.0000000000
83486  41.708  -21.604  57.089 0.0000000000
84644  39.221  -19.047  57.846 0.0000000000
83462  40.252  -21.594  57.843 0.0000000000
82313  41.012  -22.283  57.590 0.0000000000
82276  41.499  -23.531  58.957 0.0000000000
81074  41.567  -23.793  59.672 0.0000000000
84608  37.302  -18.720  62.428 0.0000000000
84594  36.436  -19.697  62.112 0.0000000000
82281  36.377  -21.344  60.506 0.0000000000
83444  36.377  -20.487  60.652 0.0000000000
78608  36.221  -24.927  60.505 0.0000000000
78617  36.536  -24.584  60.259 0.0000000000
78607  38.326  -25.100  60.333 0.0000000000
79819  38.384  -23.811  60.056 0.0000000000
79818  39.455  -23.512  60.113 0.0000000000
79800  39.361  -24.261  60.270 0.0000000000
63444  27.339  -37.306  71.291 0.0000000000
64519  27.499  -36.934  71.519 0.0000000000
61278  29.557  -39.296  72.982 0.0000000000
62367  28.933  -38.380  72.916 0.0000000000
89131  43.555  -15.461  57.303 0.0000000000
87946  43.059  -15.810  57.540 0.0000000000
86869  41.550  -17.572  56.135 0.0000000000
85803  41.721  -17.988  55.758 0.0000000000
53336  16.784  -47.783  79.697 0.0000000000
57796  9.730  -42.432  79.842 0.0000000000
57733  8.383  -42.653  82.760 0.0000000000
56628  8.435  -42.803  82.006 0.0000000000
56652  8.377  -43.308  81.043 0.0000000000
55537  7.288  -44.974  81.555 0.0000000000
54422  7.201  -45.809  82.025 0.0000000000
55503  5.855  -44.620  83.771 0.0000000000
51073  6.118  -48.812  84.478 0.0000000000
52179  6.777  -48.865  84.896 0.0000000000
51052  6.902  -48.996  85.327 0.0000000000
51032  5.690  -50.103  85.860 0.0000000000
49886  5.093  -50.223  85.963 0.0000000000
49872  4.874  -50.606  86.426 0.0000000000
52162  3.072  -47.065  85.581 0.0000000000
52181  2.982  -48.065  85.308 0.0000000000
49902  2.934  -49.168  85.612 0.0000000000
48690  2.481  -50.400  86.604 0.0000000000
51034  2.120  -49.019  86.309 0.0000000000
51011  1.513  -48.197  86.944 0.0000000000
51012  1.034  -48.831  87.529 0.0000000000
53213  1.746  -45.506  88.683 0.0000000000
52097  0.840  -45.351  89.848 0.0000000000
52098  0.492  -45.807  89.588 0.0000000000
52111  0.331  -46.873  89.102 0.0000000000
69313  24.341  -32.024  71.955 0.0000000000
65680  23.072  -35.019  72.404 0.0000000000
66891  23.069  -33.905  72.332 0.0000000000
66892  23.117  -34.573  71.902 0.0000000000
68116  23.416  -34.272  71.160 0.0000000000
65715  23.838  -35.578  70.663 0.0000000000
65714  24.641  -35.453  70.340 0.0000000000
64542  24.269  -36.107  70.365 0.0000000000
62408  24.871  -38.624  69.891 0.0000000000
63480  25.278  -37.875  69.989 0.0000000000
61322  26.227  -39.422  69.926 0.0000000000
61304  26.984  -39.460  70.491 0.0000000000
60176  27.104  -40.083  71.000 0.0000000000
60195  24.734  -40.219  70.439 0.0000000000
59025  25.595  -41.988  72.735 0.0000000000
59024  26.405  -41.858  72.821 0.0000000000
59023  27.230  -41.143  72.315 0.0000000000
59006  26.879  -42.271  73.339 0.0000000000
57895  27.581  -42.623  73.857 0.0000000000
57896  26.808  -42.615  73.926 0.0000000000
57921  21.596  -42.023  72.630 0.0000000000
59044  22.318  -41.804  72.777 0.0000000000
56783  21.354  -43.907  73.564 0.0000000000
56802  21.839  -42.975  72.686 0.0000000000
56792  22.139  -43.493  72.966 0.0000000000
55641  20.631  -44.772  74.721 0.0000000000
55626  21.740  -45.342  75.960 0.0000000000
55639  22.525  -44.800  75.509 0.0000000000
55638  23.609  -44.595  75.754 0.0000000000
77427  32.478  -25.092  64.850 0.0000000000
76278  31.361  -25.562  64.689 0.0000000000
75101  31.354  -27.109  63.746 0.0000000000
76293  31.588  -26.419  63.938 0.0000000000
75100  31.821  -26.943  63.215 0.0000000000
75112  32.484  -27.415  62.545 0.0000000000
73970  31.964  -28.068  63.073 0.0000000000
72738  30.201  -29.563  70.304 0.0000000000
71647  30.634  -30.163  69.470 0.0000000000
71678  31.131  -30.691  67.269 0.0000000000
71660  30.441  -29.989  67.672 0.0000000000
73885  29.603  -29.092  67.516 0.0000000000
72766  30.274  -29.673  67.210 0.0000000000
69367  33.520  -32.449  67.825 0.0000000000
69389  32.506  -32.096  66.713 0.0000000000
70603  32.788  -31.631  66.846 0.0000000000
72792  32.495  -29.740  66.309 0.0000000000
72765  32.693  -30.024  66.686 0.0000000000
73940  31.151  -28.472  64.938 0.0000000000
73955  33.732  -29.916  63.971 0.0000000000
73954  34.901  -29.807  64.147 0.0000000000
72832  35.563  -29.953  63.440 0.0000000000
73905  36.732  -29.426  66.446 0.0000000000
64492  28.276  -36.359  72.826 0.0000000000
65677  27.663  -35.669  72.420 0.0000000000
65654  29.390  -35.747  74.463 0.0000000000
65665  28.963  -35.737  73.646 0.0000000000
66840  29.158  -35.248  73.555 0.0000000000
66818  29.608  -35.330  74.380 0.0000000000
66816  31.086  -35.399  74.837 0.0000000000
92531  53.408  -12.769  46.809 0.0000000000
92530  53.692  -12.111  46.591 0.0000000000
90450  54.100  -13.701  45.726 0.0000000000
90374  50.228  -14.169  51.022 0.0000000000
90391  51.082  -15.306  49.520 0.0000000000
90379  50.946  -13.713  50.226 0.0000000000
89210  52.583  -15.874  48.592 0.0000000000
89200  52.274  -16.164  49.093 0.0000000000
90405  52.302  -14.971  48.140 0.0000000000
90422  52.656  -14.639  47.738 0.0000000000
89220  53.309  -15.413  47.919 0.0000000000
83538  45.108  -20.786  55.191 0.0000000000
69334  25.855  -32.400  70.613 0.0000000000
69352  26.438  -32.556  70.399 0.0000000000
68113  26.078  -33.278  70.528 0.0000000000
66914  26.596  -33.885  70.857 0.0000000000
66889  27.048  -34.337  71.435 0.0000000000
87995  43.886  -16.172  54.838 0.0000000000
86880  43.504  -17.092  54.855 0.0000000000
84699  44.780  -18.929  54.175 0.0000000000
85742  39.124  -17.442  61.761 0.0000000000
85744  37.553  -18.463  61.636 0.0000000000
76317  34.826  -26.429  61.575 0.0000000000
76316  35.381  -26.378  61.427 0.0000000000
75099  37.509  -28.782  62.283 0.0000000000
73978  36.572  -28.884  62.180 0.0000000000
72830  37.196  -30.219  63.667 0.0000000000
54436  8.894  -46.205  80.407 0.0000000000
54437  8.268  -45.706  80.759 0.0000000000
54327  4.371  -44.753  87.190 0.0000000000
60167  23.514  -41.171  72.484 0.0000000000
55591  19.634  -46.062  77.426 0.0000000000
73852  29.421  -28.597  69.914 0.0000000000
68108  34.446  -33.748  71.230 0.0000000000
77425  33.947  -23.371  64.872 0.0000000000
54504  16.604  -45.848  76.749 0.0000000000
56741  13.477  -42.424  77.660 0.0000000000
55595  12.092  -43.547  78.101 0.0000000000
59012  19.379  -40.540  74.065 0.0000000000
58972  16.886  -40.168  75.727 0.0000000000
58971  17.345  -40.644  75.182 0.0000000000
69330  30.524  -32.011  71.626 0.0000000000
66910  31.598  -34.797  70.682 0.0000000000
89168  48.296  -14.818  52.618 0.0000000000
89179  47.757  -15.413  51.984 0.0000000000
85822  47.489  -18.735  53.186 0.0000000000
85821  48.392  -18.709  53.208 0.0000000000
85820  49.208  -18.706  53.248 0.0000000000
85819  50.011  -18.849  53.138 0.0000000000
84708  49.694  -19.245  53.821 0.0000000000
86854  41.197  -17.465  56.666 0.0000000000
85785  40.657  -18.265  56.737 0.0000000000
82277  40.137  -22.723  59.029 0.0000000000
79817  40.126  -23.426  60.037 0.0000000000
82260  36.007  -21.179  61.276 0.0000000000
77459  37.619  -25.499  60.494 0.0000000000
77468  37.177  -25.028  60.159 0.0000000000
78606  39.039  -24.882  60.512 0.0000000000
77457  39.596  -25.369  61.132 0.0000000000
62380  27.812  -38.568  71.519 0.0000000000
61279  28.705  -39.387  72.588 0.0000000000
86795  41.993  -16.583  59.543 0.0000000000
87947  42.330  -16.310  57.773 0.0000000000
86834  41.657  -16.765  57.295 0.0000000000
52217  9.683  -47.959  83.548 0.0000000000
52176  9.167  -48.703  85.347 0.0000000000
52177  8.362  -48.729  85.378 0.0000000000
56629  8.026  -43.438  82.412 0.0000000000
54390  5.299  -45.222  84.054 0.0000000000
51074  5.686  -48.880  84.514 0.0000000000
51055  3.971  -48.852  84.995 0.0000000000
53234  3.292  -45.962  86.870 0.0000000000
52143  2.948  -46.631  86.432 0.0000000000
51010  2.094  -47.610  86.444 0.0000000000
52124  1.501  -46.647  87.855 0.0000000000
65695  23.232  -35.617  71.975 0.0000000000
64556  24.015  -36.435  70.339 0.0000000000
63464  23.572  -37.026  70.843 0.0000000000
62409  24.335  -38.632  70.199 0.0000000000
59059  25.151  -41.477  71.308 0.0000000000
57937  25.117  -41.789  71.962 0.0000000000
57897  25.802  -43.029  74.458 0.0000000000
56794  20.517  -42.586  72.907 0.0000000000
56803  21.405  -42.547  72.716 0.0000000000
55608  22.050  -45.826  76.685 0.0000000000
82323  42.966  -21.950  56.749 0.0000000000
76258  30.872  -25.240  65.214 0.0000000000
76279  30.611  -26.330  64.832 0.0000000000
73958  31.166  -27.730  64.118 0.0000000000
70587  31.312  -31.320  67.932 0.0000000000
71658  33.816  -30.802  67.740 0.0000000000
71676  33.096  -30.739  67.008 0.0000000000
72764  33.346  -29.720  66.932 0.0000000000
72791  33.069  -29.572  66.248 0.0000000000
73908  33.623  -29.494  65.991 0.0000000000
73936  35.360  -29.596  65.231 0.0000000000
73906  35.576  -29.192  66.296 0.0000000000
63421  29.452  -37.100  73.735 0.0000000000
64491  28.882  -36.273  73.455 0.0000000000
63411  29.769  -37.204  74.525 0.0000000000
64469  29.692  -36.451  74.820 0.0000000000
65645  29.965  -36.000  74.837 0.0000000000
92519  53.299  -12.487  47.387 0.0000000000
91521  53.252  -13.207  46.991 0.0000000000
90381  49.815  -15.320  50.229 0.0000000000
88041  53.180  -16.936  49.200 0.0000000000
89209  53.743  -16.123  48.174 0.0000000000
88049  54.211  -16.630  48.118 0.0000000000
56771  15.321  -42.458  76.061 0.0000000000
56772  15.234  -42.419  76.236 0.0000000000
83523  47.831  -21.191  56.626 0.0000000000
70511  27.793  -30.882  71.935 0.0000000000
70529  28.279  -31.720  71.252 0.0000000000
68111  28.199  -33.249  71.022 0.0000000000
69351  26.917  -32.501  70.214 0.0000000000
68096  28.494  -33.773  71.752 0.0000000000
66887  28.714  -33.998  72.071 0.0000000000
87975  45.145  -15.450  55.627 0.0000000000
88016  46.673  -16.419  52.535 0.0000000000
85810  46.060  -18.629  53.563 0.0000000000
85809  46.785  -18.923  53.554 0.0000000000
84696  47.414  -19.525  54.056 0.0000000000
86816  39.823  -17.214  58.662 0.0000000000
86837  39.505  -17.613  58.294 0.0000000000
86817  39.414  -17.519  58.805 0.0000000000
85778  39.072  -18.041  58.468 0.0000000000
84645  38.579  -18.708  58.542 0.0000000000
82299  37.625  -21.381  59.206 0.0000000000
79785  34.899  -23.062  62.228 0.0000000000
79803  35.260  -23.642  61.279 0.0000000000
78609  35.680  -24.685  60.720 0.0000000000
76314  37.369  -26.320  61.111 0.0000000000
75097  39.282  -28.294  63.130 0.0000000000
73963  39.205  -29.171  63.705 0.0000000000
73964  38.416  -29.215  63.309 0.0000000000
73951  39.748  -29.309  64.394 0.0000000000
58983  29.051  -41.644  74.444 0.0000000000
57876  28.501  -42.224  74.721 0.0000000000
86797  40.150  -16.984  59.416 0.0000000000
53361  13.168  -47.069  79.120 0.0000000000
53340  12.600  -47.236  79.748 0.0000000000
53318  12.302  -47.814  80.847 0.0000000000
53284  10.437  -48.197  82.533 0.0000000000
53300  10.002  -47.627  81.729 0.0000000000
53285  9.794  -47.910  82.619 0.0000000000
54369  4.857  -44.699  84.915 0.0000000000
53262  4.124  -46.311  84.815 0.0000000000
53249  3.820  -45.813  85.668 0.0000000000
53233  3.720  -45.492  86.546 0.0000000000
54292  2.771  -44.804  89.114 0.0000000000
63434  23.285  -37.711  73.318 0.0000000000
62381  23.646  -38.525  71.618 0.0000000000
59060  24.188  -41.524  71.520 0.0000000000
57918  24.297  -42.514  72.545 0.0000000000
56800  23.948  -43.029  73.041 0.0000000000
56752  19.892  -44.556  75.192 0.0000000000
55590  20.421  -46.245  77.205 0.0000000000
76228  29.334  -26.729  67.281 0.0000000000
66955  32.066  -34.351  67.617 0.0000000000
68147  32.163  -33.529  66.997 0.0000000000
68139  33.080  -33.465  67.755 0.0000000000
68138  33.704  -32.932  68.174 0.0000000000
69366  34.113  -32.475  68.477 0.0000000000
69360  34.646  -32.712  69.294 0.0000000000
70573  33.970  -31.655  68.134 0.0000000000
72737  34.752  -30.331  68.774 0.0000000000
86902  50.346  -17.761  51.355 0.0000000000
50992  0.359  -48.627  88.256 0.0000000000
83387  37.190  -19.814  64.018 0.0000000000
83406  36.659  -20.082  63.463 0.0000000000
82245  36.309  -20.390  63.304 0.0000000000
81056  35.229  -21.311  63.078 0.0000000000
81057  34.997  -22.189  62.604 0.0000000000
81045  34.951  -21.693  63.525 0.0000000000
79786  34.476  -23.465  62.459 0.0000000000
54470  18.376  -47.028  78.270 0.0000000000
53367  17.236  -47.179  77.925 0.0000000000
55632  14.950  -43.459  76.024 0.0000000000
54472  13.285  -46.622  78.591 0.0000000000
54495  11.650  -44.204  78.426 0.0000000000
55570  9.658  -44.100  79.888 0.0000000000
59045  21.648  -41.630  73.051 0.0000000000
57922  21.046  -41.708  72.698 0.0000000000
59029  20.884  -41.037  73.905 0.0000000000
57923  20.628  -41.514  72.891 0.0000000000
57908  20.473  -41.892  72.657 0.0000000000
56795  19.897  -42.026  72.899 0.0000000000
56769  19.148  -43.188  74.303 0.0000000000
59013  18.589  -40.785  74.294 0.0000000000
57883  18.400  -41.461  74.533 0.0000000000
55611  18.556  -44.848  76.422 0.0000000000
72732  30.368  -29.245  70.759 0.0000000000
71636  30.529  -29.735  70.889 0.0000000000
70560  30.627  -30.328  70.483 0.0000000000
70561  31.114  -30.787  69.844 0.0000000000
69368  31.374  -31.950  68.957 0.0000000000
69380  30.927  -33.526  67.874 0.0000000000
68124  30.100  -33.412  70.158 0.0000000000
68135  30.393  -33.709  69.226 0.0000000000
66957  30.747  -34.550  68.239 0.0000000000
66956  31.301  -34.832  67.999 0.0000000000
66942  31.945  -34.688  68.568 0.0000000000
66927  32.637  -34.458  69.245 0.0000000000
68123  33.328  -34.314  69.829 0.0000000000
68109  33.606  -34.469  70.819 0.0000000000
90367  49.065  -14.976  51.427 0.0000000000
89185  49.252  -15.401  50.947 0.0000000000
88025  48.023  -16.907  51.707 0.0000000000
86905  48.139  -17.353  51.946 0.0000000000
88023  49.540  -17.021  51.130 0.0000000000
84685  42.885  -18.858  55.474 0.0000000000
84666  43.083  -19.603  55.818 0.0000000000
83528  42.617  -20.112  56.249 0.0000000000
83509  42.442  -21.281  56.682 0.0000000000
83485  42.166  -21.747  56.981 0.0000000000
84655  39.759  -18.847  57.401 0.0000000000
83488  39.500  -20.252  57.854 0.0000000000
82259  42.048  -23.731  59.657 0.0000000000
85745  36.952  -18.795  61.059 0.0000000000
84610  36.401  -19.811  61.225 0.0000000000
84620  36.477  -19.946  60.756 0.0000000000
84619  36.756  -19.587  60.460 0.0000000000
81078  37.563  -22.691  59.811 0.0000000000
79799  40.437  -24.115  60.271 0.0000000000
78604  40.828  -24.966  61.042 0.0000000000
78603  41.515  -24.767  61.434 0.0000000000
65713  25.737  -35.695  70.815 0.0000000000
65693  26.642  -35.592  71.410 0.0000000000
64504  27.685  -36.478  71.952 0.0000000000
63432  28.542  -37.327  72.518 0.0000000000
63431  29.158  -37.562  73.160 0.0000000000
89138  43.386  -15.403  56.887 0.0000000000
87977  42.717  -16.227  55.677 0.0000000000
87960  42.351  -16.388  57.012 0.0000000000
87978  42.301  -16.488  56.296 0.0000000000
86867  42.819  -17.202  55.269 0.0000000000
56700  9.552  -43.307  79.544 0.0000000000
56701  9.313  -43.660  80.044 0.0000000000
57772  8.851  -42.710  80.653 0.0000000000
56677  8.897  -43.550  80.415 0.0000000000
55551  8.446  -44.824  80.459 0.0000000000
53303  7.786  -46.609  81.923 0.0000000000
48679  4.326  -51.009  86.830 0.0000000000
53274  3.972  -47.188  84.598 0.0000000000
49901  3.574  -49.439  85.579 0.0000000000
48689  3.383  -50.618  86.376 0.0000000000
48691  2.010  -50.026  86.901 0.0000000000
54280  2.000  -44.923  89.125 0.0000000000
52125  1.067  -47.142  88.065 0.0000000000
70506  30.620  -30.113  72.419 0.0000000000
69336  24.622  -33.121  70.962 0.0000000000
68100  23.615  -33.088  72.200 0.0000000000
68115  24.035  -33.587  70.931 0.0000000000
64540  25.917  -36.917  70.471 0.0000000000
63462  26.775  -37.682  70.856 0.0000000000
64554  25.119  -37.113  69.963 0.0000000000
63479  25.986  -37.845  70.317 0.0000000000
62391  27.306  -38.599  70.838 0.0000000000
61303  27.558  -39.447  71.200 0.0000000000
61324  24.502  -39.451  70.314 0.0000000000
60194  25.278  -40.102  70.099 0.0000000000
59058  25.782  -41.037  70.942 0.0000000000
60177  26.271  -40.416  70.507 0.0000000000
59039  26.978  -40.822  71.741 0.0000000000
55646  21.503  -44.629  74.186 0.0000000000
55645  22.436  -44.600  74.605 0.0000000000
56781  23.412  -44.076  74.214 0.0000000000
56780  24.429  -43.810  74.527 0.0000000000
82273  44.302  -21.817  59.917 0.0000000000
77426  33.418  -24.414  64.905 0.0000000000
77440  32.869  -25.001  64.340 0.0000000000
76292  32.342  -25.693  63.810 0.0000000000
73851  29.775  -28.913  70.375 0.0000000000
73864  29.673  -29.310  69.707 0.0000000000
72746  29.947  -29.931  69.073 0.0000000000
73865  29.386  -28.896  68.853 0.0000000000
73866  29.089  -28.392  67.923 0.0000000000
73886  29.203  -28.350  66.951 0.0000000000
73912  29.421  -28.029  66.185 0.0000000000
69390  32.138  -32.566  66.656 0.0000000000
71698  31.364  -30.480  66.753 0.0000000000
71696  32.584  -31.157  66.696 0.0000000000
71697  32.258  -30.610  66.560 0.0000000000
72794  30.831  -29.901  66.734 0.0000000000
75050  29.822  -27.781  65.640 0.0000000000
73957  31.851  -28.540  63.941 0.0000000000
72824  32.314  -28.940  63.767 0.0000000000
73969  32.439  -28.849  63.063 0.0000000000
73968  33.250  -29.475  62.855 0.0000000000
72831  36.421  -30.141  63.437 0.0000000000
72821  36.722  -29.993  64.310 0.0000000000
72813  36.224  -29.686  64.924 0.0000000000
72812  36.931  -29.811  65.292 0.0000000000
72811  37.738  -29.989  65.378 0.0000000000
66866  27.401  -35.115  71.870 0.0000000000
65644  30.647  -35.893  75.138 0.0000000000
66817  30.251  -35.341  74.680 0.0000000000
66838  30.490  -34.975  73.998 0.0000000000
66836  32.504  -34.943  74.149 0.0000000000
91470  51.686  -12.918  50.158 0.0000000000
91482  51.632  -13.250  49.031 0.0000000000
88044  51.227  -16.454  50.173 0.0000000000
89201  51.755  -15.826  49.275 0.0000000000
88042  52.536  -16.747  49.473 0.0000000000
90406  51.815  -14.823  48.522 0.0000000000
91495  51.877  -14.073  48.080 0.0000000000
90438  53.366  -13.905  46.871 0.0000000000
90420  54.165  -15.160  46.973 0.0000000000
90437  54.117  -14.514  46.415 0.0000000000
48678  5.131  -50.731  86.993 0.0000000000
54293  2.406  -45.402  88.504 0.0000000000
57884  15.447  -42.340  76.147 0.0000000000
57885  15.397  -42.256  76.315 0.0000000000
57907  22.247  -43.034  72.587 0.0000000000
58992  17.391  -40.313  75.252 0.0000000000
59004  28.971  -41.393  73.586 0.0000000000
59047  20.559  -41.251  73.275 0.0000000000
60165  26.871  -40.615  71.287 0.0000000000
60193  25.809  -39.908  69.951 0.0000000000
62407  25.754  -38.593  69.938 0.0000000000
63482  23.857  -36.832  70.351 0.0000000000
64521  23.393  -36.552  72.088 0.0000000000
64543  23.741  -36.309  70.741 0.0000000000
64553  25.589  -37.433  70.195 0.0000000000
64555  24.388  -36.703  70.085 0.0000000000
65678  27.219  -35.656  71.868 0.0000000000
66867  22.904  -33.868  73.269 0.0000000000
66918  23.390  -35.081  71.201 0.0000000000
66954  32.604  -34.029  67.755 0.0000000000
66965  31.695  -34.034  67.214 0.0000000000
66966  31.306  -34.364  67.479 0.0000000000
66967  30.898  -34.639  67.748 0.0000000000
68078  27.997  -33.839  72.591 0.0000000000
68079  27.722  -34.023  72.387 0.0000000000
68110  28.620  -33.737  71.364 0.0000000000
68127  26.746  -32.859  70.341 0.0000000000
68128  26.578  -33.021  70.428 0.0000000000
68140  32.484  -33.872  67.498 0.0000000000
68141  30.537  -33.959  68.359 0.0000000000
68149  30.830  -34.160  67.730 0.0000000000
68153  31.826  -33.099  66.683 0.0000000000
68154  31.693  -33.293  66.857 0.0000000000
69377  32.871  -32.525  67.029 0.0000000000
69378  32.480  -32.980  66.825 0.0000000000
70532  25.612  -31.988  70.908 0.0000000000
70546  26.634  -32.118  70.280 0.0000000000
71679  30.713  -30.166  67.284 0.0000000000
72810  38.491  -30.264  65.465 0.0000000000
72823  32.476  -29.118  63.806 0.0000000000
72833  32.415  -29.005  63.603 0.0000000000
72834  32.205  -28.675  63.498 0.0000000000
73977  37.182  -28.914  62.210 0.0000000000
73982  32.379  -28.240  62.656 0.0000000000
75019  29.844  -28.267  70.767 0.0000000000
75072  29.769  -27.201  65.589 0.0000000000
75090  30.577  -26.904  64.712 0.0000000000
76212  29.160  -26.961  68.118 0.0000000000
77469  36.939  -25.180  60.327 0.0000000000
78615  38.466  -24.579  60.177 0.0000000000
78618  35.804  -23.988  60.599 0.0000000000
82310  43.216  -22.314  57.191 0.0000000000
82324  42.709  -22.044  56.923 0.0000000000
83442  44.395  -21.847  59.481 0.0000000000
85770  37.707  -18.551  60.102 0.0000000000
89136  44.357  -15.114  56.154 0.0000000000
89148  43.932  -15.102  55.750 0.0000000000
89160  44.217  -15.430  55.156 0.0000000000
89177  48.953  -14.679  51.791 0.0000000000
90376  49.181  -15.253  51.144 0.0000000000
91496  51.698  -14.370  48.417 0.0000000000
