#!ascii label  , from subject 4099 vox2ras=TkReg
1204
111714  39.514  25.012  26.926 0.0000000000
115155  40.184  30.528  32.432 0.0000000000
107755  47.637  20.113  33.396 0.0000000000
110160  35.584  24.060  30.461 0.0000000000
107805  40.081  20.335  30.204 0.0000000000
114574  38.771  28.770  22.114 0.0000000000
118013  40.949  34.442  37.645 0.0000000000
119891  42.736  37.208  32.154 0.0000000000
105232  46.762  16.640  38.434 0.0000000000
103671  39.606  16.048  36.349 0.0000000000
112462  41.355  26.712  26.795 0.0000000000
109414  45.872  22.617  27.968 0.0000000000
112427  45.435  26.677  31.339 0.0000000000
109317  46.377  22.362  37.991 0.0000000000
120592  40.628  38.849  27.016 0.0000000000
116701  42.715  32.696  27.196 0.0000000000
106123  40.728  18.585  30.942 0.0000000000
110917  37.327  24.882  29.263 0.0000000000
109377  37.914  22.839  31.314 0.0000000000
110156  40.532  23.678  30.530 0.0000000000
111764  38.156  25.571  23.240 0.0000000000
111731  36.626  25.074  26.168 0.0000000000
117355  38.589  33.699  33.949 0.0000000000
102774  46.418  14.868  40.955 0.0000000000
102784  43.116  13.937  39.379 0.0000000000
100844  44.798  11.825  39.878 0.0000000000
121844  43.490  40.691  25.022 0.0000000000
113826  40.366  28.788  30.425 0.0000000000
113146  43.351  27.040  28.944 0.0000000000
113110  43.242  27.831  32.096 0.0000000000
111619  42.902  25.871  38.514 0.0000000000
111618  44.534  25.688  38.161 0.0000000000
109290  44.502  23.035  40.354 0.0000000000
106860  46.142  19.611  39.570 0.0000000000
118075  42.989  34.421  32.445 0.0000000000
118107  44.387  34.562  30.381 0.0000000000
116680  39.759  32.142  29.697 0.0000000000
115196  39.015  30.423  27.557 0.0000000000
108604  47.008  21.244  29.911 0.0000000000
106975  44.431  20.179  29.757 0.0000000000
107783  44.417  19.920  32.367 0.0000000000
106967  36.998  19.876  29.770 0.0000000000
106989  38.419  18.695  27.809 0.0000000000
115246  42.570  30.739  22.346 0.0000000000
115249  38.410  30.355  21.869 0.0000000000
116618  41.971  32.287  34.989 0.0000000000
113791  41.982  28.794  35.340 0.0000000000
120552  35.674  38.372  30.330 0.0000000000
120549  38.587  38.085  30.665 0.0000000000
119273  42.442  35.590  34.929 0.0000000000
106064  46.971  18.096  36.249 0.0000000000
106072  43.550  18.452  35.402 0.0000000000
104480  42.947  16.271  37.497 0.0000000000
101858  40.357  13.441  37.234 0.0000000000
110992  41.136  24.992  24.413 0.0000000000
110934  42.773  24.437  27.603 0.0000000000
111726  44.342  25.415  26.385 0.0000000000
110909  46.280  24.604  29.019 0.0000000000
109356  45.515  22.383  32.411 0.0000000000
113093  44.881  27.290  34.461 0.0000000000
110115  43.987  23.717  34.725 0.0000000000
108542  46.324  21.838  35.245 0.0000000000
106058  46.893  19.278  38.316 0.0000000000
105218  47.499  16.935  40.159 0.0000000000
122795  41.794  41.861  27.123 0.0000000000
119368  42.883  36.368  25.620 0.0000000000
118769  44.332  34.667  27.773 0.0000000000
116713  44.508  32.463  25.806 0.0000000000
115212  40.775  31.144  25.093 0.0000000000
113871  38.682  28.251  24.848 0.0000000000
108605  43.064  21.936  29.929 0.0000000000
106978  40.983  19.300  29.381 0.0000000000
105331  38.500  17.340  28.950 0.0000000000
105282  39.951  18.444  33.817 0.0000000000
111699  38.432  25.397  27.990 0.0000000000
110891  39.465  24.545  29.997 0.0000000000
110937  40.093  25.018  28.470 0.0000000000
110985  38.941  24.420  24.666 0.0000000000
111743  37.500  24.979  24.851 0.0000000000
111730  37.758  24.792  25.879 0.0000000000
111701  36.939  25.156  27.905 0.0000000000
101816  45.991  13.285  41.495 0.0000000000
101832  45.028  13.416  40.959 0.0000000000
100829  45.323  11.657  40.355 0.0000000000
106166  35.850  18.039  26.161 0.0000000000
114507  40.200  29.357  31.105 0.0000000000
113817  42.358  28.209  30.761 0.0000000000
114500  41.058  29.210  32.259 0.0000000000
110067  41.851  23.825  38.695 0.0000000000
110054  43.644  24.267  40.060 0.0000000000
116649  41.406  33.056  32.728 0.0000000000
117383  40.994  33.466  31.455 0.0000000000
116662  39.735  32.132  31.497 0.0000000000
115173  39.369  30.589  30.324 0.0000000000
107780  47.382  20.127  31.762 0.0000000000
106950  45.991  19.630  30.664 0.0000000000
106916  45.772  20.035  32.875 0.0000000000
110137  35.134  23.270  31.182 0.0000000000
109379  36.133  22.688  31.620 0.0000000000
108591  38.666  22.005  31.205 0.0000000000
108611  37.671  21.101  30.909 0.0000000000
107807  38.215  20.474  30.199 0.0000000000
106981  38.145  19.492  28.563 0.0000000000
106980  39.040  19.237  28.762 0.0000000000
115248  40.892  29.774  21.787 0.0000000000
115261  40.757  30.567  20.759 0.0000000000
114584  38.632  29.054  21.577 0.0000000000
110919  35.237  24.555  29.259 0.0000000000
110896  34.280  24.106  30.026 0.0000000000
116569  42.427  33.794  37.226 0.0000000000
116585  41.694  32.379  36.922 0.0000000000
116557  41.214  32.892  38.082 0.0000000000
118037  39.704  34.046  35.789 0.0000000000
118700  40.795  34.542  34.477 0.0000000000
118023  41.634  34.755  36.955 0.0000000000
117340  43.712  34.303  35.678 0.0000000000
105250  46.675  17.690  36.971 0.0000000000
105252  44.760  17.509  36.581 0.0000000000
104478  44.932  16.768  38.026 0.0000000000
100853  42.418  11.989  38.628 0.0000000000
101852  41.322  13.564  38.309 0.0000000000
100857  41.160  12.282  37.147 0.0000000000
112482  41.203  26.036  25.034 0.0000000000
111740  42.709  25.425  24.915 0.0000000000
112470  42.938  26.263  26.389 0.0000000000
112437  45.008  26.856  29.973 0.0000000000
112447  44.954  26.470  28.910 0.0000000000
111673  45.661  25.656  30.882 0.0000000000
110153  46.010  23.282  30.425 0.0000000000
110877  45.193  24.824  31.445 0.0000000000
113772  43.044  28.751  36.589 0.0000000000
113088  43.971  27.830  35.036 0.0000000000
113770  44.678  28.114  36.636 0.0000000000
110079  45.032  24.001  38.048 0.0000000000
110096  44.087  24.566  36.379 0.0000000000
109333  44.824  23.128  36.727 0.0000000000
109336  45.431  22.227  35.531 0.0000000000
108538  46.107  22.017  36.262 0.0000000000
107739  47.145  20.550  36.910 0.0000000000
107723  46.744  20.814  38.104 0.0000000000
105220  45.425  17.804  40.207 0.0000000000
106031  46.499  18.158  39.641 0.0000000000
121809  41.171  41.113  27.058 0.0000000000
121251  42.342  39.455  25.808 0.0000000000
119967  41.592  37.908  26.187 0.0000000000
119911  40.311  37.687  31.402 0.0000000000
119935  40.274  37.696  30.694 0.0000000000
119933  42.697  37.054  30.888 0.0000000000
117419  42.946  33.331  28.669 0.0000000000
118762  44.767  34.865  28.946 0.0000000000
117417  44.335  33.599  28.169 0.0000000000
118146  44.578  33.906  26.844 0.0000000000
116700  43.652  32.590  27.018 0.0000000000
115950  42.210  31.404  25.220 0.0000000000
115938  41.095  31.632  26.409 0.0000000000
113845  39.524  28.435  28.146 0.0000000000
114540  38.669  29.425  26.250 0.0000000000
112473  39.873  27.067  26.087 0.0000000000
112490  40.256  25.776  24.319 0.0000000000
110192  44.406  23.756  28.239 0.0000000000
110179  42.770  23.580  29.551 0.0000000000
109408  44.681  22.712  28.777 0.0000000000
106131  42.883  19.325  30.381 0.0000000000
106977  41.970  19.546  29.762 0.0000000000
106143  41.336  18.934  29.638 0.0000000000
106145  39.547  18.110  28.821 0.0000000000
105321  39.243  17.723  30.294 0.0000000000
105255  41.817  17.355  36.291 0.0000000000
106074  41.844  18.587  34.958 0.0000000000
105265  40.506  17.677  35.561 0.0000000000
110894  36.092  24.299  30.260 0.0000000000
110135  37.160  23.776  31.094 0.0000000000
110159  37.669  23.974  30.901 0.0000000000
110157  39.272  23.580  30.907 0.0000000000
109398  40.490  22.476  30.849 0.0000000000
113198  38.128  26.555  22.251 0.0000000000
110940  36.397  24.960  28.141 0.0000000000
103639  46.443  15.481  40.179 0.0000000000
103651  44.207  15.507  38.966 0.0000000000
102782  45.084  14.681  40.002 0.0000000000
100845  43.972  12.508  39.685 0.0000000000
113149  40.863  27.452  28.209 0.0000000000
112450  42.621  26.651  27.984 0.0000000000
113137  42.035  27.574  29.216 0.0000000000
113125  43.775  27.327  30.641 0.0000000000
113118  44.741  27.633  31.736 0.0000000000
112370  43.187  26.819  38.600 0.0000000000
113049  44.326  27.570  38.373 0.0000000000
111611  44.139  25.702  39.381 0.0000000000
110809  44.995  24.678  40.104 0.0000000000
109298  45.563  23.027  39.595 0.0000000000
107714  46.355  20.993  39.296 0.0000000000
107709  45.059  21.675  40.215 0.0000000000
106861  44.922  19.822  39.689 0.0000000000
106022  44.122  17.900  40.297 0.0000000000
121229  39.614  39.841  27.674 0.0000000000
118721  43.851  35.494  32.208 0.0000000000
119321  44.112  35.880  31.228 0.0000000000
118097  43.053  34.264  31.403 0.0000000000
117405  42.501  33.608  29.537 0.0000000000
116688  40.686  32.455  28.614 0.0000000000
115927  40.002  31.511  27.560 0.0000000000
115185  39.166  31.084  28.694 0.0000000000
114524  39.337  29.116  28.890 0.0000000000
108616  46.373  21.539  28.796 0.0000000000
107826  45.367  21.177  28.907 0.0000000000
106962  46.253  20.072  29.697 0.0000000000
106952  44.075  19.666  31.023 0.0000000000
106938  42.467  19.532  32.062 0.0000000000
101865  38.653  14.173  35.814 0.0000000000
103673  38.091  15.773  35.362 0.0000000000
106969  35.643  19.259  30.677 0.0000000000
108593  36.991  21.850  31.377 0.0000000000
107809  36.658  20.202  30.752 0.0000000000
106984  35.812  19.038  29.727 0.0000000000
106991  36.637  19.015  28.233 0.0000000000
106998  36.656  18.721  27.317 0.0000000000
106159  37.619  18.061  26.715 0.0000000000
116763  42.485  31.761  22.245 0.0000000000
115992  40.810  31.437  22.446 0.0000000000
115880  40.920  31.496  33.574 0.0000000000
114490  41.236  29.457  34.072 0.0000000000
115848  41.508  31.188  35.570 0.0000000000
115120  41.521  30.293  36.380 0.0000000000
115084  42.045  29.770  37.930 0.0000000000
113045  42.702  28.453  38.638 0.0000000000
112379  42.019  26.747  37.722 0.0000000000
120551  36.625  38.392  30.360 0.0000000000
119913  38.673  37.474  31.264 0.0000000000
119310  41.369  37.135  32.393 0.0000000000
119299  42.695  36.541  33.372 0.0000000000
118698  43.541  35.436  34.396 0.0000000000
116631  42.507  33.274  33.953 0.0000000000
106896  46.873  18.925  34.730 0.0000000000
106901  46.260  19.469  34.188 0.0000000000
106070  45.657  18.308  35.679 0.0000000000
105262  43.577  17.873  36.072 0.0000000000
104485  41.899  16.657  36.929 0.0000000000
103652  43.341  15.220  38.561 0.0000000000
102793  41.551  14.977  37.743 0.0000000000
102795  40.270  14.663  37.042 0.0000000000
110970  40.624  24.703  25.910 0.0000000000
110956  40.909  24.787  26.995 0.0000000000
110969  41.883  24.683  25.756 0.0000000000
110953  43.931  24.521  26.641 0.0000000000
110952  45.047  24.140  26.885 0.0000000000
112459  44.080  26.337  27.617 0.0000000000
111710  45.982  24.986  27.354 0.0000000000
110189  46.374  23.391  28.151 0.0000000000
110175  46.325  23.515  29.207 0.0000000000
108589  46.830  21.548  31.098 0.0000000000
108554  47.123  21.354  32.999 0.0000000000
113799  42.544  27.953  33.982 0.0000000000
113100  44.182  27.490  33.319 0.0000000000
113098  45.245  27.015  33.227 0.0000000000
112389  44.844  26.764  36.745 0.0000000000
111649  44.665  25.932  35.269 0.0000000000
111662  44.698  25.300  33.168 0.0000000000
110122  44.727  23.174  32.715 0.0000000000
108548  46.359  21.675  34.203 0.0000000000
108540  47.314  20.851  34.213 0.0000000000
107745  47.587  19.909  35.458 0.0000000000
106063  47.323  18.402  36.772 0.0000000000
105241  47.240  17.448  38.417 0.0000000000
106046  46.688  18.894  38.827 0.0000000000
106045  47.124  17.983  38.981 0.0000000000
104466  47.447  16.619  39.641 0.0000000000
103625  47.840  15.968  40.738 0.0000000000
121826  42.926  41.206  26.438 0.0000000000
120607  43.150  38.647  24.774 0.0000000000
119385  43.543  36.331  24.657 0.0000000000
119346  44.271  36.203  29.999 0.0000000000
119358  41.729  36.542  27.428 0.0000000000
118779  43.111  35.549  26.623 0.0000000000
118163  44.156  34.743  25.771 0.0000000000
118174  44.544  33.852  24.684 0.0000000000
115948  43.887  31.590  24.524 0.0000000000
115222  41.887  30.826  23.932 0.0000000000
115237  39.942  29.549  23.070 0.0000000000
115204  39.052  30.362  26.474 0.0000000000
115225  38.976  29.567  24.471 0.0000000000
113879  38.391  28.055  23.792 0.0000000000
112498  39.064  25.896  23.563 0.0000000000
110993  40.035  24.764  23.935 0.0000000000
110913  41.704  24.456  29.124 0.0000000000
109397  41.529  22.658  30.545 0.0000000000
108607  41.327  21.507  30.351 0.0000000000
107816  43.632  20.453  29.591 0.0000000000
108621  41.982  20.705  29.804 0.0000000000
107819  40.594  19.736  29.581 0.0000000000
106988  39.307  18.679  28.527 0.0000000000
106151  39.029  18.141  28.091 0.0000000000
106903  44.210  19.614  34.021 0.0000000000
106905  42.294  19.501  33.610 0.0000000000
106094  40.362  18.655  32.999 0.0000000000
104498  38.316  16.913  34.484 0.0000000000
105311  39.274  17.802  31.278 0.0000000000
99936  45.533  10.938  38.929 0.0000000000
99944  44.860  11.473  37.668 0.0000000000
111715  38.612  25.117  26.948 0.0000000000
111684  39.122  25.360  28.370 0.0000000000
111697  39.981  25.075  27.440 0.0000000000
110971  39.435  24.450  25.521 0.0000000000
110972  38.522  24.540  25.351 0.0000000000
100819  45.704  12.253  41.093 0.0000000000
115162  39.943  30.218  31.789 0.0000000000
114501  40.435  29.537  31.816 0.0000000000
114494  40.681  29.813  32.709 0.0000000000
115881  40.446  31.461  32.888 0.0000000000
116651  39.889  31.920  32.007 0.0000000000
115156  39.828  30.817  31.912 0.0000000000
115163  39.740  30.563  31.220 0.0000000000
107764  47.625  20.229  32.521 0.0000000000
106915  47.033  19.789  32.894 0.0000000000
109380  35.061  22.409  31.913 0.0000000000
110136  36.091  23.657  30.971 0.0000000000
108609  39.409  21.155  30.813 0.0000000000
108610  38.497  21.132  30.818 0.0000000000
107806  39.098  20.380  30.191 0.0000000000
107821  38.677  19.944  29.361 0.0000000000
107820  39.605  19.718  29.495 0.0000000000
114573  39.531  29.360  21.725 0.0000000000
114583  39.660  29.760  21.161 0.0000000000
110895  35.071  24.331  30.024 0.0000000000
110161  35.072  23.872  30.554 0.0000000000
110162  34.279  23.647  30.587 0.0000000000
117301  41.991  34.090  37.584 0.0000000000
116570  41.657  33.017  37.567 0.0000000000
117288  41.306  33.414  38.173 0.0000000000
118024  40.654  34.470  36.895 0.0000000000
118036  40.459  34.414  36.110 0.0000000000
118012  41.947  34.633  37.448 0.0000000000
118011  42.601  34.788  37.116 0.0000000000
105233  46.311  16.781  38.196 0.0000000000
105243  45.888  17.149  37.618 0.0000000000
104477  45.679  16.670  38.257 0.0000000000
100854  41.633  12.487  38.390 0.0000000000
112472  40.693  26.736  26.127 0.0000000000
112471  41.991  26.473  25.912 0.0000000000
112428  45.203  26.990  30.752 0.0000000000
112436  45.536  26.368  30.341 0.0000000000
111668  45.461  25.871  31.880 0.0000000000
114459  43.410  29.070  37.741 0.0000000000
113771  43.785  28.659  36.922 0.0000000000
113756  44.476  28.295  37.644 0.0000000000
110078  45.538  23.521  38.374 0.0000000000
109319  44.992  23.523  37.321 0.0000000000
109318  45.752  22.952  37.622 0.0000000000
109332  45.427  22.507  36.498 0.0000000000
108527  46.493  21.806  37.296 0.0000000000
108514  46.456  21.814  38.480 0.0000000000
105210  44.779  17.312  40.557 0.0000000000
121228  40.308  39.748  27.189 0.0000000000
121810  40.311  40.760  27.384 0.0000000000
121241  41.058  39.744  26.727 0.0000000000
120591  41.290  38.892  26.413 0.0000000000
119968  41.039  38.161  26.788 0.0000000000
119892  41.854  37.409  32.215 0.0000000000
119910  41.206  37.654  31.454 0.0000000000
119909  42.268  37.458  31.485 0.0000000000
117435  42.333  33.066  27.999 0.0000000000
117418  43.802  33.303  28.468 0.0000000000
117434  43.329  33.022  27.815 0.0000000000
117433  44.143  32.959  27.639 0.0000000000
116715  42.972  32.215  26.370 0.0000000000
116716  42.174  32.290  26.763 0.0000000000
113159  39.770  27.611  27.262 0.0000000000
113853  39.272  28.141  26.909 0.0000000000
113167  40.021  27.131  26.673 0.0000000000
110191  45.104  23.505  27.911 0.0000000000
110177  44.545  23.411  28.449 0.0000000000
109415  45.449  22.416  28.418 0.0000000000
106132  42.361  19.223  30.592 0.0000000000
106142  42.243  19.178  29.956 0.0000000000
106133  41.534  18.842  30.345 0.0000000000
106134  40.660  18.512  29.988 0.0000000000
106124  39.959  18.187  30.593 0.0000000000
104491  40.409  17.041  36.170 0.0000000000
104492  39.597  16.831  35.956 0.0000000000
110893  37.222  24.435  30.395 0.0000000000
109399  39.531  22.215  31.098 0.0000000000
112499  38.255  26.053  23.017 0.0000000000
112508  37.884  26.357  22.149 0.0000000000
111773  37.460  25.904  22.732 0.0000000000
111744  36.698  25.225  25.136 0.0000000000
111756  36.856  25.514  24.213 0.0000000000
110939  37.396  25.164  28.424 0.0000000000
110918  36.267  24.701  29.287 0.0000000000
102781  45.748  14.953  40.127 0.0000000000
102775  45.794  14.455  40.716 0.0000000000
100830  44.719  12.499  40.594 0.0000000000
100831  44.179  12.892  40.241 0.0000000000
99923  43.672  11.932  39.055 0.0000000000
99922  44.430  11.699  39.222 0.0000000000
122333  43.329  41.602  25.610 0.0000000000
122344  43.525  41.585  24.816 0.0000000000
113835  40.612  28.094  29.130 0.0000000000
113138  41.347  27.586  28.861 0.0000000000
113834  41.413  27.865  29.325 0.0000000000
113808  42.432  28.327  31.742 0.0000000000
113120  43.099  27.754  31.181 0.0000000000
113119  43.965  27.575  31.476 0.0000000000
112369  43.862  26.676  38.788 0.0000000000
111612  43.551  25.834  38.927 0.0000000000
110041  44.106  23.977  40.412 0.0000000000
110810  44.106  24.943  40.216 0.0000000000
110040  44.863  23.905  40.446 0.0000000000
110052  45.241  23.982  40.033 0.0000000000
109289  45.136  23.362  40.249 0.0000000000
108499  45.283  22.454  40.165 0.0000000000
108500  44.685  22.238  40.306 0.0000000000
107716  44.405  21.173  39.760 0.0000000000
106862  43.743  19.925  39.627 0.0000000000
106033  44.179  18.733  39.819 0.0000000000
106034  43.107  18.965  39.910 0.0000000000
118074  43.563  34.994  32.811 0.0000000000
117393  40.799  33.443  30.427 0.0000000000
117392  41.994  33.885  30.636 0.0000000000
117407  40.726  33.109  29.698 0.0000000000
117421  41.070  32.991  29.055 0.0000000000
116679  40.392  32.581  29.349 0.0000000000
116689  40.050  32.027  28.907 0.0000000000
115908  39.451  31.541  29.192 0.0000000000
113827  39.670  29.168  30.066 0.0000000000
114514  39.262  29.709  29.545 0.0000000000
113836  39.701  28.797  29.424 0.0000000000
113844  40.245  27.866  28.382 0.0000000000
107803  46.742  20.606  29.528 0.0000000000
107813  46.212  20.833  29.198 0.0000000000
106961  46.941  20.008  29.754 0.0000000000
106934  45.507  19.786  31.731 0.0000000000
106951  44.984  19.652  30.874 0.0000000000
106935  44.644  19.786  31.680 0.0000000000
106953  43.310  19.717  31.141 0.0000000000
106936  43.814  19.829  31.945 0.0000000000
106957  35.186  19.509  31.537 0.0000000000
106956  35.934  19.898  31.153 0.0000000000
109378  37.036  22.816  31.363 0.0000000000
108592  37.815  21.933  31.224 0.0000000000
107808  37.423  20.395  30.416 0.0000000000
106968  36.304  19.552  30.228 0.0000000000
106983  36.477  19.352  29.200 0.0000000000
106982  37.262  19.518  28.786 0.0000000000
106990  37.462  19.045  27.876 0.0000000000
106997  37.488  18.547  27.120 0.0000000000
106996  38.046  18.354  27.100 0.0000000000
116739  43.654  31.765  23.310 0.0000000000
115990  42.454  31.177  21.946 0.0000000000
116006  39.288  30.685  21.485 0.0000000000
116005  40.239  30.919  21.376 0.0000000000
115993  39.524  31.154  22.239 0.0000000000
115995  37.995  30.605  22.345 0.0000000000
115865  41.337  31.449  34.437 0.0000000000
115829  41.376  31.414  36.635 0.0000000000
114440  42.278  29.634  37.513 0.0000000000
113748  41.663  28.874  38.330 0.0000000000
113051  42.467  27.941  38.445 0.0000000000
120570  36.069  38.970  29.911 0.0000000000
119914  37.675  37.310  31.233 0.0000000000
119323  39.159  36.892  31.582 0.0000000000
119894  40.359  37.237  31.980 0.0000000000
118699  41.562  34.918  34.787 0.0000000000
119285  42.248  35.969  33.937 0.0000000000
119284  42.851  36.084  34.375 0.0000000000
119283  43.225  35.666  34.763 0.0000000000
117326  43.293  33.711  36.144 0.0000000000
117341  43.373  33.643  35.174 0.0000000000
116617  42.610  33.110  34.581 0.0000000000
116632  41.673  32.657  33.607 0.0000000000
106069  46.663  18.394  35.596 0.0000000000
106078  46.223  18.797  35.059 0.0000000000
105260  46.048  17.871  35.994 0.0000000000
105245  44.150  17.019  37.039 0.0000000000
105253  43.691  17.286  36.645 0.0000000000
104484  42.842  16.750  36.984 0.0000000000
105254  42.752  17.271  36.431 0.0000000000
104481  42.306  16.224  37.286 0.0000000000
102788  43.553  14.865  39.014 0.0000000000
102789  42.834  14.403  38.937 0.0000000000
100855  41.082  13.132  38.050 0.0000000000
102790  41.745  14.510  38.280 0.0000000000
102794  41.008  14.545  37.566 0.0000000000
103662  40.816  15.188  37.098 0.0000000000
101855  40.389  14.025  37.323 0.0000000000
101859  39.760  13.841  36.808 0.0000000000
100863  40.197  12.857  36.627 0.0000000000
110983  40.920  24.795  24.919 0.0000000000
110982  41.974  24.865  24.994 0.0000000000
111739  43.504  25.428  25.507 0.0000000000
110980  43.326  25.130  25.119 0.0000000000
110967  43.935  24.792  25.800 0.0000000000
110966  45.105  24.707  26.386 0.0000000000
113147  42.676  27.036  28.711 0.0000000000
112449  43.340  26.692  28.228 0.0000000000
112448  44.107  26.781  28.691 0.0000000000
111682  46.131  25.209  28.868 0.0000000000
111696  45.105  26.134  28.207 0.0000000000
111694  46.237  24.931  28.285 0.0000000000
110950  46.334  24.141  27.543 0.0000000000
110931  46.378  24.204  28.302 0.0000000000
110131  45.328  23.457  31.469 0.0000000000
109394  46.242  22.566  30.648 0.0000000000
109375  46.121  22.294  31.330 0.0000000000
108590  46.622  21.661  31.714 0.0000000000
108571  46.419  21.648  32.284 0.0000000000
113804  41.742  28.572  33.481 0.0000000000
113800  41.888  28.616  34.612 0.0000000000
113095  43.534  27.677  34.235 0.0000000000
113094  44.386  27.560  34.274 0.0000000000
113099  44.894  27.340  33.475 0.0000000000
112377  44.636  26.658  37.768 0.0000000000
111629  44.520  25.873  37.109 0.0000000000
110106  43.965  24.239  35.988 0.0000000000
111650  44.154  25.275  35.443 0.0000000000
110860  44.200  25.200  34.711 0.0000000000
111655  44.866  25.913  33.990 0.0000000000
110866  44.260  24.816  33.838 0.0000000000
110873  44.523  24.347  32.969 0.0000000000
110114  44.270  23.545  34.001 0.0000000000
109341  45.564  22.134  34.496 0.0000000000
108547  47.036  21.297  33.864 0.0000000000
108541  47.139  21.104  34.883 0.0000000000
107750  47.464  20.467  35.151 0.0000000000
107746  47.426  20.614  35.797 0.0000000000
106888  47.045  19.754  37.826 0.0000000000
106887  47.372  19.395  36.954 0.0000000000
106057  47.171  18.598  37.945 0.0000000000
105249  47.245  17.756  37.537 0.0000000000
107715  45.507  20.815  39.932 0.0000000000
105219  47.010  17.490  40.131 0.0000000000
106030  47.092  17.510  39.641 0.0000000000
105231  47.307  17.205  39.302 0.0000000000
104455  47.806  16.229  40.584 0.0000000000
122805  41.341  42.336  26.777 0.0000000000
122815  40.113  42.646  25.788 0.0000000000
122814  41.206  42.680  26.048 0.0000000000
122321  42.687  41.633  26.730 0.0000000000
119973  42.146  38.118  25.627 0.0000000000
120598  42.505  38.772  25.404 0.0000000000
119972  42.666  37.720  25.143 0.0000000000
119386  43.106  37.123  24.768 0.0000000000
119367  43.437  36.092  25.206 0.0000000000
118094  44.628  34.956  30.516 0.0000000000
119338  44.132  36.155  30.674 0.0000000000
118753  44.757  35.447  30.130 0.0000000000
118763  44.276  35.060  28.527 0.0000000000
118757  44.065  35.840  29.320 0.0000000000
118764  43.527  35.768  28.633 0.0000000000
118771  43.028  35.711  27.672 0.0000000000
119361  42.416  36.075  26.920 0.0000000000
118770  43.854  35.072  27.428 0.0000000000
117448  44.817  33.190  26.317 0.0000000000
118147  44.253  34.514  26.563 0.0000000000
118162  44.628  34.001  25.777 0.0000000000
118792  44.266  34.652  24.975 0.0000000000
117462  44.835  33.089  25.246 0.0000000000
116723  44.330  32.281  24.708 0.0000000000
115966  41.718  31.214  24.779 0.0000000000
115965  42.346  30.984  24.199 0.0000000000
115223  41.165  30.895  24.325 0.0000000000
115236  40.902  29.972  22.948 0.0000000000
115224  39.837  30.116  24.153 0.0000000000
115203  39.556  31.058  26.932 0.0000000000
113863  38.864  28.385  26.029 0.0000000000
114548  38.672  29.126  25.193 0.0000000000
114557  38.715  28.857  24.180 0.0000000000
113190  38.304  27.010  23.419 0.0000000000
113184  38.633  27.404  24.468 0.0000000000
111754  40.438  25.180  23.953 0.0000000000
112497  39.877  25.425  23.797 0.0000000000
110984  39.879  24.437  24.748 0.0000000000
110955  41.829  24.643  26.751 0.0000000000
110935  41.782  24.677  27.850 0.0000000000
109410  43.002  22.871  29.818 0.0000000000
110154  42.217  23.507  29.867 0.0000000000
109396  42.455  22.817  30.056 0.0000000000
108606  42.239  21.705  30.081 0.0000000000
107815  44.793  20.930  29.241 0.0000000000
107817  42.568  20.115  29.494 0.0000000000
107818  41.569  19.916  29.640 0.0000000000
106979  39.987  19.143  28.987 0.0000000000
105330  39.148  17.699  29.332 0.0000000000
105337  38.977  17.725  28.536 0.0000000000
105338  38.313  17.378  27.849 0.0000000000
104563  37.947  16.937  28.681 0.0000000000
106080  44.414  18.928  34.788 0.0000000000
106902  45.184  19.523  34.067 0.0000000000
106081  43.439  19.053  34.675 0.0000000000
106083  41.376  18.995  34.229 0.0000000000
106082  42.471  19.121  34.500 0.0000000000
106093  41.108  19.023  33.284 0.0000000000
102808  37.260  14.866  34.492 0.0000000000
104494  38.009  16.330  34.846 0.0000000000
103677  37.552  15.674  34.628 0.0000000000
110938  37.917  25.311  28.326 0.0000000000
110916  38.412  25.151  29.022 0.0000000000
111685  38.888  25.352  28.617 0.0000000000
110915  39.601  25.088  28.939 0.0000000000
110890  40.485  24.419  29.715 0.0000000000
110995  38.506  24.787  23.973 0.0000000000
111755  37.718  25.249  24.027 0.0000000000
110986  38.195  24.730  24.674 0.0000000000
111716  37.561  25.185  26.998 0.0000000000
111700  37.456  25.270  27.812 0.0000000000
102760  45.939  13.972  41.238 0.0000000000
101831  45.642  13.649  41.182 0.0000000000
101817  45.478  13.054  41.272 0.0000000000
100820  45.160  12.756  41.107 0.0000000000
113825  41.676  28.286  29.969 0.0000000000
113819  40.587  29.107  31.185 0.0000000000
113818  41.359  28.819  31.310 0.0000000000
113809  41.726  28.750  32.429 0.0000000000
110820  42.402  24.569  38.618 0.0000000000
110819  43.138  24.853  38.933 0.0000000000
110055  43.037  23.887  39.513 0.0000000000
109300  43.905  22.631  40.117 0.0000000000
117367  42.081  33.672  32.706 0.0000000000
117382  41.807  33.873  31.723 0.0000000000
117368  41.315  33.370  32.227 0.0000000000
116661  40.237  32.814  31.106 0.0000000000
116670  39.584  32.230  30.588 0.0000000000
115903  39.255  31.499  30.044 0.0000000000
115893  39.483  31.401  30.917 0.0000000000
114508  39.705  29.664  30.636 0.0000000000
108588  47.360  20.695  30.963 0.0000000000
106949  46.871  19.752  30.353 0.0000000000
106933  46.636  19.754  31.561 0.0000000000
107765  45.107  19.975  32.696 0.0000000000
107822  37.783  20.096  29.409 0.0000000000
115247  41.708  30.213  21.896 0.0000000000
115260  41.578  30.515  20.915 0.0000000000
114582  40.480  30.046  20.792 0.0000000000
115262  39.858  30.390  20.939 0.0000000000
115263  38.811  30.172  21.483 0.0000000000
110920  34.287  24.382  29.246 0.0000000000
110897  33.802  23.805  30.070 0.0000000000
110138  34.163  23.112  31.242 0.0000000000
116584  42.427  33.203  36.682 0.0000000000
116603  41.856  32.321  36.085 0.0000000000
118055  39.035  33.788  35.148 0.0000000000
118065  40.243  34.261  34.371 0.0000000000
118053  40.505  34.293  35.201 0.0000000000
118052  41.017  34.457  35.619 0.0000000000
118689  42.328  35.175  36.047 0.0000000000
118688  43.073  35.374  35.937 0.0000000000
118682  42.869  35.128  36.686 0.0000000000
117310  43.122  34.516  36.812 0.0000000000
105251  45.756  17.573  36.662 0.0000000000
105244  44.897  17.100  37.249 0.0000000000
104479  43.913  16.535  37.736 0.0000000000
101845  42.481  13.106  39.272 0.0000000000
101851  41.964  13.522  38.957 0.0000000000
100847  42.123  12.820  39.036 0.0000000000
100858  40.786  12.923  37.590 0.0000000000
111742  41.428  25.634  24.620 0.0000000000
110991  42.014  25.061  24.584 0.0000000000
112481  42.198  25.944  25.117 0.0000000000
112480  42.910  26.009  25.488 0.0000000000
112479  43.485  25.792  26.051 0.0000000000
112438  44.430  26.855  29.491 0.0000000000
112446  45.479  26.217  29.471 0.0000000000
111683  45.966  25.378  29.688 0.0000000000
110910  46.098  24.168  29.783 0.0000000000
110888  45.678  24.490  30.576 0.0000000000
114479  42.551  28.977  36.493 0.0000000000
113790  42.850  28.207  35.609 0.0000000000
113789  44.207  28.115  35.857 0.0000000000
113788  44.891  27.905  35.818 0.0000000000
110827  44.813  24.860  38.531 0.0000000000
110842  44.475  24.921  37.606 0.0000000000
110095  44.396  24.081  36.867 0.0000000000
110105  44.229  23.490  35.982 0.0000000000
109342  44.735  22.612  34.769 0.0000000000
109337  44.652  22.702  35.815 0.0000000000
108537  46.856  21.377  36.073 0.0000000000
106032  45.429  18.566  39.776 0.0000000000
106021  46.021  17.978  40.212 0.0000000000
106020  46.545  17.605  40.310 0.0000000000
122798  39.994  42.161  27.415 0.0000000000
122311  40.847  41.549  27.211 0.0000000000
122310  41.461  41.620  27.132 0.0000000000
122322  41.969  41.419  27.020 0.0000000000
121240  41.877  39.786  26.290 0.0000000000
120599  41.890  38.850  25.856 0.0000000000
119369  42.169  37.346  25.730 0.0000000000
120529  39.782  37.708  31.222 0.0000000000
119936  39.602  37.897  30.348 0.0000000000
119934  41.625  37.254  30.461 0.0000000000
118117  43.733  33.774  29.822 0.0000000000
118124  44.742  34.475  29.244 0.0000000000
117403  43.938  33.651  29.034 0.0000000000
118134  44.562  34.165  27.814 0.0000000000
118135  44.348  34.419  27.297 0.0000000000
117432  44.522  33.376  27.258 0.0000000000
116699  44.398  32.681  26.762 0.0000000000
116714  43.933  32.129  26.252 0.0000000000
116724  43.972  31.849  25.382 0.0000000000
116725  43.407  31.819  25.770 0.0000000000
115937  42.005  31.776  26.126 0.0000000000
115951  41.187  31.368  25.432 0.0000000000
113846  38.898  29.066  27.774 0.0000000000
114533  38.828  29.619  27.272 0.0000000000
113854  38.865  28.802  27.103 0.0000000000
113862  39.215  27.996  26.364 0.0000000000
113178  39.070  27.574  25.351 0.0000000000
112484  39.089  27.047  24.870 0.0000000000
112483  39.824  26.736  25.246 0.0000000000
112489  41.089  25.623  24.591 0.0000000000
110933  43.939  24.261  27.693 0.0000000000
110911  43.367  24.266  28.206 0.0000000000
110178  43.853  23.705  28.767 0.0000000000
109409  43.667  22.571  29.575 0.0000000000
106965  43.347  19.531  30.432 0.0000000000
106976  43.200  19.598  29.745 0.0000000000
106144  40.213  18.683  29.200 0.0000000000
106135  39.852  18.120  29.641 0.0000000000
105263  42.664  17.881  35.829 0.0000000000
106073  42.611  18.519  35.209 0.0000000000
105264  41.665  17.937  35.561 0.0000000000
105272  41.132  18.319  35.037 0.0000000000
105273  40.310  18.322  34.620 0.0000000000
110879  36.755  24.159  30.655 0.0000000000
110134  38.045  23.533  31.132 0.0000000000
110892  38.325  24.554  30.161 0.0000000000
110158  38.193  23.967  30.794 0.0000000000
109376  38.696  22.959  31.266 0.0000000000
108608  40.369  21.307  30.636 0.0000000000
113893  38.459  28.000  21.626 0.0000000000
113900  38.381  28.015  20.907 0.0000000000
112509  37.072  26.377  22.188 0.0000000000
111765  36.989  25.755  23.168 0.0000000000
110957  36.043  24.944  27.421 0.0000000000
117343  38.725  33.646  34.924 0.0000000000
117327  38.492  33.510  35.738 0.0000000000
118025  39.751  34.120  36.567 0.0000000000
104457  46.585  16.054  39.484 0.0000000000
104468  46.102  16.322  38.839 0.0000000000
103650  45.281  15.735  39.204 0.0000000000
103641  44.797  15.115  39.508 0.0000000000
102783  43.893  14.341  39.653 0.0000000000
102776  44.659  14.049  40.413 0.0000000000
102777  44.175  13.771  40.149 0.0000000000
101844  43.189  13.311  39.583 0.0000000000
100846  42.754  12.381  39.154 0.0000000000
99939  43.194  11.714  38.434 0.0000000000
113157  41.349  26.924  27.560 0.0000000000
113148  41.839  27.014  28.300 0.0000000000
113136  42.837  27.339  29.457 0.0000000000
113126  42.874  27.535  30.298 0.0000000000
113135  43.661  27.055  29.697 0.0000000000
113124  44.660  27.349  30.842 0.0000000000
113117  45.255  27.323  31.987 0.0000000000
113050  43.481  27.707  38.688 0.0000000000
113745  44.211  28.363  38.248 0.0000000000
112368  44.316  26.297  38.618 0.0000000000
110818  43.677  25.232  39.527 0.0000000000
111605  44.564  25.158  39.730 0.0000000000
111610  44.641  25.390  39.118 0.0000000000
110065  45.188  24.432  38.742 0.0000000000
110064  45.467  23.953  39.083 0.0000000000
109297  45.964  22.754  39.115 0.0000000000
108505  46.062  22.212  39.414 0.0000000000
107708  45.682  21.714  39.905 0.0000000000
105221  44.775  18.034  40.066 0.0000000000
105211  43.704  17.328  40.775 0.0000000000
119876  43.430  36.561  32.675 0.0000000000
119890  43.358  36.791  32.136 0.0000000000
118720  43.964  35.745  31.714 0.0000000000
118739  44.157  35.398  31.249 0.0000000000
118108  43.659  34.134  30.428 0.0000000000
118098  42.424  33.977  31.251 0.0000000000
118109  42.795  33.950  30.814 0.0000000000
117390  43.540  33.779  29.948 0.0000000000
117420  41.950  33.259  28.854 0.0000000000
116687  41.419  32.812  28.301 0.0000000000
116702  41.687  32.496  27.446 0.0000000000
116703  40.976  32.332  27.953 0.0000000000
115915  39.703  31.546  28.406 0.0000000000
115186  39.013  30.533  28.385 0.0000000000
115176  39.087  30.768  29.409 0.0000000000
114515  38.982  30.238  28.940 0.0000000000
114525  38.993  29.613  28.351 0.0000000000
113150  40.147  27.640  27.888 0.0000000000
108625  46.139  22.059  28.195 0.0000000000
108626  45.843  21.633  28.444 0.0000000000
108617  46.070  21.206  28.782 0.0000000000
106973  45.934  20.544  29.327 0.0000000000
106974  45.432  20.410  29.509 0.0000000000
106963  45.260  19.855  30.067 0.0000000000
106964  44.220  19.762  30.292 0.0000000000
106954  42.620  19.521  31.264 0.0000000000
106122  41.566  19.038  31.379 0.0000000000
102799  38.944  14.892  36.222 0.0000000000
103672  38.919  15.805  35.930 0.0000000000
102803  38.316  14.984  35.717 0.0000000000
106125  35.206  18.980  31.019 0.0000000000
108594  36.207  21.658  31.825 0.0000000000
107796  36.909  20.951  31.215 0.0000000000
107797  36.165  20.690  31.608 0.0000000000
106992  35.896  18.878  28.697 0.0000000000
106160  36.510  18.196  26.571 0.0000000000
116004  41.232  31.144  21.216 0.0000000000
116764  41.786  31.878  22.462 0.0000000000
114585  38.004  28.675  21.103 0.0000000000
114575  37.547  29.223  21.576 0.0000000000
115153  40.598  30.620  33.203 0.0000000000
115152  40.956  30.548  33.950 0.0000000000
115150  41.303  30.350  34.787 0.0000000000
115140  41.433  30.074  35.587 0.0000000000
114480  41.867  29.231  35.985 0.0000000000
114461  42.099  29.595  36.882 0.0000000000
114439  42.771  29.460  37.928 0.0000000000
113735  43.216  28.668  38.766 0.0000000000
112378  42.545  26.758  38.229 0.0000000000
111620  42.294  25.874  38.024 0.0000000000
120550  37.592  38.352  30.419 0.0000000000
119939  37.159  37.771  30.729 0.0000000000
119938  38.021  37.879  30.969 0.0000000000
120531  38.749  37.843  31.076 0.0000000000
119912  39.815  37.412  31.560 0.0000000000
119893  40.804  37.533  32.003 0.0000000000
118714  39.805  34.639  33.117 0.0000000000
118722  41.336  36.585  32.611 0.0000000000
119300  41.971  36.708  32.902 0.0000000000
119877  43.043  36.784  32.754 0.0000000000
119298  43.399  36.238  33.534 0.0000000000
118711  43.609  35.572  33.214 0.0000000000
118064  43.204  34.504  33.363 0.0000000000
118051  43.825  34.884  35.122 0.0000000000
117352  43.124  33.876  34.091 0.0000000000
117366  42.769  34.034  33.255 0.0000000000
116633  40.943  32.016  33.085 0.0000000000
106900  47.143  19.605  34.145 0.0000000000
106079  45.421  18.895  34.936 0.0000000000
106071  44.564  18.376  35.658 0.0000000000
106065  45.472  17.819  36.193 0.0000000000
105261  44.311  17.832  36.252 0.0000000000
104486  40.902  16.690  36.622 0.0000000000
104469  45.085  16.224  38.614 0.0000000000
103658  43.743  15.877  38.353 0.0000000000
103659  43.095  15.758  38.037 0.0000000000
103653  42.627  15.066  38.287 0.0000000000
103660  42.161  15.505  37.721 0.0000000000
103664  41.758  15.928  37.280 0.0000000000
103665  41.127  15.919  37.054 0.0000000000
103666  40.197  15.649  36.753 0.0000000000
101860  39.185  14.250  36.369 0.0000000000
111728  39.829  24.679  26.340 0.0000000000
111713  40.215  24.926  27.013 0.0000000000
110954  42.897  24.346  26.610 0.0000000000
110981  42.784  24.936  24.905 0.0000000000
110968  42.951  24.500  25.648 0.0000000000
110932  44.584  24.153  27.248 0.0000000000
110197  45.849  23.497  27.200 0.0000000000
112461  42.196  26.650  27.155 0.0000000000
112460  43.154  26.413  27.346 0.0000000000
111712  44.314  25.890  27.003 0.0000000000
112458  44.682  26.360  28.137 0.0000000000
111711  45.040  25.852  27.379 0.0000000000
111725  45.426  25.153  26.632 0.0000000000
111724  45.771  24.761  26.760 0.0000000000
110951  45.885  24.234  26.795 0.0000000000
109418  46.114  23.206  27.544 0.0000000000
109413  46.226  22.681  27.985 0.0000000000
109407  46.519  22.439  28.939 0.0000000000
110152  46.246  23.221  29.865 0.0000000000
109393  46.414  22.470  30.075 0.0000000000
108569  47.490  20.783  31.868 0.0000000000
108553  47.647  20.812  32.765 0.0000000000
114493  41.077  29.168  33.070 0.0000000000
113803  42.510  28.183  32.788 0.0000000000
113101  43.337  27.713  33.111 0.0000000000
113109  44.081  27.609  32.367 0.0000000000
113108  44.825  27.599  32.600 0.0000000000
112424  45.432  26.715  32.287 0.0000000000
113058  44.747  27.528  37.270 0.0000000000
113070  45.027  27.468  36.271 0.0000000000
112405  44.999  26.752  35.770 0.0000000000
111630  44.401  25.669  36.500 0.0000000000
112408  45.021  26.713  34.769 0.0000000000
112413  45.122  26.800  33.803 0.0000000000
111661  45.252  26.092  32.918 0.0000000000
111669  44.911  25.117  32.351 0.0000000000
110878  44.723  24.062  32.037 0.0000000000
110121  45.060  23.073  32.096 0.0000000000
109347  44.921  22.574  33.728 0.0000000000
109346  45.606  22.072  33.506 0.0000000000
108555  46.259  21.541  33.201 0.0000000000
108546  47.430  20.770  33.619 0.0000000000
107749  47.500  20.215  34.482 0.0000000000
106895  47.444  19.117  35.107 0.0000000000
106068  47.302  18.553  35.908 0.0000000000
107738  47.521  19.936  36.238 0.0000000000
106893  47.535  19.186  36.055 0.0000000000
105242  46.912  17.040  37.836 0.0000000000
104476  47.145  16.838  38.494 0.0000000000
106873  46.618  19.886  38.658 0.0000000000
104475  47.290  16.895  38.968 0.0000000000
104467  46.998  16.470  39.069 0.0000000000
104456  47.240  16.076  39.856 0.0000000000
103638  47.484  15.855  40.446 0.0000000000
103626  46.975  15.440  40.930 0.0000000000
102759  46.318  14.460  41.461 0.0000000000
121840  43.076  40.769  25.851 0.0000000000
121239  42.490  40.031  26.030 0.0000000000
121250  42.920  39.699  25.534 0.0000000000
121256  43.301  39.475  24.997 0.0000000000
119982  43.131  37.765  24.671 0.0000000000
118812  44.145  35.439  24.289 0.0000000000
120587  39.807  38.717  27.806 0.0000000000
119963  40.592  37.910  27.456 0.0000000000
119908  43.104  36.949  31.423 0.0000000000
119932  43.179  36.812  30.908 0.0000000000
118756  44.598  35.430  29.501 0.0000000000
119956  41.036  37.027  27.967 0.0000000000
119962  41.241  37.339  26.985 0.0000000000
119362  41.877  36.830  26.390 0.0000000000
118794  43.271  35.551  25.913 0.0000000000
118778  43.672  35.067  26.252 0.0000000000
118793  43.709  35.526  25.323 0.0000000000
118811  44.283  34.510  24.068 0.0000000000
117477  44.489  33.063  24.230 0.0000000000
115234  42.968  30.676  22.967 0.0000000000
115949  43.190  31.361  25.033 0.0000000000
115978  42.476  30.751  23.667 0.0000000000
115235  42.126  30.623  23.288 0.0000000000
114564  40.212  29.493  22.147 0.0000000000
114565  39.383  29.231  22.558 0.0000000000
115939  40.341  31.441  26.636 0.0000000000
115952  40.642  31.402  26.011 0.0000000000
115213  40.093  30.973  25.569 0.0000000000
115214  38.950  30.118  25.297 0.0000000000
114556  39.204  29.374  23.571 0.0000000000
114566  38.737  28.717  23.117 0.0000000000
113886  38.338  27.963  22.618 0.0000000000
113191  38.230  26.483  22.861 0.0000000000
112491  39.138  26.594  24.308 0.0000000000
111000  39.148  24.892  23.467 0.0000000000
110994  39.220  24.564  23.984 0.0000000000
110936  40.602  24.876  27.985 0.0000000000
110914  40.602  24.744  28.988 0.0000000000
110889  41.088  24.382  29.504 0.0000000000
110180  42.077  23.868  29.698 0.0000000000
110155  41.544  23.775  29.988 0.0000000000
108627  45.236  21.659  28.813 0.0000000000
108619  43.823  21.369  29.662 0.0000000000
108620  42.895  20.963  29.682 0.0000000000
107804  41.059  20.497  30.024 0.0000000000
106150  39.584  18.470  28.653 0.0000000000
106152  38.468  18.044  27.148 0.0000000000
106917  44.832  19.911  33.260 0.0000000000
106918  44.068  19.873  32.961 0.0000000000
106904  43.242  19.736  33.864 0.0000000000
106919  42.996  19.815  32.730 0.0000000000
106920  42.135  19.447  32.796 0.0000000000
106939  41.827  19.294  32.186 0.0000000000
106110  40.596  18.680  31.957 0.0000000000
104493  38.639  16.751  35.331 0.0000000000
105266  39.486  17.607  35.172 0.0000000000
105274  39.416  17.956  34.267 0.0000000000
103682  37.314  15.942  33.947 0.0000000000
104504  38.128  16.988  33.786 0.0000000000
105283  39.366  18.142  33.248 0.0000000000
106095  39.889  18.348  32.409 0.0000000000
106111  39.938  18.278  31.572 0.0000000000
99920  45.656  11.078  39.772 0.0000000000
99921  45.135  11.362  39.385 0.0000000000
99943  45.515  11.002  38.088 0.0000000000
99937  44.981  11.360  38.624 0.0000000000
100843  45.269  11.465  39.847 0.0000000000
101833  44.370  13.327  40.473 0.0000000000
101843  43.887  13.351  40.026 0.0000000000
101850  42.668  13.660  39.273 0.0000000000
101854  40.823  13.664  37.753 0.0000000000
102791  41.161  14.088  38.020 0.0000000000
102798  39.590  14.779  36.641 0.0000000000
103627  46.435  15.074  40.702 0.0000000000
103637  47.844  16.011  40.487 0.0000000000
103640  45.571  15.279  39.727 0.0000000000
103649  45.988  15.826  39.513 0.0000000000
103661  41.386  15.341  37.406 0.0000000000
103667  39.424  15.429  36.406 0.0000000000
103678  37.106  15.373  34.113 0.0000000000
104470  44.351  16.221  38.361 0.0000000000
104483  43.502  16.759  37.152 0.0000000000
104487  40.122  16.452  36.400 0.0000000000
104499  37.769  16.420  34.186 0.0000000000
105256  41.038  17.402  36.100 0.0000000000
105259  46.454  17.891  36.260 0.0000000000
105267  38.834  17.430  34.694 0.0000000000
105275  38.711  17.516  33.931 0.0000000000
106066  44.978  17.981  36.109 0.0000000000
106084  40.563  18.791  33.822 0.0000000000
106109  41.164  19.007  32.443 0.0000000000
106121  42.174  19.282  31.176 0.0000000000
106141  42.851  19.237  30.131 0.0000000000
106906  41.672  19.284  33.353 0.0000000000
106921  41.578  19.213  32.821 0.0000000000
106937  43.041  19.753  31.812 0.0000000000
106955  42.137  19.341  31.602 0.0000000000
106966  42.906  19.475  30.689 0.0000000000
106987  39.789  18.726  28.790 0.0000000000
107766  44.623  19.974  32.714 0.0000000000
107767  44.362  19.961  32.692 0.0000000000
107781  45.348  19.912  32.376 0.0000000000
107782  44.949  19.901  32.249 0.0000000000
107795  47.304  20.082  30.823 0.0000000000
107802  47.214  20.290  30.047 0.0000000000
107814  45.688  20.988  28.990 0.0000000000
107825  45.581  21.318  28.749 0.0000000000
108498  45.669  22.190  39.864 0.0000000000
108506  45.641  22.454  39.790 0.0000000000
108528  46.046  22.407  36.882 0.0000000000
108570  47.108  21.325  32.134 0.0000000000
108603  47.302  20.530  30.415 0.0000000000
108618  44.523  21.818  29.292 0.0000000000
109291  43.717  23.297  40.193 0.0000000000
109299  44.374  22.491  40.239 0.0000000000
109305  46.194  22.591  38.585 0.0000000000
109306  45.787  23.141  38.740 0.0000000000
109357  45.150  22.496  33.058 0.0000000000
109374  46.413  22.211  30.781 0.0000000000
109395  43.049  22.521  29.858 0.0000000000
109419  46.035  23.056  27.622 0.0000000000
110039  45.114  23.759  40.306 0.0000000000
110042  43.534  23.784  40.111 0.0000000000
110053  45.046  24.249  40.307 0.0000000000
110066  42.603  24.240  38.947 0.0000000000
110109  44.200  23.257  35.093 0.0000000000
110110  43.854  23.892  35.286 0.0000000000
110132  44.916  23.436  32.032 0.0000000000
110133  38.558  23.518  31.046 0.0000000000
110176  46.180  23.567  29.814 0.0000000000
110190  45.758  23.246  27.575 0.0000000000
110196  46.205  23.473  27.428 0.0000000000
110198  45.522  23.602  27.350 0.0000000000
110794  44.874  24.359  40.406 0.0000000000
110795  44.591  24.401  40.381 0.0000000000
110808  45.188  24.362  39.990 0.0000000000
110811  43.513  24.648  39.709 0.0000000000
110816  45.256  24.371  39.734 0.0000000000
110817  45.129  24.744  39.310 0.0000000000
110843  44.188  25.092  36.662 0.0000000000
110857  43.996  24.907  35.972 0.0000000000
110861  43.888  24.654  35.322 0.0000000000
110867  43.903  24.307  34.595 0.0000000000
110880  36.524  23.997  30.763 0.0000000000
110912  42.764  24.346  28.602 0.0000000000
110965  45.572  24.697  26.606 0.0000000000
110973  37.985  24.730  25.200 0.0000000000
110990  42.394  25.049  24.602 0.0000000000
110999  39.498  24.975  23.492 0.0000000000
111001  38.779  24.857  23.596 0.0000000000
111604  44.871  25.049  39.636 0.0000000000
111645  44.635  26.115  36.228 0.0000000000
111646  44.274  25.538  36.008 0.0000000000
111654  45.184  26.384  33.485 0.0000000000
111695  45.643  25.680  28.501 0.0000000000
111698  39.518  25.241  27.879 0.0000000000
111709  46.326  24.584  27.821 0.0000000000
111717  36.542  25.104  27.232 0.0000000000
111718  35.883  24.887  27.062 0.0000000000
111727  40.378  24.752  26.550 0.0000000000
111729  38.917  24.609  26.191 0.0000000000
111741  41.887  25.591  24.708 0.0000000000
111751  42.515  25.117  24.687 0.0000000000
111752  42.188  25.240  24.577 0.0000000000
111753  41.336  25.348  24.438 0.0000000000
111762  39.679  25.185  23.595 0.0000000000
111763  38.984  25.355  23.375 0.0000000000
111772  37.646  26.019  22.523 0.0000000000
112412  45.278  26.646  33.258 0.0000000000
112418  45.348  26.778  32.882 0.0000000000
112469  43.716  25.986  26.777 0.0000000000
112507  38.221  26.787  21.516 0.0000000000
112516  37.610  26.637  21.634 0.0000000000
113044  43.132  28.441  38.752 0.0000000000
113059  42.213  27.280  38.042 0.0000000000
113086  44.997  27.367  35.360 0.0000000000
113087  44.622  27.729  35.129 0.0000000000
113107  45.224  27.202  32.734 0.0000000000
113123  45.161  27.327  31.301 0.0000000000
113127  42.362  27.752  29.842 0.0000000000
113134  44.320  27.021  30.169 0.0000000000
113158  40.562  27.093  27.248 0.0000000000
113168  39.541  27.593  26.460 0.0000000000
113169  39.248  27.815  26.010 0.0000000000
113177  39.502  27.368  25.835 0.0000000000
113197  38.258  27.136  22.089 0.0000000000
113736  42.929  28.762  38.721 0.0000000000
113824  42.332  27.961  30.222 0.0000000000
114414  42.981  28.750  38.777 0.0000000000
114415  43.042  28.975  38.712 0.0000000000
114425  43.239  28.913  38.726 0.0000000000
114460  42.886  29.181  37.209 0.0000000000
114488  41.544  29.382  35.077 0.0000000000
114491  40.898  29.921  33.401 0.0000000000
114502  39.965  29.840  31.345 0.0000000000
114571  41.056  29.999  21.086 0.0000000000
114572  40.352  29.663  21.324 0.0000000000
114581  41.001  30.272  20.764 0.0000000000
115097  42.163  29.749  37.721 0.0000000000
115177  39.037  30.660  28.862 0.0000000000
115195  39.316  31.104  27.908 0.0000000000
115233  43.205  30.874  22.887 0.0000000000
115245  43.104  30.860  22.713 0.0000000000
115250  37.857  30.191  22.145 0.0000000000
115259  42.154  30.687  21.563 0.0000000000
115264  38.169  29.444  21.606 0.0000000000
115890  40.008  31.449  32.280 0.0000000000
115891  39.721  31.384  31.655 0.0000000000
115914  40.392  31.916  28.148 0.0000000000
115925  41.560  32.004  26.821 0.0000000000
115926  40.865  31.879  27.303 0.0000000000
115936  42.777  31.687  25.723 0.0000000000
115964  43.344  31.084  24.054 0.0000000000
115976  43.345  31.142  23.116 0.0000000000
115977  42.839  30.757  23.553 0.0000000000
115989  43.018  31.220  22.445 0.0000000000
115991  41.826  31.365  21.903 0.0000000000
115994  38.522  30.702  22.046 0.0000000000
116003  41.930  31.016  21.350 0.0000000000
116007  38.894  30.554  21.612 0.0000000000
116558  40.897  32.740  38.220 0.0000000000
116602  42.668  33.023  35.633 0.0000000000
116650  40.582  32.495  32.346 0.0000000000
116669  40.209  32.742  30.143 0.0000000000
116762  42.807  31.546  22.327 0.0000000000
117289  40.708  33.369  38.318 0.0000000000
117299  42.953  34.624  36.958 0.0000000000
117300  42.841  34.336  37.139 0.0000000000
117311  43.031  34.015  36.827 0.0000000000
117325  43.445  34.391  36.436 0.0000000000
117342  39.043  33.803  34.773 0.0000000000
117344  37.919  33.268  34.384 0.0000000000
117351  43.637  34.319  34.850 0.0000000000
117353  42.446  33.509  33.534 0.0000000000
117354  39.055  33.814  34.484 0.0000000000
117388  45.119  34.930  29.718 0.0000000000
117389  45.007  34.857  29.750 0.0000000000
117391  43.050  33.770  30.139 0.0000000000
117401  44.860  34.728  29.495 0.0000000000
117402  44.857  34.365  29.800 0.0000000000
117404  43.460  33.612  29.360 0.0000000000
117406  41.462  33.506  29.655 0.0000000000
117415  45.144  34.084  29.106 0.0000000000
117416  44.831  34.311  29.439 0.0000000000
117999  41.252  34.120  38.185 0.0000000000
118010  42.997  34.844  37.020 0.0000000000
118021  43.128  34.836  36.723 0.0000000000
118022  42.725  35.004  36.941 0.0000000000
118026  39.046  33.788  36.124 0.0000000000
118034  43.675  34.853  36.035 0.0000000000
118035  41.329  34.636  36.147 0.0000000000
118038  39.046  33.813  35.470 0.0000000000
118054  39.440  33.900  34.908 0.0000000000
118063  43.572  34.841  34.020 0.0000000000
118076  42.436  34.128  31.920 0.0000000000
118095  44.423  34.989  30.732 0.0000000000
118096  43.871  34.850  31.507 0.0000000000
118105  45.105  35.047  29.946 0.0000000000
118106  44.847  34.909  30.151 0.0000000000
118110  42.416  33.921  30.917 0.0000000000
118114  45.003  34.880  29.630 0.0000000000
118115  44.658  34.430  29.933 0.0000000000
118116  44.174  34.094  29.632 0.0000000000
118123  44.866  34.650  29.304 0.0000000000
118125  44.572  34.264  28.776 0.0000000000
118675  42.603  35.063  37.156 0.0000000000
118676  42.465  34.955  37.154 0.0000000000
118681  43.308  35.116  36.235 0.0000000000
118683  42.350  35.009  36.996 0.0000000000
118687  43.492  35.290  35.471 0.0000000000
118738  44.516  35.387  30.680 0.0000000000
118740  44.011  35.407  31.685 0.0000000000
118752  44.949  35.100  29.751 0.0000000000
118755  44.919  35.199  29.188 0.0000000000
118761  44.840  34.727  29.068 0.0000000000
119271  43.195  35.490  35.412 0.0000000000
119272  42.880  35.593  35.286 0.0000000000
119308  43.922  35.990  31.714 0.0000000000
119309  43.755  36.143  32.218 0.0000000000
119311  40.776  36.965  32.269 0.0000000000
119320  44.312  35.673  30.819 0.0000000000
119322  43.720  36.469  31.408 0.0000000000
119337  44.407  35.761  30.601 0.0000000000
119339  43.678  36.602  30.685 0.0000000000
119340  43.190  36.734  30.425 0.0000000000
119345  44.504  35.957  30.125 0.0000000000
119878  42.487  36.982  32.657 0.0000000000
119937  38.504  37.868  31.044 0.0000000000
120530  39.191  37.738  31.115 0.0000000000
120547  39.970  37.767  31.101 0.0000000000
120548  39.495  37.878  30.786 0.0000000000
121249  43.320  40.037  25.184 0.0000000000
121255  43.565  39.492  24.411 0.0000000000
121827  42.495  40.716  26.500 0.0000000000
121828  41.592  40.568  26.788 0.0000000000
121829  40.873  40.433  27.000 0.0000000000
121841  42.754  40.338  25.985 0.0000000000
122320  43.115  41.663  26.281 0.0000000000
122796  41.421  41.977  27.132 0.0000000000
122797  40.713  42.035  27.239 0.0000000000
122812  43.484  42.409  25.510 0.0000000000
