#!ascii label  , from subject 4099 vox2ras=TkReg
778
96455  37.478  6.701  39.114 0.0000000000
99129  42.329  10.528  28.967 0.0000000000
100930  40.118  12.467  30.508 0.0000000000
96636  42.914  7.813  21.488 0.0000000000
96503  36.138  7.027  32.641 0.0000000000
99954  42.683  11.556  36.634 0.0000000000
100061  43.849  11.992  23.470 0.0000000000
102012  33.489  13.651  23.605 0.0000000000
98212  45.093  9.919  34.983 0.0000000000
97346  40.366  8.805  33.866 0.0000000000
96566  39.753  7.217  27.670 0.0000000000
101919  35.272  13.476  30.723 0.0000000000
102008  37.721  13.257  23.816 0.0000000000
101914  44.948  13.473  30.202 0.0000000000
102004  41.635  13.461  23.278 0.0000000000
103738  33.278  15.544  25.736 0.0000000000
97313  41.158  8.260  36.499 0.0000000000
96473  38.839  7.615  36.713 0.0000000000
95691  38.011  6.902  30.244 0.0000000000
100883  39.188  13.244  34.701 0.0000000000
102809  36.744  14.811  33.952 0.0000000000
99998  37.511  12.397  30.392 0.0000000000
100980  36.424  12.441  27.111 0.0000000000
100978  38.701  12.074  27.498 0.0000000000
99099  43.052  10.893  32.712 0.0000000000
99976  45.142  12.122  32.969 0.0000000000
100004  44.591  12.341  29.375 0.0000000000
99197  44.863  10.996  21.166 0.0000000000
102906  43.963  13.929  23.344 0.0000000000
99200  42.220  10.725  21.421 0.0000000000
99190  40.748  11.001  22.221 0.0000000000
96626  41.064  7.586  21.991 0.0000000000
94034  39.210  4.083  22.409 0.0000000000
95619  35.624  5.765  38.672 0.0000000000
97318  36.379  8.268  36.061 0.0000000000
100881  41.763  12.676  34.225 0.0000000000
98291  42.109  9.222  25.818 0.0000000000
99145  43.565  11.427  26.463 0.0000000000
97479  44.258  9.858  23.551 0.0000000000
97489  45.818  9.889  21.750 0.0000000000
98177  45.696  10.042  38.601 0.0000000000
98189  43.114  8.918  37.694 0.0000000000
97336  42.516  8.675  35.145 0.0000000000
98230  40.876  9.839  30.989 0.0000000000
97359  37.728  8.785  32.935 0.0000000000
97383  38.937  8.704  30.777 0.0000000000
98261  40.582  9.144  28.495 0.0000000000
96576  41.459  7.046  25.848 0.0000000000
95608  34.132  6.161  39.651 0.0000000000
104517  37.477  16.572  32.257 0.0000000000
103726  34.896  15.290  28.826 0.0000000000
100983  33.783  13.355  26.543 0.0000000000
101991  36.036  14.155  22.369 0.0000000000
99172  37.261  11.244  24.196 0.0000000000
99959  45.452  11.381  35.776 0.0000000000
100891  44.374  12.930  33.384 0.0000000000
101931  42.861  13.659  30.182 0.0000000000
100989  45.142  13.380  26.747 0.0000000000
101960  43.709  14.163  26.294 0.0000000000
100991  41.612  12.900  26.637 0.0000000000
102006  39.370  13.498  23.411 0.0000000000
99184  38.825  11.659  23.020 0.0000000000
104580  33.448  16.568  25.401 0.0000000000
134323  34.060  16.338  26.297 0.0000000000
96453  39.187  7.550  38.114 0.0000000000
96465  38.477  7.436  37.587 0.0000000000
100903  39.612  12.862  32.391 0.0000000000
100904  38.441  12.824  32.597 0.0000000000
100931  39.034  12.433  30.611 0.0000000000
100963  37.817  12.188  28.536 0.0000000000
100946  39.461  12.423  29.583 0.0000000000
99115  42.309  10.870  30.779 0.0000000000
99984  43.944  11.716  31.306 0.0000000000
100005  43.627  11.420  29.369 0.0000000000
97500  43.627  9.154  21.171 0.0000000000
99199  43.170  10.767  21.376 0.0000000000
97501  42.466  8.777  21.423 0.0000000000
98330  41.839  9.606  21.511 0.0000000000
96637  41.852  7.680  21.614 0.0000000000
94957  40.572  5.349  21.536 0.0000000000
94955  41.893  5.610  21.311 0.0000000000
96477  34.457  6.888  36.003 0.0000000000
100873  40.224  12.587  35.471 0.0000000000
99962  42.203  11.904  35.845 0.0000000000
97468  42.589  8.754  25.022 0.0000000000
98300  43.084  9.768  24.608 0.0000000000
97467  43.714  9.059  23.890 0.0000000000
97488  47.075  9.602  21.660 0.0000000000
97497  47.095  8.955  21.298 0.0000000000
97498  45.909  9.282  21.487 0.0000000000
97325  40.929  8.314  35.614 0.0000000000
97324  41.930  8.384  35.700 0.0000000000
97345  41.283  8.952  34.115 0.0000000000
98220  41.859  9.635  33.584 0.0000000000
97356  41.002  9.031  33.327 0.0000000000
97343  35.807  8.069  34.156 0.0000000000
97342  36.627  8.412  34.293 0.0000000000
97360  37.180  8.301  32.372 0.0000000000
96553  38.799  6.987  28.921 0.0000000000
97384  38.364  8.040  30.559 0.0000000000
96538  39.031  7.709  28.992 0.0000000000
97395  39.790  8.865  29.476 0.0000000000
97428  39.599  7.837  28.008 0.0000000000
97440  40.716  8.050  26.452 0.0000000000
96565  40.353  7.480  27.016 0.0000000000
95746  43.524  6.056  26.592 0.0000000000
101896  35.625  13.931  32.367 0.0000000000
103683  36.847  15.583  33.393 0.0000000000
103700  35.770  15.564  31.616 0.0000000000
104532  35.921  15.973  30.688 0.0000000000
103710  34.942  14.697  30.192 0.0000000000
102856  33.966  14.104  28.237 0.0000000000
101932  34.217  13.143  28.725 0.0000000000
101010  37.104  13.139  25.079 0.0000000000
101011  36.152  13.299  24.719 0.0000000000
101025  37.008  13.215  24.017 0.0000000000
100065  36.269  12.504  22.524 0.0000000000
100064  37.023  12.660  23.046 0.0000000000
98186  45.497  9.743  37.340 0.0000000000
99068  45.783  10.442  37.706 0.0000000000
99079  45.726  10.522  35.495 0.0000000000
101898  44.952  13.382  31.195 0.0000000000
101878  44.994  13.017  32.807 0.0000000000
101899  44.697  13.894  31.446 0.0000000000
101891  43.529  14.145  31.994 0.0000000000
102850  44.226  14.167  30.423 0.0000000000
100041  43.769  11.998  25.237 0.0000000000
100033  44.270  12.069  26.375 0.0000000000
101019  44.508  13.412  24.823 0.0000000000
102898  43.245  13.817  23.303 0.0000000000
102878  44.305  14.623  24.831 0.0000000000
101970  43.011  13.994  24.922 0.0000000000
101961  42.624  13.519  27.018 0.0000000000
101971  42.306  13.443  25.746 0.0000000000
101021  40.457  13.115  24.717 0.0000000000
102005  40.439  13.375  23.365 0.0000000000
98307  40.577  9.741  22.823 0.0000000000
99183  39.821  11.150  22.988 0.0000000000
98308  40.151  9.869  23.571 0.0000000000
98302  38.892  10.180  24.749 0.0000000000
99939  43.194  11.714  38.434 0.0000000000
103751  32.206  15.664  23.900 0.0000000000
101995  33.140  14.470  23.990 0.0000000000
98181  41.551  9.233  38.743 0.0000000000
98183  39.916  8.810  38.425 0.0000000000
97314  40.096  7.916  36.409 0.0000000000
97327  39.011  8.407  35.364 0.0000000000
95676  37.272  6.835  31.097 0.0000000000
101884  37.944  13.723  34.383 0.0000000000
100897  36.856  13.229  33.429 0.0000000000
100934  35.907  12.697  30.397 0.0000000000
100935  35.300  12.618  29.622 0.0000000000
100948  37.007  12.246  29.680 0.0000000000
100979  37.503  12.303  27.317 0.0000000000
101009  37.921  13.130  25.284 0.0000000000
99093  44.451  10.847  33.817 0.0000000000
99092  45.405  10.841  34.107 0.0000000000
99974  44.467  11.502  33.115 0.0000000000
100910  44.919  12.638  31.186 0.0000000000
100942  45.373  13.016  29.378 0.0000000000
100073  44.691  11.661  22.039 0.0000000000
101046  43.915  12.506  22.907 0.0000000000
101059  44.137  12.131  22.138 0.0000000000
101048  43.028  12.766  22.418 0.0000000000
101049  42.248  12.942  22.085 0.0000000000
101050  41.158  12.715  22.001 0.0000000000
99201  41.468  10.824  21.715 0.0000000000
98319  41.046  9.533  22.164 0.0000000000
96618  40.352  7.610  22.812 0.0000000000
94033  39.754  4.235  21.938 0.0000000000
95630  36.836  6.465  38.830 0.0000000000
96466  37.251  7.028  37.970 0.0000000000
96467  36.042  6.970  37.481 0.0000000000
96481  35.300  7.585  34.915 0.0000000000
96495  35.836  7.001  33.267 0.0000000000
100874  39.533  13.146  35.806 0.0000000000
100882  40.445  12.742  34.353 0.0000000000
100902  40.511  13.010  32.078 0.0000000000
98270  42.262  9.879  26.925 0.0000000000
100024  43.398  11.215  27.656 0.0000000000
99157  42.909  10.434  25.632 0.0000000000
99168  43.456  10.838  24.798 0.0000000000
99181  43.803  11.127  23.725 0.0000000000
96616  45.496  8.858  23.149 0.0000000000
97490  45.693  9.900  22.255 0.0000000000
99189  44.977  11.277  22.351 0.0000000000
98326  45.494  10.388  21.271 0.0000000000
97499  44.738  9.258  21.218 0.0000000000
96635  44.023  7.995  21.574 0.0000000000
94954  42.775  5.699  21.357 0.0000000000
98178  45.002  9.641  38.384 0.0000000000
97309  44.397  9.139  36.393 0.0000000000
98190  42.095  8.815  37.910 0.0000000000
97311  43.209  8.556  36.457 0.0000000000
98204  43.728  8.788  35.138 0.0000000000
98219  42.612  9.956  33.847 0.0000000000
99100  41.968  10.433  32.606 0.0000000000
99116  41.562  10.356  30.422 0.0000000000
97317  37.385  8.277  36.164 0.0000000000
97328  38.013  8.387  35.283 0.0000000000
97347  39.313  8.839  33.427 0.0000000000
97369  37.750  8.203  31.371 0.0000000000
98233  38.605  9.042  31.683 0.0000000000
97358  39.659  8.940  32.740 0.0000000000
98231  40.184  9.248  31.315 0.0000000000
98243  40.928  9.815  29.949 0.0000000000
99130  41.771  9.953  28.618 0.0000000000
98271  41.528  9.456  27.440 0.0000000000
97453  41.710  8.366  25.705 0.0000000000
96591  43.110  7.138  25.310 0.0000000000
95747  42.483  6.079  26.233 0.0000000000
95762  42.836  6.567  25.760 0.0000000000
95607  35.234  5.995  39.692 0.0000000000
94766  34.977  5.524  38.850 0.0000000000
95620  32.962  5.873  38.732 0.0000000000
105284  38.422  17.484  32.992 0.0000000000
105323  37.957  17.010  30.332 0.0000000000
102863  33.731  14.717  27.212 0.0000000000
101952  33.333  13.954  26.490 0.0000000000
101962  33.779  13.661  24.825 0.0000000000
100981  35.385  12.611  26.862 0.0000000000
101012  35.098  13.648  24.417 0.0000000000
102011  35.066  13.508  22.992 0.0000000000
99953  43.928  11.284  36.809 0.0000000000
99967  45.705  11.288  34.613 0.0000000000
100869  44.748  12.059  34.935 0.0000000000
100870  43.728  12.172  35.018 0.0000000000
100893  42.327  13.007  33.335 0.0000000000
101882  41.897  13.388  32.590 0.0000000000
100911  41.347  13.136  31.003 0.0000000000
100023  44.336  11.774  27.431 0.0000000000
100013  44.866  12.396  28.134 0.0000000000
101937  45.471  13.640  28.427 0.0000000000
101969  44.879  14.087  25.132 0.0000000000
101959  44.899  14.494  26.489 0.0000000000
101938  45.077  14.025  28.551 0.0000000000
101940  43.341  13.688  29.076 0.0000000000
100959  42.335  13.358  28.932 0.0000000000
100960  41.319  12.588  28.692 0.0000000000
100992  40.411  12.593  26.417 0.0000000000
101973  39.313  13.126  24.812 0.0000000000
102007  38.426  13.363  23.454 0.0000000000
101051  40.050  12.831  22.400 0.0000000000
101052  39.164  13.007  22.526 0.0000000000
100063  38.194  12.336  23.020 0.0000000000
100049  37.536  11.829  23.401 0.0000000000
94026  38.098  3.738  23.778 0.0000000000
134330  34.981  16.946  26.731 0.0000000000
96439  38.042  7.222  39.577 0.0000000000
96454  38.240  7.165  38.572 0.0000000000
100913  39.809  12.525  31.452 0.0000000000
100914  38.742  12.526  31.598 0.0000000000
99122  42.288  10.662  29.860 0.0000000000
99996  43.029  11.126  30.122 0.0000000000
100006  42.871  10.956  29.385 0.0000000000
95797  42.356  6.627  21.412 0.0000000000
95798  41.581  6.419  21.459 0.0000000000
99940  42.387  11.754  38.140 0.0000000000
99947  42.030  11.773  37.418 0.0000000000
99955  41.758  11.934  36.513 0.0000000000
96604  43.074  7.920  24.775 0.0000000000
96603  44.270  8.071  24.265 0.0000000000
98325  47.761  9.495  21.367 0.0000000000
96632  47.294  8.025  21.368 0.0000000000
96633  46.351  8.000  21.248 0.0000000000
101041  34.200  13.007  23.264 0.0000000000
97338  40.657  8.623  34.763 0.0000000000
97362  36.025  7.391  33.002 0.0000000000
97350  36.395  8.292  33.335 0.0000000000
97361  36.303  7.725  32.734 0.0000000000
95720  39.315  6.474  28.350 0.0000000000
96552  39.298  7.406  28.396 0.0000000000
97411  39.491  8.116  28.572 0.0000000000
95734  40.379  6.548  27.150 0.0000000000
101904  35.466  13.786  31.532 0.0000000000
102821  35.670  14.841  32.373 0.0000000000
102830  35.423  14.610  31.595 0.0000000000
103709  35.380  15.225  30.654 0.0000000000
102843  34.602  13.981  30.179 0.0000000000
102851  34.233  13.930  29.266 0.0000000000
101920  34.723  13.040  29.824 0.0000000000
101990  37.567  13.315  24.470 0.0000000000
101037  37.419  13.167  23.167 0.0000000000
98196  45.621  9.689  36.117 0.0000000000
98202  45.479  10.002  35.282 0.0000000000
101915  44.667  13.773  30.660 0.0000000000
102840  44.404  14.135  30.928 0.0000000000
102849  44.444  13.986  30.429 0.0000000000
100048  43.707  11.885  24.273 0.0000000000
101020  44.123  12.612  24.573 0.0000000000
101035  43.939  12.406  23.983 0.0000000000
102003  42.629  13.625  23.269 0.0000000000
102879  43.570  14.482  24.351 0.0000000000
101985  42.693  13.854  23.911 0.0000000000
101986  41.504  13.266  24.358 0.0000000000
97481  40.454  8.869  23.107 0.0000000000
97470  40.037  8.692  23.837 0.0000000000
97455  39.460  8.635  24.639 0.0000000000
103744  33.171  16.019  25.268 0.0000000000
103745  32.587  15.926  24.735 0.0000000000
103739  32.898  15.565  25.148 0.0000000000
102890  32.679  14.966  23.920 0.0000000000
102880  32.807  15.130  24.731 0.0000000000
98163  39.697  8.880  39.406 0.0000000000
96464  39.420  7.600  37.150 0.0000000000
96472  39.431  7.742  36.605 0.0000000000
97315  39.304  7.977  36.111 0.0000000000
101871  38.350  13.756  35.020 0.0000000000
101866  38.078  14.393  35.324 0.0000000000
100884  38.414  13.561  34.423 0.0000000000
100915  37.665  12.550  31.677 0.0000000000
100905  37.252  12.754  32.689 0.0000000000
100916  36.619  12.725  31.620 0.0000000000
100933  37.108  12.445  30.691 0.0000000000
100994  38.233  12.475  26.258 0.0000000000
99098  43.840  11.129  33.217 0.0000000000
99978  44.029  11.571  32.350 0.0000000000
99995  43.871  11.640  30.311 0.0000000000
99994  44.538  12.230  30.671 0.0000000000
100927  44.961  12.844  30.186 0.0000000000
100091  45.089  11.056  21.024 0.0000000000
100082  44.592  11.371  21.509 0.0000000000
100083  43.531  11.546  21.509 0.0000000000
101061  42.823  12.288  21.804 0.0000000000
101062  41.965  12.280  21.756 0.0000000000
101063  41.456  12.162  21.779 0.0000000000
100085  41.762  11.604  21.652 0.0000000000
97491  41.547  8.599  21.852 0.0000000000
98318  41.436  9.444  21.799 0.0000000000
97492  41.241  8.527  22.165 0.0000000000
97480  40.862  8.508  22.496 0.0000000000
96627  40.548  7.028  22.210 0.0000000000
95787  40.619  6.637  21.920 0.0000000000
94044  40.808  4.724  21.308 0.0000000000
94045  40.274  4.551  21.541 0.0000000000
95631  36.283  6.332  38.303 0.0000000000
95632  35.457  6.181  37.751 0.0000000000
96482  34.729  6.955  35.269 0.0000000000
96488  35.463  7.203  33.979 0.0000000000
95653  35.114  6.687  34.081 0.0000000000
100872  41.400  12.333  35.279 0.0000000000
100894  40.864  13.186  33.135 0.0000000000
98281  42.356  9.903  26.121 0.0000000000
99169  42.902  10.191  25.048 0.0000000000
98299  43.763  10.177  23.949 0.0000000000
98306  44.366  10.485  23.282 0.0000000000
97477  46.209  9.316  22.482 0.0000000000
98317  45.557  10.585  22.163 0.0000000000
98316  45.745  10.673  21.595 0.0000000000
99188  45.448  11.123  21.792 0.0000000000
96634  45.199  8.038  21.439 0.0000000000
98327  45.312  9.829  21.200 0.0000000000
95795  44.468  6.830  21.588 0.0000000000
94953  43.833  5.741  21.408 0.0000000000
98160  43.413  9.667  39.248 0.0000000000
98159  44.527  9.652  39.218 0.0000000000
98179  43.915  9.371  38.245 0.0000000000
98187  44.599  9.402  37.437 0.0000000000
97301  43.728  9.000  36.930 0.0000000000
98191  41.025  8.826  38.025 0.0000000000
97304  41.552  8.474  37.262 0.0000000000
97312  42.252  8.316  36.457 0.0000000000
97323  42.967  8.451  35.663 0.0000000000
98205  43.047  8.721  35.075 0.0000000000
98214  42.893  9.383  34.530 0.0000000000
98224  40.930  9.587  32.327 0.0000000000
99106  41.617  10.421  31.500 0.0000000000
96475  36.698  7.646  36.859 0.0000000000
97349  37.285  8.488  33.458 0.0000000000
97341  37.625  8.421  34.356 0.0000000000
97340  38.655  8.511  34.410 0.0000000000
97348  38.202  8.657  33.482 0.0000000000
95692  37.467  6.442  30.547 0.0000000000
96508  37.531  7.333  31.085 0.0000000000
96525  37.911  7.316  30.559 0.0000000000
97368  38.395  8.673  31.180 0.0000000000
97367  38.819  8.886  31.266 0.0000000000
98226  39.077  9.118  32.402 0.0000000000
98232  39.316  9.014  31.458 0.0000000000
98225  39.954  8.923  32.170 0.0000000000
98245  39.600  9.002  30.584 0.0000000000
97410  39.897  8.730  28.869 0.0000000000
98252  40.325  9.247  29.439 0.0000000000
98251  41.101  9.619  29.044 0.0000000000
98260  41.273  9.501  28.248 0.0000000000
98272  40.883  9.106  27.836 0.0000000000
97454  41.133  7.767  26.011 0.0000000000
96593  41.397  7.497  25.774 0.0000000000
96605  42.260  8.100  25.133 0.0000000000
96592  42.065  7.193  25.330 0.0000000000
94908  42.013  5.659  26.725 0.0000000000
95761  43.772  6.754  25.819 0.0000000000
96442  35.602  7.101  40.436 0.0000000000
96443  34.543  7.004  40.087 0.0000000000
94767  34.385  5.662  39.110 0.0000000000
94768  33.878  5.813  39.197 0.0000000000
104506  37.085  16.092  32.727 0.0000000000
104505  37.570  16.552  33.241 0.0000000000
105285  37.919  17.112  32.426 0.0000000000
105299  39.258  17.887  32.245 0.0000000000
105300  38.582  17.439  31.940 0.0000000000
105312  38.592  17.368  31.003 0.0000000000
104530  37.462  16.526  31.384 0.0000000000
104544  35.814  15.846  29.811 0.0000000000
104556  35.490  15.891  28.804 0.0000000000
134322  34.683  15.902  27.648 0.0000000000
102862  34.194  14.871  27.925 0.0000000000
101942  33.955  13.393  27.863 0.0000000000
102857  33.760  13.960  27.682 0.0000000000
100999  33.500  13.571  25.997 0.0000000000
101963  33.161  14.041  25.375 0.0000000000
100998  34.115  13.383  25.513 0.0000000000
100965  35.595  12.386  28.059 0.0000000000
101026  36.226  13.873  23.356 0.0000000000
100997  35.229  13.067  25.667 0.0000000000
101027  35.464  13.876  23.559 0.0000000000
101976  35.001  13.757  23.704 0.0000000000
101992  35.439  13.964  23.020 0.0000000000
101040  35.325  13.206  22.465 0.0000000000
101054  35.795  13.690  21.809 0.0000000000
100050  36.676  11.819  23.297 0.0000000000
99046  45.790  10.475  39.244 0.0000000000
99951  45.392  10.987  37.097 0.0000000000
99943  45.515  11.002  38.088 0.0000000000
99074  44.784  11.487  37.255 0.0000000000
99952  44.846  11.471  36.801 0.0000000000
99973  45.025  11.595  33.467 0.0000000000
99091  45.824  11.035  34.227 0.0000000000
99972  45.491  11.623  33.750 0.0000000000
101879  44.683  13.319  32.772 0.0000000000
100878  44.914  12.408  34.064 0.0000000000
100879  44.099  12.590  34.186 0.0000000000
100880  43.011  12.531  34.159 0.0000000000
100892  43.485  12.983  33.366 0.0000000000
101901  42.891  13.892  31.313 0.0000000000
101892  42.492  13.665  31.992 0.0000000000
101902  42.027  13.381  31.302 0.0000000000
100928  41.770  13.220  30.505 0.0000000000
100034  43.696  11.478  26.927 0.0000000000
100990  44.718  12.976  26.238 0.0000000000
100022  44.921  12.566  27.175 0.0000000000
100973  45.396  13.185  27.799 0.0000000000
100972  45.549  13.373  28.376 0.0000000000
101947  45.458  13.572  28.056 0.0000000000
102002  44.144  13.548  23.479 0.0000000000
101984  44.610  13.841  24.157 0.0000000000
102896  44.289  14.219  23.724 0.0000000000
102869  44.556  14.712  25.669 0.0000000000
102868  45.070  14.688  25.896 0.0000000000
101949  44.545  14.130  27.565 0.0000000000
101939  44.247  13.893  28.763 0.0000000000
101950  43.403  13.717  27.884 0.0000000000
101951  42.680  13.468  27.721 0.0000000000
100975  42.104  12.977  27.817 0.0000000000
100976  40.896  12.464  27.570 0.0000000000
101987  40.007  13.338  24.155 0.0000000000
101007  39.863  12.923  25.234 0.0000000000
101972  39.609  13.217  24.596 0.0000000000
101988  38.988  13.393  24.324 0.0000000000
100074  40.387  12.129  22.147 0.0000000000
102022  40.748  13.242  22.649 0.0000000000
100062  38.924  12.020  22.599 0.0000000000
100075  39.515  12.277  22.388 0.0000000000
101036  38.477  13.042  22.866 0.0000000000
99171  38.623  11.087  23.973 0.0000000000
97456  38.738  8.540  25.282 0.0000000000
98293  38.434  9.717  25.221 0.0000000000
94937  39.227  5.154  22.776 0.0000000000
94025  38.598  4.119  23.159 0.0000000000
134328  33.588  16.119  25.689 0.0000000000
134321  33.766  15.871  26.138 0.0000000000
97284  39.038  8.232  39.436 0.0000000000
96438  38.756  7.650  39.053 0.0000000000
100895  39.427  13.131  33.461 0.0000000000
100896  38.099  13.371  33.674 0.0000000000
100932  37.982  12.417  30.721 0.0000000000
99997  37.778  12.396  30.238 0.0000000000
100947  38.173  12.376  29.752 0.0000000000
100962  38.935  12.225  28.556 0.0000000000
100016  39.416  12.069  28.010 0.0000000000
99979  43.311  11.344  31.840 0.0000000000
99985  43.106  11.390  31.015 0.0000000000
98336  44.324  9.975  21.014 0.0000000000
99198  44.289  10.735  21.219 0.0000000000
98328  43.647  10.099  21.201 0.0000000000
98329  42.816  9.852  21.369 0.0000000000
97502  41.932  8.648  21.605 0.0000000000
96638  41.327  6.994  21.547 0.0000000000
95799  40.944  6.333  21.569 0.0000000000
94956  41.184  5.498  21.347 0.0000000000
94043  41.437  4.799  21.252 0.0000000000
94772  35.043  5.547  38.143 0.0000000000
95633  34.862  6.107  37.403 0.0000000000
100863  40.197  12.857  36.627 0.0000000000
100862  41.044  12.334  36.160 0.0000000000
97452  42.279  8.955  25.518 0.0000000000
98290  42.511  9.625  25.345 0.0000000000
98315  47.791  9.445  21.592 0.0000000000
98180  42.711  9.298  38.523 0.0000000000
97337  41.723  8.822  34.916 0.0000000000
98215  41.924  9.222  34.317 0.0000000000
97330  35.895  8.358  35.211 0.0000000000
97329  36.966  8.493  35.243 0.0000000000
95706  38.257  6.523  29.674 0.0000000000
96524  38.270  7.370  30.073 0.0000000000
96539  38.625  7.504  29.517 0.0000000000
97397  38.592  7.845  29.950 0.0000000000
97396  39.179  8.392  29.702 0.0000000000
98253  39.799  9.031  29.905 0.0000000000
97427  40.214  8.415  27.639 0.0000000000
97426  40.909  8.945  27.417 0.0000000000
96577  40.928  7.136  26.328 0.0000000000
94907  42.819  5.603  26.764 0.0000000000
95732  44.365  6.009  27.232 0.0000000000
101886  36.423  13.970  33.673 0.0000000000
103678  37.106  15.373  34.113 0.0000000000
102815  35.952  14.991  32.895 0.0000000000
103690  36.025  15.440  32.462 0.0000000000
103699  36.350  15.849  32.016 0.0000000000
104531  36.637  16.173  31.183 0.0000000000
103718  35.181  15.272  29.641 0.0000000000
103727  34.388  14.811  28.588 0.0000000000
100967  34.013  13.118  27.240 0.0000000000
100995  37.233  12.678  26.159 0.0000000000
100996  36.241  12.753  25.902 0.0000000000
101038  36.514  13.541  22.230 0.0000000000
99073  45.794  10.430  36.589 0.0000000000
100900  45.237  12.694  31.946 0.0000000000
100889  45.054  12.425  32.957 0.0000000000
101889  45.082  13.354  32.213 0.0000000000
101880  43.952  13.633  32.788 0.0000000000
102820  44.027  14.400  31.933 0.0000000000
101900  43.548  14.318  31.192 0.0000000000
101917  43.161  13.986  30.657 0.0000000000
101005  44.431  12.801  25.494 0.0000000000
101004  44.854  13.594  25.776 0.0000000000
102907  43.550  13.738  23.290 0.0000000000
102887  44.061  14.650  23.963 0.0000000000
102870  43.860  14.531  25.185 0.0000000000
101006  41.061  12.901  25.453 0.0000000000
99182  40.592  10.388  22.548 0.0000000000
99191  40.068  11.701  22.367 0.0000000000
99170  39.553  10.544  23.747 0.0000000000
98301  39.531  9.849  24.341 0.0000000000
99946  43.038  11.502  37.531 0.0000000000
102900  32.636  14.448  23.477 0.0000000000
102899  33.058  14.379  23.593 0.0000000000
98182  40.537  9.063  38.755 0.0000000000
97305  40.163  8.373  37.558 0.0000000000
97297  39.399  8.267  38.627 0.0000000000
97326  39.952  8.276  35.465 0.0000000000
97339  39.667  8.601  34.561 0.0000000000
96502  36.618  7.285  31.933 0.0000000000
94850  36.850  5.969  30.766 0.0000000000
95707  37.795  6.013  29.948 0.0000000000
95721  38.831  6.244  28.988 0.0000000000
95735  39.818  6.263  27.716 0.0000000000
102804  37.668  14.967  35.175 0.0000000000
101873  36.996  14.264  34.259 0.0000000000
101885  37.262  13.698  34.105 0.0000000000
100906  36.213  13.205  32.534 0.0000000000
100917  35.823  13.163  31.505 0.0000000000
100949  35.859  12.399  29.203 0.0000000000
100964  36.683  12.312  28.335 0.0000000000
101974  37.861  13.335  24.763 0.0000000000
99085  44.805  10.296  34.544 0.0000000000
99084  45.369  10.393  34.711 0.0000000000
99977  44.823  12.017  32.489 0.0000000000
99983  44.612  12.119  31.645 0.0000000000
100901  44.952  12.427  31.831 0.0000000000
100909  45.072  13.090  30.750 0.0000000000
100926  45.118  13.263  29.776 0.0000000000
100060  44.158  11.904  22.738 0.0000000000
101034  44.213  12.866  23.719 0.0000000000
101047  43.585  12.653  22.650 0.0000000000
101060  43.664  12.233  21.903 0.0000000000
102019  43.293  13.259  22.969 0.0000000000
102908  43.201  13.567  23.151 0.0000000000
102020  42.764  13.346  22.839 0.0000000000
102021  41.836  13.342  22.580 0.0000000000
100086  41.113  11.798  21.855 0.0000000000
98331  41.251  10.076  21.782 0.0000000000
95780  39.539  6.397  23.067 0.0000000000
94946  39.497  4.653  22.231 0.0000000000
95800  40.419  5.963  21.808 0.0000000000
94945  39.827  5.264  21.922 0.0000000000
96476  35.359  7.376  36.340 0.0000000000
96468  35.460  6.818  37.213 0.0000000000
101864  39.234  13.672  36.142 0.0000000000
100912  40.718  12.921  31.262 0.0000000000
99136  42.376  10.334  27.866 0.0000000000
100015  43.086  11.058  28.606 0.0000000000
99146  42.983  10.746  26.680 0.0000000000
99156  43.437  11.283  25.859 0.0000000000
99180  44.346  11.265  22.968 0.0000000000
97466  44.748  8.732  23.558 0.0000000000
97478  45.032  9.733  22.980 0.0000000000
98305  44.944  10.717  22.734 0.0000000000
100072  45.170  11.161  21.464 0.0000000000
100090  45.289  10.892  20.968 0.0000000000
97505  44.584  9.752  21.026 0.0000000000
97506  44.316  9.564  21.072 0.0000000000
95796  43.348  6.745  21.495 0.0000000000
98197  44.744  9.300  36.543 0.0000000000
98203  44.736  9.286  35.581 0.0000000000
97303  42.618  8.547  37.148 0.0000000000
97302  43.421  8.813  37.009 0.0000000000
97322  43.871  8.779  35.905 0.0000000000
98213  44.273  9.518  34.806 0.0000000000
99086  43.944  10.140  34.400 0.0000000000
99094  43.306  10.420  33.752 0.0000000000
99095  42.512  10.315  33.350 0.0000000000
99105  42.510  10.953  31.759 0.0000000000
96474  37.860  7.708  36.936 0.0000000000
97316  38.417  8.098  36.120 0.0000000000
98228  37.710  8.658  31.898 0.0000000000
97385  37.880  7.743  30.884 0.0000000000
98234  38.027  8.853  31.625 0.0000000000
98227  38.057  9.045  32.337 0.0000000000
98221  38.555  9.030  32.945 0.0000000000
97357  40.238  8.910  32.959 0.0000000000
98244  40.275  9.380  30.366 0.0000000000
99123  41.646  10.174  29.473 0.0000000000
99137  41.764  9.770  28.052 0.0000000000
98282  41.785  9.295  26.439 0.0000000000
97439  41.100  8.770  26.813 0.0000000000
97469  42.195  8.373  25.288 0.0000000000
95749  40.898  6.355  26.666 0.0000000000
95748  41.597  6.429  26.150 0.0000000000
95763  42.199  6.519  25.773 0.0000000000
96590  43.959  7.425  25.134 0.0000000000
96440  37.237  6.874  40.096 0.0000000000
95617  36.774  6.543  39.550 0.0000000000
95618  36.210  6.135  39.203 0.0000000000
95609  33.362  6.203  39.166 0.0000000000
94774  33.574  5.471  38.663 0.0000000000
94786  33.671  4.973  37.845 0.0000000000
105322  38.389  17.346  30.034 0.0000000000
104542  37.523  16.644  30.329 0.0000000000
104553  37.952  16.976  29.534 0.0000000000
104563  37.947  16.937  28.681 0.0000000000
134319  33.945  15.732  26.662 0.0000000000
103733  33.544  15.348  26.406 0.0000000000
102871  33.187  14.759  26.166 0.0000000000
101978  33.419  14.039  24.409 0.0000000000
101994  33.454  13.975  23.819 0.0000000000
100950  34.915  12.512  28.933 0.0000000000
100966  34.554  12.699  27.785 0.0000000000
100982  34.485  12.975  26.622 0.0000000000
101013  34.285  13.579  24.728 0.0000000000
101993  34.467  13.614  23.529 0.0000000000
101039  35.928  13.123  21.952 0.0000000000
99065  45.755  10.559  38.511 0.0000000000
99938  44.218  11.641  38.448 0.0000000000
99945  44.048  11.535  37.653 0.0000000000
99083  45.665  10.592  34.745 0.0000000000
100877  45.461  12.123  33.888 0.0000000000
100868  45.361  11.868  34.654 0.0000000000
99960  44.395  11.667  35.851 0.0000000000
99961  43.263  11.634  35.800 0.0000000000
100871  42.568  12.174  35.038 0.0000000000
101881  42.973  13.462  32.646 0.0000000000
101883  41.177  13.263  32.337 0.0000000000
101903  41.338  13.227  31.482 0.0000000000
100929  40.987  12.885  30.424 0.0000000000
100014  44.087  11.600  28.428 0.0000000000
100957  45.417  12.928  28.659 0.0000000000
100956  45.546  13.354  28.897 0.0000000000
101927  45.290  13.596  29.259 0.0000000000
102886  44.525  14.376  24.538 0.0000000000
101958  45.329  14.263  26.093 0.0000000000
101948  45.368  13.968  27.461 0.0000000000
101928  44.635  13.849  29.749 0.0000000000
101929  43.973  14.002  29.777 0.0000000000
101941  42.833  13.608  29.619 0.0000000000
100958  42.919  13.599  28.517 0.0000000000
100943  42.303  13.387  29.928 0.0000000000
100944  41.530  12.998  29.676 0.0000000000
100945  40.582  12.526  29.574 0.0000000000
100961  40.041  12.299  28.497 0.0000000000
100977  39.693  12.193  27.455 0.0000000000
100993  39.297  12.387  26.293 0.0000000000
101008  38.843  12.900  25.231 0.0000000000
101023  38.386  13.270  24.782 0.0000000000
101989  38.139  13.391  24.319 0.0000000000
102023  39.711  13.304  22.789 0.0000000000
102024  38.957  13.392  22.879 0.0000000000
99159  37.869  10.535  24.944 0.0000000000
94784  34.966  5.804  37.717 0.0000000000
95637  35.082  6.609  37.128 0.0000000000
95638  34.446  6.363  36.695 0.0000000000
95677  36.858  6.470  31.236 0.0000000000
95693  37.052  6.306  30.853 0.0000000000
96489  35.083  6.941  34.532 0.0000000000
96501  37.226  7.669  31.621 0.0000000000
96509  37.112  7.121  31.401 0.0000000000
96617  40.802  7.871  22.406 0.0000000000
96625  41.525  7.924  21.846 0.0000000000
97310  43.975  9.045  36.579 0.0000000000
97321  44.380  9.069  36.155 0.0000000000
97351  35.876  7.694  33.367 0.0000000000
97496  47.846  8.859  21.435 0.0000000000
98188  43.849  9.157  37.239 0.0000000000
98192  40.377  8.799  38.156 0.0000000000
98198  44.308  9.275  36.922 0.0000000000
98211  45.464  10.245  34.953 0.0000000000
98222  38.126  8.954  32.946 0.0000000000
98292  39.081  9.407  24.943 0.0000000000
98334  45.299  10.625  21.079 0.0000000000
98335  44.986  10.150  20.947 0.0000000000
99069  44.573  11.490  37.397 0.0000000000
99070  44.323  11.412  37.263 0.0000000000
99075  44.564  11.421  37.121 0.0000000000
99158  38.457  10.425  24.764 0.0000000000
99196  45.519  10.940  21.264 0.0000000000
99204  45.423  10.843  21.065 0.0000000000
99205  45.012  10.756  20.983 0.0000000000
99206  44.704  10.416  21.017 0.0000000000
99963  41.597  12.112  35.939 0.0000000000
100007  37.525  12.352  30.064 0.0000000000
100008  37.265  12.351  30.216 0.0000000000
100017  39.057  11.953  27.973 0.0000000000
100025  39.477  12.062  27.736 0.0000000000
100026  39.237  12.010  27.726 0.0000000000
100032  44.824  12.756  26.650 0.0000000000
100076  38.798  12.603  22.591 0.0000000000
100081  45.286  11.008  21.186 0.0000000000
100084  42.555  11.581  21.533 0.0000000000
100864  39.645  13.340  36.359 0.0000000000
100890  44.926  12.658  33.277 0.0000000000
100898  36.343  13.480  33.193 0.0000000000
100907  35.747  13.469  32.014 0.0000000000
100941  45.385  13.332  29.278 0.0000000000
100974  42.669  13.456  28.176 0.0000000000
101022  39.960  13.193  24.647 0.0000000000
101024  38.108  13.333  24.799 0.0000000000
101053  35.999  13.744  21.734 0.0000000000
101055  35.627  13.653  21.940 0.0000000000
101870  38.960  13.555  35.505 0.0000000000
101872  37.634  14.222  34.694 0.0000000000
101887  35.922  14.363  33.001 0.0000000000
101890  44.400  14.079  32.116 0.0000000000
101893  41.637  13.418  31.944 0.0000000000
101894  41.061  13.177  31.836 0.0000000000
101895  36.020  13.720  33.018 0.0000000000
101916  43.733  14.220  30.530 0.0000000000
101918  42.525  13.562  30.661 0.0000000000
101930  43.371  13.817  30.006 0.0000000000
101943  33.660  13.698  27.225 0.0000000000
101964  32.907  14.646  25.002 0.0000000000
101975  37.609  13.283  24.916 0.0000000000
101977  34.190  13.672  24.167 0.0000000000
101979  33.011  14.563  24.524 0.0000000000
102009  36.007  14.031  21.768 0.0000000000
102010  35.621  14.023  22.211 0.0000000000
102018  43.732  13.312  23.189 0.0000000000
102025  35.898  13.903  21.570 0.0000000000
102026  35.740  13.907  21.765 0.0000000000
102027  35.511  13.717  22.163 0.0000000000
102814  36.304  14.841  33.366 0.0000000000
102819  44.181  14.335  31.792 0.0000000000
102828  44.294  14.279  31.505 0.0000000000
102829  43.961  14.434  31.595 0.0000000000
102841  44.044  14.413  31.033 0.0000000000
102842  35.161  14.285  30.834 0.0000000000
102872  32.905  14.938  25.393 0.0000000000
102877  44.868  14.559  25.371 0.0000000000
102888  43.386  14.183  23.656 0.0000000000
102889  33.046  14.519  23.760 0.0000000000
102897  43.789  14.204  23.469 0.0000000000
103684  36.318  15.314  32.966 0.0000000000
103689  36.575  15.734  32.625 0.0000000000
103719  34.643  14.679  29.486 0.0000000000
104518  36.962  16.095  32.040 0.0000000000
104541  37.932  17.035  30.060 0.0000000000
105301  37.949  17.062  31.635 0.0000000000
105313  37.992  16.969  30.797 0.0000000000
134320  33.978  15.999  26.304 0.0000000000
