#!ascii label  , from subject 4099 vox2ras=TkReg
482
85700  19.726  -4.678  -9.129 0.0000000000
94415  25.987  4.695  -9.596 0.0000000000
102411  21.965  13.699  -11.823 0.0000000000
97882  17.769  7.939  -9.783 0.0000000000
80575  22.822  -8.882  -8.750 0.0000000000
84692  25.624  -5.233  -7.915 0.0000000000
89687  23.017  -0.265  -9.961 0.0000000000
93516  20.300  4.167  -11.074 0.0000000000
98723  24.083  9.359  -10.718 0.0000000000
103242  25.990  14.122  -8.435 0.0000000000
106518  21.759  18.407  -11.936 0.0000000000
82592  21.802  -6.908  -9.477 0.0000000000
82578  24.100  -7.202  -8.504 0.0000000000
84719  22.903  -5.310  -9.674 0.0000000000
91573  18.926  1.375  -9.633 0.0000000000
93497  17.717  3.612  -9.707 0.0000000000
99616  19.945  10.810  -11.428 0.0000000000
97892  20.725  8.552  -11.296 0.0000000000
100501  22.830  11.322  -11.864 0.0000000000
100469  24.586  11.441  -9.984 0.0000000000
102389  23.972  13.503  -10.331 0.0000000000
105627  21.046  18.173  -7.977 0.0000000000
104876  20.430  16.332  -9.205 0.0000000000
108180  20.896  20.238  -11.129 0.0000000000
91578  24.519  1.877  -10.354 0.0000000000
89678  25.757  -0.890  -9.069 0.0000000000
91563  26.522  1.876  -8.449 0.0000000000
101445  18.972  12.532  -10.562 0.0000000000
96153  26.838  6.711  -8.989 0.0000000000
87704  18.661  -2.343  -9.034 0.0000000000
87701  21.306  -2.413  -9.458 0.0000000000
89690  20.139  -0.112  -9.824 0.0000000000
91581  21.731  1.588  -10.298 0.0000000000
94430  23.563  4.075  -11.043 0.0000000000
96182  18.532  6.370  -10.395 0.0000000000
96188  22.430  6.449  -11.247 0.0000000000
96178  24.611  6.406  -10.475 0.0000000000
98692  26.032  9.426  -8.940 0.0000000000
104108  19.076  15.376  -10.488 0.0000000000
104114  21.723  15.861  -11.835 0.0000000000
108942  22.884  21.068  -10.416 0.0000000000
106502  23.087  18.588  -9.850 0.0000000000
104873  24.116  16.397  -9.501 0.0000000000
104865  25.831  16.360  -8.282 0.0000000000
86676  24.841  -3.056  -9.972 0.0000000000
85701  19.390  -4.619  -8.771 0.0000000000
84709  19.646  -5.632  -9.117 0.0000000000
84722  20.310  -5.511  -9.359 0.0000000000
83679  22.616  -6.107  -9.771 0.0000000000
84720  22.064  -5.368  -9.576 0.0000000000
100504  20.326  11.677  -11.544 0.0000000000
99615  20.792  10.664  -11.747 0.0000000000
101459  22.391  12.550  -11.552 0.0000000000
101443  23.485  12.503  -10.736 0.0000000000
102398  23.239  13.660  -10.896 0.0000000000
108157  20.860  20.513  -9.329 0.0000000000
107359  20.917  19.459  -9.966 0.0000000000
108958  20.617  20.824  -10.663 0.0000000000
92536  25.305  2.924  -9.709 0.0000000000
91571  25.496  2.218  -9.218 0.0000000000
92528  26.345  2.850  -8.732 0.0000000000
100486  17.785  11.540  -10.062 0.0000000000
101446  17.938  12.439  -9.889 0.0000000000
81591  20.754  -8.674  -9.044 0.0000000000
79527  21.860  -10.225  -8.696 0.0000000000
79496  22.937  -10.169  -7.708 0.0000000000
80548  23.852  -9.269  -7.452 0.0000000000
83650  25.144  -6.235  -8.100 0.0000000000
81570  24.687  -7.760  -7.381 0.0000000000
88721  19.622  -1.453  -9.458 0.0000000000
89683  18.702  -0.558  -9.383 0.0000000000
92548  19.531  2.573  -10.131 0.0000000000
91583  19.931  1.379  -10.317 0.0000000000
92558  20.830  2.867  -11.080 0.0000000000
92556  22.364  2.778  -11.097 0.0000000000
93514  21.845  3.645  -11.326 0.0000000000
95327  17.406  5.452  -9.555 0.0000000000
97016  18.114  7.221  -10.069 0.0000000000
97890  22.587  8.519  -11.608 0.0000000000
97024  21.141  7.500  -11.348 0.0000000000
97022  23.009  7.433  -11.497 0.0000000000
96180  23.229  6.388  -11.030 0.0000000000
97012  24.127  7.386  -10.759 0.0000000000
97877  24.951  7.782  -9.894 0.0000000000
98722  24.589  9.319  -10.147 0.0000000000
102374  25.433  13.295  -8.902 0.0000000000
100453  25.623  11.397  -8.896 0.0000000000
105667  20.563  17.817  -11.809 0.0000000000
104877  19.711  16.332  -9.990 0.0000000000
104106  20.336  16.184  -11.180 0.0000000000
104115  20.760  15.951  -11.418 0.0000000000
104892  21.222  16.906  -12.046 0.0000000000
105657  23.722  17.174  -9.748 0.0000000000
105648  24.285  17.480  -8.996 0.0000000000
104866  24.842  16.390  -8.787 0.0000000000
88728  22.682  -1.245  -9.949 0.0000000000
86678  23.484  -2.793  -10.020 0.0000000000
87708  24.039  -2.088  -10.112 0.0000000000
89662  26.828  -1.142  -8.240 0.0000000000
88704  26.328  -1.646  -8.335 0.0000000000
82582  20.848  -7.628  -9.111 0.0000000000
81589  22.437  -8.379  -8.920 0.0000000000
81588  23.273  -8.239  -8.731 0.0000000000
82580  22.638  -7.403  -9.286 0.0000000000
83667  23.703  -6.486  -9.160 0.0000000000
84717  24.156  -5.228  -9.237 0.0000000000
91564  17.580  1.558  -8.503 0.0000000000
92550  18.135  2.983  -9.772 0.0000000000
93505  18.998  3.623  -10.172 0.0000000000
98725  18.623  9.418  -10.204 0.0000000000
97880  19.084  8.346  -10.563 0.0000000000
98738  20.134  9.672  -11.341 0.0000000000
98745  22.387  10.279  -12.277 0.0000000000
98743  23.315  10.002  -12.265 0.0000000000
99595  24.320  10.020  -10.390 0.0000000000
100470  23.882  11.490  -10.466 0.0000000000
101435  24.328  12.449  -10.182 0.0000000000
102375  24.986  13.817  -8.986 0.0000000000
104867  21.242  16.755  -7.703 0.0000000000
105659  21.377  17.035  -9.174 0.0000000000
106513  21.073  18.609  -10.222 0.0000000000
107368  21.230  19.627  -11.470 0.0000000000
90663  24.216  0.809  -10.018 0.0000000000
88719  25.066  -0.750  -9.612 0.0000000000
90662  24.973  0.882  -9.677 0.0000000000
90651  26.061  0.580  -8.486 0.0000000000
98708  17.470  9.392  -9.496 0.0000000000
99598  18.000  10.647  -10.231 0.0000000000
100505  19.527  11.640  -11.112 0.0000000000
102412  21.139  13.655  -11.547 0.0000000000
81546  24.503  -8.490  -7.200 0.0000000000
95325  26.282  5.655  -9.481 0.0000000000
94403  27.255  4.644  -8.630 0.0000000000
86672  19.602  -3.531  -9.146 0.0000000000
86671  20.770  -3.507  -9.182 0.0000000000
87702  20.121  -2.463  -9.424 0.0000000000
88720  20.467  -1.378  -9.556 0.0000000000
89688  22.050  -0.349  -9.930 0.0000000000
90659  19.365  0.642  -9.954 0.0000000000
90667  20.484  0.538  -10.114 0.0000000000
90665  22.378  0.700  -10.122 0.0000000000
91580  22.729  1.849  -10.553 0.0000000000
92544  24.425  2.787  -10.996 0.0000000000
94421  24.805  4.560  -10.459 0.0000000000
94427  17.764  4.547  -10.092 0.0000000000
94435  19.893  4.800  -10.828 0.0000000000
97025  20.210  7.442  -11.274 0.0000000000
96190  20.672  6.468  -11.150 0.0000000000
94434  20.592  4.678  -11.207 0.0000000000
95335  22.838  5.381  -11.136 0.0000000000
95333  24.350  5.467  -10.583 0.0000000000
95326  25.702  5.577  -9.941 0.0000000000
96166  25.930  6.517  -9.798 0.0000000000
96984  26.329  7.784  -9.076 0.0000000000
99574  25.616  10.388  -9.267 0.0000000000
103260  18.760  14.382  -10.671 0.0000000000
103272  20.530  14.650  -11.377 0.0000000000
103270  22.235  14.771  -11.691 0.0000000000
108179  21.338  20.337  -11.328 0.0000000000
107357  22.240  19.689  -10.681 0.0000000000
108155  23.155  19.741  -9.682 0.0000000000
106511  22.087  18.809  -11.067 0.0000000000
105658  22.996  17.632  -10.455 0.0000000000
104105  22.462  15.749  -11.466 0.0000000000
103259  22.934  14.692  -11.214 0.0000000000
104097  23.750  15.461  -9.946 0.0000000000
104089  25.262  15.348  -8.799 0.0000000000
104088  26.098  15.183  -8.463 0.0000000000
85714  22.384  -4.434  -9.513 0.0000000000
85712  23.965  -4.438  -9.539 0.0000000000
85710  25.111  -4.048  -8.875 0.0000000000
87706  25.207  -2.024  -9.720 0.0000000000
86659  25.400  -3.396  -8.739 0.0000000000
84721  21.163  -5.445  -9.459 0.0000000000
85716  20.461  -4.563  -9.231 0.0000000000
101460  21.644  12.604  -11.732 0.0000000000
101444  22.846  12.918  -11.082 0.0000000000
102399  22.609  13.734  -11.410 0.0000000000
108172  20.716  20.669  -9.819 0.0000000000
93496  25.678  3.780  -9.698 0.0000000000
92535  25.773  2.961  -9.154 0.0000000000
93495  26.089  3.823  -9.055 0.0000000000
80576  22.307  -9.408  -8.793 0.0000000000
80577  21.432  -9.527  -9.055 0.0000000000
79512  22.270  -10.162  -8.410 0.0000000000
80561  22.543  -9.728  -8.423 0.0000000000
80549  23.324  -9.735  -7.645 0.0000000000
80560  23.103  -9.325  -8.257 0.0000000000
83619  25.659  -6.402  -7.305 0.0000000000
83649  25.760  -5.785  -7.459 0.0000000000
84691  26.156  -5.117  -7.391 0.0000000000
88723  18.673  -1.342  -9.016 0.0000000000
93504  19.960  3.639  -10.671 0.0000000000
93503  20.495  3.177  -10.949 0.0000000000
93515  20.790  3.653  -11.361 0.0000000000
96998  17.515  7.268  -9.593 0.0000000000
97889  23.284  8.516  -11.559 0.0000000000
97021  23.590  7.775  -11.260 0.0000000000
97879  23.810  8.486  -11.005 0.0000000000
97878  24.531  8.334  -10.270 0.0000000000
102373  26.045  13.316  -8.342 0.0000000000
104885  20.375  16.570  -10.854 0.0000000000
105674  20.657  17.514  -12.122 0.0000000000
105666  21.383  17.811  -12.233 0.0000000000
106500  24.825  18.578  -8.665 0.0000000000
106499  25.880  18.660  -8.514 0.0000000000
105647  25.312  17.507  -8.407 0.0000000000
87709  23.217  -2.036  -9.915 0.0000000000
88727  23.624  -1.196  -9.940 0.0000000000
89661  27.274  -0.533  -7.833 0.0000000000
88703  26.725  -1.733  -7.607 0.0000000000
83668  20.603  -6.826  -9.357 0.0000000000
83669  19.968  -6.753  -9.014 0.0000000000
82581  21.768  -7.623  -9.024 0.0000000000
83678  23.423  -6.135  -9.412 0.0000000000
83677  23.845  -5.722  -9.293 0.0000000000
84718  23.590  -5.231  -9.468 0.0000000000
92529  17.119  2.721  -8.605 0.0000000000
92539  17.776  2.557  -9.233 0.0000000000
93506  18.219  3.642  -10.090 0.0000000000
99597  19.190  10.429  -10.779 0.0000000000
98724  19.446  9.258  -10.708 0.0000000000
100516  22.537  11.060  -12.192 0.0000000000
99614  21.915  10.596  -12.159 0.0000000000
99621  22.993  10.587  -12.270 0.0000000000
99612  23.388  10.563  -11.797 0.0000000000
99596  23.858  10.450  -10.959 0.0000000000
100484  23.362  11.389  -11.179 0.0000000000
102388  24.776  13.376  -9.599 0.0000000000
103249  24.824  14.443  -9.168 0.0000000000
106475  20.660  18.866  -8.015 0.0000000000
105628  20.934  18.088  -7.717 0.0000000000
105650  21.306  17.674  -8.270 0.0000000000
104875  21.286  16.591  -8.433 0.0000000000
107370  20.835  19.782  -10.378 0.0000000000
107369  20.926  19.419  -10.935 0.0000000000
106520  20.821  18.484  -11.153 0.0000000000
90657  26.117  1.290  -8.503 0.0000000000
90650  26.640  0.787  -8.316 0.0000000000
89674  27.011  0.087  -8.335 0.0000000000
98694  15.872  9.588  -7.720 0.0000000000
98709  16.754  9.703  -8.940 0.0000000000
99577  17.878  9.854  -9.808 0.0000000000
99578  17.245  10.705  -9.338 0.0000000000
100485  18.551  11.538  -10.465 0.0000000000
101462  19.885  12.518  -11.206 0.0000000000
81587  23.727  -7.691  -8.623 0.0000000000
81571  24.024  -8.192  -8.067 0.0000000000
81545  25.369  -7.956  -6.550 0.0000000000
87694  18.307  -2.801  -8.925 0.0000000000
86673  18.906  -2.993  -9.288 0.0000000000
87703  19.267  -2.376  -9.276 0.0000000000
89681  19.851  -0.659  -9.635 0.0000000000
89680  20.330  -0.653  -9.637 0.0000000000
89689  20.989  -0.484  -9.663 0.0000000000
90660  18.744  0.367  -9.633 0.0000000000
91572  19.427  1.627  -9.891 0.0000000000
91582  20.831  1.490  -10.340 0.0000000000
90666  21.391  0.575  -10.091 0.0000000000
93513  22.683  3.580  -11.219 0.0000000000
92555  23.076  2.900  -11.159 0.0000000000
93511  24.001  3.553  -11.078 0.0000000000
93502  24.570  3.629  -10.667 0.0000000000
94422  24.012  4.470  -10.720 0.0000000000
96183  17.870  6.185  -9.903 0.0000000000
95338  17.793  5.345  -10.030 0.0000000000
95337  18.340  5.256  -10.311 0.0000000000
94425  19.140  4.537  -10.417 0.0000000000
95336  19.226  5.634  -10.573 0.0000000000
97893  19.823  8.440  -11.063 0.0000000000
97014  19.424  7.423  -10.904 0.0000000000
96189  21.534  6.479  -11.304 0.0000000000
95344  21.056  5.518  -11.200 0.0000000000
95343  21.925  5.476  -11.194 0.0000000000
96179  23.951  6.369  -10.856 0.0000000000
95332  25.079  5.511  -10.325 0.0000000000
96177  25.281  6.432  -10.108 0.0000000000
97861  25.251  8.316  -9.693 0.0000000000
97845  25.919  8.451  -9.236 0.0000000000
97844  26.368  8.456  -8.692 0.0000000000
99576  24.241  10.725  -10.278 0.0000000000
99575  24.852  10.227  -9.816 0.0000000000
100468  25.227  11.354  -9.528 0.0000000000
134317  19.241  16.970  -8.505 0.0000000000
104887  19.274  15.750  -10.315 0.0000000000
104099  18.415  15.601  -9.536 0.0000000000
103251  17.970  15.143  -9.510 0.0000000000
103261  18.073  14.744  -9.890 0.0000000000
102400  18.342  13.552  -10.292 0.0000000000
103271  21.414  14.781  -11.777 0.0000000000
108956  21.745  21.231  -11.000 0.0000000000
108943  22.398  20.692  -10.693 0.0000000000
108170  22.049  20.306  -10.960 0.0000000000
107343  23.443  19.335  -9.390 0.0000000000
108154  23.571  20.025  -9.432 0.0000000000
107344  22.726  19.393  -10.017 0.0000000000
105665  22.115  17.734  -11.511 0.0000000000
104874  23.436  16.493  -10.252 0.0000000000
104104  23.138  15.603  -10.752 0.0000000000
103258  23.526  14.553  -10.485 0.0000000000
104096  24.517  15.407  -9.331 0.0000000000
104859  26.476  15.967  -8.113 0.0000000000
86670  21.800  -3.527  -9.382 0.0000000000
86677  24.249  -2.954  -10.135 0.0000000000
86668  23.703  -3.613  -9.824 0.0000000000
86667  24.391  -3.637  -9.665 0.0000000000
85711  24.607  -4.390  -9.175 0.0000000000
86666  24.926  -3.393  -9.301 0.0000000000
88726  24.656  -1.221  -9.996 0.0000000000
88718  25.342  -1.325  -9.502 0.0000000000
87683  26.407  -2.601  -7.845 0.0000000000
87692  25.737  -2.465  -8.620 0.0000000000
86658  25.976  -3.403  -8.241 0.0000000000
83682  20.243  -6.233  -9.348 0.0000000000
83681  20.980  -6.340  -9.538 0.0000000000
82591  22.389  -6.682  -9.595 0.0000000000
83680  21.827  -6.172  -9.689 0.0000000000
100503  21.272  11.607  -11.835 0.0000000000
100502  22.158  11.537  -12.019 0.0000000000
101458  22.921  12.108  -11.239 0.0000000000
106488  20.824  19.520  -8.490 0.0000000000
107345  20.908  20.016  -9.106 0.0000000000
106503  21.020  18.837  -9.068 0.0000000000
107360  20.797  20.056  -9.909 0.0000000000
108181  20.776  20.165  -10.522 0.0000000000
92543  24.864  2.814  -10.317 0.0000000000
91577  25.196  1.953  -9.781 0.0000000000
91570  25.905  2.076  -8.725 0.0000000000
101447  17.717  11.890  -9.729 0.0000000000
81592  20.074  -8.732  -8.551 0.0000000000
80578  20.671  -9.572  -8.779 0.0000000000
79528  21.263  -10.328  -8.695 0.0000000000
78414  23.003  -11.039  -7.348 0.0000000000
79495  23.490  -10.244  -7.218 0.0000000000
79494  24.223  -10.151  -6.750 0.0000000000
83651  24.502  -6.725  -8.342 0.0000000000
82568  24.627  -7.218  -7.966 0.0000000000
82567  25.239  -7.098  -7.377 0.0000000000
88722  19.020  -1.416  -9.284 0.0000000000
89682  19.209  -0.469  -9.715 0.0000000000
92537  19.081  2.179  -9.723 0.0000000000
92547  20.407  2.522  -10.555 0.0000000000
92546  21.188  2.339  -10.624 0.0000000000
92545  21.905  2.387  -10.602 0.0000000000
92557  21.472  2.883  -11.168 0.0000000000
94431  23.052  4.175  -11.193 0.0000000000
97891  21.726  8.585  -11.368 0.0000000000
97023  22.073  7.499  -11.392 0.0000000000
97013  23.601  7.075  -11.128 0.0000000000
97011  24.771  7.254  -10.139 0.0000000000
97862  24.791  8.776  -9.912 0.0000000000
98705  25.441  9.333  -9.434 0.0000000000
101433  25.388  12.264  -9.205 0.0000000000
101419  25.798  12.390  -8.552 0.0000000000
105660  20.799  17.547  -10.299 0.0000000000
104107  19.979  15.914  -10.989 0.0000000000
104117  19.476  15.100  -10.973 0.0000000000
104884  22.003  16.830  -11.900 0.0000000000
106501  23.839  18.580  -9.027 0.0000000000
105649  23.589  17.876  -9.564 0.0000000000
87710  22.334  -2.210  -9.675 0.0000000000
87700  22.077  -2.867  -9.422 0.0000000000
86679  22.999  -2.594  -9.716 0.0000000000
87707  24.817  -2.263  -10.048 0.0000000000
89675  26.344  -0.438  -8.590 0.0000000000
88714  25.813  -1.480  -8.927 0.0000000000
82583  20.135  -7.780  -8.664 0.0000000000
81590  21.603  -8.577  -9.038 0.0000000000
82579  23.526  -7.045  -9.085 0.0000000000
83666  24.182  -6.196  -8.872 0.0000000000
83665  24.789  -5.753  -8.565 0.0000000000
84707  25.164  -5.274  -8.451 0.0000000000
91574  18.274  1.221  -9.234 0.0000000000
92538  18.521  2.239  -9.516 0.0000000000
92549  18.732  2.902  -9.889 0.0000000000
97863  17.767  8.604  -9.689 0.0000000000
97881  18.312  8.270  -10.088 0.0000000000
98737  21.274  9.623  -11.639 0.0000000000
98736  22.274  9.589  -11.948 0.0000000000
98735  23.003  9.361  -11.996 0.0000000000
98734  23.532  9.539  -11.533 0.0000000000
101434  25.013  12.301  -9.748 0.0000000000
102387  25.202  12.813  -9.420 0.0000000000
103243  25.404  14.356  -8.743 0.0000000000
105651  21.387  17.885  -9.439 0.0000000000
106519  21.147  18.847  -11.894 0.0000000000
89686  23.958  -0.223  -10.009 0.0000000000
89685  24.657  -0.155  -9.620 0.0000000000
89679  25.289  -0.234  -8.993 0.0000000000
90658  25.578  1.122  -8.960 0.0000000000
89676  25.772  0.229  -8.638 0.0000000000
97864  17.180  8.396  -9.414 0.0000000000
98707  18.053  9.100  -9.794 0.0000000000
100517  20.172  11.985  -11.466 0.0000000000
101461  20.707  12.547  -11.512 0.0000000000
80559  23.609  -8.870  -8.011 0.0000000000
94404  26.555  4.724  -9.065 0.0000000000
86660  19.337  -4.081  -8.917 0.0000000000
88730  21.258  -1.486  -9.619 0.0000000000
88729  21.826  -1.297  -9.835 0.0000000000
89691  19.632  -0.039  -9.911 0.0000000000
90668  19.860  0.452  -10.129 0.0000000000
90664  23.350  0.779  -10.088 0.0000000000
91579  23.728  1.648  -10.495 0.0000000000
91586  22.885  2.436  -11.005 0.0000000000
91584  24.031  2.214  -11.008 0.0000000000
93501  25.190  3.708  -10.253 0.0000000000
94416  25.468  4.629  -10.120 0.0000000000
94417  17.376  4.429  -9.503 0.0000000000
94426  18.438  4.303  -10.257 0.0000000000
97015  18.718  7.368  -10.535 0.0000000000
96181  19.112  6.625  -10.694 0.0000000000
96191  19.842  6.384  -10.803 0.0000000000
95346  19.836  5.567  -10.691 0.0000000000
94433  21.411  4.565  -11.329 0.0000000000
94432  22.379  4.498  -11.258 0.0000000000
94424  22.921  4.692  -11.239 0.0000000000
95334  23.620  5.466  -10.877 0.0000000000
94423  23.354  4.711  -11.087 0.0000000000
96165  26.470  6.573  -9.373 0.0000000000
97010  25.411  7.297  -9.872 0.0000000000
96997  26.076  7.477  -9.580 0.0000000000
96996  26.551  7.211  -9.186 0.0000000000
104868  19.033  16.504  -9.292 0.0000000000
102414  19.294  13.529  -10.842 0.0000000000
103273  19.586  14.569  -11.030 0.0000000000
102413  20.234  13.583  -11.204 0.0000000000
108957  20.736  21.005  -11.305 0.0000000000
106512  21.542  19.294  -11.647 0.0000000000
108169  22.777  20.228  -10.097 0.0000000000
104883  22.605  16.669  -11.004 0.0000000000
103250  24.212  14.441  -9.792 0.0000000000
104864  26.620  16.646  -8.182 0.0000000000
104080  26.748  15.447  -8.093 0.0000000000
104087  26.607  14.671  -8.148 0.0000000000
85715  21.443  -4.507  -9.328 0.0000000000
86669  22.793  -3.313  -9.542 0.0000000000
85713  23.236  -4.411  -9.601 0.0000000000
85699  25.045  -4.683  -8.766 0.0000000000
88725  25.129  -1.722  -9.964 0.0000000000
87699  25.091  -2.606  -9.610 0.0000000000
87698  25.323  -2.090  -9.239 0.0000000000
87693  25.221  -2.761  -9.092 0.0000000000
85698  25.575  -4.349  -8.359 0.0000000000
85686  25.992  -4.605  -7.808 0.0000000000
93485  26.771  3.715  -8.663 0.0000000000
92527  26.980  2.660  -8.356 0.0000000000
79511  22.576  -10.002  -8.125 0.0000000000
81572  23.479  -8.659  -8.258 0.0000000000
82590  22.976  -6.747  -9.655 0.0000000000
82593  21.175  -7.109  -9.446 0.0000000000
84708  24.655  -5.263  -8.842 0.0000000000
87711  21.679  -1.854  -9.671 0.0000000000
91585  23.380  2.257  -11.035 0.0000000000
92554  23.743  2.862  -11.179 0.0000000000
93512  23.365  3.517  -11.150 0.0000000000
95345  20.339  5.543  -10.895 0.0000000000
98706  24.928  9.186  -9.710 0.0000000000
98744  22.791  10.049  -12.393 0.0000000000
99613  22.307  10.959  -12.254 0.0000000000
99622  22.523  10.611  -12.288 0.0000000000
99623  22.299  10.496  -12.283 0.0000000000
100515  22.742  10.881  -12.203 0.0000000000
100518  19.949  11.949  -11.387 0.0000000000
101478  20.257  12.186  -11.444 0.0000000000
101479  20.059  12.175  -11.371 0.0000000000
104090  18.333  16.238  -8.812 0.0000000000
104098  18.865  15.633  -10.006 0.0000000000
104100  17.912  15.457  -9.110 0.0000000000
104109  18.508  15.238  -9.984 0.0000000000
104116  19.901  15.271  -11.094 0.0000000000
104878  19.116  15.908  -9.958 0.0000000000
104879  18.852  16.048  -9.585 0.0000000000
104886  19.632  15.937  -10.428 0.0000000000
104893  20.633  17.093  -11.929 0.0000000000
105637  27.116  17.084  -8.230 0.0000000000
105673  20.859  17.490  -12.237 0.0000000000
107346  20.856  20.308  -9.559 0.0000000000
107358  21.698  19.672  -11.282 0.0000000000
108153  24.083  20.339  -9.326 0.0000000000
134309  21.108  16.845  -7.476 0.0000000000
134311  20.855  16.854  -7.410 0.0000000000
