#!ascii label  , from subject 4099 vox2ras=TkReg
195
94415  25.987  4.695  -9.596 0.0000000000
84692  25.624  -5.233  -7.915 0.0000000000
98723  24.083  9.359  -10.718 0.0000000000
106518  21.759  18.407  -11.936 0.0000000000
82578  24.100  -7.202  -8.504 0.0000000000
100469  24.586  11.441  -9.984 0.0000000000
102389  23.972  13.503  -10.331 0.0000000000
91578  24.519  1.877  -10.354 0.0000000000
89678  25.757  -0.890  -9.069 0.0000000000
91563  26.522  1.876  -8.449 0.0000000000
96153  26.838  6.711  -8.989 0.0000000000
94384  27.936  4.534  -8.134 0.0000000000
96178  24.611  6.406  -10.475 0.0000000000
98692  26.032  9.426  -8.940 0.0000000000
104114  21.723  15.861  -11.835 0.0000000000
104873  24.116  16.397  -9.501 0.0000000000
87657  26.676  -3.080  -7.559 0.0000000000
101443  23.485  12.503  -10.736 0.0000000000
102398  23.239  13.660  -10.896 0.0000000000
92536  25.305  2.924  -9.709 0.0000000000
91571  25.496  2.218  -9.218 0.0000000000
92528  26.345  2.850  -8.732 0.0000000000
83650  25.144  -6.235  -8.100 0.0000000000
97012  24.127  7.386  -10.759 0.0000000000
97877  24.951  7.782  -9.894 0.0000000000
98722  24.589  9.319  -10.147 0.0000000000
102374  25.433  13.295  -8.902 0.0000000000
100453  25.623  11.397  -8.896 0.0000000000
105667  20.563  17.817  -11.809 0.0000000000
104115  20.760  15.951  -11.418 0.0000000000
104892  21.222  16.906  -12.046 0.0000000000
108153  24.083  20.339  -9.326 0.0000000000
106500  24.825  18.578  -8.665 0.0000000000
105657  23.722  17.174  -9.748 0.0000000000
105648  24.285  17.480  -8.996 0.0000000000
104866  24.842  16.390  -8.787 0.0000000000
89662  26.828  -1.142  -8.240 0.0000000000
88704  26.328  -1.646  -8.335 0.0000000000
81588  23.273  -8.239  -8.731 0.0000000000
99595  24.320  10.020  -10.390 0.0000000000
100470  23.882  11.490  -10.466 0.0000000000
101435  24.328  12.449  -10.182 0.0000000000
102375  24.986  13.817  -8.986 0.0000000000
88719  25.066  -0.750  -9.612 0.0000000000
90662  24.973  0.882  -9.677 0.0000000000
90651  26.061  0.580  -8.486 0.0000000000
90649  27.260  0.622  -7.992 0.0000000000
95325  26.282  5.655  -9.481 0.0000000000
94403  27.255  4.644  -8.630 0.0000000000
95314  27.649  5.557  -8.464 0.0000000000
94421  24.805  4.560  -10.459 0.0000000000
95333  24.350  5.467  -10.583 0.0000000000
95326  25.702  5.577  -9.941 0.0000000000
96166  25.930  6.517  -9.798 0.0000000000
96984  26.329  7.784  -9.076 0.0000000000
98691  26.558  9.409  -8.180 0.0000000000
99574  25.616  10.388  -9.267 0.0000000000
99559  26.090  10.482  -8.547 0.0000000000
103270  22.235  14.771  -11.691 0.0000000000
106511  22.087  18.809  -11.067 0.0000000000
105658  22.996  17.632  -10.455 0.0000000000
104105  22.462  15.749  -11.466 0.0000000000
103259  22.934  14.692  -11.214 0.0000000000
104097  23.750  15.461  -9.946 0.0000000000
104089  25.262  15.348  -8.799 0.0000000000
85710  25.111  -4.048  -8.875 0.0000000000
87706  25.207  -2.024  -9.720 0.0000000000
93484  27.458  3.569  -8.239 0.0000000000
91545  28.013  1.552  -7.302 0.0000000000
101444  22.846  12.918  -11.082 0.0000000000
102399  22.609  13.734  -11.410 0.0000000000
93496  25.678  3.780  -9.698 0.0000000000
92535  25.773  2.961  -9.154 0.0000000000
93495  26.089  3.823  -9.055 0.0000000000
80561  22.543  -9.728  -8.423 0.0000000000
80560  23.103  -9.325  -8.257 0.0000000000
97879  23.810  8.486  -11.005 0.0000000000
97878  24.531  8.334  -10.270 0.0000000000
102373  26.045  13.316  -8.342 0.0000000000
104885  20.375  16.570  -10.854 0.0000000000
105666  21.383  17.811  -12.233 0.0000000000
105647  25.312  17.507  -8.407 0.0000000000
89661  27.274  -0.533  -7.833 0.0000000000
88703  26.725  -1.733  -7.607 0.0000000000
83677  23.845  -5.722  -9.293 0.0000000000
99596  23.858  10.450  -10.959 0.0000000000
100484  23.362  11.389  -11.179 0.0000000000
102388  24.776  13.376  -9.599 0.0000000000
103249  24.824  14.443  -9.168 0.0000000000
106520  20.821  18.484  -11.153 0.0000000000
90663  24.216  0.809  -10.018 0.0000000000
90657  26.117  1.290  -8.503 0.0000000000
90650  26.640  0.787  -8.316 0.0000000000
89674  27.011  0.087  -8.335 0.0000000000
81587  23.727  -7.691  -8.623 0.0000000000
81571  24.024  -8.192  -8.067 0.0000000000
95315  26.932  5.775  -8.967 0.0000000000
96152  27.286  6.495  -8.614 0.0000000000
93502  24.570  3.629  -10.667 0.0000000000
96179  23.951  6.369  -10.856 0.0000000000
95332  25.079  5.511  -10.325 0.0000000000
96177  25.281  6.432  -10.108 0.0000000000
97861  25.251  8.316  -9.693 0.0000000000
97845  25.919  8.451  -9.236 0.0000000000
97844  26.368  8.456  -8.692 0.0000000000
99576  24.241  10.725  -10.278 0.0000000000
99575  24.852  10.227  -9.816 0.0000000000
100468  25.227  11.354  -9.528 0.0000000000
100438  25.922  11.489  -8.273 0.0000000000
99558  26.517  10.302  -7.986 0.0000000000
103272  20.530  14.650  -11.377 0.0000000000
103271  21.414  14.781  -11.777 0.0000000000
107343  23.443  19.335  -9.390 0.0000000000
108154  23.571  20.025  -9.432 0.0000000000
106502  23.087  18.588  -9.850 0.0000000000
104874  23.436  16.493  -10.252 0.0000000000
104104  23.138  15.603  -10.752 0.0000000000
103258  23.526  14.553  -10.485 0.0000000000
104865  25.831  16.360  -8.282 0.0000000000
104096  24.517  15.407  -9.331 0.0000000000
85711  24.607  -4.390  -9.175 0.0000000000
88726  24.656  -1.221  -9.996 0.0000000000
88718  25.342  -1.325  -9.502 0.0000000000
87683  26.407  -2.601  -7.845 0.0000000000
87692  25.737  -2.465  -8.620 0.0000000000
86658  25.976  -3.403  -8.241 0.0000000000
101458  22.921  12.108  -11.239 0.0000000000
92543  24.864  2.814  -10.317 0.0000000000
91577  25.196  1.953  -9.781 0.0000000000
91570  25.905  2.076  -8.725 0.0000000000
83651  24.502  -6.725  -8.342 0.0000000000
82568  24.627  -7.218  -7.966 0.0000000000
82567  25.239  -7.098  -7.377 0.0000000000
82543  25.776  -6.888  -6.860 0.0000000000
96983  26.844  7.456  -8.647 0.0000000000
96982  27.364  7.049  -8.237 0.0000000000
97011  24.771  7.254  -10.139 0.0000000000
97862  24.791  8.776  -9.912 0.0000000000
98705  25.441  9.333  -9.434 0.0000000000
101433  25.388  12.264  -9.205 0.0000000000
101419  25.798  12.390  -8.552 0.0000000000
104884  22.003  16.830  -11.900 0.0000000000
107342  24.333  19.715  -8.939 0.0000000000
106501  23.839  18.580  -9.027 0.0000000000
105649  23.589  17.876  -9.564 0.0000000000
89675  26.344  -0.438  -8.590 0.0000000000
88714  25.813  -1.480  -8.927 0.0000000000
80575  22.822  -8.882  -8.750 0.0000000000
82579  23.526  -7.045  -9.085 0.0000000000
83666  24.182  -6.196  -8.872 0.0000000000
83665  24.789  -5.753  -8.565 0.0000000000
84707  25.164  -5.274  -8.451 0.0000000000
98734  23.532  9.539  -11.533 0.0000000000
101434  25.013  12.301  -9.748 0.0000000000
102387  25.202  12.813  -9.420 0.0000000000
103243  25.404  14.356  -8.743 0.0000000000
106519  21.147  18.847  -11.894 0.0000000000
89685  24.657  -0.155  -9.620 0.0000000000
89679  25.289  -0.234  -8.993 0.0000000000
90658  25.578  1.122  -8.960 0.0000000000
89676  25.772  0.229  -8.638 0.0000000000
89637  27.797  -0.391  -6.924 0.0000000000
94404  26.555  4.724  -9.065 0.0000000000
96134  27.753  6.377  -8.073 0.0000000000
95292  28.173  5.489  -7.831 0.0000000000
94383  28.293  4.534  -7.345 0.0000000000
93501  25.190  3.708  -10.253 0.0000000000
94416  25.468  4.629  -10.120 0.0000000000
94422  24.012  4.470  -10.720 0.0000000000
96165  26.470  6.573  -9.373 0.0000000000
97010  25.411  7.297  -9.872 0.0000000000
96997  26.076  7.477  -9.580 0.0000000000
96996  26.551  7.211  -9.186 0.0000000000
97826  26.850  8.369  -8.144 0.0000000000
102411  21.965  13.699  -11.823 0.0000000000
106512  21.542  19.294  -11.647 0.0000000000
105665  22.115  17.734  -11.511 0.0000000000
104883  22.605  16.669  -11.004 0.0000000000
103250  24.212  14.441  -9.792 0.0000000000
85699  25.045  -4.683  -8.766 0.0000000000
87699  25.091  -2.606  -9.610 0.0000000000
87698  25.323  -2.090  -9.239 0.0000000000
87693  25.221  -2.761  -9.092 0.0000000000
86659  25.400  -3.396  -8.739 0.0000000000
85698  25.575  -4.349  -8.359 0.0000000000
93485  26.771  3.715  -8.663 0.0000000000
92527  26.980  2.660  -8.356 0.0000000000
93466  27.980  3.525  -7.574 0.0000000000
92511  27.560  2.400  -7.736 0.0000000000
91562  27.094  1.603  -8.112 0.0000000000
91546  27.528  1.333  -7.705 0.0000000000
86624  26.740  -3.520  -7.296 0.0000000000
87707  24.817  -2.263  -10.048 0.0000000000
98671  26.996  8.925  -7.862 0.0000000000
98706  24.928  9.186  -9.710 0.0000000000
