#!ascii label  , from subject 3230 vox2ras=TkReg
1336
61675  20.050  -30.151  44.148 0.0000000000
62831  33.237  -27.625  50.023 0.0000000000
90028  37.392  -7.256  23.693 0.0000000000
75542  28.776  -19.906  35.270 0.0000000000
69318  35.724  -24.359  42.439 0.0000000000
99632  48.062  1.778  15.760 0.0000000000
84138  38.771  -10.822  27.222 0.0000000000
79342  34.024  -14.460  26.471 0.0000000000
54823  16.351  -35.388  41.124 0.0000000000
65461  25.596  -26.056  48.088 0.0000000000
64219  29.253  -27.219  44.390 0.0000000000
65564  21.279  -26.447  40.267 0.0000000000
94752  42.827  -1.315  20.165 0.0000000000
62837  22.171  -28.791  50.668 0.0000000000
55855  19.035  -34.195  48.039 0.0000000000
93581  42.720  -2.986  24.562 0.0000000000
55879  13.361  -33.632  47.855 0.0000000000
50184  9.341  -39.150  45.360 0.0000000000
79251  32.349  -14.797  33.244 0.0000000000
72881  32.422  -21.338  39.672 0.0000000000
64351  33.211  -27.679  36.743 0.0000000000
61717  31.200  -30.023  39.300 0.0000000000
81795  38.984  -11.901  28.876 0.0000000000
80613  35.817  -12.929  26.927 0.0000000000
80585  36.195  -13.404  28.967 0.0000000000
85207  41.588  -10.525  29.106 0.0000000000
59433  18.246  -32.071  40.758 0.0000000000
54866  17.779  -35.584  38.173 0.0000000000
55967  18.358  -34.160  42.536 0.0000000000
66792  21.159  -26.466  46.702 0.0000000000
66811  23.204  -25.731  44.023 0.0000000000
64246  19.979  -27.701  42.586 0.0000000000
61720  19.117  -30.037  38.920 0.0000000000
91242  37.639  -5.599  21.323 0.0000000000
90012  39.822  -7.127  26.468 0.0000000000
92450  39.916  -4.431  24.602 0.0000000000
92480  40.267  -3.585  21.641 0.0000000000
56970  18.449  -34.302  51.315 0.0000000000
53579  15.953  -36.253  46.772 0.0000000000
53530  15.873  -35.760  50.738 0.0000000000
50124  10.748  -39.835  51.415 0.0000000000
52398  10.654  -37.731  48.908 0.0000000000
48999  9.408  -39.836  47.604 0.0000000000
46557  7.022  -41.988  46.505 0.0000000000
45270  5.520  -42.375  47.876 0.0000000000
76687  33.460  -19.194  42.183 0.0000000000
71661  33.720  -22.893  41.493 0.0000000000
69357  33.404  -24.825  38.718 0.0000000000
68112  34.225  -26.553  40.048 0.0000000000
65560  26.669  -26.245  40.243 0.0000000000
62923  29.742  -28.506  41.994 0.0000000000
64317  28.008  -28.100  38.022 0.0000000000
63019  29.553  -28.289  36.644 0.0000000000
76794  29.672  -16.672  33.507 0.0000000000
78047  29.704  -16.366  30.131 0.0000000000
75582  28.412  -19.536  31.329 0.0000000000
102222  50.305  4.917  13.271 0.0000000000
100911  48.440  3.216  13.672 0.0000000000
87584  38.279  -9.503  25.871 0.0000000000
84153  36.007  -11.625  25.043 0.0000000000
87571  40.703  -9.123  27.969 0.0000000000
64164  29.162  -28.010  48.959 0.0000000000
62854  30.597  -28.456  47.617 0.0000000000
65470  27.759  -26.994  46.540 0.0000000000
65527  24.496  -26.131  42.597 0.0000000000
65595  22.615  -26.032  38.458 0.0000000000
97109  45.847  -0.282  23.113 0.0000000000
97132  45.343  0.621  19.471 0.0000000000
97149  46.243  0.224  17.938 0.0000000000
98412  45.873  1.215  15.408 0.0000000000
62878  19.311  -28.655  47.498 0.0000000000
59370  18.759  -31.839  45.464 0.0000000000
60507  21.165  -31.149  49.564 0.0000000000
66744  23.442  -25.689  49.774 0.0000000000
93612  43.115  -2.358  22.254 0.0000000000
54791  17.923  -36.025  44.105 0.0000000000
55930  15.386  -33.666  43.896 0.0000000000
55931  11.834  -34.755  44.094 0.0000000000
55860  12.494  -35.036  50.461 0.0000000000
54742  10.727  -35.624  47.211 0.0000000000
43974  4.226  -44.643  49.085 0.0000000000
80526  35.078  -12.758  31.976 0.0000000000
76763  31.698  -17.216  36.441 0.0000000000
76735  32.549  -17.665  38.778 0.0000000000
74221  30.280  -20.541  37.871 0.0000000000
70522  31.474  -23.375  37.641 0.0000000000
68131  33.064  -25.667  36.689 0.0000000000
64390  32.677  -27.514  33.858 0.0000000000
62884  32.291  -29.283  45.429 0.0000000000
61681  33.838  -29.555  42.990 0.0000000000
64267  35.308  -28.197  41.053 0.0000000000
61728  33.035  -29.373  38.244 0.0000000000
63016  31.420  -28.178  35.178 0.0000000000
79293  33.216  -14.224  29.424 0.0000000000
78098  31.187  -17.047  27.124 0.0000000000
81764  39.235  -12.332  30.548 0.0000000000
81797  37.568  -12.870  28.786 0.0000000000
80563  37.560  -13.116  30.122 0.0000000000
82922  40.417  -11.855  29.896 0.0000000000
60535  19.831  -31.130  42.213 0.0000000000
58305  18.850  -32.949  41.185 0.0000000000
59397  19.602  -32.181  42.876 0.0000000000
64210  20.003  -28.471  45.234 0.0000000000
65514  20.159  -27.271  44.102 0.0000000000
62913  19.558  -29.089  43.693 0.0000000000
61695  19.411  -29.915  41.726 0.0000000000
91221  37.325  -6.532  22.995 0.0000000000
90020  38.419  -7.061  25.311 0.0000000000
91209  39.771  -5.047  25.659 0.0000000000
91211  38.263  -6.298  24.623 0.0000000000
91230  38.258  -5.166  23.007 0.0000000000
48958  10.434  -41.491  50.253 0.0000000000
48985  10.807  -40.516  48.137 0.0000000000
47734  9.141  -40.931  48.149 0.0000000000
47755  8.103  -40.590  46.819 0.0000000000
47745  7.443  -40.644  47.844 0.0000000000
46545  6.216  -42.044  47.363 0.0000000000
74166  34.516  -21.000  42.853 0.0000000000
70485  34.989  -23.308  41.511 0.0000000000
69333  34.076  -25.045  41.240 0.0000000000
69332  34.619  -25.498  41.375 0.0000000000
62839  34.434  -28.416  49.761 0.0000000000
66861  25.570  -26.064  39.027 0.0000000000
65578  27.193  -26.731  39.428 0.0000000000
65607  26.666  -26.537  37.364 0.0000000000
65622  27.299  -26.813  36.537 0.0000000000
76784  29.552  -17.987  34.928 0.0000000000
76808  29.404  -17.481  32.592 0.0000000000
99619  48.442  1.940  16.498 0.0000000000
100891  49.552  2.630  16.364 0.0000000000
100896  49.861  2.916  15.842 0.0000000000
100902  49.432  3.482  14.861 0.0000000000
99657  47.829  2.610  13.980 0.0000000000
85234  38.645  -10.385  26.739 0.0000000000
85246  37.599  -10.803  25.295 0.0000000000
84140  37.279  -11.298  26.317 0.0000000000
80607  34.627  -13.655  26.568 0.0000000000
80621  34.426  -13.294  25.483 0.0000000000
79351  33.437  -14.722  25.123 0.0000000000
84124  40.487  -10.827  27.931 0.0000000000
85232  40.003  -10.326  27.149 0.0000000000
87582  39.382  -8.930  26.891 0.0000000000
54853  16.945  -35.433  39.296 0.0000000000
55986  15.258  -34.578  40.155 0.0000000000
64178  27.970  -26.640  48.613 0.0000000000
64188  28.367  -26.642  47.585 0.0000000000
65471  26.611  -26.528  46.783 0.0000000000
65529  22.021  -26.064  42.475 0.0000000000
66810  23.838  -26.074  43.527 0.0000000000
65543  22.293  -26.158  41.310 0.0000000000
65562  23.354  -26.029  40.164 0.0000000000
65581  22.068  -26.407  39.293 0.0000000000
64284  20.227  -27.599  38.798 0.0000000000
70531  31.547  -24.156  36.294 0.0000000000
95953  44.358  -1.088  21.800 0.0000000000
97118  45.827  0.100  22.313 0.0000000000
95971  43.977  -0.431  19.599 0.0000000000
97151  44.180  -0.268  17.852 0.0000000000
97158  44.874  0.279  17.080 0.0000000000
99621  45.624  1.062  16.225 0.0000000000
62867  20.647  -28.634  48.799 0.0000000000
61643  20.103  -29.938  48.586 0.0000000000
61639  21.567  -29.620  49.690 0.0000000000
65423  22.819  -26.854  50.681 0.0000000000
65462  21.312  -27.274  48.101 0.0000000000
94715  44.886  -2.162  23.224 0.0000000000
93602  42.811  -2.423  22.902 0.0000000000
92491  40.472  -3.392  20.571 0.0000000000
57009  18.398  -33.313  46.949 0.0000000000
55928  18.504  -34.224  44.735 0.0000000000
54750  18.207  -34.948  45.970 0.0000000000
54727  14.672  -35.163  47.471 0.0000000000
54752  15.412  -35.707  45.561 0.0000000000
55892  14.589  -34.004  45.931 0.0000000000
57048  13.200  -32.987  44.545 0.0000000000
57026  12.941  -33.233  45.751 0.0000000000
54689  12.613  -35.700  52.383 0.0000000000
51297  9.807  -38.266  47.586 0.0000000000
53568  10.531  -36.951  48.525 0.0000000000
52411  9.816  -37.297  45.769 0.0000000000
53607  10.647  -36.577  45.206 0.0000000000
77970  32.316  -16.721  36.060 0.0000000000
75490  32.715  -20.019  40.976 0.0000000000
76701  33.225  -18.027  41.215 0.0000000000
75503  32.063  -19.708  39.628 0.0000000000
76736  31.450  -18.798  38.770 0.0000000000
74211  31.300  -20.477  38.682 0.0000000000
71694  31.022  -22.231  37.860 0.0000000000
71684  32.015  -22.114  38.742 0.0000000000
68120  33.580  -25.935  38.367 0.0000000000
69365  33.400  -25.010  37.475 0.0000000000
66893  32.928  -26.424  36.917 0.0000000000
65653  33.001  -26.795  34.742 0.0000000000
64372  32.804  -27.663  34.815 0.0000000000
64196  30.270  -28.175  45.847 0.0000000000
62876  31.583  -28.926  45.985 0.0000000000
64217  30.561  -28.390  44.406 0.0000000000
62945  30.285  -29.374  40.545 0.0000000000
61674  31.696  -29.650  42.632 0.0000000000
61691  32.949  -30.194  41.429 0.0000000000
62932  34.365  -29.558  41.425 0.0000000000
61702  33.770  -29.808  40.643 0.0000000000
62956  34.117  -29.008  39.902 0.0000000000
61729  32.136  -29.196  38.527 0.0000000000
63061  29.232  -28.330  34.421 0.0000000000
63041  29.931  -28.624  34.886 0.0000000000
80528  33.728  -13.748  32.613 0.0000000000
80548  34.127  -13.761  30.850 0.0000000000
79272  32.585  -14.103  31.568 0.0000000000
76838  29.539  -18.282  29.140 0.0000000000
78082  30.568  -16.919  28.115 0.0000000000
103424  50.797  5.214  12.314 0.0000000000
82946  38.798  -11.607  28.158 0.0000000000
82964  37.525  -11.511  27.005 0.0000000000
81807  37.580  -12.657  28.307 0.0000000000
80597  36.397  -13.493  28.115 0.0000000000
79331  34.671  -13.759  27.732 0.0000000000
84094  41.570  -11.106  30.382 0.0000000000
82934  40.367  -11.580  29.171 0.0000000000
57148  18.251  -33.622  39.396 0.0000000000
55984  17.360  -34.495  40.528 0.0000000000
54838  17.513  -35.314  41.233 0.0000000000
66769  23.824  -25.967  47.717 0.0000000000
66778  24.766  -26.020  46.351 0.0000000000
66799  22.016  -25.160  45.256 0.0000000000
65530  20.986  -26.439  42.740 0.0000000000
64258  19.934  -27.613  41.627 0.0000000000
64285  19.689  -28.098  39.500 0.0000000000
61708  18.963  -29.713  40.323 0.0000000000
60550  18.398  -31.101  39.656 0.0000000000
94762  42.013  -1.842  18.375 0.0000000000
61630  20.847  -29.129  52.121 0.0000000000
91202  41.369  -5.467  26.430 0.0000000000
92439  41.424  -4.681  25.623 0.0000000000
92458  41.127  -3.268  24.074 0.0000000000
93593  41.669  -2.954  23.315 0.0000000000
92459  40.329  -3.799  23.816 0.0000000000
92482  38.871  -4.341  21.704 0.0000000000
55845  19.268  -35.170  49.689 0.0000000000
54725  17.182  -34.596  47.164 0.0000000000
54703  17.615  -36.246  49.301 0.0000000000
53553  15.825  -35.936  48.746 0.0000000000
54714  14.647  -34.816  48.709 0.0000000000
52382  11.686  -37.707  50.590 0.0000000000
50134  10.992  -39.193  49.735 0.0000000000
50151  11.075  -39.523  48.101 0.0000000000
49012  8.697  -39.365  46.148 0.0000000000
47765  8.468  -40.307  45.901 0.0000000000
74180  33.749  -20.990  42.073 0.0000000000
72872  33.256  -21.706  40.803 0.0000000000
70504  32.729  -23.151  39.516 0.0000000000
70495  33.580  -23.495  40.810 0.0000000000
68113  33.827  -26.183  39.461 0.0000000000
65620  33.719  -27.136  38.204 0.0000000000
65524  27.613  -27.239  41.961 0.0000000000
64231  29.768  -28.136  43.026 0.0000000000
64256  28.379  -27.686  41.701 0.0000000000
64268  28.901  -28.142  40.431 0.0000000000
62969  29.359  -28.513  39.218 0.0000000000
61746  30.449  -29.393  38.106 0.0000000000
64336  28.812  -28.048  37.219 0.0000000000
64356  27.820  -27.243  35.508 0.0000000000
78012  31.582  -15.347  33.472 0.0000000000
78022  30.986  -15.273  31.994 0.0000000000
78023  30.245  -16.163  32.696 0.0000000000
76830  29.347  -17.578  30.393 0.0000000000
102209  50.129  4.279  14.614 0.0000000000
102213  49.154  4.006  13.316 0.0000000000
87595  38.019  -9.087  25.239 0.0000000000
87602  36.586  -9.320  23.550 0.0000000000
86466  37.084  -10.176  23.921 0.0000000000
82966  35.751  -12.179  25.934 0.0000000000
81834  33.975  -12.890  24.700 0.0000000000
86422  42.654  -9.360  29.224 0.0000000000
87552  42.261  -8.677  28.509 0.0000000000
89989  42.054  -7.283  28.122 0.0000000000
88773  40.345  -7.801  27.756 0.0000000000
88786  39.278  -8.054  26.373 0.0000000000
62833  31.448  -28.136  49.842 0.0000000000
62842  32.292  -28.996  49.428 0.0000000000
62845  30.014  -28.184  48.452 0.0000000000
64186  29.471  -27.773  47.041 0.0000000000
64208  28.290  -27.183  45.164 0.0000000000
66788  24.807  -26.081  45.370 0.0000000000
65493  26.632  -26.588  44.409 0.0000000000
65509  26.664  -26.623  43.254 0.0000000000
65540  26.266  -26.199  41.302 0.0000000000
66849  25.100  -26.060  39.894 0.0000000000
66874  24.291  -25.833  37.967 0.0000000000
99587  46.601  1.410  20.251 0.0000000000
97141  44.068  -0.325  18.552 0.0000000000
97139  45.714  0.412  18.476 0.0000000000
98373  46.800  1.149  18.591 0.0000000000
98386  47.369  1.474  17.867 0.0000000000
98398  47.329  1.408  17.151 0.0000000000
98421  47.027  1.638  15.459 0.0000000000
99658  47.125  1.962  13.732 0.0000000000
62888  20.059  -29.260  45.694 0.0000000000
60523  19.268  -30.982  44.605 0.0000000000
61649  18.630  -29.718  47.278 0.0000000000
59364  18.450  -31.139  48.349 0.0000000000
58205  19.455  -32.913  48.502 0.0000000000
60505  21.355  -30.987  50.704 0.0000000000
56978  20.180  -34.127  49.569 0.0000000000
58196  18.970  -33.151  50.707 0.0000000000
62821  32.139  -26.775  50.615 0.0000000000
62823  30.525  -27.750  50.572 0.0000000000
64151  28.769  -28.078  50.233 0.0000000000
64167  26.814  -26.444  50.275 0.0000000000
65420  25.691  -26.055  50.761 0.0000000000
66743  24.518  -25.606  49.494 0.0000000000
66770  22.878  -26.074  48.137 0.0000000000
65474  20.630  -27.243  47.310 0.0000000000
95933  45.978  -1.446  23.901 0.0000000000
94733  43.924  -1.586  21.994 0.0000000000
94734  43.273  -2.160  21.687 0.0000000000
93614  41.628  -3.012  22.216 0.0000000000
94746  41.630  -2.766  20.967 0.0000000000
94754  41.642  -2.451  20.247 0.0000000000
57090  18.801  -33.703  43.633 0.0000000000
55952  18.115  -34.828  42.866 0.0000000000
54807  17.136  -36.277  42.578 0.0000000000
53604  17.276  -36.566  45.489 0.0000000000
54773  16.256  -36.212  44.481 0.0000000000
55953  15.395  -34.798  42.369 0.0000000000
57091  14.445  -33.577  42.587 0.0000000000
57093  12.624  -34.210  42.163 0.0000000000
54696  14.814  -34.358  50.884 0.0000000000
55868  12.950  -33.760  48.751 0.0000000000
55869  12.257  -35.028  48.947 0.0000000000
57012  12.061  -34.177  47.628 0.0000000000
55910  11.578  -34.681  45.424 0.0000000000
43972  4.700  -43.407  48.474 0.0000000000
81755  36.777  -12.323  31.666 0.0000000000
79242  33.094  -15.085  34.220 0.0000000000
77999  31.567  -15.860  34.811 0.0000000000
76774  30.624  -17.390  35.652 0.0000000000
76775  29.740  -18.430  35.961 0.0000000000
76750  31.576  -17.890  37.692 0.0000000000
76751  30.522  -18.910  37.770 0.0000000000
75534  29.625  -19.799  36.987 0.0000000000
72926  29.248  -21.583  37.096 0.0000000000
70532  30.800  -23.534  36.776 0.0000000000
70521  32.478  -24.329  37.095 0.0000000000
70513  32.921  -24.439  38.213 0.0000000000
69366  33.142  -24.732  36.825 0.0000000000
69374  33.323  -25.129  36.211 0.0000000000
66916  34.034  -26.368  34.613 0.0000000000
65671  32.906  -27.302  32.884 0.0000000000
69317  36.062  -24.849  42.834 0.0000000000
62863  33.081  -29.152  47.525 0.0000000000
62873  34.010  -29.262  46.547 0.0000000000
62882  34.414  -29.234  45.312 0.0000000000
62910  31.444  -29.248  43.339 0.0000000000
61662  33.185  -29.416  44.341 0.0000000000
62906  35.067  -27.714  44.430 0.0000000000
64229  35.492  -27.660  43.512 0.0000000000
65537  35.802  -27.150  42.044 0.0000000000
66847  35.447  -26.676  41.555 0.0000000000
65576  34.878  -27.299  40.395 0.0000000000
64296  34.526  -28.410  38.628 0.0000000000
64315  34.035  -28.444  37.426 0.0000000000
61763  30.973  -29.290  37.435 0.0000000000
61761  31.946  -28.794  36.855 0.0000000000
64335  32.933  -28.257  36.325 0.0000000000
64374  31.696  -27.813  34.030 0.0000000000
80546  35.595  -12.986  30.495 0.0000000000
79292  34.331  -13.874  29.729 0.0000000000
79316  32.888  -14.580  28.291 0.0000000000
79281  31.306  -14.817  29.902 0.0000000000
78060  31.437  -15.588  28.294 0.0000000000
78096  32.170  -15.728  26.584 0.0000000000
81765  38.415  -12.577  30.712 0.0000000000
80562  38.049  -13.215  29.859 0.0000000000
59416  19.224  -32.107  41.724 0.0000000000
60529  19.909  -31.184  43.518 0.0000000000
62900  19.941  -29.237  44.726 0.0000000000
61686  19.781  -30.061  42.957 0.0000000000
90029  36.810  -7.258  22.843 0.0000000000
88805  36.887  -8.271  23.526 0.0000000000
90021  37.950  -7.175  24.491 0.0000000000
91220  37.891  -6.188  23.660 0.0000000000
47714  10.018  -42.226  49.663 0.0000000000
48971  10.378  -41.398  48.981 0.0000000000
47724  9.810  -42.072  48.424 0.0000000000
47735  8.798  -41.702  48.584 0.0000000000
46543  7.895  -41.241  48.769 0.0000000000
71649  35.362  -23.133  42.871 0.0000000000
71640  35.042  -22.565  43.200 0.0000000000
70484  35.404  -23.815  41.921 0.0000000000
70493  34.752  -24.660  41.512 0.0000000000
69326  35.265  -25.045  42.060 0.0000000000
64149  34.267  -28.099  50.512 0.0000000000
62840  33.921  -28.805  49.889 0.0000000000
66873  25.198  -25.965  38.099 0.0000000000
65594  26.076  -26.253  38.207 0.0000000000
65608  25.674  -26.199  37.076 0.0000000000
65623  26.546  -26.225  36.263 0.0000000000
75551  29.005  -19.005  35.188 0.0000000000
75559  28.837  -18.710  34.169 0.0000000000
99618  49.053  2.363  17.005 0.0000000000
99631  48.959  2.478  15.766 0.0000000000
99645  48.855  2.795  15.000 0.0000000000
99646  48.136  2.522  14.760 0.0000000000
84151  37.705  -11.196  25.952 0.0000000000
84139  38.071  -11.011  26.674 0.0000000000
79352  32.885  -15.299  25.494 0.0000000000
84126  39.198  -11.087  27.510 0.0000000000
84136  40.107  -10.717  27.471 0.0000000000
84137  39.538  -10.721  27.361 0.0000000000
85233  39.273  -10.261  27.113 0.0000000000
54840  16.881  -35.379  40.293 0.0000000000
54841  16.438  -35.156  39.837 0.0000000000
55996  15.790  -35.071  39.674 0.0000000000
55969  15.925  -35.107  41.088 0.0000000000
65446  27.011  -26.647  48.615 0.0000000000
65459  27.382  -26.626  47.657 0.0000000000
65460  26.449  -26.395  47.828 0.0000000000
65544  20.930  -26.550  41.625 0.0000000000
65563  22.606  -26.084  40.265 0.0000000000
65582  20.980  -26.821  39.006 0.0000000000
64270  20.211  -27.152  39.751 0.0000000000
70530  32.412  -24.601  35.635 0.0000000000
95962  43.537  -1.170  20.784 0.0000000000
95961  44.095  -0.729  20.998 0.0000000000
95972  43.186  -0.912  20.046 0.0000000000
97167  44.467  -0.053  15.886 0.0000000000
64156  22.374  -28.441  50.094 0.0000000000
62856  21.395  -29.008  49.219 0.0000000000
61636  21.874  -29.672  50.283 0.0000000000
64155  22.601  -27.726  50.466 0.0000000000
64169  22.228  -28.092  49.544 0.0000000000
93591  43.341  -2.440  23.845 0.0000000000
93592  42.369  -2.581  23.613 0.0000000000
56998  19.109  -33.557  47.777 0.0000000000
55876  18.041  -33.732  46.567 0.0000000000
55877  17.997  -34.137  47.049 0.0000000000
55878  14.104  -34.007  47.067 0.0000000000
54741  14.753  -35.035  46.269 0.0000000000
57010  13.770  -33.372  46.297 0.0000000000
57011  12.915  -33.292  47.052 0.0000000000
53524  12.288  -36.713  52.030 0.0000000000
51316  9.294  -38.595  45.873 0.0000000000
51306  9.427  -38.046  46.445 0.0000000000
51315  9.766  -38.086  45.273 0.0000000000
74201  32.760  -20.639  40.234 0.0000000000
75502  32.529  -19.762  40.235 0.0000000000
74202  32.237  -20.518  39.765 0.0000000000
74210  31.704  -20.475  39.278 0.0000000000
72889  31.943  -21.156  39.304 0.0000000000
72890  31.585  -21.201  38.782 0.0000000000
71672  32.620  -22.020  39.599 0.0000000000
66892  33.410  -26.527  37.889 0.0000000000
68130  33.189  -25.975  37.554 0.0000000000
65621  33.272  -27.236  37.388 0.0000000000
65636  32.706  -27.124  36.088 0.0000000000
64352  33.130  -27.841  35.888 0.0000000000
64206  29.637  -27.938  45.136 0.0000000000
64205  30.429  -28.246  44.958 0.0000000000
64218  29.960  -28.130  44.063 0.0000000000
61705  30.833  -30.071  40.062 0.0000000000
61693  31.167  -30.032  40.834 0.0000000000
61704  31.643  -30.107  40.097 0.0000000000
61703  32.655  -30.031  40.095 0.0000000000
61715  32.649  -29.578  39.078 0.0000000000
61716  32.004  -29.953  39.195 0.0000000000
79260  33.357  -14.235  33.045 0.0000000000
79271  33.227  -13.579  32.075 0.0000000000
79261  32.747  -14.281  32.724 0.0000000000
81805  38.887  -11.698  28.402 0.0000000000
81806  38.263  -11.945  28.208 0.0000000000
80596  37.080  -13.180  28.533 0.0000000000
79330  35.610  -13.565  28.382 0.0000000000
80598  35.685  -13.528  27.735 0.0000000000
84093  42.205  -10.757  30.651 0.0000000000
82923  39.918  -12.106  29.691 0.0000000000
82935  39.784  -11.910  29.270 0.0000000000
82945  39.516  -11.506  28.373 0.0000000000
57122  18.533  -33.683  41.770 0.0000000000
57123  17.862  -33.929  40.981 0.0000000000
55968  17.870  -34.545  41.820 0.0000000000
66791  21.959  -25.562  46.421 0.0000000000
66790  22.999  -24.843  46.080 0.0000000000
66800  21.261  -26.139  45.645 0.0000000000
64234  19.651  -27.943  43.384 0.0000000000
65513  20.882  -26.208  43.777 0.0000000000
65531  20.311  -27.086  43.146 0.0000000000
65545  20.348  -27.027  42.332 0.0000000000
62948  19.445  -28.702  40.154 0.0000000000
62936  19.456  -28.753  41.138 0.0000000000
60540  18.909  -31.000  41.136 0.0000000000
59450  18.297  -32.288  39.628 0.0000000000
89999  41.123  -6.687  27.211 0.0000000000
91203  40.352  -5.988  26.459 0.0000000000
91208  40.729  -5.047  25.886 0.0000000000
92449  40.781  -4.319  24.921 0.0000000000
92460  39.462  -4.422  23.679 0.0000000000
91231  37.717  -5.771  22.502 0.0000000000
92472  38.657  -4.586  22.497 0.0000000000
91241  38.105  -4.816  21.940 0.0000000000
55834  19.200  -35.012  50.426 0.0000000000
55857  18.649  -35.491  49.385 0.0000000000
55846  18.752  -35.539  50.165 0.0000000000
53521  16.952  -36.434  50.508 0.0000000000
53539  15.811  -35.883  49.724 0.0000000000
54704  15.612  -35.052  49.196 0.0000000000
54695  15.828  -34.787  50.317 0.0000000000
50113  11.169  -39.107  51.988 0.0000000000
51263  11.676  -38.539  51.267 0.0000000000
50160  10.056  -39.432  47.680 0.0000000000
49013  8.658  -39.829  46.920 0.0000000000
47756  7.567  -40.966  47.246 0.0000000000
47767  7.913  -41.493  45.843 0.0000000000
46533  6.391  -41.781  48.536 0.0000000000
45281  5.581  -42.904  46.780 0.0000000000
72862  34.196  -22.011  42.750 0.0000000000
74179  34.077  -21.299  42.513 0.0000000000
72863  33.708  -21.995  42.231 0.0000000000
74193  33.322  -21.219  41.426 0.0000000000
72871  33.471  -21.878  41.519 0.0000000000
71670  33.269  -23.081  40.715 0.0000000000
69343  34.178  -25.693  40.826 0.0000000000
69344  33.685  -25.292  40.303 0.0000000000
66872  34.299  -26.838  39.454 0.0000000000
65539  27.142  -26.670  41.172 0.0000000000
65538  27.807  -27.276  41.045 0.0000000000
65592  27.670  -27.239  38.699 0.0000000000
64283  28.362  -27.746  39.991 0.0000000000
64298  28.072  -28.000  39.152 0.0000000000
62958  29.449  -28.431  40.005 0.0000000000
64297  28.770  -28.271  38.729 0.0000000000
64316  28.881  -28.326  38.001 0.0000000000
78013  30.422  -15.879  34.197 0.0000000000
76807  29.754  -16.750  32.801 0.0000000000
75581  28.608  -18.457  31.913 0.0000000000
76820  29.152  -17.792  31.488 0.0000000000
75596  28.922  -18.713  30.905 0.0000000000
100910  49.078  3.887  14.004 0.0000000000
100927  48.322  2.959  12.028 0.0000000000
87601  37.399  -9.240  24.174 0.0000000000
86460  37.724  -10.095  24.711 0.0000000000
84165  36.291  -11.306  24.758 0.0000000000
84166  35.193  -11.296  24.310 0.0000000000
82987  34.241  -12.071  24.245 0.0000000000
81823  36.797  -11.946  26.830 0.0000000000
81824  36.083  -12.437  26.557 0.0000000000
85206  42.039  -10.365  29.467 0.0000000000
86414  42.770  -9.637  29.755 0.0000000000
86415  42.436  -10.056  29.559 0.0000000000
87570  41.017  -9.454  28.307 0.0000000000
87561  41.692  -9.066  28.353 0.0000000000
87562  41.075  -8.664  28.363 0.0000000000
88764  42.215  -8.129  28.400 0.0000000000
88765  41.416  -8.014  28.288 0.0000000000
88766  40.858  -7.719  27.938 0.0000000000
88784  40.301  -8.521  27.663 0.0000000000
87583  38.551  -8.905  26.252 0.0000000000
87594  38.330  -8.490  25.650 0.0000000000
62834  30.656  -28.196  49.651 0.0000000000
62844  30.708  -28.483  48.723 0.0000000000
62835  29.864  -28.203  49.433 0.0000000000
64199  28.496  -27.023  47.015 0.0000000000
64187  28.971  -27.218  47.416 0.0000000000
64198  28.789  -27.289  46.478 0.0000000000
65469  28.279  -27.156  45.813 0.0000000000
65480  27.684  -27.105  45.213 0.0000000000
66789  24.033  -25.396  45.646 0.0000000000
66797  24.147  -25.963  44.606 0.0000000000
65511  24.765  -26.155  43.926 0.0000000000
65510  25.695  -26.224  43.556 0.0000000000
65526  25.895  -26.151  42.371 0.0000000000
65580  23.039  -25.992  39.477 0.0000000000
66850  24.026  -26.040  39.834 0.0000000000
66863  23.655  -25.886  38.737 0.0000000000
66862  24.646  -25.966  38.937 0.0000000000
62959  19.486  -29.063  39.316 0.0000000000
62970  19.785  -29.343  38.344 0.0000000000
61733  19.762  -30.305  37.856 0.0000000000
95943  45.942  -0.464  23.463 0.0000000000
97125  45.158  0.467  20.950 0.0000000000
98340  46.495  0.451  21.949 0.0000000000
98349  46.376  0.796  21.016 0.0000000000
99586  46.968  1.591  20.704 0.0000000000
95982  43.391  -0.647  18.640 0.0000000000
97150  45.248  0.272  17.986 0.0000000000
98374  46.155  0.704  18.897 0.0000000000
97138  46.492  0.419  18.236 0.0000000000
98387  46.853  0.641  17.774 0.0000000000
99634  45.876  1.356  15.960 0.0000000000
98399  46.565  1.242  17.006 0.0000000000
98411  46.458  1.493  15.962 0.0000000000
98410  47.295  1.552  16.244 0.0000000000
98422  46.411  1.409  15.054 0.0000000000
62887  19.806  -29.011  46.602 0.0000000000
61655  19.190  -29.772  46.356 0.0000000000
61654  19.018  -29.212  47.110 0.0000000000
60509  20.483  -30.993  48.772 0.0000000000
60511  19.325  -30.546  48.665 0.0000000000
59361  19.520  -31.748  48.912 0.0000000000
59365  18.671  -32.137  48.386 0.0000000000
59359  20.717  -31.990  49.096 0.0000000000
60500  21.055  -30.229  51.564 0.0000000000
59347  20.693  -31.974  51.871 0.0000000000
59357  20.615  -32.688  50.597 0.0000000000
59354  20.250  -32.493  51.183 0.0000000000
58195  19.934  -33.299  50.759 0.0000000000
62822  31.293  -27.281  50.615 0.0000000000
64152  27.763  -27.386  50.542 0.0000000000
65408  23.945  -26.252  51.461 0.0000000000
65421  24.524  -25.695  50.605 0.0000000000
65434  25.412  -25.681  49.979 0.0000000000
66756  23.694  -25.892  48.773 0.0000000000
66757  22.762  -26.213  49.149 0.0000000000
64189  20.325  -27.880  48.588 0.0000000000
64200  19.961  -28.080  46.871 0.0000000000
64209  20.245  -28.415  45.987 0.0000000000
86467  36.139  -10.088  23.406 0.0000000000
93601  43.678  -2.236  22.849 0.0000000000
94725  44.378  -2.022  22.958 0.0000000000
93611  43.508  -2.092  22.218 0.0000000000
92469  40.992  -3.363  22.738 0.0000000000
93604  41.586  -3.008  22.725 0.0000000000
92479  41.102  -3.394  21.637 0.0000000000
92490  41.131  -3.244  21.154 0.0000000000
93633  40.970  -3.047  20.048 0.0000000000
59380  19.480  -32.273  44.233 0.0000000000
58249  19.038  -33.262  44.257 0.0000000000
55929  18.432  -34.824  44.517 0.0000000000
55938  18.527  -34.305  44.000 0.0000000000
54805  18.259  -35.542  43.344 0.0000000000
54806  17.905  -36.142  42.923 0.0000000000
54792  17.277  -36.257  43.664 0.0000000000
53565  16.442  -35.301  47.481 0.0000000000
53587  17.523  -35.755  46.409 0.0000000000
53589  16.609  -36.620  46.136 0.0000000000
54753  14.954  -34.931  45.151 0.0000000000
54774  15.687  -35.639  44.444 0.0000000000
54775  15.434  -34.631  44.189 0.0000000000
54794  15.727  -35.258  43.144 0.0000000000
55940  15.486  -34.643  42.968 0.0000000000
55941  15.428  -33.890  42.839 0.0000000000
57076  12.494  -33.681  43.400 0.0000000000
55942  11.957  -34.830  42.683 0.0000000000
55837  13.305  -34.737  51.702 0.0000000000
55836  13.864  -34.363  51.217 0.0000000000
55847  13.896  -34.100  50.366 0.0000000000
55859  12.860  -34.024  49.883 0.0000000000
52390  11.108  -37.677  49.712 0.0000000000
53540  11.604  -36.870  49.967 0.0000000000
53580  10.199  -36.614  47.705 0.0000000000
54728  10.930  -35.890  48.502 0.0000000000
55880  11.703  -35.290  47.735 0.0000000000
55893  11.416  -34.775  46.725 0.0000000000
54754  10.809  -35.484  45.880 0.0000000000
45262  5.360  -42.858  49.339 0.0000000000
45252  5.442  -43.033  50.375 0.0000000000
43961  4.399  -43.808  49.767 0.0000000000
43973  4.366  -43.921  48.798 0.0000000000
80516  34.132  -14.035  33.402 0.0000000000
77997  33.016  -15.264  34.693 0.0000000000
77998  32.576  -15.437  34.432 0.0000000000
77983  32.354  -16.053  35.520 0.0000000000
77984  31.660  -16.672  35.586 0.0000000000
76764  30.676  -18.115  36.732 0.0000000000
76718  32.489  -18.678  39.878 0.0000000000
75524  30.598  -19.772  38.079 0.0000000000
75525  29.951  -19.778  37.711 0.0000000000
76752  30.003  -19.354  37.318 0.0000000000
74233  29.641  -20.597  37.369 0.0000000000
74243  29.140  -20.599  36.603 0.0000000000
72914  30.002  -21.343  37.648 0.0000000000
71693  31.615  -22.660  38.125 0.0000000000
70523  30.953  -22.991  37.306 0.0000000000
70503  33.148  -23.894  39.827 0.0000000000
68140  33.296  -25.606  35.302 0.0000000000
65654  33.144  -27.375  34.173 0.0000000000
64391  32.164  -27.644  33.086 0.0000000000
62853  31.407  -29.114  48.050 0.0000000000
62852  32.303  -29.174  48.373 0.0000000000
62864  32.272  -29.253  47.315 0.0000000000
62874  33.054  -29.333  46.542 0.0000000000
61647  33.267  -29.485  45.921 0.0000000000
61652  33.112  -29.463  45.249 0.0000000000
64243  29.739  -28.258  42.481 0.0000000000
62899  30.304  -28.438  43.303 0.0000000000
62911  30.693  -28.939  42.959 0.0000000000
61682  33.090  -30.079  42.616 0.0000000000
61673  32.311  -29.623  43.185 0.0000000000
61672  33.133  -29.530  43.513 0.0000000000
62895  34.194  -28.646  44.297 0.0000000000
62908  34.332  -28.811  43.339 0.0000000000
62907  34.657  -27.926  43.690 0.0000000000
62919  35.175  -28.740  42.757 0.0000000000
62931  35.142  -29.141  41.473 0.0000000000
64254  35.617  -28.384  41.985 0.0000000000
64253  35.851  -27.764  41.534 0.0000000000
65557  35.682  -27.226  41.291 0.0000000000
65575  35.258  -27.103  40.846 0.0000000000
64280  35.027  -27.298  40.642 0.0000000000
61727  33.638  -29.315  38.574 0.0000000000
62965  34.510  -28.458  38.920 0.0000000000
62967  33.695  -29.319  38.170 0.0000000000
62977  34.227  -28.754  37.821 0.0000000000
62978  33.469  -28.958  37.451 0.0000000000
62996  30.232  -29.032  37.285 0.0000000000
61764  30.658  -29.326  37.718 0.0000000000
63017  30.738  -28.639  35.568 0.0000000000
62994  31.541  -28.944  36.243 0.0000000000
62993  32.434  -28.571  36.477 0.0000000000
64354  32.030  -27.849  34.965 0.0000000000
81756  35.793  -12.562  31.828 0.0000000000
80534  36.457  -12.597  31.208 0.0000000000
80536  34.807  -13.016  31.264 0.0000000000
79279  33.680  -13.935  30.675 0.0000000000
79278  34.230  -13.855  30.290 0.0000000000
79315  33.988  -14.169  28.620 0.0000000000
78035  30.624  -15.348  30.675 0.0000000000
78046  30.475  -15.580  29.470 0.0000000000
78099  30.918  -17.117  27.655 0.0000000000
78061  30.714  -15.970  28.516 0.0000000000
78080  31.522  -16.007  27.514 0.0000000000
79334  32.024  -15.679  27.240 0.0000000000
78097  31.671  -16.334  26.763 0.0000000000
103440  50.851  5.203  10.983 0.0000000000
103439  51.843  5.552  11.673 0.0000000000
99673  46.449  1.086  12.456 0.0000000000
81783  39.383  -12.294  29.722 0.0000000000
81796  38.211  -12.599  29.079 0.0000000000
80583  37.965  -13.092  29.602 0.0000000000
80584  37.313  -13.072  29.266 0.0000000000
80564  36.469  -13.153  29.868 0.0000000000
81782  40.010  -12.158  29.954 0.0000000000
58320  18.589  -32.967  40.067 0.0000000000
58290  19.309  -33.059  42.244 0.0000000000
65483  20.498  -27.325  45.992 0.0000000000
65496  20.636  -26.681  44.871 0.0000000000
65497  20.111  -27.636  45.033 0.0000000000
62925  19.538  -28.718  42.443 0.0000000000
91232  37.033  -6.412  22.091 0.0000000000
90013  39.128  -7.095  25.877 0.0000000000
91204  39.554  -6.221  26.031 0.0000000000
91210  38.907  -5.935  25.297 0.0000000000
91218  39.291  -4.952  24.716 0.0000000000
91219  38.557  -5.250  24.110 0.0000000000
56962  18.211  -33.841  52.011 0.0000000000
54683  18.261  -36.022  50.700 0.0000000000
55826  18.121  -35.002  52.047 0.0000000000
48986  10.026  -41.146  47.817 0.0000000000
47743  8.559  -40.218  47.465 0.0000000000
47744  8.023  -40.520  48.082 0.0000000000
46544  7.011  -41.016  48.028 0.0000000000
46532  7.304  -41.742  48.942 0.0000000000
46524  6.833  -42.088  49.233 0.0000000000
72854  34.724  -21.834  43.239 0.0000000000
71650  35.057  -22.643  42.207 0.0000000000
71660  34.569  -23.029  41.555 0.0000000000
70494  34.221  -23.981  41.014 0.0000000000
68101  34.541  -26.282  40.752 0.0000000000
65579  26.394  -26.315  39.193 0.0000000000
65559  27.542  -26.786  40.312 0.0000000000
65593  26.796  -26.855  38.447 0.0000000000
65606  27.443  -27.152  37.657 0.0000000000
76795  29.410  -17.734  33.813 0.0000000000
75569  28.764  -18.536  33.056 0.0000000000
98397  48.096  1.769  17.282 0.0000000000
98396  48.521  2.050  17.715 0.0000000000
100903  48.707  3.006  14.617 0.0000000000
100912  47.783  2.561  13.578 0.0000000000
86449  38.478  -9.879  26.262 0.0000000000
86450  38.161  -10.062  25.545 0.0000000000
85235  38.238  -10.649  26.055 0.0000000000
82975  36.169  -11.692  25.507 0.0000000000
80606  35.218  -13.316  27.146 0.0000000000
80614  35.011  -13.068  26.375 0.0000000000
80615  34.331  -13.930  25.767 0.0000000000
84123  40.904  -10.679  28.407 0.0000000000
85214  41.352  -10.313  28.652 0.0000000000
86438  40.734  -9.812  27.991 0.0000000000
86439  40.363  -9.771  27.403 0.0000000000
87581  40.130  -9.064  27.238 0.0000000000
86447  39.755  -9.716  26.980 0.0000000000
86448  38.938  -9.653  26.878 0.0000000000
54852  17.037  -35.080  39.812 0.0000000000
55971  14.408  -34.262  40.900 0.0000000000
64165  28.309  -27.404  49.416 0.0000000000
66826  22.159  -25.735  43.171 0.0000000000
66825  22.888  -25.710  43.136 0.0000000000
65528  23.187  -25.867  42.217 0.0000000000
65542  23.725  -26.071  41.032 0.0000000000
65596  21.668  -26.670  38.167 0.0000000000
65597  20.780  -27.359  37.895 0.0000000000
70542  30.463  -23.928  35.570 0.0000000000
95952  44.850  -0.619  21.989 0.0000000000
95960  44.630  -0.202  21.253 0.0000000000
97126  44.570  -0.060  20.871 0.0000000000
97133  44.532  0.103  20.142 0.0000000000
97159  43.888  -0.556  16.590 0.0000000000
98388  46.282  0.661  17.609 0.0000000000
98401  45.193  0.647  16.246 0.0000000000
99622  45.417  0.849  15.813 0.0000000000
98413  45.212  0.587  15.312 0.0000000000
62868  19.744  -28.808  48.509 0.0000000000
62857  20.580  -29.332  48.858 0.0000000000
61640  20.997  -30.084  49.203 0.0000000000
61637  21.411  -30.290  49.982 0.0000000000
65436  22.635  -26.740  49.878 0.0000000000
65449  22.466  -26.677  49.293 0.0000000000
65437  22.384  -27.384  49.590 0.0000000000
64179  21.405  -28.083  48.796 0.0000000000
93590  44.560  -2.602  23.756 0.0000000000
58212  18.411  -32.614  46.307 0.0000000000
58225  18.676  -32.825  45.122 0.0000000000
57024  18.147  -33.367  45.843 0.0000000000
55908  18.332  -34.614  45.305 0.0000000000
54771  18.326  -35.235  45.149 0.0000000000
54726  15.429  -35.810  47.337 0.0000000000
55909  15.112  -33.749  44.972 0.0000000000
57047  14.545  -32.861  44.347 0.0000000000
57025  14.064  -33.191  45.383 0.0000000000
57049  12.164  -33.675  44.915 0.0000000000
54688  13.337  -35.057  52.412 0.0000000000
55849  12.702  -35.107  51.481 0.0000000000
52403  10.068  -37.615  48.143 0.0000000000
52407  9.662  -37.351  47.066 0.0000000000
53591  10.193  -36.463  46.467 0.0000000000
77969  32.803  -16.224  36.558 0.0000000000
76762  32.477  -16.849  36.584 0.0000000000
76688  32.817  -19.577  41.569 0.0000000000
76702  32.695  -19.123  41.079 0.0000000000
76719  31.890  -19.203  39.340 0.0000000000
75515  31.074  -19.739  38.525 0.0000000000
74220  31.027  -20.456  38.018 0.0000000000
72901  30.705  -21.257  37.862 0.0000000000
72900  31.225  -21.212  38.217 0.0000000000
71685  31.469  -21.695  38.393 0.0000000000
70515  31.823  -22.921  38.325 0.0000000000
69364  33.464  -25.368  38.258 0.0000000000
68121  33.341  -25.569  37.674 0.0000000000
66904  32.781  -26.237  35.612 0.0000000000
65637  32.802  -27.384  35.124 0.0000000000
62866  30.911  -28.432  46.480 0.0000000000
62865  31.470  -29.048  46.965 0.0000000000
62877  31.030  -28.443  45.526 0.0000000000
62885  31.536  -29.022  45.121 0.0000000000
62934  29.876  -28.824  41.287 0.0000000000
62922  30.471  -29.165  41.962 0.0000000000
61684  31.300  -29.884  41.834 0.0000000000
61683  32.193  -30.200  42.217 0.0000000000
62920  34.538  -29.404  42.355 0.0000000000
61690  33.905  -30.065  41.925 0.0000000000
62944  34.457  -29.265  40.747 0.0000000000
62943  34.796  -28.649  40.428 0.0000000000
61714  33.419  -29.402  39.319 0.0000000000
63042  29.419  -28.229  35.478 0.0000000000
63018  30.199  -28.585  36.082 0.0000000000
63040  30.523  -28.476  34.291 0.0000000000
63059  30.440  -28.332  32.878 0.0000000000
80527  34.291  -13.284  32.264 0.0000000000
80537  34.055  -13.582  31.438 0.0000000000
79280  32.383  -14.287  30.274 0.0000000000
76837  29.552  -17.182  29.445 0.0000000000
78062  30.032  -16.510  28.928 0.0000000000
76853  29.832  -17.502  28.395 0.0000000000
102223  49.834  4.423  12.595 0.0000000000
82954  38.518  -11.387  27.682 0.0000000000
82963  38.184  -11.100  27.213 0.0000000000
82955  37.793  -11.704  27.470 0.0000000000
81815  37.236  -12.347  27.394 0.0000000000
80604  37.075  -13.154  27.853 0.0000000000
80605  36.350  -13.228  27.369 0.0000000000
79341  34.606  -13.733  26.997 0.0000000000
79332  33.526  -14.511  27.505 0.0000000000
84103  41.925  -10.659  30.032 0.0000000000
84104  41.427  -10.839  29.561 0.0000000000
84095  41.014  -11.486  30.312 0.0000000000
82921  40.954  -11.351  29.756 0.0000000000
82933  40.884  -11.205  29.140 0.0000000000
82944  40.439  -11.323  28.670 0.0000000000
82953  39.274  -11.298  27.775 0.0000000000
55995  17.681  -34.717  39.202 0.0000000000
57137  18.306  -33.487  40.582 0.0000000000
57138  17.759  -33.967  39.884 0.0000000000
54839  17.057  -35.445  40.780 0.0000000000
54822  16.955  -36.034  41.399 0.0000000000
66768  24.762  -25.934  47.384 0.0000000000
66779  23.905  -25.535  46.707 0.0000000000
66798  23.101  -25.259  44.893 0.0000000000
66813  21.355  -25.852  44.680 0.0000000000
66812  22.069  -25.272  43.904 0.0000000000
65512  21.624  -25.935  43.201 0.0000000000
64257  20.236  -26.946  40.747 0.0000000000
64271  19.669  -27.825  40.485 0.0000000000
95973  42.750  -1.267  19.798 0.0000000000
95983  42.757  -1.336  19.096 0.0000000000
62826  21.589  -28.518  51.522 0.0000000000
61624  21.594  -28.936  53.082 0.0000000000
91201  42.109  -5.530  26.683 0.0000000000
92448  41.870  -3.757  25.003 0.0000000000
93582  41.937  -3.042  24.107 0.0000000000
92470  39.976  -3.820  22.693 0.0000000000
92461  38.835  -4.685  23.194 0.0000000000
92471  39.267  -4.296  22.570 0.0000000000
92481  39.505  -3.947  21.696 0.0000000000
92493  39.083  -4.122  21.081 0.0000000000
55856  18.827  -34.768  48.761 0.0000000000
55866  18.368  -34.335  47.879 0.0000000000
54701  17.891  -34.563  48.363 0.0000000000
53536  16.649  -34.893  48.684 0.0000000000
53551  16.377  -35.392  48.165 0.0000000000
54694  17.617  -36.333  50.195 0.0000000000
53538  16.329  -36.243  49.212 0.0000000000
53567  15.969  -35.932  47.705 0.0000000000
54713  15.301  -35.577  48.218 0.0000000000
55867  13.866  -34.277  48.199 0.0000000000
52377  12.116  -37.689  51.652 0.0000000000
51272  10.984  -38.399  50.301 0.0000000000
51281  10.922  -38.480  49.263 0.0000000000
50142  11.185  -39.132  48.756 0.0000000000
51290  11.106  -39.022  47.939 0.0000000000
51298  10.501  -38.947  47.733 0.0000000000
50172  9.213  -39.078  46.719 0.0000000000
49024  8.669  -40.226  45.495 0.0000000000
47754  8.415  -40.209  46.410 0.0000000000
75467  34.196  -20.154  42.490 0.0000000000
75476  33.628  -20.210  42.030 0.0000000000
74181  33.342  -20.678  41.680 0.0000000000
74194  33.057  -20.842  40.974 0.0000000000
72880  33.030  -21.475  40.123 0.0000000000
71671  33.064  -22.538  40.073 0.0000000000
70502  33.514  -24.532  40.266 0.0000000000
69345  33.467  -24.820  39.630 0.0000000000
69356  33.551  -25.439  39.102 0.0000000000
66881  33.858  -26.679  38.699 0.0000000000
64233  28.400  -27.254  43.678 0.0000000000
64232  29.291  -27.474  43.326 0.0000000000
64245  28.407  -27.480  42.677 0.0000000000
64244  29.191  -28.010  42.313 0.0000000000
64255  29.034  -28.102  41.331 0.0000000000
65558  27.980  -27.357  40.356 0.0000000000
64269  28.420  -27.701  40.810 0.0000000000
62947  29.536  -28.377  40.807 0.0000000000
62946  29.861  -29.052  40.424 0.0000000000
61707  29.934  -29.243  39.900 0.0000000000
61719  30.037  -29.356  39.452 0.0000000000
61731  30.803  -29.695  38.681 0.0000000000
62980  29.842  -29.130  38.174 0.0000000000
62997  29.452  -28.578  37.625 0.0000000000
64337  28.008  -27.556  36.837 0.0000000000
64355  28.795  -27.741  36.089 0.0000000000
64375  28.586  -27.922  34.826 0.0000000000
79262  31.954  -14.637  32.404 0.0000000000
78036  30.225  -16.153  31.347 0.0000000000
78024  29.748  -16.809  32.431 0.0000000000
78037  29.683  -16.942  31.702 0.0000000000
76829  29.400  -16.997  29.977 0.0000000000
102211  50.419  4.954  14.132 0.0000000000
102212  49.736  4.293  13.858 0.0000000000
102224  48.966  3.798  12.338 0.0000000000
88804  37.614  -8.185  24.408 0.0000000000
85256  37.204  -10.681  24.549 0.0000000000
85257  36.331  -10.788  24.170 0.0000000000
82965  36.442  -11.730  26.165 0.0000000000
82976  35.293  -11.922  25.285 0.0000000000
81825  35.042  -12.569  25.781 0.0000000000
86430  41.842  -9.822  28.609 0.0000000000
87551  42.453  -9.003  28.821 0.0000000000
89990  41.318  -7.156  27.597 0.0000000000
90000  40.552  -7.083  27.142 0.0000000000
88785  39.762  -8.045  27.256 0.0000000000
88796  38.738  -7.987  25.715 0.0000000000
88797  38.107  -7.988  25.206 0.0000000000
62832  32.271  -27.838  49.868 0.0000000000
62843  31.457  -28.869  49.075 0.0000000000
64176  29.565  -27.732  47.967 0.0000000000
64175  29.938  -28.111  47.475 0.0000000000
64185  30.105  -28.164  46.776 0.0000000000
64197  29.399  -27.988  46.122 0.0000000000
64207  28.822  -27.322  45.404 0.0000000000
64220  28.326  -27.207  44.644 0.0000000000
65472  25.681  -26.144  47.063 0.0000000000
65482  25.712  -26.182  45.986 0.0000000000
65481  26.640  -26.638  45.618 0.0000000000
65495  24.827  -26.129  44.523 0.0000000000
65494  25.523  -26.172  44.772 0.0000000000
65492  27.454  -27.199  44.032 0.0000000000
65508  27.502  -27.180  42.974 0.0000000000
65525  26.830  -26.651  42.169 0.0000000000
65541  25.141  -25.920  41.283 0.0000000000
66834  25.151  -26.020  40.566 0.0000000000
66848  25.912  -26.078  39.779 0.0000000000
66883  24.065  -26.017  36.979 0.0000000000
64300  19.811  -28.448  38.640 0.0000000000
74244  28.606  -20.572  35.800 0.0000000000
99592  47.340  2.036  19.798 0.0000000000
97140  44.594  0.089  18.847 0.0000000000
98361  46.247  1.241  19.817 0.0000000000
99593  46.700  1.729  19.969 0.0000000000
98359  47.687  1.958  19.079 0.0000000000
98372  47.455  1.767  18.535 0.0000000000
98409  47.888  1.610  16.598 0.0000000000
99633  47.490  1.702  15.647 0.0000000000
99647  47.438  1.929  15.058 0.0000000000
98431  46.873  1.683  14.719 0.0000000000
61664  19.749  -30.099  45.254 0.0000000000
60516  18.741  -30.703  45.808 0.0000000000
61648  18.954  -29.457  48.135 0.0000000000
59367  18.342  -30.821  47.579 0.0000000000
59368  18.437  -31.562  47.031 0.0000000000
58207  18.731  -32.712  47.501 0.0000000000
61633  21.388  -29.504  51.093 0.0000000000
61634  21.445  -30.138  50.598 0.0000000000
60497  20.982  -31.384  52.484 0.0000000000
60501  21.171  -31.216  51.772 0.0000000000
58198  20.606  -32.708  49.443 0.0000000000
58202  20.210  -33.321  49.142 0.0000000000
56988  19.689  -34.038  48.626 0.0000000000
56989  19.574  -34.572  49.348 0.0000000000
56969  19.083  -34.081  50.621 0.0000000000
56961  18.582  -33.596  51.137 0.0000000000
59349  18.532  -32.134  52.068 0.0000000000
58192  18.080  -32.909  52.312 0.0000000000
64132  33.320  -27.028  50.712 0.0000000000
62820  32.902  -26.797  50.259 0.0000000000
62824  29.718  -28.126  50.467 0.0000000000
64166  27.308  -26.709  49.684 0.0000000000
65447  26.335  -26.212  48.772 0.0000000000
64154  26.387  -26.400  50.696 0.0000000000
65448  25.542  -25.820  49.079 0.0000000000
66781  21.829  -26.330  47.495 0.0000000000
66771  22.249  -26.640  48.483 0.0000000000
65473  21.170  -26.806  47.590 0.0000000000
65484  20.112  -27.953  45.577 0.0000000000
88806  36.276  -8.696  22.997 0.0000000000
95932  46.298  -0.768  24.081 0.0000000000
95944  45.643  -0.891  23.188 0.0000000000
94724  44.785  -1.502  22.807 0.0000000000
94732  44.471  -1.213  22.184 0.0000000000
94742  43.716  -1.332  21.159 0.0000000000
94743  43.183  -1.587  20.864 0.0000000000
93603  42.076  -2.758  22.781 0.0000000000
93613  42.391  -2.663  22.004 0.0000000000
93623  41.620  -2.879  21.463 0.0000000000
93622  42.137  -2.611  21.452 0.0000000000
94744  42.526  -2.316  21.123 0.0000000000
94753  42.328  -1.694  19.859 0.0000000000
94763  41.570  -2.420  18.923 0.0000000000
58272  19.382  -33.116  43.340 0.0000000000
57106  18.847  -33.657  42.799 0.0000000000
57073  18.664  -33.810  44.281 0.0000000000
55951  18.436  -34.228  43.262 0.0000000000
54820  18.194  -35.590  42.244 0.0000000000
54821  17.760  -36.152  41.746 0.0000000000
54739  17.650  -35.118  46.457 0.0000000000
54751  18.004  -35.544  45.805 0.0000000000
53622  17.660  -36.141  44.977 0.0000000000
53590  15.912  -36.337  45.860 0.0000000000
53624  16.774  -36.354  44.265 0.0000000000
54793  16.418  -36.076  43.542 0.0000000000
54808  16.304  -35.966  42.267 0.0000000000
54824  15.893  -35.188  41.360 0.0000000000
55970  15.500  -34.766  41.284 0.0000000000
55954  15.107  -33.947  41.830 0.0000000000
57124  13.819  -34.167  41.322 0.0000000000
57075  13.740  -33.049  43.361 0.0000000000
57092  13.409  -33.786  42.475 0.0000000000
57108  13.197  -34.275  41.480 0.0000000000
54686  15.480  -34.966  51.384 0.0000000000
54705  14.917  -34.251  49.755 0.0000000000
55858  13.848  -34.127  49.291 0.0000000000
54697  12.285  -35.862  51.262 0.0000000000
54706  12.019  -35.941  50.168 0.0000000000
53554  11.129  -36.906  49.122 0.0000000000
54715  11.567  -36.117  49.352 0.0000000000
57000  12.410  -34.067  48.376 0.0000000000
56999  12.647  -33.610  47.976 0.0000000000
57027  12.012  -33.794  46.274 0.0000000000
54776  11.527  -35.792  44.720 0.0000000000
54796  11.921  -35.973  43.389 0.0000000000
45261  6.151  -42.444  49.152 0.0000000000
45271  5.161  -42.962  48.222 0.0000000000
43983  4.609  -43.725  47.437 0.0000000000
43960  4.827  -43.298  49.509 0.0000000000
81754  38.037  -12.110  31.419 0.0000000000
80517  33.700  -14.229  33.203 0.0000000000
79249  33.495  -14.631  33.755 0.0000000000
79250  32.926  -14.838  33.610 0.0000000000
78011  32.417  -15.118  33.725 0.0000000000
78000  30.904  -16.597  35.098 0.0000000000
76783  29.878  -16.868  34.675 0.0000000000
76749  32.861  -17.099  37.379 0.0000000000
76765  29.928  -18.993  36.828 0.0000000000
75541  29.256  -19.601  36.085 0.0000000000
72927  28.527  -21.583  36.333 0.0000000000
71695  30.388  -21.788  37.796 0.0000000000
71703  30.305  -22.970  37.111 0.0000000000
71713  30.171  -23.424  36.454 0.0000000000
71683  32.516  -22.664  39.352 0.0000000000
70514  32.300  -23.437  38.661 0.0000000000
70520  33.057  -24.618  37.398 0.0000000000
69375  33.072  -24.736  35.929 0.0000000000
69383  33.494  -25.108  35.021 0.0000000000
65670  33.835  -27.075  33.627 0.0000000000
62841  33.103  -28.651  49.544 0.0000000000
62851  33.094  -29.091  48.623 0.0000000000
62862  33.638  -28.523  47.666 0.0000000000
62880  35.314  -28.007  46.208 0.0000000000
62898  30.760  -28.715  43.879 0.0000000000
62896  32.077  -29.334  44.600 0.0000000000
62921  31.154  -29.339  42.534 0.0000000000
62909  31.973  -29.367  43.902 0.0000000000
61653  32.652  -29.395  44.733 0.0000000000
61661  33.794  -29.347  44.738 0.0000000000
62894  34.789  -28.415  44.879 0.0000000000
62893  35.308  -28.042  45.252 0.0000000000
64216  35.577  -27.478  44.586 0.0000000000
64241  35.887  -27.762  42.492 0.0000000000
66823  35.969  -26.442  43.147 0.0000000000
66833  35.678  -26.412  42.544 0.0000000000
69325  35.593  -25.340  42.435 0.0000000000
68091  35.047  -26.057  41.464 0.0000000000
66860  34.964  -26.773  40.917 0.0000000000
66871  34.628  -26.848  40.230 0.0000000000
62955  34.518  -28.448  39.523 0.0000000000
65591  34.659  -27.279  39.776 0.0000000000
65604  34.369  -27.419  38.682 0.0000000000
65605  34.088  -27.550  37.886 0.0000000000
64333  33.952  -27.861  37.257 0.0000000000
61730  31.469  -29.640  38.579 0.0000000000
61744  31.511  -29.038  37.957 0.0000000000
61743  32.301  -28.837  37.552 0.0000000000
62995  30.857  -29.101  36.592 0.0000000000
61762  31.517  -28.991  37.118 0.0000000000
62992  33.022  -28.477  36.840 0.0000000000
64353  32.609  -28.061  35.477 0.0000000000
64373  32.360  -27.696  34.379 0.0000000000
63039  30.975  -28.089  33.709 0.0000000000
64392  31.335  -27.925  32.799 0.0000000000
81767  37.004  -12.576  31.035 0.0000000000
80565  35.344  -13.306  29.625 0.0000000000
80547  34.535  -13.530  30.450 0.0000000000
80566  34.732  -13.487  29.820 0.0000000000
79314  34.971  -13.565  28.935 0.0000000000
79273  31.608  -14.636  31.150 0.0000000000
79295  31.197  -15.303  29.027 0.0000000000
79294  32.000  -14.685  28.966 0.0000000000
79317  32.136  -15.313  27.978 0.0000000000
79333  32.647  -15.172  27.372 0.0000000000
79343  32.922  -15.148  26.526 0.0000000000
99672  47.185  1.568  12.106 0.0000000000
47766  8.393  -40.684  45.797 0.0000000000
49000  9.219  -40.281  47.815 0.0000000000
49025  8.636  -40.818  45.178 0.0000000000
50150  11.190  -39.081  48.236 0.0000000000
51289  10.821  -38.543  48.253 0.0000000000
51307  9.603  -38.734  47.068 0.0000000000
51328  10.254  -38.270  44.631 0.0000000000
53522  16.378  -36.302  51.232 0.0000000000
53528  16.974  -36.389  49.666 0.0000000000
53529  16.353  -36.273  50.168 0.0000000000
53537  16.718  -35.674  49.136 0.0000000000
53550  16.570  -34.780  47.804 0.0000000000
53552  16.272  -35.884  48.387 0.0000000000
53564  16.605  -35.000  47.065 0.0000000000
53566  16.408  -35.785  47.609 0.0000000000
53576  17.104  -35.221  46.747 0.0000000000
53577  16.848  -35.716  46.950 0.0000000000
53578  16.545  -36.200  46.949 0.0000000000
53588  17.235  -36.381  46.387 0.0000000000
53603  17.701  -36.097  45.693 0.0000000000
53605  16.576  -36.535  45.113 0.0000000000
53606  15.914  -36.196  45.073 0.0000000000
53623  17.295  -36.360  44.598 0.0000000000
54693  18.329  -36.131  49.679 0.0000000000
54702  17.661  -35.188  49.017 0.0000000000
54711  17.696  -34.422  47.654 0.0000000000
54712  17.154  -34.487  48.223 0.0000000000
54724  17.667  -34.407  47.134 0.0000000000
54738  17.823  -34.591  46.659 0.0000000000
54740  15.281  -35.849  46.540 0.0000000000
54772  18.045  -35.774  45.000 0.0000000000
54790  18.342  -35.440  44.295 0.0000000000
54795  15.515  -34.426  43.424 0.0000000000
54809  15.790  -35.338  41.912 0.0000000000
55835  18.542  -35.098  50.960 0.0000000000
55838  12.900  -35.093  52.034 0.0000000000
55848  13.050  -34.382  50.942 0.0000000000
55865  18.588  -33.905  47.357 0.0000000000
55890  17.929  -33.825  45.924 0.0000000000
55891  17.974  -34.268  46.077 0.0000000000
55907  18.238  -34.001  45.439 0.0000000000
55939  18.401  -34.898  43.704 0.0000000000
55955  13.016  -34.670  41.128 0.0000000000
55985  15.929  -34.938  40.519 0.0000000000
56968  20.053  -34.021  50.336 0.0000000000
56979  19.645  -34.564  50.035 0.0000000000
57046  18.545  -33.591  44.922 0.0000000000
57074  14.880  -33.145  43.346 0.0000000000
57107  14.050  -34.008  41.797 0.0000000000
57109  12.719  -34.393  41.652 0.0000000000
57125  13.668  -34.320  41.022 0.0000000000
58191  18.564  -32.780  51.377 0.0000000000
58199  20.562  -33.302  50.004 0.0000000000
58201  20.082  -32.549  48.971 0.0000000000
58204  19.559  -32.405  48.862 0.0000000000
59362  19.227  -32.325  48.782 0.0000000000
60504  21.312  -30.217  51.004 0.0000000000
60513  18.451  -30.232  47.942 0.0000000000
60514  18.519  -30.438  46.969 0.0000000000
61646  33.553  -29.444  46.182 0.0000000000
61651  33.747  -29.557  45.665 0.0000000000
61663  32.570  -29.429  44.047 0.0000000000
61671  33.717  -29.114  43.843 0.0000000000
61685  30.797  -29.593  41.258 0.0000000000
61692  31.987  -30.201  41.088 0.0000000000
61694  30.617  -29.660  40.640 0.0000000000
61706  30.267  -29.555  40.069 0.0000000000
61718  30.542  -29.748  39.379 0.0000000000
61732  30.230  -29.419  38.783 0.0000000000
61742  32.923  -29.098  37.597 0.0000000000
61745  30.991  -29.474  38.061 0.0000000000
62813  21.641  -28.380  52.378 0.0000000000
62830  33.763  -28.233  50.319 0.0000000000
62846  22.214  -29.070  49.774 0.0000000000
62850  33.552  -28.330  48.843 0.0000000000
62855  30.019  -28.161  47.887 0.0000000000
62875  32.251  -29.263  46.361 0.0000000000
62883  32.810  -29.377  45.911 0.0000000000
62886  30.968  -28.649  44.713 0.0000000000
62897  31.409  -29.178  44.298 0.0000000000
62912  30.114  -28.577  42.632 0.0000000000
62924  29.400  -28.215  41.767 0.0000000000
62933  30.329  -29.276  41.022 0.0000000000
62935  29.563  -28.348  41.434 0.0000000000
62957  29.703  -28.935  39.659 0.0000000000
62966  34.290  -29.035  38.613 0.0000000000
62968  29.737  -29.021  38.951 0.0000000000
62979  32.814  -28.877  37.271 0.0000000000
62981  29.342  -28.646  38.444 0.0000000000
63015  32.130  -28.144  35.555 0.0000000000
64133  32.654  -26.704  50.741 0.0000000000
64150  33.635  -27.867  50.501 0.0000000000
64168  22.509  -27.497  49.855 0.0000000000
64177  28.832  -27.168  48.372 0.0000000000
64190  19.641  -27.808  47.910 0.0000000000
64221  19.643  -28.234  44.407 0.0000000000
64230  35.243  -28.126  43.166 0.0000000000
64242  35.565  -28.191  42.771 0.0000000000
64266  35.351  -27.505  40.905 0.0000000000
64281  34.746  -27.728  40.277 0.0000000000
64282  28.821  -28.185  39.583 0.0000000000
64295  34.620  -27.950  39.021 0.0000000000
64313  34.650  -27.833  38.545 0.0000000000
64314  34.608  -28.177  38.082 0.0000000000
64334  33.312  -28.194  36.952 0.0000000000
65422  23.193  -25.918  50.713 0.0000000000
65432  26.793  -26.409  49.219 0.0000000000
65433  26.376  -26.109  49.817 0.0000000000
65435  22.839  -25.895  50.111 0.0000000000
65450  22.155  -27.202  49.075 0.0000000000
65463  20.403  -27.539  48.004 0.0000000000
65479  28.279  -27.173  45.412 0.0000000000
65522  36.114  -26.557  43.418 0.0000000000
65523  35.792  -26.960  43.125 0.0000000000
65561  25.720  -26.044  40.519 0.0000000000
65577  27.867  -27.234  39.643 0.0000000000
65590  34.871  -27.075  40.506 0.0000000000
66732  24.125  -25.509  50.049 0.0000000000
66733  23.823  -25.595  50.340 0.0000000000
66745  22.787  -26.017  49.724 0.0000000000
66755  24.678  -25.843  48.408 0.0000000000
66758  22.381  -26.656  49.011 0.0000000000
66780  22.897  -25.589  47.135 0.0000000000
66782  21.137  -26.641  47.297 0.0000000000
66796  24.832  -26.106  44.818 0.0000000000
66824  23.583  -26.068  42.864 0.0000000000
66832  35.955  -26.048  43.119 0.0000000000
66835  24.633  -26.055  40.531 0.0000000000
66882  24.809  -25.995  37.324 0.0000000000
68082  35.795  -25.665  42.730 0.0000000000
68083  35.401  -25.871  42.135 0.0000000000
68102  33.989  -26.116  40.329 0.0000000000
71651  34.283  -22.543  42.047 0.0000000000
71662  33.364  -22.416  40.931 0.0000000000
71704  29.948  -22.217  37.414 0.0000000000
74167  34.235  -20.739  42.525 0.0000000000
75477  33.061  -20.135  41.699 0.0000000000
75514  31.484  -19.713  39.121 0.0000000000
76737  30.922  -19.292  38.275 0.0000000000
76773  31.325  -17.086  35.782 0.0000000000
77985  31.142  -16.930  35.538 0.0000000000
78048  29.683  -16.722  30.907 0.0000000000
78081  31.074  -16.452  27.870 0.0000000000
79291  34.820  -13.489  29.516 0.0000000000
79313  35.590  -13.494  28.843 0.0000000000
80535  35.864  -12.668  31.275 0.0000000000
80544  37.272  -12.860  30.528 0.0000000000
80545  36.724  -12.754  30.741 0.0000000000
80586  35.534  -13.445  29.094 0.0000000000
81766  37.494  -12.670  30.794 0.0000000000
81784  38.531  -13.076  29.984 0.0000000000
81785  38.043  -13.007  30.432 0.0000000000
81814  37.942  -11.791  27.704 0.0000000000
81816  36.422  -12.786  27.020 0.0000000000
82943  40.811  -11.136  28.779 0.0000000000
84112  41.132  -10.856  28.862 0.0000000000
84113  40.693  -11.047  28.447 0.0000000000
84114  40.218  -11.225  28.179 0.0000000000
84125  39.805  -11.140  27.703 0.0000000000
84152  36.798  -11.328  25.520 0.0000000000
85198  42.403  -10.293  30.067 0.0000000000
85213  41.883  -10.196  28.959 0.0000000000
85223  40.463  -10.321  27.626 0.0000000000
85247  36.896  -11.063  24.844 0.0000000000
86423  42.357  -9.793  29.074 0.0000000000
87560  42.163  -9.473  28.639 0.0000000000
88756  42.482  -8.388  28.644 0.0000000000
88772  40.673  -8.309  28.146 0.0000000000
89991  40.762  -7.463  27.583 0.0000000000
91190  40.983  -6.246  26.954 0.0000000000
93624  41.225  -3.054  20.825 0.0000000000
94735  42.868  -2.420  21.776 0.0000000000
94745  41.972  -2.574  21.090 0.0000000000
94755  41.479  -2.766  20.577 0.0000000000
95963  41.856  -2.530  20.687 0.0000000000
95964  41.846  -2.638  20.932 0.0000000000
95974  41.677  -2.602  20.538 0.0000000000
95975  41.712  -2.676  20.755 0.0000000000
95981  44.035  -0.371  18.908 0.0000000000
97148  46.659  0.208  17.970 0.0000000000
97157  45.712  0.497  17.650 0.0000000000
98360  46.975  1.771  19.245 0.0000000000
98400  45.724  0.894  17.009 0.0000000000
99594  46.522  1.519  20.007 0.0000000000
99620  46.030  1.323  16.495 0.0000000000
99635  45.583  1.013  15.704 0.0000000000
99636  45.431  0.825  15.567 0.0000000000
