#!ascii label  , from subject 3527 vox2ras=TkReg
1655
46751  -40.128  -41.919  64.940 0.0000000000
67118  -51.093  -21.726  47.373 0.0000000000
52645  -41.569  -34.032  51.610 0.0000000000
38945  -9.721  -50.073  64.172 0.0000000000
46714  -26.376  -41.211  68.115 0.0000000000
46763  -6.640  -42.675  64.802 0.0000000000
46671  -6.962  -43.111  69.909 0.0000000000
58337  -47.516  -30.354  48.555 0.0000000000
49576  -9.411  -39.494  58.483 0.0000000000
38826  -6.685  -50.250  73.042 0.0000000000
46861  -40.353  -42.279  57.387 0.0000000000
43868  -35.677  -43.370  64.094 0.0000000000
45749  -34.161  -41.373  67.590 0.0000000000
69796  -53.159  -18.633  45.381 0.0000000000
53710  -45.146  -33.470  48.551 0.0000000000
44867  -22.143  -43.180  64.907 0.0000000000
54545  -6.044  -34.376  60.306 0.0000000000
42848  -11.556  -46.334  63.613 0.0000000000
42916  -11.672  -45.671  59.661 0.0000000000
40046  -9.152  -49.698  59.459 0.0000000000
41818  -14.133  -46.757  74.319 0.0000000000
42748  -10.628  -46.445  74.890 0.0000000000
52610  -40.365  -35.108  55.172 0.0000000000
46649  -31.374  -40.378  70.598 0.0000000000
46749  -30.604  -40.532  65.382 0.0000000000
45757  -5.032  -43.382  66.734 0.0000000000
42795  -10.141  -46.088  68.818 0.0000000000
63082  -49.490  -25.619  49.460 0.0000000000
40892  -17.548  -46.436  70.886 0.0000000000
42806  -20.415  -44.740  67.672 0.0000000000
48638  -7.953  -41.027  60.839 0.0000000000
43994  -10.753  -44.732  56.452 0.0000000000
47578  -10.045  -42.682  71.660 0.0000000000
42765  -9.732  -46.955  72.481 0.0000000000
39901  -7.671  -49.677  68.945 0.0000000000
46772  -41.717  -41.203  62.993 0.0000000000
44886  -39.697  -42.977  62.771 0.0000000000
45824  -41.201  -42.147  61.074 0.0000000000
44863  -38.333  -43.076  64.988 0.0000000000
43900  -37.797  -43.658  62.423 0.0000000000
44839  -37.290  -42.374  66.557 0.0000000000
68057  -51.756  -20.244  46.788 0.0000000000
65059  -47.523  -23.481  47.031 0.0000000000
67134  -49.220  -20.893  45.901 0.0000000000
68071  -50.018  -19.825  44.114 0.0000000000
52682  -43.673  -33.986  49.502 0.0000000000
52630  -39.040  -35.021  52.475 0.0000000000
52655  -40.000  -34.472  50.431 0.0000000000
52724  -42.211  -34.410  48.027 0.0000000000
40969  -11.856  -48.432  64.295 0.0000000000
40013  -11.911  -49.175  61.643 0.0000000000
39007  -9.939  -50.217  61.901 0.0000000000
39027  -7.652  -51.074  60.479 0.0000000000
38080  -7.689  -51.418  62.377 0.0000000000
39859  -14.176  -48.176  72.261 0.0000000000
39846  -12.795  -48.801  73.867 0.0000000000
52583  -40.887  -35.881  57.546 0.0000000000
48649  -41.291  -40.172  58.889 0.0000000000
48670  -39.694  -40.700  56.706 0.0000000000
50548  -39.912  -38.524  58.540 0.0000000000
51551  -38.946  -36.572  56.609 0.0000000000
48521  -33.592  -39.953  70.984 0.0000000000
44870  -33.353  -42.639  64.359 0.0000000000
45773  -32.687  -41.413  65.966 0.0000000000
69828  -52.265  -17.913  41.570 0.0000000000
70752  -52.374  -16.875  40.408 0.0000000000
45732  -5.197  -43.435  68.779 0.0000000000
42792  -7.336  -44.949  67.652 0.0000000000
43824  -7.089  -44.970  69.756 0.0000000000
61048  -48.519  -27.582  49.208 0.0000000000
56570  -44.536  -31.428  46.967 0.0000000000
58344  -45.532  -30.135  46.957 0.0000000000
61059  -46.163  -27.709  47.009 0.0000000000
43803  -18.091  -45.043  72.263 0.0000000000
42763  -19.655  -45.098  71.135 0.0000000000
49537  -6.035  -39.301  64.691 0.0000000000
50510  -6.801  -37.704  63.390 0.0000000000
47692  -7.689  -41.367  63.052 0.0000000000
41979  -11.308  -47.882  56.854 0.0000000000
43977  -11.148  -45.474  56.822 0.0000000000
43003  -9.708  -46.403  54.827 0.0000000000
48506  -11.695  -42.607  72.032 0.0000000000
39835  -8.281  -49.064  74.371 0.0000000000
42756  -9.794  -46.601  74.003 0.0000000000
40880  -7.941  -48.705  73.501 0.0000000000
40900  -9.274  -48.405  70.929 0.0000000000
39863  -6.852  -49.864  71.550 0.0000000000
46811  -41.803  -41.420  59.998 0.0000000000
47614  -35.128  -40.943  69.875 0.0000000000
45730  -36.756  -41.505  68.621 0.0000000000
44847  -35.367  -42.780  65.384 0.0000000000
69811  -54.289  -17.882  44.756 0.0000000000
68980  -51.388  -18.897  42.824 0.0000000000
55626  -46.236  -31.883  47.882 0.0000000000
53719  -43.109  -33.625  47.260 0.0000000000
47668  -25.430  -41.097  65.201 0.0000000000
45771  -24.369  -42.112  66.830 0.0000000000
52555  -7.690  -35.941  60.002 0.0000000000
42829  -7.609  -44.379  64.476 0.0000000000
42875  -8.591  -44.632  62.268 0.0000000000
42879  -10.751  -46.212  61.883 0.0000000000
41057  -11.369  -48.805  59.037 0.0000000000
41053  -8.045  -49.032  57.756 0.0000000000
45685  -14.111  -44.857  74.368 0.0000000000
46593  -12.244  -44.010  74.434 0.0000000000
41804  -12.319  -46.729  75.433 0.0000000000
39838  -10.144  -48.954  74.826 0.0000000000
52633  -40.938  -34.321  53.065 0.0000000000
51592  -39.189  -35.554  54.748 0.0000000000
46678  -29.375  -40.561  70.164 0.0000000000
46682  -33.209  -40.621  69.529 0.0000000000
46718  -31.528  -40.187  68.552 0.0000000000
47664  -28.621  -40.661  66.740 0.0000000000
49529  -4.700  -39.429  65.538 0.0000000000
48606  -4.227  -40.347  67.095 0.0000000000
44853  -5.898  -43.412  65.571 0.0000000000
42809  -7.294  -44.724  65.832 0.0000000000
42812  -9.967  -46.087  66.555 0.0000000000
40933  -10.970  -48.276  66.908 0.0000000000
65045  -50.209  -23.795  48.433 0.0000000000
64107  -47.164  -24.999  47.544 0.0000000000
44794  -15.572  -44.525  73.209 0.0000000000
40884  -16.042  -46.557  72.380 0.0000000000
40903  -15.930  -47.123  70.336 0.0000000000
44833  -23.068  -42.953  67.758 0.0000000000
43836  -22.018  -43.827  69.514 0.0000000000
42773  -20.832  -44.478  70.365 0.0000000000
41846  -19.176  -45.676  69.892 0.0000000000
40922  -16.729  -47.031  68.351 0.0000000000
53551  -5.948  -35.255  62.539 0.0000000000
50518  -7.774  -37.337  61.684 0.0000000000
49565  -8.609  -40.088  59.569 0.0000000000
44929  -8.919  -43.508  60.071 0.0000000000
45868  -9.117  -42.883  58.578 0.0000000000
46830  -9.432  -42.379  58.052 0.0000000000
47599  -8.367  -42.770  70.552 0.0000000000
46595  -10.294  -44.181  74.195 0.0000000000
45705  -9.766  -44.216  72.864 0.0000000000
43810  -8.496  -44.801  70.608 0.0000000000
43834  -9.727  -45.955  70.650 0.0000000000
40920  -10.216  -48.431  68.670 0.0000000000
39942  -8.514  -49.978  66.286 0.0000000000
37945  -5.510  -51.762  70.644 0.0000000000
38853  -5.484  -50.776  68.994 0.0000000000
38029  -7.134  -51.734  64.778 0.0000000000
46762  -41.241  -41.073  63.943 0.0000000000
47665  -40.987  -40.979  65.635 0.0000000000
45794  -39.777  -42.299  64.051 0.0000000000
45805  -40.761  -41.923  62.853 0.0000000000
45784  -39.380  -42.584  64.528 0.0000000000
44875  -39.017  -42.924  63.853 0.0000000000
46734  -39.855  -41.736  66.244 0.0000000000
45777  -39.092  -42.454  65.618 0.0000000000
67128  -51.425  -21.070  47.172 0.0000000000
66147  -49.566  -22.064  46.908 0.0000000000
67124  -47.918  -21.695  46.195 0.0000000000
66148  -50.404  -21.712  46.962 0.0000000000
68056  -50.804  -20.330  46.241 0.0000000000
52658  -42.745  -33.929  50.353 0.0000000000
52659  -43.500  -33.824  49.947 0.0000000000
53671  -42.718  -33.661  50.707 0.0000000000
52643  -39.986  -34.526  51.511 0.0000000000
52657  -41.785  -34.216  50.506 0.0000000000
52680  -41.791  -34.491  49.596 0.0000000000
39962  -10.438  -49.652  64.450 0.0000000000
39977  -10.862  -49.684  63.541 0.0000000000
38964  -9.267  -50.420  63.538 0.0000000000
38983  -8.710  -50.794  62.701 0.0000000000
38963  -8.491  -50.743  63.643 0.0000000000
39874  -14.136  -48.432  70.347 0.0000000000
38837  -13.434  -49.281  71.509 0.0000000000
50535  -41.428  -38.378  59.553 0.0000000000
49568  -40.751  -39.152  58.717 0.0000000000
51530  -40.854  -37.216  58.920 0.0000000000
51529  -40.275  -36.834  58.353 0.0000000000
70742  -52.904  -17.600  42.036 0.0000000000
70747  -52.658  -17.185  41.050 0.0000000000
71794  -54.391  -15.943  41.203 0.0000000000
45733  -5.962  -43.605  69.319 0.0000000000
43823  -6.367  -44.823  69.475 0.0000000000
44816  -6.372  -44.343  69.675 0.0000000000
59184  -47.592  -29.504  48.480 0.0000000000
60081  -49.276  -28.692  49.835 0.0000000000
57464  -45.965  -30.980  47.551 0.0000000000
57475  -44.774  -30.887  46.886 0.0000000000
59200  -46.336  -30.035  47.583 0.0000000000
59189  -46.571  -29.402  47.586 0.0000000000
45699  -19.589  -43.551  71.585 0.0000000000
44803  -20.611  -44.191  71.321 0.0000000000
46676  -26.965  -40.811  70.001 0.0000000000
46696  -25.263  -41.570  68.995 0.0000000000
51536  -9.365  -37.209  58.514 0.0000000000
47675  -6.270  -41.220  64.856 0.0000000000
48618  -7.153  -40.385  63.921 0.0000000000
46764  -7.105  -42.093  64.117 0.0000000000
41107  -8.919  -48.294  55.953 0.0000000000
42002  -10.313  -47.199  55.604 0.0000000000
42000  -8.088  -47.830  55.251 0.0000000000
48544  -12.206  -41.549  70.840 0.0000000000
47580  -12.227  -42.693  72.206 0.0000000000
39844  -7.916  -49.406  73.894 0.0000000000
40874  -8.117  -48.885  74.155 0.0000000000
40879  -7.305  -49.134  73.234 0.0000000000
39857  -7.349  -49.121  72.413 0.0000000000
39855  -6.545  -50.221  72.263 0.0000000000
46788  -41.900  -41.145  60.964 0.0000000000
45837  -41.652  -41.768  60.507 0.0000000000
47717  -42.193  -40.578  60.891 0.0000000000
48640  -41.855  -40.317  59.998 0.0000000000
44849  -36.769  -42.667  65.737 0.0000000000
44838  -36.425  -42.398  66.390 0.0000000000
43849  -35.541  -43.089  64.857 0.0000000000
44859  -34.777  -43.037  64.595 0.0000000000
69804  -53.735  -18.297  45.078 0.0000000000
68964  -51.814  -19.050  44.739 0.0000000000
68968  -50.797  -19.333  43.349 0.0000000000
68970  -52.391  -18.741  44.413 0.0000000000
69809  -52.742  -18.451  43.783 0.0000000000
54647  -45.499  -32.916  48.161 0.0000000000
55617  -47.338  -32.287  48.926 0.0000000000
54634  -46.921  -32.748  49.292 0.0000000000
52725  -43.244  -34.229  48.130 0.0000000000
52739  -42.710  -34.058  47.532 0.0000000000
53721  -44.354  -33.325  47.800 0.0000000000
54652  -44.570  -32.776  47.547 0.0000000000
54563  -6.497  -34.044  59.573 0.0000000000
53593  -7.357  -34.867  59.163 0.0000000000
53582  -6.906  -35.126  60.072 0.0000000000
42846  -9.363  -46.036  63.464 0.0000000000
42861  -9.334  -45.697  62.675 0.0000000000
42863  -11.149  -46.287  62.646 0.0000000000
40029  -11.148  -49.507  60.907 0.0000000000
40030  -12.131  -48.770  60.671 0.0000000000
40068  -10.596  -49.251  59.272 0.0000000000
41055  -9.710  -48.997  58.201 0.0000000000
40066  -8.964  -49.332  58.753 0.0000000000
40044  -7.750  -50.050  58.840 0.0000000000
43795  -14.119  -45.562  74.792 0.0000000000
43793  -13.302  -45.523  75.283 0.0000000000
41812  -13.374  -46.788  75.096 0.0000000000
38827  -11.584  -50.320  73.111 0.0000000000
38815  -11.521  -49.321  74.274 0.0000000000
38821  -10.235  -49.960  73.938 0.0000000000
38820  -9.323  -49.957  74.015 0.0000000000
52621  -40.730  -34.596  54.266 0.0000000000
52599  -40.048  -35.624  56.002 0.0000000000
51565  -38.734  -36.278  55.889 0.0000000000
52609  -39.755  -35.406  55.042 0.0000000000
52619  -39.689  -35.134  53.824 0.0000000000
47571  -30.396  -40.248  71.905 0.0000000000
46647  -29.795  -40.350  71.091 0.0000000000
46661  -30.465  -40.392  70.496 0.0000000000
45727  -34.466  -41.299  68.905 0.0000000000
46665  -34.166  -40.715  69.810 0.0000000000
45736  -33.752  -40.965  68.180 0.0000000000
46750  -31.534  -41.021  65.600 0.0000000000
46731  -31.706  -40.084  67.625 0.0000000000
46740  -30.672  -40.123  66.431 0.0000000000
46729  -29.154  -40.382  67.356 0.0000000000
46739  -29.559  -40.219  66.171 0.0000000000
47679  -27.466  -40.499  64.628 0.0000000000
47651  -4.493  -41.255  67.936 0.0000000000
46725  -4.654  -42.414  67.332 0.0000000000
46736  -5.001  -42.369  66.275 0.0000000000
44841  -5.593  -43.694  66.048 0.0000000000
42808  -6.870  -44.225  65.704 0.0000000000
43842  -6.238  -44.184  66.746 0.0000000000
42793  -8.051  -45.504  68.067 0.0000000000
42802  -8.978  -45.883  67.337 0.0000000000
42803  -10.114  -46.054  67.673 0.0000000000
42814  -11.294  -47.127  66.802 0.0000000000
42804  -10.933  -46.854  67.859 0.0000000000
64102  -50.162  -24.461  48.885 0.0000000000
64104  -51.596  -24.096  49.278 0.0000000000
64097  -51.235  -24.713  49.536 0.0000000000
62076  -47.703  -26.539  48.568 0.0000000000
62081  -46.797  -26.389  47.554 0.0000000000
63087  -47.513  -25.679  48.140 0.0000000000
64109  -48.917  -24.194  48.129 0.0000000000
45708  -16.919  -44.107  72.000 0.0000000000
41826  -17.953  -45.880  72.002 0.0000000000
42757  -16.649  -46.038  73.060 0.0000000000
40891  -16.749  -46.510  71.479 0.0000000000
40896  -15.987  -46.888  71.248 0.0000000000
40897  -16.884  -46.536  70.720 0.0000000000
44856  -22.858  -42.800  65.597 0.0000000000
45758  -23.761  -42.630  67.210 0.0000000000
44855  -22.250  -43.296  65.944 0.0000000000
42817  -20.833  -44.518  67.174 0.0000000000
43843  -21.362  -44.192  67.595 0.0000000000
42798  -20.798  -44.481  68.867 0.0000000000
43828  -21.434  -44.255  69.882 0.0000000000
42790  -20.803  -44.543  69.594 0.0000000000
42780  -20.225  -44.920  69.812 0.0000000000
41854  -19.915  -45.111  68.875 0.0000000000
40936  -17.766  -46.154  67.240 0.0000000000
54509  -6.016  -35.059  63.227 0.0000000000
50512  -7.545  -39.069  62.921 0.0000000000
50514  -7.108  -37.036  62.910 0.0000000000
49549  -8.420  -39.653  61.282 0.0000000000
49550  -8.605  -39.068  60.664 0.0000000000
48639  -8.216  -40.563  60.572 0.0000000000
42914  -10.159  -44.871  60.823 0.0000000000
43929  -9.186  -44.433  61.198 0.0000000000
43946  -10.472  -44.540  59.812 0.0000000000
44955  -9.700  -43.615  58.263 0.0000000000
44956  -10.214  -43.854  57.510 0.0000000000
46829  -8.964  -42.291  58.512 0.0000000000
45870  -10.090  -43.429  57.522 0.0000000000
46844  -10.190  -42.782  57.396 0.0000000000
47577  -9.563  -42.872  71.581 0.0000000000
44779  -11.150  -44.829  75.111 0.0000000000
46591  -11.083  -44.149  74.699 0.0000000000
44777  -10.325  -45.049  74.889 0.0000000000
42761  -9.733  -46.798  73.421 0.0000000000
44802  -10.055  -45.169  73.376 0.0000000000
43805  -9.745  -45.120  72.270 0.0000000000
44800  -9.300  -44.509  71.616 0.0000000000
43811  -9.325  -45.044  71.403 0.0000000000
43818  -8.749  -45.004  70.746 0.0000000000
42769  -9.723  -46.355  71.537 0.0000000000
39886  -8.258  -49.353  69.951 0.0000000000
40901  -9.839  -48.331  70.379 0.0000000000
39902  -8.633  -49.473  68.901 0.0000000000
40931  -9.812  -48.949  68.089 0.0000000000
39913  -8.100  -49.807  68.099 0.0000000000
37025  -5.037  -52.953  70.380 0.0000000000
38842  -5.208  -51.053  70.112 0.0000000000
47698  -42.409  -40.425  62.105 0.0000000000
44907  -39.633  -43.335  61.574 0.0000000000
44922  -40.355  -43.173  60.327 0.0000000000
45812  -40.519  -42.424  62.146 0.0000000000
46779  -41.461  -41.611  62.006 0.0000000000
43870  -37.053  -43.266  64.452 0.0000000000
44883  -38.258  -43.466  63.680 0.0000000000
43901  -38.580  -43.610  62.336 0.0000000000
44851  -38.149  -42.699  65.735 0.0000000000
68957  -52.721  -19.013  46.028 0.0000000000
67132  -47.405  -21.306  45.356 0.0000000000
67142  -47.925  -20.845  44.553 0.0000000000
68076  -49.043  -20.141  43.352 0.0000000000
68062  -49.545  -20.343  45.321 0.0000000000
68063  -50.731  -19.754  45.367 0.0000000000
53700  -44.425  -33.867  48.821 0.0000000000
53689  -45.333  -33.494  49.512 0.0000000000
53674  -45.025  -33.492  49.792 0.0000000000
54624  -45.112  -33.236  50.144 0.0000000000
51603  -37.955  -35.564  52.937 0.0000000000
52629  -38.405  -35.109  52.069 0.0000000000
52654  -39.050  -34.568  50.296 0.0000000000
52678  -39.872  -34.526  49.416 0.0000000000
52702  -40.580  -34.533  48.624 0.0000000000
52679  -40.836  -34.524  49.530 0.0000000000
52704  -42.579  -34.513  48.809 0.0000000000
42835  -12.224  -47.208  64.037 0.0000000000
41882  -12.455  -47.639  63.037 0.0000000000
39979  -12.096  -48.883  63.019 0.0000000000
39008  -10.684  -49.902  61.985 0.0000000000
39029  -9.531  -50.163  61.032 0.0000000000
39053  -7.908  -50.413  59.711 0.0000000000
39028  -8.489  -50.471  60.568 0.0000000000
39004  -7.297  -51.594  61.197 0.0000000000
39853  -14.182  -47.781  73.097 0.0000000000
39842  -13.379  -47.702  74.286 0.0000000000
39852  -13.552  -48.681  73.039 0.0000000000
52600  -40.543  -35.395  56.124 0.0000000000
48673  -40.676  -41.329  57.993 0.0000000000
48686  -40.241  -41.477  56.970 0.0000000000
48661  -40.615  -40.397  57.883 0.0000000000
49598  -39.993  -40.274  57.333 0.0000000000
49582  -38.856  -39.167  57.742 0.0000000000
51540  -39.081  -36.977  57.555 0.0000000000
51541  -39.922  -36.473  57.495 0.0000000000
47592  -32.846  -40.218  70.752 0.0000000000
44845  -33.972  -41.993  65.817 0.0000000000
45761  -33.434  -41.337  66.711 0.0000000000
45782  -32.694  -41.910  65.131 0.0000000000
45781  -32.148  -41.749  64.933 0.0000000000
69826  -51.064  -18.290  40.465 0.0000000000
70750  -50.826  -17.305  39.540 0.0000000000
71796  -50.747  -16.691  39.145 0.0000000000
72827  -51.370  -15.638  38.698 0.0000000000
45744  -4.809  -43.384  67.899 0.0000000000
43838  -6.029  -44.452  67.630 0.0000000000
43830  -6.155  -44.891  68.683 0.0000000000
42783  -7.126  -45.057  68.689 0.0000000000
42784  -8.093  -45.244  69.192 0.0000000000
62077  -48.485  -26.646  49.222 0.0000000000
62073  -50.093  -26.669  50.318 0.0000000000
58370  -43.481  -30.564  45.963 0.0000000000
59207  -44.668  -29.405  46.382 0.0000000000
60110  -44.873  -28.373  46.415 0.0000000000
60100  -45.474  -28.895  46.708 0.0000000000
61051  -47.321  -27.424  48.106 0.0000000000
45697  -17.048  -44.325  72.271 0.0000000000
45698  -18.275  -44.127  71.842 0.0000000000
42759  -18.737  -45.420  71.867 0.0000000000
41832  -18.778  -45.799  71.269 0.0000000000
42826  -20.218  -44.741  65.699 0.0000000000
41858  -19.080  -45.338  67.135 0.0000000000
51476  -5.283  -37.110  64.175 0.0000000000
51493  -5.955  -36.721  63.365 0.0000000000
49539  -6.735  -39.128  63.938 0.0000000000
49540  -7.326  -39.762  63.477 0.0000000000
48630  -7.903  -41.012  61.661 0.0000000000
41960  -12.058  -47.387  57.765 0.0000000000
43962  -11.277  -44.991  58.147 0.0000000000
42960  -11.310  -46.146  56.594 0.0000000000
43995  -10.671  -45.778  55.763 0.0000000000
44012  -10.248  -46.037  55.199 0.0000000000
48560  -11.632  -40.986  70.191 0.0000000000
48543  -11.431  -41.538  70.848 0.0000000000
47579  -10.557  -42.603  71.681 0.0000000000
40860  -9.687  -48.057  74.817 0.0000000000
42752  -10.202  -46.321  74.332 0.0000000000
41816  -9.018  -48.243  74.471 0.0000000000
41823  -9.265  -47.631  74.139 0.0000000000
41834  -8.987  -48.007  72.480 0.0000000000
41835  -9.360  -47.627  72.098 0.0000000000
40894  -8.339  -48.548  71.962 0.0000000000
39873  -8.069  -48.992  70.955 0.0000000000
39885  -7.061  -49.739  69.755 0.0000000000
44962  -40.542  -42.848  57.935 0.0000000000
44923  -41.012  -42.649  60.219 0.0000000000
45861  -41.214  -42.285  59.335 0.0000000000
46838  -41.072  -41.780  58.785 0.0000000000
47735  -41.428  -40.901  59.249 0.0000000000
49570  -41.607  -39.171  59.726 0.0000000000
45739  -35.676  -41.714  68.235 0.0000000000
45753  -36.938  -41.943  67.528 0.0000000000
44828  -35.965  -42.190  66.976 0.0000000000
45764  -35.062  -41.838  67.052 0.0000000000
44858  -34.070  -42.622  64.881 0.0000000000
68089  -49.812  -19.592  41.802 0.0000000000
69819  -51.924  -18.513  42.446 0.0000000000
70732  -53.585  -17.609  42.893 0.0000000000
57455  -47.092  -31.007  48.375 0.0000000000
58323  -48.760  -30.364  49.638 0.0000000000
56554  -48.109  -31.164  49.246 0.0000000000
52723  -41.184  -34.447  47.902 0.0000000000
54659  -43.577  -32.751  46.874 0.0000000000
55631  -45.123  -31.717  47.331 0.0000000000
47654  -26.080  -41.187  66.695 0.0000000000
46726  -25.332  -41.510  67.049 0.0000000000
46738  -24.745  -41.760  65.991 0.0000000000
45780  -23.407  -42.398  65.146 0.0000000000
52565  -7.988  -35.760  59.238 0.0000000000
51527  -8.772  -37.069  59.173 0.0000000000
43871  -7.258  -43.655  64.562 0.0000000000
43908  -7.533  -43.530  63.600 0.0000000000
42859  -8.312  -44.512  62.979 0.0000000000
42877  -9.377  -45.422  61.994 0.0000000000
42896  -10.934  -45.959  60.893 0.0000000000
41014  -12.557  -47.680  61.562 0.0000000000
41928  -12.655  -47.025  59.898 0.0000000000
41942  -12.404  -47.342  58.789 0.0000000000
41077  -11.429  -48.458  57.910 0.0000000000
46606  -12.804  -43.446  73.601 0.0000000000
45689  -13.042  -44.099  74.110 0.0000000000
44774  -12.235  -45.219  75.332 0.0000000000
42742  -11.434  -46.224  75.313 0.0000000000
39834  -12.618  -47.607  74.869 0.0000000000
39832  -11.357  -48.244  75.111 0.0000000000
40861  -10.257  -47.883  75.099 0.0000000000
39837  -9.380  -48.998  74.747 0.0000000000
38811  -8.322  -49.389  74.219 0.0000000000
37920  -7.309  -50.476  73.235 0.0000000000
53661  -42.175  -33.669  51.485 0.0000000000
53660  -41.461  -33.966  52.393 0.0000000000
47761  -39.638  -41.713  56.058 0.0000000000
51590  -37.830  -35.804  53.965 0.0000000000
52632  -40.547  -34.552  52.786 0.0000000000
46659  -28.574  -40.616  70.754 0.0000000000
46698  -28.012  -40.797  69.290 0.0000000000
48534  -34.538  -40.321  70.599 0.0000000000
47612  -33.544  -40.463  70.298 0.0000000000
46663  -32.278  -40.541  70.179 0.0000000000
45747  -33.033  -40.836  67.295 0.0000000000
46702  -32.369  -40.432  69.121 0.0000000000
46680  -31.306  -40.466  69.815 0.0000000000
46700  -30.363  -40.371  69.453 0.0000000000
46716  -29.179  -40.431  68.492 0.0000000000
47656  -27.826  -41.008  67.316 0.0000000000
47669  -26.536  -40.835  65.384 0.0000000000
73805  -51.857  -14.845  37.663 0.0000000000
73817  -52.026  -14.562  36.726 0.0000000000
72842  -52.939  -14.524  35.398 0.0000000000
49536  -5.402  -39.423  65.112 0.0000000000
47674  -5.696  -41.338  65.284 0.0000000000
49516  -4.237  -39.392  66.420 0.0000000000
47667  -5.020  -41.403  65.814 0.0000000000
45779  -5.961  -42.900  65.333 0.0000000000
42818  -6.998  -44.027  65.078 0.0000000000
42819  -7.336  -44.604  65.061 0.0000000000
42821  -8.592  -46.126  65.215 0.0000000000
42800  -7.368  -44.765  66.689 0.0000000000
42811  -8.807  -46.032  66.272 0.0000000000
42823  -10.930  -46.277  65.697 0.0000000000
41867  -11.722  -47.636  65.082 0.0000000000
40956  -11.391  -48.488  65.281 0.0000000000
39944  -10.324  -49.410  65.556 0.0000000000
66140  -51.450  -22.578  48.206 0.0000000000
61068  -44.970  -27.750  46.418 0.0000000000
62088  -44.954  -26.087  46.477 0.0000000000
64113  -45.115  -24.796  46.572 0.0000000000
64116  -47.501  -24.227  47.349 0.0000000000
65051  -48.649  -23.463  47.517 0.0000000000
44788  -14.650  -44.853  73.876 0.0000000000
42751  -14.833  -45.800  74.231 0.0000000000
44791  -16.928  -45.005  73.134 0.0000000000
42754  -16.279  -45.755  73.333 0.0000000000
40877  -15.246  -46.740  73.282 0.0000000000
39875  -14.803  -47.730  70.655 0.0000000000
45759  -24.422  -42.103  67.628 0.0000000000
45734  -23.647  -42.520  68.928 0.0000000000
44822  -23.103  -42.950  69.390 0.0000000000
43848  -21.833  -43.804  67.143 0.0000000000
44825  -22.500  -43.356  68.305 0.0000000000
44817  -22.615  -43.408  69.804 0.0000000000
43829  -22.045  -43.843  70.168 0.0000000000
43814  -21.602  -43.871  70.878 0.0000000000
43809  -21.451  -43.832  71.077 0.0000000000
42768  -20.203  -44.734  70.798 0.0000000000
41838  -19.221  -45.619  70.716 0.0000000000
41841  -18.627  -46.010  70.175 0.0000000000
41852  -19.111  -45.477  68.045 0.0000000000
40912  -18.256  -46.064  69.035 0.0000000000
40905  -18.070  -46.206  69.773 0.0000000000
40910  -16.439  -47.051  69.308 0.0000000000
54537  -5.793  -34.602  61.082 0.0000000000
52536  -6.149  -35.709  62.478 0.0000000000
52544  -6.479  -35.432  61.593 0.0000000000
51518  -7.097  -35.686  61.085 0.0000000000
51520  -7.603  -36.288  60.719 0.0000000000
50524  -8.816  -38.238  59.620 0.0000000000
49566  -8.948  -39.554  59.154 0.0000000000
44901  -7.811  -43.621  62.396 0.0000000000
45831  -7.765  -42.637  61.674 0.0000000000
46803  -7.789  -42.227  60.106 0.0000000000
43960  -9.930  -43.971  59.366 0.0000000000
45855  -8.514  -42.810  59.281 0.0000000000
47731  -8.003  -41.855  59.386 0.0000000000
47733  -8.564  -41.475  58.777 0.0000000000
47734  -8.790  -41.058  58.631 0.0000000000
48656  -9.069  -40.504  58.612 0.0000000000
46832  -10.212  -42.157  57.511 0.0000000000
47542  -11.919  -42.920  73.335 0.0000000000
47541  -11.407  -43.024  73.324 0.0000000000
47554  -10.113  -43.181  72.748 0.0000000000
43797  -10.162  -45.227  74.072 0.0000000000
45706  -9.962  -44.102  73.397 0.0000000000
47553  -9.663  -43.341  72.113 0.0000000000
46617  -9.214  -43.834  71.753 0.0000000000
45715  -8.264  -43.915  70.774 0.0000000000
45720  -7.505  -43.981  70.354 0.0000000000
43817  -7.676  -44.736  70.151 0.0000000000
43825  -8.221  -45.082  70.052 0.0000000000
42786  -10.043  -46.154  70.008 0.0000000000
41843  -9.908  -47.827  70.881 0.0000000000
42787  -10.236  -47.167  70.072 0.0000000000
42796  -10.534  -46.937  69.125 0.0000000000
40932  -10.433  -48.579  67.500 0.0000000000
39928  -9.988  -49.337  66.579 0.0000000000
39943  -9.175  -49.880  65.643 0.0000000000
37927  -6.853  -51.045  72.673 0.0000000000
37935  -6.811  -51.486  71.907 0.0000000000
38831  -6.551  -50.748  71.732 0.0000000000
39862  -6.421  -50.417  71.204 0.0000000000
39883  -5.569  -50.533  69.754 0.0000000000
39899  -6.157  -50.051  68.862 0.0000000000
38869  -5.775  -51.085  67.798 0.0000000000
38888  -6.895  -50.254  67.675 0.0000000000
38903  -7.328  -50.508  66.659 0.0000000000
38922  -8.076  -50.495  65.603 0.0000000000
38943  -8.267  -50.700  64.537 0.0000000000
38045  -7.331  -51.694  63.799 0.0000000000
37176  -6.686  -52.663  62.785 0.0000000000
46752  -40.598  -41.472  64.668 0.0000000000
46753  -40.993  -41.175  64.575 0.0000000000
47672  -40.881  -41.248  65.032 0.0000000000
45786  -40.266  -41.772  64.733 0.0000000000
45795  -40.267  -41.806  63.975 0.0000000000
45785  -39.901  -42.128  65.001 0.0000000000
46743  -40.141  -41.787  65.450 0.0000000000
45778  -39.632  -42.014  65.923 0.0000000000
46744  -40.488  -41.470  65.560 0.0000000000
67119  -51.872  -21.252  47.643 0.0000000000
68052  -52.473  -20.695  47.679 0.0000000000
66139  -50.340  -22.573  47.498 0.0000000000
67127  -50.935  -21.041  46.799 0.0000000000
52646  -42.270  -33.757  50.973 0.0000000000
52644  -40.802  -34.356  51.582 0.0000000000
38965  -10.062  -50.087  63.522 0.0000000000
38857  -13.628  -48.959  70.003 0.0000000000
50534  -41.032  -38.359  59.155 0.0000000000
46692  -6.257  -43.058  69.501 0.0000000000
45724  -6.654  -43.798  69.821 0.0000000000
59185  -48.100  -29.693  48.858 0.0000000000
59175  -48.548  -29.521  49.244 0.0000000000
58334  -48.429  -30.190  49.226 0.0000000000
58336  -46.893  -30.494  48.168 0.0000000000
58346  -46.413  -30.433  47.763 0.0000000000
59190  -47.025  -29.673  48.067 0.0000000000
46627  -20.810  -42.391  71.452 0.0000000000
45700  -20.780  -43.210  71.550 0.0000000000
44799  -21.053  -43.441  71.458 0.0000000000
46697  -26.680  -41.118  69.125 0.0000000000
50531  -9.215  -38.339  58.870 0.0000000000
50542  -9.625  -38.374  58.178 0.0000000000
46755  -6.609  -41.735  64.663 0.0000000000
47683  -6.827  -41.200  64.401 0.0000000000
47581  -12.771  -42.671  71.903 0.0000000000
38817  -7.369  -49.910  73.413 0.0000000000
39843  -7.490  -49.529  73.529 0.0000000000
39850  -6.996  -49.781  73.144 0.0000000000
40886  -7.085  -49.356  72.868 0.0000000000
39849  -6.212  -49.924  72.937 0.0000000000
47706  -42.316  -40.482  61.471 0.0000000000
47705  -42.049  -40.885  61.010 0.0000000000
48632  -42.434  -40.079  61.239 0.0000000000
43859  -36.542  -43.043  65.008 0.0000000000
43850  -35.935  -42.981  65.144 0.0000000000
43858  -35.857  -43.196  64.663 0.0000000000
68965  -52.494  -18.831  45.165 0.0000000000
69803  -53.063  -18.504  44.662 0.0000000000
54648  -46.121  -32.840  48.443 0.0000000000
54642  -45.836  -33.208  48.683 0.0000000000
53699  -43.978  -33.982  48.364 0.0000000000
53708  -43.932  -33.785  47.894 0.0000000000
53709  -44.607  -33.524  48.195 0.0000000000
54646  -44.828  -33.071  47.916 0.0000000000
56417  -5.905  -33.484  59.894 0.0000000000
54554  -6.395  -34.307  59.861 0.0000000000
53591  -6.872  -34.893  59.779 0.0000000000
53581  -6.559  -34.813  60.113 0.0000000000
42847  -10.443  -46.184  63.562 0.0000000000
40028  -10.178  -49.800  60.503 0.0000000000
40048  -10.740  -49.455  59.964 0.0000000000
40047  -9.969  -49.629  59.705 0.0000000000
40067  -9.823  -49.321  58.973 0.0000000000
40045  -8.332  -49.840  59.300 0.0000000000
42750  -14.337  -45.892  74.695 0.0000000000
42749  -14.051  -46.067  75.021 0.0000000000
41813  -13.942  -46.454  74.775 0.0000000000
38822  -11.259  -50.005  73.596 0.0000000000
52611  -40.726  -34.878  55.369 0.0000000000
45892  -40.434  -42.685  57.578 0.0000000000
47572  -31.165  -39.963  71.562 0.0000000000
47590  -31.007  -40.207  71.132 0.0000000000
46648  -30.616  -40.306  70.837 0.0000000000
45738  -34.920  -41.607  68.309 0.0000000000
45737  -34.205  -41.248  68.401 0.0000000000
46748  -29.573  -40.223  65.106 0.0000000000
47680  -28.511  -40.360  64.877 0.0000000000
46758  -29.406  -40.476  64.151 0.0000000000
43841  -5.859  -44.086  66.289 0.0000000000
44831  -5.453  -43.988  66.644 0.0000000000
42794  -9.082  -45.698  68.427 0.0000000000
64101  -49.133  -24.790  48.740 0.0000000000
63083  -50.538  -24.939  49.376 0.0000000000
63081  -48.280  -25.677  48.843 0.0000000000
63080  -47.735  -25.928  48.623 0.0000000000
41836  -17.582  -46.395  71.184 0.0000000000
41831  -17.465  -46.287  71.678 0.0000000000
44843  -22.904  -42.944  66.720 0.0000000000
42807  -20.861  -44.493  68.051 0.0000000000
42797  -20.349  -44.776  68.505 0.0000000000
41860  -20.021  -44.982  68.146 0.0000000000
53533  -5.750  -35.651  63.320 0.0000000000
49547  -8.095  -39.912  62.036 0.0000000000
50516  -7.935  -38.941  62.358 0.0000000000
48631  -8.101  -40.504  61.406 0.0000000000
42915  -10.799  -45.218  60.112 0.0000000000
44967  -10.598  -43.977  56.723 0.0000000000
48525  -10.155  -42.345  71.246 0.0000000000
43784  -10.897  -45.853  75.128 0.0000000000
43792  -10.768  -45.225  75.024 0.0000000000
43791  -10.554  -45.464  74.738 0.0000000000
43812  -9.795  -45.777  72.440 0.0000000000
43806  -9.965  -45.646  73.190 0.0000000000
43819  -9.590  -45.650  71.587 0.0000000000
39887  -8.977  -49.242  69.479 0.0000000000
34980  -5.112  -54.460  70.020 0.0000000000
35981  -5.235  -53.466  70.393 0.0000000000
35994  -4.978  -53.653  70.040 0.0000000000
47690  -42.160  -40.805  62.485 0.0000000000
44906  -39.349  -43.387  61.952 0.0000000000
44895  -39.892  -42.890  62.204 0.0000000000
46771  -41.378  -41.572  62.541 0.0000000000
44862  -37.620  -43.058  65.136 0.0000000000
44873  -37.931  -43.382  64.367 0.0000000000
44885  -39.377  -43.119  63.017 0.0000000000
44884  -38.782  -43.386  63.221 0.0000000000
44893  -39.147  -43.401  62.391 0.0000000000
44852  -38.618  -42.734  65.421 0.0000000000
45776  -38.562  -42.551  65.835 0.0000000000
68951  -52.217  -19.504  46.366 0.0000000000
68958  -53.178  -19.088  46.602 0.0000000000
68952  -52.602  -19.594  46.755 0.0000000000
65058  -46.608  -23.486  46.643 0.0000000000
66144  -46.274  -22.711  46.221 0.0000000000
66145  -47.215  -22.515  46.446 0.0000000000
67125  -48.925  -21.505  46.340 0.0000000000
67133  -48.518  -20.895  45.442 0.0000000000
67141  -47.136  -21.042  44.377 0.0000000000
68061  -48.900  -20.490  44.930 0.0000000000
68069  -48.548  -20.603  44.616 0.0000000000
68064  -51.244  -19.838  46.090 0.0000000000
68956  -51.771  -19.349  45.738 0.0000000000
52706  -43.986  -34.077  49.077 0.0000000000
53688  -44.551  -33.745  49.433 0.0000000000
53672  -43.522  -33.572  50.246 0.0000000000
53673  -44.429  -33.514  49.931 0.0000000000
54623  -44.340  -33.197  50.258 0.0000000000
52642  -39.111  -34.662  51.369 0.0000000000
52681  -42.740  -34.301  49.596 0.0000000000
52705  -43.566  -34.242  48.882 0.0000000000
41872  -12.123  -47.619  64.289 0.0000000000
40970  -12.244  -48.141  63.820 0.0000000000
40984  -12.094  -48.617  63.561 0.0000000000
38985  -10.385  -50.021  62.715 0.0000000000
39995  -11.134  -49.660  62.676 0.0000000000
39030  -10.383  -49.888  61.302 0.0000000000
39006  -9.027  -50.599  61.756 0.0000000000
39005  -7.970  -51.117  61.738 0.0000000000
38079  -7.352  -51.682  62.039 0.0000000000
38078  -6.877  -52.066  61.395 0.0000000000
52590  -40.716  -35.651  56.876 0.0000000000
48662  -41.067  -40.633  58.478 0.0000000000
48672  -40.615  -41.091  57.628 0.0000000000
49567  -40.435  -39.022  58.582 0.0000000000
49583  -40.086  -39.477  58.168 0.0000000000
50547  -39.265  -38.214  58.309 0.0000000000
52571  -40.659  -36.197  57.888 0.0000000000
48520  -32.322  -39.537  71.548 0.0000000000
47574  -32.935  -39.998  71.003 0.0000000000
44857  -33.585  -42.196  65.299 0.0000000000
45774  -33.392  -41.713  65.921 0.0000000000
45783  -33.123  -42.048  65.220 0.0000000000
68986  -51.142  -18.678  41.329 0.0000000000
68985  -50.570  -18.737  40.638 0.0000000000
69827  -51.595  -18.148  40.949 0.0000000000
70751  -51.699  -17.330  40.166 0.0000000000
71797  -51.493  -16.396  39.475 0.0000000000
71792  -52.893  -16.256  40.387 0.0000000000
44824  -5.603  -44.416  68.272 0.0000000000
44820  -5.769  -44.286  68.993 0.0000000000
43831  -6.695  -44.996  69.267 0.0000000000
42774  -7.227  -45.046  69.355 0.0000000000
62072  -49.512  -26.565  49.933 0.0000000000
61042  -48.967  -27.886  49.612 0.0000000000
56581  -43.817  -31.380  46.510 0.0000000000
58357  -45.315  -30.547  46.988 0.0000000000
57474  -44.304  -30.686  46.513 0.0000000000
58356  -44.875  -30.275  46.650 0.0000000000
59198  -45.356  -29.690  46.753 0.0000000000
60087  -47.669  -28.967  48.521 0.0000000000
60092  -47.198  -28.415  48.019 0.0000000000
61047  -47.881  -27.744  48.657 0.0000000000
45710  -18.861  -43.635  71.596 0.0000000000
42760  -19.496  -45.059  71.600 0.0000000000
43804  -19.281  -44.797  71.840 0.0000000000
42762  -19.003  -45.573  71.457 0.0000000000
41833  -19.390  -45.456  70.895 0.0000000000
42815  -19.929  -45.018  65.937 0.0000000000
41871  -19.360  -45.216  65.571 0.0000000000
50504  -5.267  -37.739  64.526 0.0000000000
50505  -5.809  -38.082  64.238 0.0000000000
47684  -7.344  -41.294  63.773 0.0000000000
48621  -7.586  -40.805  63.283 0.0000000000
48622  -7.702  -40.406  62.897 0.0000000000
47700  -7.820  -41.459  62.148 0.0000000000
42961  -11.601  -46.644  56.899 0.0000000000
42982  -11.125  -47.246  56.378 0.0000000000
42001  -9.357  -47.623  55.404 0.0000000000
43004  -10.277  -46.624  55.359 0.0000000000
43024  -8.773  -46.855  54.548 0.0000000000
48528  -12.026  -42.232  71.549 0.0000000000
48527  -11.291  -42.205  71.311 0.0000000000
48505  -11.119  -42.636  71.875 0.0000000000
40868  -9.197  -48.358  74.719 0.0000000000
40867  -8.595  -48.723  74.484 0.0000000000
41828  -8.270  -48.596  73.794 0.0000000000
41829  -8.908  -48.014  73.502 0.0000000000
40881  -8.389  -48.276  73.102 0.0000000000
40888  -8.058  -48.521  72.745 0.0000000000
39864  -7.541  -49.122  71.763 0.0000000000
39872  -7.367  -49.530  70.769 0.0000000000
44961  -40.478  -43.155  58.098 0.0000000000
44909  -40.734  -42.625  60.836 0.0000000000
45850  -41.707  -41.947  60.049 0.0000000000
45862  -41.546  -41.811  59.596 0.0000000000
46822  -41.259  -41.945  59.121 0.0000000000
46823  -41.484  -41.437  59.413 0.0000000000
46839  -41.248  -41.330  59.017 0.0000000000
49558  -41.866  -39.700  60.078 0.0000000000
43899  -36.865  -43.599  62.583 0.0000000000
46686  -36.343  -41.308  69.130 0.0000000000
45728  -35.188  -41.494  68.821 0.0000000000
45754  -37.673  -42.158  67.233 0.0000000000
44830  -37.202  -42.178  67.109 0.0000000000
44837  -35.706  -42.382  66.265 0.0000000000
44827  -35.436  -42.071  66.828 0.0000000000
44836  -35.034  -42.197  66.309 0.0000000000
44835  -34.431  -41.963  66.220 0.0000000000
44846  -34.614  -42.487  65.534 0.0000000000
44871  -34.083  -43.154  63.790 0.0000000000
70713  -54.630  -17.410  43.894 0.0000000000
68077  -49.864  -19.668  42.844 0.0000000000
68979  -50.616  -19.274  42.349 0.0000000000
68983  -51.226  -18.835  41.998 0.0000000000
69810  -53.707  -18.093  44.172 0.0000000000
69821  -53.335  -18.038  43.475 0.0000000000
70712  -53.840  -17.798  43.613 0.0000000000
56557  -46.867  -31.645  48.268 0.0000000000
56558  -47.549  -31.282  48.768 0.0000000000
55622  -47.235  -31.859  48.573 0.0000000000
55606  -47.477  -32.443  49.653 0.0000000000
55607  -48.101  -31.976  49.713 0.0000000000
54625  -45.662  -33.292  49.928 0.0000000000
54633  -46.135  -33.191  49.401 0.0000000000
52722  -40.188  -34.449  47.813 0.0000000000
53730  -42.922  -33.323  46.795 0.0000000000
55625  -45.425  -32.320  47.702 0.0000000000
55624  -44.842  -32.408  47.486 0.0000000000
56563  -46.414  -31.350  47.929 0.0000000000
47661  -25.787  -41.222  66.122 0.0000000000
46747  -24.541  -41.609  65.005 0.0000000000
46746  -23.877  -41.971  64.717 0.0000000000
54566  -7.312  -34.161  58.708 0.0000000000
52564  -7.441  -35.414  59.659 0.0000000000
42828  -7.329  -44.136  64.764 0.0000000000
42843  -7.772  -44.164  63.946 0.0000000000
42844  -8.281  -44.677  63.706 0.0000000000
42878  -9.947  -45.998  61.789 0.0000000000
41000  -12.511  -48.055  62.375 0.0000000000
41892  -12.428  -47.282  62.491 0.0000000000
40014  -12.385  -48.507  61.614 0.0000000000
41039  -11.937  -48.541  59.735 0.0000000000
41027  -12.269  -48.298  60.144 0.0000000000
41040  -12.389  -47.925  59.659 0.0000000000
41058  -12.040  -48.240  58.992 0.0000000000
41961  -12.063  -48.061  58.333 0.0000000000
41078  -11.732  -48.404  58.552 0.0000000000
41054  -8.836  -48.989  57.978 0.0000000000
41075  -9.621  -48.825  57.315 0.0000000000
39052  -7.426  -50.972  59.199 0.0000000000
46600  -13.193  -43.884  73.797 0.0000000000
45690  -13.507  -44.301  74.045 0.0000000000
42744  -12.773  -46.226  75.444 0.0000000000
44775  -12.825  -45.350  75.323 0.0000000000
43787  -12.536  -45.732  75.433 0.0000000000
43786  -11.876  -45.655  75.393 0.0000000000
41803  -11.579  -46.882  75.388 0.0000000000
39841  -12.858  -47.956  74.472 0.0000000000
39839  -10.998  -48.855  74.778 0.0000000000
39831  -10.549  -48.357  75.074 0.0000000000
40862  -10.937  -47.775  75.329 0.0000000000
39830  -9.853  -48.482  74.895 0.0000000000
38812  -8.932  -49.435  74.429 0.0000000000
38819  -8.508  -49.934  73.938 0.0000000000
38818  -7.984  -50.093  73.867 0.0000000000
47762  -39.964  -41.808  56.415 0.0000000000
48685  -39.944  -41.289  56.462 0.0000000000
51578  -39.133  -35.774  55.401 0.0000000000
51564  -38.125  -36.642  55.628 0.0000000000
51577  -38.609  -35.933  55.165 0.0000000000
51591  -38.711  -35.568  54.201 0.0000000000
52620  -40.327  -34.820  54.039 0.0000000000
46660  -29.562  -40.452  70.683 0.0000000000
46677  -28.259  -40.706  70.133 0.0000000000
46664  -33.318  -40.593  69.955 0.0000000000
47611  -32.652  -40.403  70.465 0.0000000000
46681  -32.292  -40.548  69.677 0.0000000000
45760  -32.922  -41.121  66.665 0.0000000000
46719  -32.577  -40.380  68.240 0.0000000000
46701  -31.414  -40.386  69.301 0.0000000000
46717  -30.410  -40.106  68.654 0.0000000000
47657  -28.558  -40.798  67.224 0.0000000000
46728  -28.391  -40.879  67.534 0.0000000000
47663  -27.670  -40.889  66.496 0.0000000000
47678  -26.305  -40.597  64.370 0.0000000000
72828  -52.296  -15.101  38.732 0.0000000000
72832  -51.487  -15.108  37.845 0.0000000000
72833  -51.818  -15.125  38.279 0.0000000000
73818  -52.710  -14.465  36.297 0.0000000000
50467  -4.363  -38.392  65.771 0.0000000000
48613  -5.178  -40.410  65.453 0.0000000000
49500  -4.083  -39.305  67.514 0.0000000000
45769  -5.505  -43.079  65.838 0.0000000000
46745  -5.571  -42.266  65.538 0.0000000000
44866  -6.469  -43.220  65.222 0.0000000000
44854  -6.203  -43.408  65.435 0.0000000000
42820  -7.682  -45.480  65.036 0.0000000000
42782  -6.668  -44.696  68.052 0.0000000000
42791  -6.771  -44.381  67.240 0.0000000000
42822  -9.796  -46.151  65.465 0.0000000000
42824  -11.482  -46.935  65.884 0.0000000000
41856  -11.233  -47.750  66.800 0.0000000000
41861  -11.461  -47.699  66.035 0.0000000000
40944  -11.198  -48.353  66.225 0.0000000000
40955  -10.994  -48.911  65.748 0.0000000000
65053  -50.640  -23.250  48.182 0.0000000000
65054  -51.167  -23.273  48.457 0.0000000000
61058  -45.579  -27.742  46.658 0.0000000000
63086  -46.957  -25.680  47.575 0.0000000000
62089  -45.616  -26.522  46.706 0.0000000000
63092  -46.333  -25.615  47.183 0.0000000000
63091  -45.483  -25.507  46.740 0.0000000000
64115  -46.829  -24.372  47.112 0.0000000000
64110  -49.635  -24.126  48.437 0.0000000000
65052  -49.677  -23.464  47.935 0.0000000000
45692  -15.211  -44.515  73.329 0.0000000000
44789  -15.185  -44.879  73.629 0.0000000000
44785  -14.694  -45.216  74.096 0.0000000000
43798  -14.969  -45.402  73.973 0.0000000000
44796  -17.337  -44.697  72.577 0.0000000000
43802  -17.203  -45.211  72.900 0.0000000000
41825  -16.567  -46.264  72.706 0.0000000000
41824  -15.781  -46.453  73.133 0.0000000000
41820  -15.457  -46.239  73.634 0.0000000000
40883  -15.014  -47.078  72.746 0.0000000000
40890  -15.604  -46.832  72.007 0.0000000000
39876  -15.343  -47.310  71.135 0.0000000000
40902  -15.215  -47.563  70.063 0.0000000000
46713  -25.235  -41.615  68.016 0.0000000000
45745  -23.729  -42.601  68.111 0.0000000000
44826  -23.088  -42.971  68.615 0.0000000000
43855  -21.688  -43.726  66.301 0.0000000000
43847  -21.262  -44.179  66.725 0.0000000000
43840  -21.953  -43.755  68.781 0.0000000000
43844  -21.915  -43.776  67.974 0.0000000000
44821  -22.552  -43.389  69.091 0.0000000000
44814  -22.651  -43.291  70.442 0.0000000000
43821  -21.279  -44.224  70.463 0.0000000000
43813  -20.780  -44.401  70.781 0.0000000000
43808  -20.733  -44.332  71.051 0.0000000000
43820  -20.654  -44.520  70.584 0.0000000000
42779  -19.670  -45.335  69.829 0.0000000000
42771  -19.699  -45.244  70.352 0.0000000000
41842  -19.147  -45.697  70.324 0.0000000000
40937  -18.570  -45.652  67.498 0.0000000000
40923  -17.554  -46.360  68.260 0.0000000000
40911  -17.363  -46.460  69.151 0.0000000000
40904  -17.091  -46.478  69.971 0.0000000000
55466  -6.303  -34.020  62.734 0.0000000000
55471  -5.842  -33.535  61.880 0.0000000000
54527  -5.832  -34.332  61.775 0.0000000000
52525  -5.876  -35.890  63.079 0.0000000000
51502  -7.209  -36.815  62.488 0.0000000000
51501  -6.715  -36.397  62.500 0.0000000000
51509  -6.879  -35.865  61.550 0.0000000000
51519  -7.176  -35.824  61.059 0.0000000000
51511  -7.935  -37.119  61.081 0.0000000000
49557  -8.691  -39.222  59.921 0.0000000000
50520  -8.571  -38.202  60.420 0.0000000000
43890  -7.905  -44.218  63.073 0.0000000000
44900  -7.575  -43.278  63.078 0.0000000000
43910  -8.238  -44.341  62.430 0.0000000000
43944  -8.933  -43.982  60.750 0.0000000000
43943  -8.353  -43.883  61.349 0.0000000000
44928  -8.246  -43.391  60.648 0.0000000000
46793  -7.708  -42.157  61.099 0.0000000000
45843  -8.083  -42.812  59.928 0.0000000000
43961  -10.450  -44.496  58.777 0.0000000000
44954  -9.311  -43.297  58.741 0.0000000000
45867  -8.690  -42.642  58.895 0.0000000000
46815  -8.218  -42.209  59.092 0.0000000000
47732  -8.078  -41.556  59.443 0.0000000000
46816  -8.411  -41.971  58.843 0.0000000000
47740  -9.019  -41.917  58.416 0.0000000000
47741  -9.194  -41.463  58.251 0.0000000000
47742  -9.884  -41.416  57.775 0.0000000000
46831  -9.740  -42.191  57.789 0.0000000000
46650  -7.999  -43.282  70.490 0.0000000000
46599  -12.622  -43.781  74.079 0.0000000000
47543  -12.414  -43.031  73.289 0.0000000000
46598  -11.913  -43.559  74.188 0.0000000000
46596  -10.693  -44.079  74.474 0.0000000000
47536  -10.945  -43.622  74.077 0.0000000000
46604  -10.599  -43.696  73.927 0.0000000000
47540  -10.804  -43.293  73.471 0.0000000000
46603  -10.291  -43.927  73.860 0.0000000000
43801  -10.096  -45.689  73.795 0.0000000000
44792  -9.973  -44.694  73.229 0.0000000000
45693  -10.024  -44.418  73.477 0.0000000000
46619  -9.948  -43.814  73.197 0.0000000000
46618  -9.462  -43.720  72.068 0.0000000000
45704  -9.322  -44.133  71.901 0.0000000000
44807  -8.842  -44.641  70.961 0.0000000000
45716  -8.822  -44.244  71.147 0.0000000000
45721  -8.272  -44.336  70.624 0.0000000000
44813  -7.936  -44.554  70.355 0.0000000000
44812  -7.074  -44.430  70.070 0.0000000000
43826  -9.390  -45.552  70.869 0.0000000000
43833  -9.209  -45.461  70.150 0.0000000000
40895  -8.920  -48.328  71.558 0.0000000000
41840  -9.443  -47.853  71.658 0.0000000000
40908  -10.046  -48.448  69.641 0.0000000000
41844  -10.251  -47.863  70.217 0.0000000000
41847  -10.485  -47.776  69.387 0.0000000000
41851  -10.690  -47.715  68.363 0.0000000000
39927  -9.154  -49.679  66.821 0.0000000000
39915  -9.739  -49.242  67.392 0.0000000000
36989  -7.005  -51.687  72.020 0.0000000000
37012  -5.673  -52.706  70.831 0.0000000000
36997  -6.228  -52.361  71.156 0.0000000000
37934  -6.293  -51.672  71.327 0.0000000000
37926  -6.749  -51.009  72.098 0.0000000000
38835  -5.972  -51.012  70.876 0.0000000000
37962  -4.839  -51.877  69.403 0.0000000000
39884  -6.005  -50.014  69.494 0.0000000000
38887  -6.408  -50.751  67.235 0.0000000000
38902  -6.530  -51.259  66.311 0.0000000000
38921  -7.178  -51.218  65.627 0.0000000000
38942  -7.630  -51.192  64.687 0.0000000000
38962  -7.834  -51.161  63.735 0.0000000000
47681  -42.010  -40.650  63.484 0.0000000000
47673  -41.323  -40.831  64.640 0.0000000000
45804  -40.019  -42.499  63.074 0.0000000000
46761  -40.980  -41.406  63.464 0.0000000000
44864  -38.855  -42.858  64.794 0.0000000000
44874  -38.541  -43.201  64.159 0.0000000000
45793  -39.506  -42.708  63.570 0.0000000000
46733  -39.390  -41.867  66.547 0.0000000000
46735  -40.423  -41.365  66.153 0.0000000000
68058  -52.523  -20.190  47.253 0.0000000000
68051  -52.167  -20.584  47.369 0.0000000000
66146  -48.435  -22.646  46.959 0.0000000000
67126  -49.954  -21.009  46.323 0.0000000000
68055  -50.245  -20.314  45.844 0.0000000000
53687  -43.946  -33.718  49.776 0.0000000000
52656  -40.913  -34.419  50.509 0.0000000000
39963  -11.262  -49.161  64.379 0.0000000000
39978  -11.648  -49.170  63.446 0.0000000000
38984  -9.569  -50.398  62.686 0.0000000000
38982  -8.016  -51.182  62.852 0.0000000000
39867  -14.087  -48.467  71.325 0.0000000000
39866  -13.755  -48.883  71.534 0.0000000000
38845  -13.753  -48.950  70.846 0.0000000000
38844  -13.305  -49.436  70.537 0.0000000000
49569  -41.250  -39.514  59.086 0.0000000000
49584  -40.956  -39.911  58.462 0.0000000000
50533  -40.391  -38.337  58.786 0.0000000000
50532  -39.871  -37.814  58.586 0.0000000000
49449  -34.729  -39.573  71.098 0.0000000000
45791  -32.753  -42.374  64.339 0.0000000000
70743  -53.706  -16.960  41.973 0.0000000000
71782  -54.859  -15.809  41.599 0.0000000000
43816  -6.822  -44.716  69.873 0.0000000000
60088  -48.342  -28.518  48.997 0.0000000000
60080  -48.679  -29.044  49.363 0.0000000000
56571  -45.273  -31.224  47.271 0.0000000000
56582  -44.308  -31.118  46.753 0.0000000000
57476  -45.442  -30.832  47.205 0.0000000000
58345  -45.877  -30.391  47.309 0.0000000000
59199  -46.117  -29.540  47.238 0.0000000000
46610  -19.827  -43.166  71.525 0.0000000000
44798  -20.209  -43.967  71.567 0.0000000000
43807  -20.022  -44.604  71.382 0.0000000000
46658  -27.390  -40.665  70.700 0.0000000000
52575  -8.736  -36.070  58.531 0.0000000000
52576  -9.400  -36.279  58.018 0.0000000000
48617  -6.484  -40.264  64.542 0.0000000000
46765  -7.481  -41.688  63.522 0.0000000000
41093  -9.487  -48.397  56.310 0.0000000000
41978  -10.385  -47.723  56.089 0.0000000000
41977  -9.773  -47.985  55.866 0.0000000000
42021  -8.540  -47.430  54.923 0.0000000000
48529  -12.629  -42.089  71.276 0.0000000000
48507  -11.975  -42.616  72.132 0.0000000000
40873  -7.692  -49.172  73.778 0.0000000000
40887  -7.406  -49.014  72.884 0.0000000000
39856  -6.979  -49.627  72.552 0.0000000000
45825  -41.540  -41.661  61.082 0.0000000000
45836  -41.435  -42.118  60.549 0.0000000000
46799  -41.810  -41.359  60.500 0.0000000000
47716  -41.947  -40.965  60.485 0.0000000000
47727  -41.827  -40.815  59.952 0.0000000000
47728  -42.038  -40.675  60.496 0.0000000000
43919  -38.118  -43.837  61.417 0.0000000000
44848  -36.076  -42.665  65.699 0.0000000000
44860  -35.266  -43.077  64.790 0.0000000000
68963  -51.099  -19.382  44.367 0.0000000000
68969  -51.767  -18.920  43.779 0.0000000000
69808  -52.104  -18.598  43.134 0.0000000000
55621  -46.449  -32.390  48.273 0.0000000000
55616  -46.823  -32.489  48.623 0.0000000000
54644  -47.061  -32.628  48.993 0.0000000000
52740  -43.380  -33.844  47.653 0.0000000000
53720  -43.795  -33.308  47.443 0.0000000000
54651  -44.018  -32.870  47.304 0.0000000000
54653  -45.092  -32.769  47.838 0.0000000000
47677  -24.978  -41.116  64.041 0.0000000000
54565  -7.002  -34.190  59.106 0.0000000000
53592  -7.010  -34.731  59.546 0.0000000000
53583  -7.151  -35.124  59.714 0.0000000000
42845  -8.771  -45.305  63.539 0.0000000000
42862  -10.116  -46.159  62.648 0.0000000000
40049  -11.415  -49.085  59.960 0.0000000000
41056  -10.586  -48.974  58.484 0.0000000000
40065  -8.157  -49.407  58.466 0.0000000000
40043  -7.558  -50.219  58.426 0.0000000000
45684  -13.707  -44.715  74.474 0.0000000000
43794  -13.631  -45.672  75.188 0.0000000000
42746  -13.643  -46.085  75.271 0.0000000000
41805  -12.940  -46.708  75.339 0.0000000000
38823  -12.196  -49.437  73.764 0.0000000000
38816  -11.991  -49.155  74.189 0.0000000000
38814  -10.635  -49.470  74.409 0.0000000000
38813  -9.734  -49.478  74.495 0.0000000000
53653  -41.171  -34.157  53.393 0.0000000000
51552  -39.664  -36.225  56.726 0.0000000000
51566  -39.386  -35.913  55.988 0.0000000000
47589  -30.090  -40.362  71.471 0.0000000000
46666  -34.947  -40.919  69.700 0.0000000000
46684  -34.697  -41.142  69.318 0.0000000000
46704  -33.877  -40.955  69.028 0.0000000000
46703  -33.338  -40.692  68.918 0.0000000000
45772  -32.232  -41.406  65.631 0.0000000000
46742  -32.429  -40.725  66.799 0.0000000000
46741  -31.844  -40.574  66.477 0.0000000000
46730  -30.552  -39.829  67.593 0.0000000000
47671  -28.630  -40.500  65.823 0.0000000000
47670  -27.592  -40.718  65.573 0.0000000000
69838  -49.221  -18.103  38.226 0.0000000000
47660  -4.554  -41.399  66.719 0.0000000000
43852  -6.126  -43.589  65.547 0.0000000000
43845  -5.986  -43.800  65.745 0.0000000000
43846  -6.296  -44.054  66.019 0.0000000000
42799  -6.794  -44.272  66.381 0.0000000000
42801  -8.046  -45.433  67.003 0.0000000000
42813  -10.905  -46.475  66.788 0.0000000000
65046  -50.846  -23.760  48.632 0.0000000000
64103  -51.060  -24.270  49.045 0.0000000000
62082  -47.196  -26.737  47.943 0.0000000000
62090  -46.223  -26.952  47.035 0.0000000000
64108  -48.015  -24.472  47.754 0.0000000000
63088  -48.353  -24.932  48.354 0.0000000000
44795  -16.210  -44.551  73.022 0.0000000000
42758  -17.312  -45.671  72.692 0.0000000000
41830  -16.708  -46.410  72.156 0.0000000000
40885  -16.747  -46.451  71.907 0.0000000000
45770  -23.745  -42.433  66.154 0.0000000000
42827  -20.697  -44.477  66.272 0.0000000000
43839  -21.383  -44.153  68.428 0.0000000000
43835  -21.399  -44.167  69.208 0.0000000000
42781  -20.864  -44.522  70.098 0.0000000000
42789  -20.153  -44.955  69.308 0.0000000000
42788  -19.768  -45.252  69.477 0.0000000000
41849  -19.491  -45.428  69.328 0.0000000000
40935  -16.898  -46.910  67.347 0.0000000000
50511  -7.357  -38.490  63.068 0.0000000000
50515  -7.522  -37.597  62.452 0.0000000000
50519  -8.267  -38.155  61.402 0.0000000000
49556  -8.487  -39.954  60.250 0.0000000000
42894  -9.544  -45.042  61.584 0.0000000000
43928  -8.594  -44.331  61.657 0.0000000000
42913  -9.576  -44.686  61.230 0.0000000000
43945  -9.787  -44.276  60.504 0.0000000000
43959  -9.491  -43.704  60.030 0.0000000000
43976  -10.485  -44.433  57.803 0.0000000000
45869  -9.535  -43.080  57.993 0.0000000000
45880  -9.770  -42.996  57.717 0.0000000000
46843  -9.831  -42.746  57.679 0.0000000000
45881  -10.202  -43.249  57.361 0.0000000000
45681  -11.421  -44.408  74.867 0.0000000000
46592  -11.663  -44.038  74.564 0.0000000000
45679  -10.883  -44.668  75.062 0.0000000000
45687  -10.446  -44.501  74.550 0.0000000000
44801  -9.772  -44.741  72.533 0.0000000000
44808  -9.455  -44.784  71.721 0.0000000000
42776  -9.689  -46.183  71.222 0.0000000000
40906  -8.723  -48.867  70.633 0.0000000000
40907  -9.307  -48.883  70.031 0.0000000000
40919  -9.515  -49.054  68.978 0.0000000000
39914  -9.079  -49.513  67.920 0.0000000000
39926  -8.255  -49.960  67.090 0.0000000000
37011  -5.344  -53.210  70.548 0.0000000000
37026  -5.141  -52.317  70.450 0.0000000000
37954  -4.960  -51.830  70.189 0.0000000000
37961  -4.711  -52.422  69.638 0.0000000000
38007  -6.350  -51.633  66.212 0.0000000000
43936  -39.177  -43.788  60.507 0.0000000000
43937  -39.744  -43.651  60.154 0.0000000000
44921  -39.893  -43.385  60.845 0.0000000000
44908  -40.221  -42.863  61.310 0.0000000000
45823  -40.797  -42.388  61.453 0.0000000000
45813  -41.035  -42.057  62.076 0.0000000000
45814  -41.435  -41.698  61.596 0.0000000000
46780  -41.739  -41.291  61.924 0.0000000000
47697  -42.116  -40.823  61.675 0.0000000000
43869  -36.275  -43.274  64.393 0.0000000000
43882  -37.524  -43.503  63.476 0.0000000000
43883  -38.242  -43.565  63.046 0.0000000000
43920  -39.071  -43.656  61.486 0.0000000000
45765  -37.838  -42.383  66.677 0.0000000000
45767  -39.070  -42.034  66.541 0.0000000000
45766  -38.360  -42.369  66.448 0.0000000000
44840  -37.865  -42.497  66.289 0.0000000000
44850  -37.504  -42.669  65.818 0.0000000000
43860  -37.085  -43.072  64.990 0.0000000000
69797  -53.657  -18.610  45.963 0.0000000000
66153  -47.244  -21.790  46.013 0.0000000000
66152  -46.613  -21.907  45.732 0.0000000000
66157  -46.136  -21.665  45.028 0.0000000000
67140  -46.363  -21.298  44.176 0.0000000000
68075  -48.362  -20.528  43.882 0.0000000000
68070  -49.077  -20.327  44.345 0.0000000000
68955  -51.348  -19.328  45.046 0.0000000000
53701  -45.272  -33.596  49.045 0.0000000000
52677  -38.920  -34.582  49.248 0.0000000000
56405  -5.710  -32.665  60.866 0.0000000000
42834  -11.797  -46.793  64.633 0.0000000000
41873  -12.341  -47.634  63.649 0.0000000000
40985  -12.370  -48.283  63.137 0.0000000000
39997  -12.240  -48.755  62.382 0.0000000000
39996  -11.755  -49.256  62.504 0.0000000000
40012  -11.278  -49.590  61.861 0.0000000000
39031  -10.874  -49.734  61.507 0.0000000000
40027  -9.307  -49.978  60.184 0.0000000000
40026  -8.657  -50.030  59.877 0.0000000000
39026  -7.164  -51.657  60.552 0.0000000000
39003  -7.098  -51.846  61.032 0.0000000000
40876  -14.357  -47.308  73.511 0.0000000000
40870  -13.758  -47.246  74.291 0.0000000000
40875  -13.873  -47.557  73.829 0.0000000000
39847  -13.590  -47.987  73.866 0.0000000000
39851  -12.997  -49.040  73.321 0.0000000000
39858  -13.737  -48.817  72.037 0.0000000000
38830  -13.159  -49.089  73.004 0.0000000000
38829  -12.714  -49.403  73.061 0.0000000000
38828  -12.038  -50.089  72.974 0.0000000000
52601  -40.860  -35.201  56.291 0.0000000000
47754  -40.501  -41.806  57.804 0.0000000000
47764  -40.314  -41.885  57.307 0.0000000000
48671  -40.267  -40.800  57.171 0.0000000000
48660  -40.299  -40.263  57.592 0.0000000000
49597  -39.330  -40.034  57.233 0.0000000000
49596  -38.278  -39.776  56.992 0.0000000000
49581  -38.060  -38.880  57.353 0.0000000000
50546  -38.423  -38.048  57.627 0.0000000000
51528  -39.603  -37.184  58.172 0.0000000000
47573  -32.084  -39.936  71.280 0.0000000000
47591  -31.996  -40.171  71.038 0.0000000000
45762  -34.015  -41.593  66.654 0.0000000000
45775  -33.707  -41.654  66.258 0.0000000000
46760  -31.381  -41.305  64.582 0.0000000000
46759  -30.459  -40.742  64.417 0.0000000000
69830  -50.036  -18.143  39.546 0.0000000000
69832  -51.381  -17.971  40.413 0.0000000000
69831  -50.640  -18.148  39.958 0.0000000000
69835  -50.239  -17.783  39.454 0.0000000000
70755  -50.130  -17.198  38.996 0.0000000000
70758  -49.842  -16.892  38.307 0.0000000000
71801  -50.967  -16.223  39.015 0.0000000000
72821  -51.871  -15.668  39.194 0.0000000000
44823  -5.226  -44.146  67.485 0.0000000000
62078  -49.047  -26.424  49.637 0.0000000000
61043  -49.631  -27.598  50.134 0.0000000000
57491  -44.151  -30.969  46.588 0.0000000000
57490  -43.661  -30.931  46.236 0.0000000000
60101  -46.129  -28.428  47.044 0.0000000000
60091  -46.621  -28.883  47.526 0.0000000000
61050  -46.701  -27.634  47.485 0.0000000000
45709  -18.083  -43.910  71.647 0.0000000000
44797  -18.810  -44.380  71.950 0.0000000000
41827  -18.656  -45.712  71.639 0.0000000000
41837  -18.368  -46.185  70.824 0.0000000000
43875  -21.383  -43.580  64.249 0.0000000000
43863  -20.719  -44.066  64.736 0.0000000000
42838  -20.522  -44.401  65.463 0.0000000000
42816  -20.292  -44.800  66.686 0.0000000000
41866  -20.060  -44.945  67.384 0.0000000000
41859  -19.650  -45.164  67.687 0.0000000000
41865  -19.678  -45.115  66.649 0.0000000000
41864  -18.878  -45.395  66.133 0.0000000000
53519  -5.389  -35.702  64.223 0.0000000000
52507  -5.522  -36.250  63.728 0.0000000000
49543  -7.034  -38.593  63.509 0.0000000000
49545  -7.716  -39.723  62.835 0.0000000000
48625  -7.924  -40.471  62.204 0.0000000000
42937  -12.039  -46.044  58.228 0.0000000000
42936  -11.381  -45.239  59.074 0.0000000000
43963  -11.545  -45.782  57.349 0.0000000000
43978  -11.425  -45.987  56.875 0.0000000000
42981  -10.950  -46.602  56.067 0.0000000000
44011  -10.205  -45.417  55.108 0.0000000000
48559  -10.745  -40.999  70.226 0.0000000000
48542  -10.643  -41.656  70.765 0.0000000000
48526  -10.620  -42.260  71.225 0.0000000000
41808  -10.199  -47.177  74.769 0.0000000000
42747  -10.445  -46.190  74.598 0.0000000000
41817  -9.609  -47.552  74.512 0.0000000000
41822  -8.631  -48.391  74.237 0.0000000000
42766  -9.445  -47.474  72.278 0.0000000000
41839  -8.909  -48.174  71.929 0.0000000000
40893  -7.684  -48.828  72.366 0.0000000000
39865  -8.117  -48.799  71.478 0.0000000000
40899  -8.577  -48.636  71.249 0.0000000000
44977  -40.458  -42.967  57.643 0.0000000000
44935  -40.557  -43.206  59.527 0.0000000000
45849  -41.458  -42.330  60.002 0.0000000000
44936  -40.924  -42.761  59.405 0.0000000000
44949  -40.738  -42.793  58.651 0.0000000000
45875  -40.814  -42.371  58.492 0.0000000000
46853  -40.614  -42.095  58.111 0.0000000000
47745  -40.955  -41.376  58.527 0.0000000000
48663  -41.271  -40.843  58.922 0.0000000000
48650  -41.533  -40.282  59.371 0.0000000000
46667  -35.777  -41.026  69.565 0.0000000000
45750  -34.725  -41.638  67.679 0.0000000000
45740  -36.467  -41.702  68.151 0.0000000000
44829  -36.692  -42.180  67.042 0.0000000000
45752  -36.188  -41.968  67.615 0.0000000000
45751  -35.407  -41.880  67.557 0.0000000000
45763  -34.607  -41.713  66.914 0.0000000000
68088  -48.953  -20.003  42.247 0.0000000000
68099  -49.002  -19.888  41.192 0.0000000000
69823  -51.759  -18.394  41.721 0.0000000000
69820  -52.713  -18.178  42.912 0.0000000000
69824  -52.405  -18.097  42.185 0.0000000000
58333  -48.054  -30.511  48.951 0.0000000000
57457  -48.006  -30.606  48.874 0.0000000000
57439  -48.657  -30.846  49.693 0.0000000000
55618  -47.977  -31.641  49.322 0.0000000000
55605  -46.888  -32.735  49.934 0.0000000000
56569  -43.986  -31.808  46.727 0.0000000000
54660  -44.157  -32.636  47.244 0.0000000000
55630  -44.472  -32.197  47.168 0.0000000000
56562  -45.767  -31.581  47.587 0.0000000000
57465  -46.535  -30.878  47.959 0.0000000000
47647  -26.668  -41.151  67.726 0.0000000000
46727  -25.847  -41.312  67.641 0.0000000000
46737  -24.033  -42.041  65.438 0.0000000000
44868  -22.699  -42.700  64.580 0.0000000000
45796  -6.632  -42.923  64.918 0.0000000000
45797  -6.883  -42.828  64.620 0.0000000000
43888  -7.396  -43.485  64.173 0.0000000000
42858  -7.884  -44.199  63.408 0.0000000000
42860  -8.902  -45.020  62.843 0.0000000000
42876  -9.081  -45.123  62.234 0.0000000000
42895  -10.095  -45.452  61.201 0.0000000000
42864  -12.045  -46.582  62.622 0.0000000000
42880  -11.784  -46.345  61.601 0.0000000000
40031  -12.499  -48.255  61.087 0.0000000000
41916  -12.566  -46.880  60.985 0.0000000000
42897  -12.139  -46.185  60.379 0.0000000000
42917  -12.369  -46.370  59.212 0.0000000000
41941  -12.299  -46.851  58.269 0.0000000000
41095  -10.993  -48.482  57.229 0.0000000000
41076  -10.487  -48.757  57.631 0.0000000000
41094  -10.438  -48.463  56.806 0.0000000000
44782  -13.264  -45.111  75.086 0.0000000000
44781  -12.546  -44.845  75.088 0.0000000000
45682  -12.097  -44.395  74.778 0.0000000000
44773  -11.655  -45.148  75.278 0.0000000000
43785  -11.192  -45.536  75.208 0.0000000000
41802  -11.001  -46.776  75.195 0.0000000000
40866  -13.557  -46.935  74.813 0.0000000000
41811  -13.022  -47.037  75.195 0.0000000000
40864  -12.491  -47.327  75.210 0.0000000000
39840  -11.972  -48.678  74.499 0.0000000000
39833  -12.146  -47.939  74.975 0.0000000000
40858  -11.963  -47.214  75.402 0.0000000000
40857  -11.391  -47.414  75.354 0.0000000000
41810  -11.057  -47.290  75.305 0.0000000000
41809  -10.637  -47.291  75.114 0.0000000000
39829  -9.279  -48.577  74.715 0.0000000000
39836  -8.733  -48.935  74.606 0.0000000000
47763  -40.167  -41.977  56.836 0.0000000000
47777  -39.855  -41.771  56.297 0.0000000000
48684  -39.295  -41.233  55.994 0.0000000000
51604  -38.559  -35.428  53.390 0.0000000000
52618  -39.205  -35.188  53.307 0.0000000000
52631  -39.908  -34.784  52.593 0.0000000000
47588  -29.303  -40.414  71.599 0.0000000000
46646  -28.939  -40.499  71.209 0.0000000000
48533  -34.135  -40.288  70.650 0.0000000000
47613  -34.340  -40.758  70.004 0.0000000000
47593  -33.751  -40.287  70.610 0.0000000000
45748  -33.505  -40.990  67.561 0.0000000000
46720  -33.192  -40.589  68.393 0.0000000000
46732  -32.474  -40.470  67.499 0.0000000000
46662  -31.281  -40.461  70.196 0.0000000000
46679  -30.392  -40.464  70.062 0.0000000000
46699  -29.238  -40.540  69.448 0.0000000000
46715  -27.840  -40.972  68.161 0.0000000000
47648  -27.045  -41.099  67.738 0.0000000000
47655  -26.594  -41.121  67.254 0.0000000000
47662  -26.702  -41.018  66.267 0.0000000000
72831  -50.685  -15.546  37.676 0.0000000000
73811  -51.899  -14.727  37.358 0.0000000000
72840  -50.440  -15.108  35.639 0.0000000000
50488  -5.042  -38.345  64.944 0.0000000000
50489  -5.593  -38.750  64.806 0.0000000000
48614  -5.864  -40.337  65.044 0.0000000000
46754  -6.273  -42.195  64.979 0.0000000000
48610  -4.542  -40.427  66.092 0.0000000000
45787  -6.407  -42.866  65.091 0.0000000000
45788  -6.617  -43.006  64.979 0.0000000000
43861  -6.878  -43.633  64.986 0.0000000000
43853  -6.436  -43.665  65.497 0.0000000000
42830  -8.035  -45.000  64.321 0.0000000000
42831  -8.538  -45.824  64.216 0.0000000000
42832  -9.583  -46.135  64.418 0.0000000000
42810  -7.867  -45.469  66.025 0.0000000000
42833  -10.771  -46.193  64.588 0.0000000000
39945  -10.934  -49.164  65.099 0.0000000000
39961  -9.740  -49.837  64.854 0.0000000000
66141  -52.101  -21.895  48.306 0.0000000000
53662  -42.917  -33.484  50.769 0.0000000000
61067  -44.424  -27.671  46.224 0.0000000000
62099  -44.989  -27.081  46.374 0.0000000000
62098  -44.219  -26.518  46.069 0.0000000000
63090  -44.987  -25.438  46.564 0.0000000000
64114  -45.936  -24.455  46.729 0.0000000000
65050  -47.970  -23.800  47.364 0.0000000000
65060  -48.134  -23.336  47.246 0.0000000000
66138  -49.247  -22.861  47.370 0.0000000000
45691  -14.474  -44.515  73.704 0.0000000000
44784  -14.423  -45.064  74.264 0.0000000000
43796  -14.517  -45.494  74.400 0.0000000000
41814  -14.669  -46.114  74.336 0.0000000000
44790  -16.353  -44.919  73.274 0.0000000000
42755  -16.887  -45.515  73.133 0.0000000000
43800  -16.589  -45.282  73.287 0.0000000000
43799  -15.755  -45.304  73.589 0.0000000000
42753  -15.334  -45.727  73.833 0.0000000000
41815  -15.053  -45.955  74.085 0.0000000000
40871  -14.469  -46.875  73.926 0.0000000000
39854  -14.589  -47.412  72.842 0.0000000000
39860  -14.756  -47.418  72.361 0.0000000000
39869  -15.253  -47.167  71.751 0.0000000000
39868  -14.703  -47.696  71.592 0.0000000000
45746  -24.356  -42.055  68.492 0.0000000000
45735  -24.232  -42.066  69.214 0.0000000000
45722  -23.873  -42.291  70.319 0.0000000000
44842  -22.247  -43.446  66.726 0.0000000000
44832  -22.423  -43.379  67.458 0.0000000000
44818  -23.185  -42.874  70.095 0.0000000000
44815  -23.283  -42.751  70.701 0.0000000000
44810  -22.690  -43.115  70.988 0.0000000000
43822  -22.061  -43.660  70.689 0.0000000000
44805  -22.037  -43.368  71.228 0.0000000000
42772  -20.289  -44.763  70.431 0.0000000000
42767  -19.730  -45.142  70.699 0.0000000000
41853  -19.579  -45.293  68.546 0.0000000000
41848  -18.997  -45.652  68.860 0.0000000000
40924  -18.408  -45.862  68.215 0.0000000000
41845  -18.821  -45.842  69.575 0.0000000000
40898  -17.847  -46.346  70.411 0.0000000000
40921  -15.814  -47.601  68.469 0.0000000000
40909  -15.476  -47.546  69.441 0.0000000000
55479  -5.589  -33.245  61.487 0.0000000000
54546  -5.866  -34.537  60.687 0.0000000000
53561  -5.897  -34.880  61.744 0.0000000000
53571  -6.252  -34.827  60.746 0.0000000000
52553  -6.904  -35.351  60.752 0.0000000000
52554  -7.271  -35.531  60.284 0.0000000000
51521  -8.185  -37.008  60.107 0.0000000000
51512  -8.294  -37.586  60.762 0.0000000000
45806  -7.412  -42.722  63.658 0.0000000000
46773  -7.688  -42.226  63.035 0.0000000000
43927  -7.969  -43.781  62.066 0.0000000000
44915  -7.770  -43.161  62.151 0.0000000000
46781  -7.788  -42.174  62.055 0.0000000000
47699  -7.790  -41.754  61.539 0.0000000000
47712  -7.834  -41.402  61.145 0.0000000000
47723  -7.887  -41.425  60.308 0.0000000000
43947  -10.879  -44.848  59.178 0.0000000000
43975  -9.997  -44.046  58.564 0.0000000000
44942  -9.185  -43.377  59.326 0.0000000000
44941  -8.566  -43.190  59.780 0.0000000000
46804  -8.091  -42.405  59.511 0.0000000000
47722  -7.868  -41.783  59.841 0.0000000000
48646  -8.048  -41.093  60.143 0.0000000000
48647  -8.286  -40.786  59.635 0.0000000000
48648  -8.649  -40.625  59.024 0.0000000000
48657  -9.565  -40.500  58.100 0.0000000000
47558  -12.601  -42.917  72.697 0.0000000000
47557  -12.037  -42.744  72.699 0.0000000000
47538  -11.806  -43.182  73.746 0.0000000000
47556  -11.524  -42.785  72.673 0.0000000000
47555  -10.804  -42.892  72.505 0.0000000000
43790  -10.341  -45.388  74.561 0.0000000000
44786  -10.088  -44.975  74.219 0.0000000000
45686  -10.072  -44.418  74.072 0.0000000000
44793  -10.185  -44.886  73.838 0.0000000000
45694  -10.190  -44.307  73.878 0.0000000000
46602  -10.197  -44.153  73.979 0.0000000000
46620  -10.155  -43.617  73.375 0.0000000000
47576  -9.076  -43.168  71.348 0.0000000000
47575  -8.760  -43.167  70.962 0.0000000000
46635  -8.844  -43.629  71.232 0.0000000000
46634  -8.375  -43.648  70.799 0.0000000000
42775  -7.561  -45.037  69.623 0.0000000000
43832  -8.635  -45.301  69.723 0.0000000000
42785  -9.205  -45.557  69.414 0.0000000000
42770  -9.650  -47.200  71.876 0.0000000000
42777  -9.870  -46.831  71.006 0.0000000000
42778  -10.063  -47.421  70.560 0.0000000000
41855  -10.983  -47.746  67.477 0.0000000000
40943  -10.708  -48.844  66.437 0.0000000000
38944  -9.040  -50.283  64.492 0.0000000000
36998  -6.599  -52.257  71.491 0.0000000000
38825  -6.476  -50.457  72.597 0.0000000000
39870  -5.858  -50.459  70.341 0.0000000000
39871  -6.497  -49.955  70.535 0.0000000000
39900  -6.694  -49.894  68.806 0.0000000000
37976  -5.212  -51.775  68.277 0.0000000000
38870  -6.220  -50.331  68.297 0.0000000000
39912  -7.268  -49.926  68.197 0.0000000000
39925  -7.557  -50.064  67.524 0.0000000000
38904  -8.027  -50.209  66.391 0.0000000000
38923  -8.641  -50.348  65.068 0.0000000000
38061  -6.848  -52.313  62.034 0.0000000000
37953  -4.806  -52.368  70.014 0.0000000000
38824  -12.683  -49.180  73.532 0.0000000000
38834  -13.252  -49.208  72.494 0.0000000000
38838  -13.762  -48.914  71.288 0.0000000000
38854  -5.925  -50.229  68.903 0.0000000000
38871  -6.740  -50.047  68.220 0.0000000000
39054  -8.285  -50.191  59.859 0.0000000000
39845  -12.251  -49.058  74.111 0.0000000000
39848  -13.952  -47.661  73.588 0.0000000000
40069  -11.047  -49.186  59.542 0.0000000000
40859  -12.441  -47.015  75.386 0.0000000000
40863  -11.679  -47.683  75.299 0.0000000000
40865  -13.118  -47.293  74.828 0.0000000000
40869  -13.277  -47.550  74.475 0.0000000000
40872  -14.909  -46.604  73.781 0.0000000000
40878  -15.891  -46.502  72.871 0.0000000000
40882  -14.511  -47.399  73.081 0.0000000000
41028  -12.550  -47.861  60.554 0.0000000000
41106  -8.298  -48.279  55.849 0.0000000000
41806  -13.503  -46.381  75.206 0.0000000000
41807  -13.770  -46.206  75.129 0.0000000000
41819  -14.553  -46.497  74.163 0.0000000000
41821  -16.240  -46.104  73.200 0.0000000000
41850  -19.829  -45.196  69.246 0.0000000000
41903  -12.343  -46.906  61.848 0.0000000000
42741  -10.961  -46.168  75.115 0.0000000000
42743  -12.109  -46.241  75.453 0.0000000000
42745  -13.286  -46.191  75.358 0.0000000000
42764  -20.242  -44.688  71.194 0.0000000000
42805  -11.159  -47.338  67.251 0.0000000000
42842  -7.495  -43.975  64.374 0.0000000000
42849  -12.267  -46.979  63.472 0.0000000000
42892  -8.570  -44.558  62.022 0.0000000000
42893  -8.968  -44.722  61.750 0.0000000000
42938  -12.339  -46.643  58.583 0.0000000000
43788  -13.146  -45.772  75.387 0.0000000000
43789  -13.459  -45.960  75.347 0.0000000000
43815  -22.120  -43.555  70.886 0.0000000000
43827  -9.729  -46.096  70.997 0.0000000000
43837  -5.764  -44.220  66.934 0.0000000000
43851  -36.318  -42.841  65.369 0.0000000000
43872  -7.523  -43.814  64.154 0.0000000000
43889  -7.654  -43.914  63.625 0.0000000000
43909  -7.732  -43.915  62.903 0.0000000000
43921  -39.535  -43.616  60.914 0.0000000000
44776  -13.007  -45.362  75.337 0.0000000000
44778  -10.731  -45.035  75.039 0.0000000000
44780  -11.840  -44.772  75.102 0.0000000000
44783  -13.823  -45.120  74.786 0.0000000000
44787  -10.256  -45.059  74.656 0.0000000000
44819  -5.155  -44.029  68.360 0.0000000000
44834  -34.153  -41.837  66.211 0.0000000000
44844  -33.645  -41.974  65.653 0.0000000000
44861  -37.121  -42.873  65.326 0.0000000000
44865  -6.160  -43.110  65.335 0.0000000000
44876  -6.958  -43.218  64.728 0.0000000000
44887  -7.342  -42.849  63.890 0.0000000000
44894  -39.499  -43.202  62.323 0.0000000000
44916  -7.984  -43.556  61.659 0.0000000000
44927  -7.801  -43.119  61.350 0.0000000000
44943  -9.623  -43.648  58.801 0.0000000000
45680  -11.139  -44.391  75.027 0.0000000000
45683  -12.896  -44.390  74.542 0.0000000000
45688  -10.970  -44.456  74.985 0.0000000000
45729  -35.992  -41.497  68.729 0.0000000000
45768  -39.507  -41.897  66.328 0.0000000000
45792  -32.987  -42.287  64.756 0.0000000000
45803  -39.671  -42.885  63.081 0.0000000000
45818  -7.681  -42.696  62.635 0.0000000000
45842  -7.779  -42.729  60.749 0.0000000000
45856  -8.952  -43.024  58.943 0.0000000000
45891  -40.342  -42.772  57.280 0.0000000000
46590  -10.912  -44.156  74.954 0.0000000000
46594  -10.022  -44.175  74.136 0.0000000000
46597  -11.274  -43.777  74.368 0.0000000000
46605  -12.246  -43.269  73.760 0.0000000000
46636  -9.238  -43.434  71.613 0.0000000000
46651  -8.511  -43.220  70.785 0.0000000000
46683  -33.981  -40.854  69.399 0.0000000000
46774  -7.689  -41.802  63.059 0.0000000000
46782  -7.775  -41.853  62.351 0.0000000000
46814  -7.953  -42.078  59.501 0.0000000000
46828  -8.678  -42.372  58.773 0.0000000000
47537  -11.390  -43.375  73.898 0.0000000000
47539  -10.372  -43.543  73.513 0.0000000000
47544  -12.931  -43.205  73.164 0.0000000000
47552  -9.413  -43.363  71.791 0.0000000000
47594  -34.552  -40.459  70.395 0.0000000000
47598  -7.900  -42.762  70.307 0.0000000000
47610  -31.891  -40.338  70.730 0.0000000000
47711  -7.768  -41.745  60.632 0.0000000000
47746  -41.237  -41.088  58.952 0.0000000000
47753  -40.404  -41.634  57.433 0.0000000000
47776  -39.543  -41.868  55.931 0.0000000000
48619  -7.481  -40.286  63.381 0.0000000000
48624  -7.799  -40.958  62.507 0.0000000000
49541  -7.569  -40.047  63.174 0.0000000000
49544  -7.251  -39.117  63.313 0.0000000000
49585  -41.195  -40.082  58.680 0.0000000000
51510  -7.362  -36.602  61.726 0.0000000000
52545  -6.605  -35.184  60.948 0.0000000000
52552  -6.745  -35.425  61.219 0.0000000000
52683  -44.178  -33.959  49.187 0.0000000000
53570  -6.194  -34.629  60.467 0.0000000000
53572  -6.633  -35.063  60.499 0.0000000000
53580  -6.309  -34.620  60.254 0.0000000000
53731  -43.359  -33.275  47.102 0.0000000000
54526  -5.388  -33.884  61.255 0.0000000000
54536  -5.512  -34.179  60.803 0.0000000000
54555  -6.650  -34.568  59.809 0.0000000000
54564  -6.688  -34.242  59.502 0.0000000000
54635  -47.224  -32.554  49.174 0.0000000000
54643  -46.627  -32.779  48.774 0.0000000000
55470  -5.487  -33.649  61.500 0.0000000000
55478  -5.308  -33.286  60.865 0.0000000000
55487  -5.721  -33.767  60.131 0.0000000000
55499  -6.121  -33.751  59.809 0.0000000000
55512  -6.349  -33.916  59.696 0.0000000000
55513  -6.434  -33.768  59.480 0.0000000000
55620  -45.819  -32.537  48.029 0.0000000000
55629  -43.829  -32.177  46.753 0.0000000000
56410  -5.786  -33.135  60.200 0.0000000000
56553  -47.663  -31.622  48.948 0.0000000000
56559  -47.986  -30.868  48.976 0.0000000000
57450  -48.040  -30.811  49.018 0.0000000000
57451  -48.222  -30.730  49.194 0.0000000000
57456  -47.785  -30.871  48.849 0.0000000000
59186  -48.491  -29.835  49.220 0.0000000000
59191  -47.550  -29.942  48.502 0.0000000000
62071  -48.866  -27.024  49.595 0.0000000000
63075  -49.830  -25.901  49.870 0.0000000000
63099  -44.459  -25.264  46.274 0.0000000000
66137  -48.774  -22.976  47.316 0.0000000000
67131  -46.693  -21.373  44.950 0.0000000000
69834  -49.686  -18.028  39.041 0.0000000000
70731  -52.882  -17.857  42.515 0.0000000000
70746  -51.845  -17.711  40.620 0.0000000000
72826  -50.963  -15.600  38.200 0.0000000000
