#!ascii label  , from subject 3527 vox2ras=TkReg
1065
58906  -25.468  -30.493  -3.512 0.4285714328
59768  -25.624  -29.257  -4.377 0.2857142985
59769  -26.332  -28.949  -4.261 0.4285714328
60717  -26.781  -28.286  -4.662 0.4285714328
60726  -25.949  -27.957  -5.473 0.2857142985
61683  -27.269  -27.648  -5.052 0.4285714328
61708  -26.513  -27.076  -6.067 0.4285714328
62745  -27.111  -26.916  -5.968 0.4285714328
63796  -26.373  -25.781  -6.847 0.4285714328
63810  -27.623  -25.111  -6.844 0.4285714328
64728  -26.560  -24.472  -7.593 0.5714285970
64729  -27.584  -24.471  -7.321 0.5714285970
64730  -28.587  -24.276  -7.197 0.2857142985
65741  -27.105  -23.757  -7.862 0.7142857313
65742  -28.144  -23.705  -7.753 0.7142857313
66767  -29.464  -22.554  -8.429 0.7142857313
66768  -30.636  -22.170  -8.281 0.4285714328
65754  -28.566  -23.087  -8.198 0.7142857313
66752  -29.744  -23.070  -7.884 0.5714285970
67711  -30.932  -21.352  -8.769 0.5714285970
66766  -28.143  -22.386  -8.630 0.5714285970
67710  -30.149  -21.762  -8.992 0.5714285970
67724  -30.432  -21.115  -9.199 0.5714285970
68604  -30.902  -20.820  -9.250 0.5714285970
66780  -29.378  -21.627  -8.969 0.5714285970
68605  -31.448  -20.715  -8.970 0.4285714328
68622  -31.267  -20.350  -9.576 0.5714285970
70319  -32.441  -19.343  -10.226 0.5714285970
68620  -29.349  -20.345  -9.440 0.7142857313
69493  -32.113  -19.438  -10.433 0.7142857313
70341  -33.593  -18.280  -10.721 0.5714285970
68621  -30.358  -20.430  -9.532 0.5714285970
68618  -27.346  -20.311  -9.760 0.5714285970
69476  -30.884  -19.623  -10.204 0.8571428657
70340  -33.093  -18.562  -11.050 0.7142857313
71302  -33.480  -18.250  -11.180 0.5714285970
69475  -29.832  -19.580  -9.725 0.7142857313
69474  -28.818  -19.567  -9.586 0.5714285970
71320  -33.134  -18.004  -11.875 0.7142857313
71321  -33.921  -17.452  -12.164 0.5714285970
70338  -31.182  -18.839  -10.709 0.7142857313
70355  -32.769  -18.348  -11.662 0.7142857313
72335  -33.581  -17.183  -13.109 0.5714285970
71301  -31.997  -18.372  -11.580 0.7142857313
71331  -34.220  -17.298  -13.098 0.5714285970
70337  -30.641  -18.524  -10.466 0.5714285970
71300  -31.425  -18.096  -11.207 0.7142857313
72334  -33.009  -17.028  -12.715 0.7142857313
72345  -33.511  -16.561  -13.431 0.7142857313
72346  -33.802  -17.000  -13.766 0.7142857313
72319  -32.050  -16.726  -11.471 0.7142857313
72333  -32.466  -17.063  -11.973 0.7142857313
73401  -34.182  -15.759  -15.083 0.7142857313
72367  -33.987  -16.294  -14.748 0.5714285970
73380  -32.898  -15.972  -12.008 0.7142857313
72303  -30.535  -17.332  -10.428 0.5714285970
74377  -34.721  -15.358  -15.515 0.5714285970
74383  -35.808  -14.642  -16.778 0.5714285970
74378  -35.356  -14.724  -15.870 0.7142857313
73387  -34.483  -14.949  -13.931 0.7142857313
73381  -33.433  -15.818  -12.801 0.8571428657
75304  -35.551  -13.186  -14.923 0.8571428657
75309  -35.716  -13.410  -15.745 0.5714285970
74365  -34.979  -14.360  -14.247 0.8571428657
75293  -34.577  -13.572  -12.903 0.8571428657
74352  -33.480  -14.784  -11.988 0.8571428657
74359  -34.584  -14.484  -13.471 0.8571428657
77111  -34.822  -11.334  -14.647 0.8571428657
77118  -34.665  -11.041  -15.517 0.8571428657
79014  -34.080  -10.017  -14.813 0.8571428657
75299  -35.007  -13.500  -13.614 0.8571428657
78022  -34.489  -10.660  -14.312 0.8571428657
78995  -34.339  -10.268  -13.318 1.0000000000
79007  -34.293  -10.088  -13.890 1.0000000000
76227  -34.987  -12.013  -14.031 0.8571428657
78010  -34.267  -10.697  -12.889 1.0000000000
80000  -33.625  -8.631  -13.736 1.0000000000
80968  -32.754  -7.334  -12.977 0.7142857313
79006  -33.970  -9.374  -14.309 1.0000000000
79988  -33.165  -8.674  -12.549 1.0000000000
80969  -33.135  -7.827  -13.357 1.0000000000
83671  -32.206  -4.473  -14.518 1.0000000000
83659  -32.004  -4.646  -13.790 0.8571428657
85350  -31.468  -2.693  -14.558 0.8571428657
84526  -31.891  -3.648  -14.535 1.0000000000
87078  -30.364  -0.273  -16.703 0.8571428657
86190  -30.999  -1.524  -14.977 0.8571428657
86199  -31.673  -2.053  -15.761 1.0000000000
88003  -29.531  0.869  -17.433 0.8571428657
88004  -30.205  0.336  -17.682 0.8571428657
88931  -29.165  1.461  -17.955 0.7142857313
87983  -28.656  0.439  -16.026 0.5714285970
88930  -28.547  1.870  -17.451 0.7142857313
88949  -28.534  1.976  -18.425 0.5714285970
88918  -26.385  1.733  -15.471 0.5714285970
88920  -27.928  1.381  -16.213 0.5714285970
89820  -25.962  3.092  -17.090 0.4285714328
89834  -25.873  3.181  -17.833 0.4285714328
89805  -25.030  3.446  -15.369 0.2857142985
90657  -24.743  4.084  -15.185 0.2857142985
90650  -24.657  3.813  -14.184 0.2857142985
60716  -25.767  -28.607  -4.940 0.2857142985
75314  -35.966  -13.621  -16.654 0.5714285970
73386  -34.021  -15.550  -13.674 0.7142857313
73394  -34.364  -15.278  -14.406 0.7142857313
76234  -35.518  -12.223  -15.589 0.8571428657
77119  -35.085  -11.407  -15.799 0.8571428657
78028  -34.340  -10.561  -15.185 0.8571428657
81854  -32.879  -7.186  -13.520 0.8571428657
90640  -25.669  3.923  -13.148 0.1428571492
60727  -26.641  -27.731  -5.386 0.2857142985
61696  -26.988  -27.221  -5.754 0.4285714328
62759  -27.829  -26.238  -6.070 0.4285714328
61707  -26.020  -26.957  -6.271 0.2857142985
63809  -26.897  -25.119  -7.100 0.4285714328
61695  -26.221  -27.401  -5.870 0.4285714328
63798  -28.221  -25.453  -6.426 0.4285714328
63808  -25.992  -25.100  -7.382 0.5714285970
65743  -29.366  -23.544  -7.616 0.4285714328
65752  -26.592  -23.084  -8.384 0.2857142985
65753  -27.617  -23.059  -8.274 0.7142857313
66779  -28.557  -21.680  -8.918 0.5714285970
69461  -32.565  -19.775  -8.948 0.4285714328
67722  -28.897  -21.001  -9.184 0.7142857313
69477  -32.048  -19.874  -9.861 0.5714285970
69478  -32.795  -19.339  -9.534 0.4285714328
69492  -31.688  -19.411  -10.509 0.7142857313
70339  -32.174  -18.989  -10.969 0.7142857313
68619  -28.374  -20.329  -9.459 0.5714285970
71357  -34.574  -16.930  -14.709 0.5714285970
70316  -29.264  -18.753  -9.835 0.5714285970
71332  -34.986  -17.184  -13.235 0.5714285970
72332  -32.022  -17.348  -11.698 0.7142857313
71319  -32.343  -17.995  -11.872 0.7142857313
72358  -34.096  -16.729  -14.449 0.5714285970
71299  -30.842  -18.012  -10.672 0.8571428657
76239  -35.726  -12.473  -16.599 0.5714285970
77998  -33.781  -10.580  -12.275 1.0000000000
80950  -32.782  -7.853  -12.675 0.8571428657
81834  -32.021  -6.290  -12.741 0.7142857313
81853  -32.553  -6.582  -13.188 1.0000000000
81867  -32.888  -6.755  -14.221 1.0000000000
82768  -31.869  -4.981  -13.473 0.7142857313
82784  -32.603  -5.627  -14.842 1.0000000000
82753  -31.619  -5.452  -12.984 0.7142857313
84527  -32.100  -3.945  -14.735 0.8571428657
87068  -30.291  -0.727  -15.561 0.8571428657
85357  -31.952  -2.871  -15.358 1.0000000000
87989  -29.158  0.742  -16.554 0.7142857313
87988  -28.422  0.914  -16.236 0.5714285970
89809  -27.986  1.779  -16.502 0.7142857313
89836  -27.807  2.425  -17.773 0.7142857313
90658  -24.914  3.731  -15.809 0.2857142985
90671  -25.103  3.395  -17.153 0.4285714328
89851  -27.751  2.539  -18.796 0.4285714328
90692  -25.787  3.353  -18.214 0.4285714328
90670  -24.814  3.673  -16.561 0.4285714328
66765  -27.091  -22.378  -8.882 0.4285714328
66778  -27.488  -21.644  -9.215 0.4285714328
89806  -25.550  2.921  -15.794 0.4285714328
89807  -26.633  2.323  -16.268 0.7142857313
89819  -25.355  3.312  -16.679 0.2857142985
59752  -25.530  -29.852  -3.871 0.4285714328
59753  -26.544  -29.670  -3.470 0.4285714328
60715  -24.862  -28.805  -5.060 0.2857142985
59767  -24.668  -29.482  -4.499 0.2857142985
60698  -26.973  -28.887  -3.838 0.4285714328
60725  -25.013  -28.128  -5.558 0.2857142985
62757  -25.836  -26.364  -6.592 0.2857142985
62758  -26.839  -26.613  -6.274 0.4285714328
63797  -27.295  -25.734  -6.606 0.4285714328
67723  -29.770  -21.083  -9.276 0.5714285970
69460  -32.152  -20.085  -9.168 0.4285714328
70320  -32.960  -18.967  -10.195 0.5714285970
67721  -27.907  -20.992  -9.411 0.7142857313
70317  -30.196  -18.776  -10.118 0.5714285970
71282  -30.326  -17.984  -10.271 0.7142857313
72317  -31.035  -17.249  -10.743 0.8571428657
72357  -33.826  -16.344  -14.196 0.7142857313
72318  -31.589  -17.065  -11.202 0.8571428657
74372  -35.310  -14.102  -15.052 0.8571428657
76220  -35.172  -12.690  -13.909 0.8571428657
76228  -35.290  -12.302  -14.607 0.8571428657
77096  -34.468  -11.549  -13.054 1.0000000000
87077  -29.678  0.214  -16.498 0.8571428657
88927  -29.039  1.348  -17.166 0.7142857313
88926  -28.480  1.501  -16.657 0.5714285970
89808  -27.497  1.990  -16.416 0.5714285970
88919  -27.215  1.464  -15.919 0.5714285970
88908  -26.029  1.450  -14.912 0.4285714328
88917  -25.819  2.097  -15.084 0.4285714328
89835  -26.667  2.991  -18.115 0.4285714328
89781  -24.731  2.802  -13.695 0.2857142985
91460  -24.660  4.443  -13.870 0.2857142985
91461  -25.007  4.822  -13.537 0.1428571492
61694  -25.234  -27.251  -6.078 0.2857142985
82769  -32.356  -5.509  -13.728 1.0000000000
89821  -27.096  2.523  -17.078 0.5714285970
92338  -26.363  5.617  -20.024 0.2857142985
93897  -25.998  7.434  -18.193 0.1428571492
92330  -26.049  4.600  -19.229 0.2857142985
91531  -26.003  4.790  -20.389 0.2857142985
93162  -25.677  6.298  -17.923 0.1428571492
91507  -23.935  4.666  -17.207 0.1428571492
91518  -24.993  4.312  -18.179 0.2857142985
92315  -24.471  5.460  -17.465 0.1428571492
120184  -25.844  3.919  -20.837 0.2857142985
91532  -25.982  4.474  -19.817 0.2857142985
88080  -27.838  0.353  -22.861 0.2857142985
88986  -27.197  1.343  -21.812 0.2857142985
93884  -25.288  7.416  -17.349 0.1428571492
90707  -26.067  3.652  -18.843 0.2857142985
88036  -28.570  0.893  -20.169 0.2857142985
90722  -26.311  3.729  -19.969 0.2857142985
91520  -26.004  4.378  -19.278 0.2857142985
86251  -29.763  -1.386  -20.582 0.1428571492
88987  -27.929  0.781  -21.286 0.2857142985
89877  -26.959  2.324  -21.160 0.2857142985
92316  -25.125  5.844  -17.621 0.1428571492
89866  -27.140  2.701  -20.243 0.2857142985
84591  -30.567  -4.232  -22.288 0.1428571492
85403  -29.912  -2.333  -21.201 0.1428571492
88052  -28.560  0.321  -20.792 0.4285714328
88967  -28.343  1.632  -19.617 0.2857142985
85396  -31.169  -3.169  -19.178 0.2857142985
87115  -29.901  -0.595  -19.654 0.4285714328
88968  -28.949  1.171  -19.391 0.2857142985
83718  -30.801  -4.874  -19.376 0.1428571492
86252  -30.200  -2.247  -20.389 0.2857142985
88037  -29.279  0.451  -19.586 0.4285714328
87106  -30.987  -1.333  -18.468 0.5714285970
88022  -29.648  0.814  -18.391 0.7142857313
82816  -30.833  -6.048  -18.836 0.1428571492
83710  -31.186  -5.058  -18.661 0.1428571492
88023  -30.214  0.106  -18.703 0.7142857313
88950  -29.092  1.338  -18.926 0.4285714328
85391  -31.347  -2.829  -18.693 0.4285714328
81886  -31.014  -7.157  -17.890 0.2857142985
82806  -31.262  -6.096  -18.157 0.7142857313
86226  -31.130  -1.143  -17.783 0.7142857313
84534  -32.181  -3.749  -15.170 0.8571428657
84553  -32.220  -3.974  -17.102 0.8571428657
86213  -31.608  -1.958  -16.822 0.5714285970
80018  -31.257  -8.496  -17.999 0.2857142985
80996  -30.884  -7.928  -18.333 0.2857142985
85384  -31.799  -2.887  -17.537 0.7142857313
87060  -30.253  -0.986  -14.925 0.5714285970
80029  -32.031  -8.634  -18.112 0.1428571492
82801  -31.844  -6.021  -16.757 0.7142857313
77064  -30.619  -11.196  -10.570 0.5714285970
79969  -32.927  -9.166  -11.923 0.8571428657
79968  -32.207  -8.708  -11.660 0.8571428657
79949  -31.824  -9.289  -11.323 0.4285714328
79987  -32.600  -8.130  -12.270 0.5714285970
80974  -32.940  -7.432  -15.023 0.8571428657
83682  -32.376  -4.744  -15.460 0.8571428657
79026  -32.636  -9.022  -17.463 0.2857142985
81881  -32.000  -6.917  -16.239 0.8571428657
82794  -32.282  -5.829  -15.816 0.8571428657
85372  -32.159  -3.066  -16.367 0.8571428657
79036  -33.423  -9.504  -17.575 0.4285714328
80989  -31.772  -7.890  -16.759 0.7142857313
81880  -31.456  -7.116  -17.093 0.7142857313
77063  -29.664  -11.340  -10.877 0.2857142985
77976  -32.502  -10.470  -11.318 0.5714285970
77974  -31.038  -10.157  -10.620 0.5714285970
78994  -34.053  -9.663  -13.057 0.8571428657
80975  -33.223  -7.830  -14.328 0.8571428657
81874  -32.606  -6.715  -15.348 0.8571428657
79027  -32.994  -9.838  -17.086 0.4285714328
80012  -32.923  -8.791  -15.877 0.8571428657
80981  -32.451  -7.806  -15.841 0.8571428657
73351  -29.518  -16.592  -10.198 0.7142857313
73365  -28.954  -15.748  -10.303 0.4285714328
73367  -30.982  -16.162  -10.521 0.7142857313
74339  -31.768  -14.854  -10.495 0.8571428657
75266  -31.033  -13.450  -10.247 0.5714285970
76185  -30.139  -12.317  -10.459 0.5714285970
76183  -28.221  -13.228  -11.040 0.4285714328
75282  -32.618  -13.185  -10.781 0.8571428657
75267  -31.843  -12.907  -10.508 0.5714285970
76212  -34.348  -12.530  -12.555 0.8571428657
77083  -33.451  -11.470  -11.821 0.7142857313
77066  -32.280  -11.205  -11.015 0.5714285970
78035  -34.095  -10.567  -16.021 0.7142857313
79013  -33.587  -9.431  -15.355 0.7142857313
79044  -35.211  -10.442  -18.571 0.2857142985
78049  -34.127  -10.406  -17.534 0.4285714328
78048  -33.424  -10.060  -17.337 0.5714285970
71298  -28.089  -17.681  -10.228 0.4285714328
72315  -27.886  -16.861  -10.531 0.4285714328
74340  -32.262  -15.480  -10.893 0.7142857313
74351  -32.755  -14.802  -11.081 0.7142857313
76211  -33.804  -12.499  -11.862 0.8571428657
77125  -35.206  -11.571  -16.473 0.7142857313
78056  -35.493  -10.867  -19.054 0.2857142985
77138  -34.766  -11.152  -17.842 0.5714285970
77124  -34.594  -11.000  -16.296 0.5714285970
70315  -28.161  -18.717  -9.864 0.4285714328
70335  -27.253  -18.861  -10.383 0.5714285970
72302  -29.972  -17.297  -10.124 0.5714285970
73368  -31.891  -16.086  -10.930 0.7142857313
76245  -36.409  -13.119  -17.995 0.4285714328
76251  -35.886  -12.222  -18.558 0.4285714328
77146  -35.711  -11.540  -19.296 0.4285714328
77139  -35.403  -11.636  -18.483 0.4285714328
67720  -26.716  -20.899  -9.936 0.5714285970
71322  -35.109  -17.179  -12.152 0.4285714328
71345  -35.083  -17.103  -14.098 0.4285714328
74389  -37.143  -14.482  -18.250 0.4285714328
73407  -34.813  -15.742  -16.030 0.4285714328
74396  -37.609  -13.982  -18.945 0.4285714328
75319  -36.289  -13.714  -17.425 0.4285714328
64718  -28.898  -24.808  -6.624 0.1428571492
71370  -34.828  -16.779  -15.382 0.4285714328
72385  -35.370  -16.160  -16.636 0.4285714328
73418  -36.387  -15.426  -17.536 0.4285714328
64731  -29.334  -24.259  -6.956 0.1428571492
66753  -30.357  -23.047  -7.525 0.1428571492
67713  -32.072  -20.817  -7.890 0.2857142985
71323  -36.405  -17.288  -11.949 0.2857142985
71372  -37.301  -17.481  -16.193 0.2857142985
72348  -36.483  -16.989  -13.504 0.2857142985
71283  -34.333  -17.914  -10.034 0.4285714328
71379  -37.292  -17.485  -16.457 0.2857142985
72359  -35.903  -16.831  -14.254 0.2857142985
72387  -37.002  -17.094  -17.010 0.2857142985
72378  -35.991  -16.893  -16.260 0.4285714328
64719  -29.892  -24.584  -6.242 0.1428571492
65726  -29.878  -23.984  -6.999 0.1428571492
66754  -31.363  -22.239  -7.391 0.2857142985
69463  -34.709  -19.100  -8.037 0.2857142985
70342  -36.303  -17.948  -10.196 0.2857142985
70323  -35.596  -17.930  -9.656 0.2857142985
69462  -33.510  -19.206  -8.484 0.2857142985
65727  -30.578  -23.670  -6.676 0.1428571492
67701  -33.303  -20.756  -6.741 0.2857142985
66738  -31.094  -23.004  -6.833 0.2857142985
68592  -33.049  -20.270  -7.394 0.2857142985
66755  -32.122  -21.729  -6.990 0.2857142985
68608  -33.413  -19.773  -7.709 0.2857142985
60718  -27.567  -27.898  -4.433 0.2857142985
62760  -28.538  -25.937  -5.838 0.1428571492
62746  -27.493  -26.815  -5.773 0.2857142985
63800  -29.691  -25.132  -5.743 0.1428571492
58907  -26.003  -30.172  -3.442 0.2857142985
58893  -26.452  -30.655  -2.899 0.2857142985
58892  -25.733  -31.110  -3.058 0.2857142985
61698  -28.179  -27.096  -4.914 0.2857142985
59736  -26.985  -30.217  -2.860 0.1428571492
58027  -25.116  -31.069  -3.434 0.2857142985
58015  -25.363  -31.762  -2.981 0.1428571492
67688  -32.800  -21.511  -6.489 0.2857142985
69451  -34.246  -19.535  -7.604 0.2857142985
70356  -36.542  -17.779  -11.008 0.2857142985
70302  -34.723  -18.434  -8.796 0.2857142985
71346  -37.172  -17.221  -13.506 0.2857142985
71304  -34.874  -17.426  -11.090 0.4285714328
72369  -36.171  -16.881  -15.275 0.2857142985
72395  -37.956  -16.914  -17.928 0.2857142985
74338  -30.466  -14.753  -10.110 0.7142857313
72393  -36.574  -15.888  -17.551 0.4285714328
76187  -32.073  -12.069  -10.763 0.5714285970
73408  -35.358  -15.239  -16.381 0.4285714328
76244  -35.960  -12.618  -17.741 0.4285714328
77147  -36.341  -11.839  -19.737 0.2857142985
78055  -34.844  -10.770  -18.371 0.5714285970
79019  -33.154  -9.637  -16.272 0.7142857313
87067  -29.317  -0.057  -15.870 0.4285714328
86198  -31.072  -1.204  -16.145 0.7142857313
83693  -32.306  -5.010  -16.326 0.8571428657
89867  -27.597  2.429  -19.569 0.2857142985
84568  -31.125  -3.831  -19.075 0.4285714328
85390  -31.099  -2.348  -19.072 0.4285714328
93883  -24.572  7.467  -16.689 0.1428571492
87127  -29.153  -0.601  -20.989 0.2857142985
90742  -25.947  2.999  -21.583 0.2857142985
59751  -24.890  -30.047  -3.978 0.2857142985
60699  -27.732  -28.409  -3.744 0.1428571492
62747  -28.477  -26.609  -5.193 0.1428571492
61697  -27.721  -27.162  -5.253 0.2857142985
65713  -31.140  -23.911  -5.834 0.1428571492
65729  -32.015  -23.137  -5.872 0.1428571492
66769  -31.261  -21.647  -8.091 0.2857142985
67700  -32.470  -20.942  -7.219 0.2857142985
69450  -33.774  -19.578  -7.655 0.2857142985
70343  -36.809  -18.361  -10.656 0.2857142985
68606  -32.129  -20.387  -8.565 0.2857142985
71324  -37.210  -17.732  -12.264 0.2857142985
69479  -33.245  -18.933  -9.470 0.2857142985
70322  -34.772  -17.978  -9.488 0.2857142985
71297  -27.359  -17.605  -10.629 0.2857142985
73427  -38.691  -15.278  -18.458 0.2857142985
73366  -29.915  -15.762  -10.210 0.7142857313
75263  -27.986  -14.026  -11.129 0.4285714328
74337  -29.327  -14.724  -10.292 0.5714285970
73420  -37.907  -15.577  -18.292 0.4285714328
77081  -28.957  -11.396  -11.401 0.2857142985
74390  -37.525  -15.021  -18.339 0.2857142985
73413  -35.128  -16.046  -16.439 0.4285714328
77973  -30.013  -10.480  -11.036 0.2857142985
75326  -37.979  -13.540  -19.350 0.1428571492
75331  -37.524  -12.682  -19.692 0.4285714328
77149  -38.309  -11.429  -20.395 0.1428571492
80005  -33.511  -8.664  -14.857 0.8571428657
78065  -37.960  -10.497  -20.322 0.1428571492
77130  -34.603  -11.076  -17.101 0.5714285970
79037  -34.841  -9.806  -18.135 0.2857142985
80011  -32.284  -8.485  -16.570 0.7142857313
84554  -32.323  -4.481  -16.674 0.8571428657
80030  -33.078  -8.686  -17.845 0.2857142985
80998  -32.774  -7.977  -18.319 0.1428571492
90689  -24.125  4.172  -16.754 0.2857142985
80019  -31.934  -8.532  -17.394 0.4285714328
79035  -32.710  -8.945  -17.699 0.4285714328
80042  -31.568  -8.310  -18.628 0.1428571492
83700  -31.695  -4.982  -17.771 0.5714285970
80041  -31.296  -8.185  -18.850 0.1428571492
81897  -30.720  -6.954  -18.814 0.1428571492
82823  -30.796  -5.571  -19.145 0.1428571492
93150  -23.969  6.595  -16.919 0.1428571492
81896  -30.679  -6.425  -19.071 0.1428571492
84567  -30.737  -4.099  -19.702 0.1428571492
88053  -29.120  -0.097  -20.369 0.2857142985
86243  -29.829  -1.020  -20.030 0.2857142985
85395  -30.808  -2.883  -19.646 0.2857142985
84576  -30.545  -4.012  -20.403 0.1428571492
84583  -30.444  -4.102  -21.330 0.1428571492
85413  -30.129  -3.298  -21.752 0.1428571492
87126  -28.558  -0.257  -21.551 0.2857142985
87140  -28.363  -0.352  -22.306 0.2857142985
87141  -29.017  -0.791  -21.969 0.1428571492
86263  -29.539  -1.470  -21.601 0.1428571492
59755  -28.519  -28.905  -2.971 0.1428571492
64706  -30.080  -25.031  -5.542 0.1428571492
71347  -37.753  -17.665  -14.053 0.2857142985
79045  -35.824  -10.086  -18.709 0.2857142985
85427  -30.477  -3.357  -22.642 0.1428571492
87156  -28.494  -0.460  -23.048 0.2857142985
61668  -28.218  -27.732  -4.043 0.1428571492
61684  -27.923  -27.454  -4.703 0.1428571492
64717  -28.175  -24.816  -6.866 0.1428571492
67712  -31.578  -21.027  -8.306 0.2857142985
71303  -33.997  -17.928  -10.882 0.4285714328
73352  -30.281  -16.654  -10.304 0.5714285970
71281  -29.675  -17.995  -10.030 0.4285714328
74388  -36.276  -14.614  -17.516 0.4285714328
75283  -33.446  -13.555  -11.377 0.7142857313
78027  -33.732  -10.091  -15.711 0.7142857313
78981  -33.422  -9.674  -12.078 0.8571428657
77095  -34.013  -11.547  -12.401 0.8571428657
81868  -33.054  -7.401  -13.852 0.8571428657
87094  -30.843  -0.583  -17.972 0.7142857313
89850  -26.985  3.069  -19.258 0.2857142985
63799  -29.151  -25.379  -5.970 0.1428571492
68607  -32.841  -19.940  -8.131 0.2857142985
71371  -35.375  -16.807  -15.632 0.4285714328
77082  -32.828  -11.344  -11.399 0.5714285970
84546  -32.320  -3.626  -16.558 0.8571428657
90705  -24.709  3.800  -18.056 0.2857142985
90706  -25.298  3.715  -18.381 0.2857142985
90690  -24.484  3.821  -17.398 0.2857142985
74350  -32.342  -14.162  -10.629 0.8571428657
92339  -26.240  5.065  -19.495 0.2857142985
93171  -26.535  6.159  -18.984 0.1428571492
93163  -25.997  5.572  -18.539 0.2857142985
92328  -25.390  5.133  -18.072 0.2857142985
92327  -24.848  4.782  -17.836 0.1428571492
90721  -25.882  4.196  -20.232 0.2857142985
88068  -27.880  0.332  -21.841 0.2857142985
89884  -26.186  2.452  -21.887 0.2857142985
88977  -27.481  1.819  -20.530 0.2857142985
93151  -24.810  6.553  -17.325 0.1428571492
90734  -26.410  3.096  -21.114 0.2857142985
87114  -29.490  -0.550  -20.180 0.2857142985
88966  -27.625  2.126  -19.958 0.2857142985
85412  -29.888  -2.394  -22.161 0.1428571492
87105  -30.509  -0.796  -19.035 0.5714285970
88038  -30.025  -0.171  -19.275 0.5714285970
83717  -30.560  -4.934  -20.097 0.1428571492
86244  -30.264  -1.521  -19.782 0.2857142985
85404  -30.278  -3.153  -20.766 0.2857142985
86235  -30.841  -1.787  -19.137 0.4285714328
86236  -31.195  -1.980  -18.689 0.5714285970
84560  -31.588  -3.925  -18.155 0.5714285970
82800  -31.440  -6.461  -17.475 0.5714285970
82807  -31.679  -5.738  -17.445 0.7142857313
83701  -32.107  -5.054  -17.049 0.7142857313
80988  -31.199  -7.980  -17.548 0.5714285970
77065  -31.759  -11.059  -10.722 0.5714285970
78959  -32.127  -9.690  -11.303 0.5714285970
78958  -31.531  -9.652  -11.098 0.4285714328
80982  -33.037  -8.116  -15.210 0.8571428657
80020  -32.590  -9.122  -16.827 0.4285714328
72316  -28.659  -16.835  -10.263 0.5714285970
75265  -29.708  -13.550  -10.301 0.4285714328
76186  -31.241  -12.132  -10.461 0.5714285970
75264  -28.716  -13.788  -10.655 0.4285714328
76202  -33.132  -12.338  -11.364 0.8571428657
78043  -33.968  -10.628  -16.799 0.5714285970
78034  -33.476  -10.223  -16.530 0.7142857313
71280  -28.862  -17.884  -10.039 0.5714285970
70336  -27.700  -18.218  -10.240 0.5714285970
76252  -36.417  -12.656  -18.789 0.4285714328
78064  -36.908  -10.928  -19.879 0.2857142985
72336  -35.675  -17.063  -12.687 0.2857142985
71358  -35.251  -16.878  -14.907 0.4285714328
73414  -35.573  -15.578  -16.821 0.4285714328
75325  -37.305  -13.282  -19.105 0.4285714328
72386  -35.997  -16.315  -17.060 0.4285714328
67699  -31.797  -21.393  -7.637 0.2857142985
68591  -32.502  -20.453  -7.824 0.2857142985
71305  -35.859  -17.315  -11.029 0.2857142985
72370  -37.028  -17.127  -15.286 0.2857142985
71284  -34.843  -17.651  -10.185 0.2857142985
71285  -35.536  -17.541  -10.358 0.2857142985
72394  -37.057  -16.229  -17.627 0.4285714328
64720  -30.603  -24.219  -6.067 0.1428571492
70303  -35.430  -18.358  -9.053 0.2857142985
65728  -31.471  -23.306  -6.176 0.1428571492
68593  -33.953  -20.076  -7.075 0.2857142985
58016  -26.294  -31.613  -2.571 0.1428571492
58894  -27.483  -30.684  -2.526 0.1428571492
76258  -37.082  -12.427  -19.721 0.2857142985
93149  -23.667  6.478  -16.160 0.1428571492
59737  -27.546  -29.974  -2.765 0.1428571492
60700  -28.721  -28.208  -3.415 0.1428571492
92302  -23.658  5.622  -15.882 0.1428571492
85349  -30.515  -2.170  -14.229 0.5714285970
84516  -30.628  -3.518  -13.539 0.4285714328
84515  -29.657  -3.546  -13.395 0.4285714328
85337  -30.040  -2.814  -13.783 0.5714285970
83657  -30.300  -4.224  -13.094 0.4285714328
85338  -30.853  -2.885  -13.940 0.5714285970
81833  -31.315  -6.341  -12.378 0.4285714328
83643  -30.804  -4.877  -12.874 0.4285714328
83670  -31.852  -4.081  -13.995 0.5714285970
84517  -31.405  -3.484  -13.936 0.5714285970
80929  -31.416  -7.904  -11.723 0.5714285970
70411  -38.712  -18.255  -17.266 0.1428571492
71385  -38.076  -17.839  -17.494 0.1428571492
72396  -39.095  -16.658  -17.953 0.1428571492
64727  -25.639  -24.421  -7.726 0.2857142985
72361  -37.402  -17.329  -14.829 0.1428571492
71382  -40.084  -18.240  -16.299 0.1428571492
70405  -38.675  -18.672  -16.651 0.1428571492
71375  -40.190  -17.453  -15.336 0.1428571492
70412  -39.341  -17.970  -17.262 0.1428571492
72381  -40.003  -16.636  -15.597 0.1428571492
70369  -37.672  -18.542  -12.462 0.1428571492
70390  -38.368  -18.826  -14.918 0.1428571492
70381  -37.918  -18.287  -13.283 0.1428571492
69549  -39.105  -19.039  -16.544 0.1428571492
71362  -40.318  -18.174  -15.055 0.1428571492
69550  -39.484  -19.173  -16.372 0.1428571492
73388  -38.975  -15.572  -12.493 0.1428571492
72362  -39.843  -16.671  -13.603 0.1428571492
63795  -25.392  -25.625  -7.012 0.2857142985
63794  -24.225  -25.205  -7.011 0.2857142985
68610  -36.207  -20.064  -8.268 0.1428571492
68624  -36.975  -20.060  -9.349 0.1428571492
69481  -36.958  -19.367  -9.892 0.1428571492
69464  -35.529  -18.991  -8.470 0.1428571492
69495  -37.222  -19.166  -10.689 0.1428571492
68664  -38.304  -20.657  -14.489 0.1428571492
69516  -37.914  -19.589  -12.671 0.1428571492
69546  -40.142  -19.691  -15.579 0.1428571492
69527  -38.365  -19.631  -14.358 0.1428571492
70391  -40.394  -18.952  -14.862 0.1428571492
71349  -40.182  -17.520  -13.385 0.1428571492
72349  -39.057  -16.309  -11.753 0.1428571492
72350  -39.583  -16.767  -12.616 0.1428571492
62756  -24.931  -26.276  -6.528 0.2857142985
62744  -24.322  -26.679  -6.202 0.2857142985
68581  -34.576  -20.623  -6.797 0.1428571492
68595  -35.956  -20.712  -7.673 0.1428571492
68625  -37.300  -20.072  -10.238 0.1428571492
68634  -37.441  -20.125  -11.104 0.1428571492
68681  -40.114  -20.409  -15.234 0.1428571492
71336  -40.440  -18.299  -13.351 0.1428571492
69537  -40.437  -19.792  -14.661 0.1428571492
73382  -38.487  -15.555  -11.201 0.1428571492
68582  -34.962  -20.830  -6.776 0.1428571492
67690  -34.618  -21.266  -6.428 0.1428571492
67714  -36.907  -21.181  -8.984 0.1428571492
67704  -36.334  -21.324  -8.049 0.1428571492
67752  -37.507  -21.640  -13.428 0.1428571492
67760  -38.048  -21.763  -14.404 0.1428571492
67733  -37.403  -20.977  -11.378 0.1428571492
68674  -39.624  -21.036  -15.209 0.1428571492
71335  -40.127  -17.997  -12.401 0.1428571492
69528  -40.622  -19.792  -13.689 0.1428571492
72339  -39.442  -17.154  -11.592 0.1428571492
66741  -34.267  -21.901  -5.858 0.1428571492
66739  -32.184  -22.521  -6.210 0.1428571492
65755  -36.431  -23.213  -8.228 0.1428571492
66757  -36.241  -22.370  -7.534 0.1428571492
67691  -35.323  -21.279  -6.786 0.1428571492
66781  -36.942  -22.247  -10.128 0.1428571492
66770  -36.643  -22.300  -8.673 0.1428571492
67703  -35.860  -21.296  -7.327 0.1428571492
66829  -38.729  -22.207  -14.655 0.1428571492
66800  -36.952  -22.186  -12.553 0.1428571492
67772  -39.831  -21.867  -14.685 0.1428571492
68665  -40.594  -20.509  -13.325 0.1428571492
67771  -38.884  -21.701  -14.931 0.1428571492
70372  -40.561  -18.923  -12.960 0.1428571492
64733  -36.224  -23.748  -7.974 0.1428571492
65731  -36.192  -22.913  -7.038 0.1428571492
66743  -35.949  -22.541  -6.819 0.1428571492
66788  -36.548  -22.752  -11.541 0.1428571492
65762  -36.415  -23.271  -9.288 0.1428571492
66813  -37.229  -22.690  -13.606 0.1428571492
69518  -40.602  -19.726  -12.764 0.1428571492
66831  -39.509  -22.369  -14.426 0.1428571492
66789  -37.101  -21.834  -11.447 0.1428571492
68653  -37.923  -20.605  -13.313 0.1428571492
69480  -36.304  -18.866  -9.287 0.1428571492
72338  -38.830  -16.484  -10.839 0.1428571492
74341  -37.969  -14.565  -10.338 0.1428571492
70401  -40.226  -18.859  -15.701 0.1428571492
71359  -37.751  -17.765  -15.049 0.1428571492
71387  -39.569  -17.182  -17.338 0.1428571492
61706  -25.497  -26.727  -6.370 0.2857142985
70359  -40.478  -19.144  -12.337 0.1428571492
71325  -39.752  -18.050  -11.315 0.1428571492
74353  -38.162  -14.550  -11.628 0.1428571492
73396  -39.440  -15.703  -13.727 0.1428571492
72397  -39.606  -16.312  -17.340 0.1428571492
73421  -38.706  -15.961  -18.244 0.1428571492
85348  -29.501  -2.075  -14.082 0.4285714328
87059  -29.542  -0.698  -14.970 0.4285714328
120164  -28.936  -0.513  -23.486 0.1428571492
86189  -29.986  -1.385  -14.512 0.4285714328
120166  -27.350  0.121  -23.729 0.1428571492
70410  -38.155  -18.296  -17.051 0.1428571492
68609  -35.457  -19.554  -7.943 0.1428571492
67689  -33.702  -21.338  -6.267 0.1428571492
66740  -33.252  -21.988  -5.854 0.1428571492
68594  -35.193  -20.236  -7.309 0.1428571492
70357  -37.159  -18.260  -11.463 0.1428571492
73426  -38.374  -14.989  -18.606 0.1428571492
74397  -38.001  -14.524  -18.867 0.1428571492
71348  -38.104  -18.207  -14.665 0.1428571492
70399  -38.025  -18.234  -16.154 0.1428571492
71386  -38.808  -17.577  -17.713 0.1428571492
70406  -39.354  -18.622  -16.858 0.1428571492
71381  -40.002  -17.763  -16.502 0.1428571492
71376  -40.188  -18.211  -15.914 0.1428571492
69551  -39.972  -19.305  -16.142 0.1428571492
70400  -38.348  -18.574  -15.887 0.1428571492
72389  -39.889  -16.533  -16.588 0.1428571492
73409  -39.701  -15.748  -15.750 0.1428571492
72372  -39.934  -16.597  -14.553 0.1428571492
69506  -37.559  -19.351  -11.709 0.1428571492
69517  -38.206  -19.629  -13.540 0.1428571492
70382  -38.249  -18.713  -13.961 0.1428571492
69536  -38.645  -19.654  -15.222 0.1428571492
71361  -40.233  -17.401  -14.333 0.1428571492
71350  -40.422  -18.199  -14.146 0.1428571492
68679  -39.230  -20.056  -15.837 0.1428571492
73389  -39.492  -16.159  -13.096 0.1428571492
68654  -38.219  -20.162  -13.936 0.1428571492
68673  -38.912  -20.603  -15.431 0.1428571492
68643  -37.677  -20.356  -12.064 0.1428571492
68680  -39.582  -20.305  -15.646 0.1428571492
70383  -40.585  -18.979  -13.947 0.1428571492
67726  -37.348  -20.719  -10.664 0.1428571492
67725  -37.311  -20.973  -9.958 0.1428571492
67761  -38.513  -21.228  -14.881 0.1428571492
68663  -37.869  -21.189  -13.977 0.1428571492
68675  -40.344  -20.813  -14.424 0.1428571492
66742  -35.299  -22.216  -6.259 0.1428571492
66756  -35.784  -21.932  -6.910 0.1428571492
67741  -37.453  -21.306  -12.364 0.1428571492
66782  -37.238  -21.368  -10.705 0.1428571492
66821  -38.400  -22.607  -14.288 0.1428571492
67773  -40.243  -21.464  -14.258 0.1428571492
57115  -24.294  -32.597  -2.952 0.1428571492
58026  -24.380  -31.345  -3.512 0.1428571492
58025  -23.400  -31.314  -3.323 0.1428571492
58905  -24.505  -30.515  -3.855 0.1428571492
58915  -24.296  -29.920  -4.212 0.1428571492
60714  -23.819  -28.628  -5.024 0.1428571492
61682  -23.766  -27.975  -5.368 0.1428571492
60713  -22.826  -28.456  -4.502 0.1428571492
61681  -23.014  -27.529  -5.203 0.1428571492
61693  -24.010  -27.423  -5.756 0.1428571492
62743  -23.453  -26.297  -6.018 0.1428571492
63783  -23.522  -25.515  -6.431 0.1428571492
120039  -24.497  -24.616  -7.468 0.2857142985
120040  -25.065  -24.817  -7.497 0.1428571492
120045  -25.210  -24.230  -7.824 0.1428571492
65740  -26.127  -23.817  -7.987 0.1428571492
120044  -24.091  -24.008  -7.716 0.2857142985
68617  -26.537  -20.464  -10.241 0.4285714328
69473  -27.919  -19.649  -9.658 0.4285714328
70314  -27.632  -19.232  -9.886 0.4285714328
79967  -31.109  -8.519  -11.358 0.2857142985
80948  -30.971  -7.152  -11.902 0.2857142985
80949  -32.150  -7.313  -12.289 0.2857142985
83655  -28.217  -4.804  -13.266 0.2857142985
84514  -28.634  -3.672  -13.406 0.2857142985
85336  -29.061  -2.806  -13.653 0.2857142985
120038  -24.680  -24.060  -7.836 0.2857142985
59766  -23.627  -29.390  -4.420 0.1428571492
62742  -22.506  -26.332  -5.529 0.1428571492
63793  -23.302  -24.903  -6.652 0.1428571492
64716  -23.483  -24.364  -7.103 0.1428571492
65738  -24.483  -23.152  -8.092 0.2857142985
65751  -25.440  -23.141  -8.363 0.2857142985
66777  -26.485  -21.635  -9.636 0.4285714328
66810  -26.429  -21.897  -12.200 0.2857142985
78979  -30.232  -9.457  -11.182 0.2857142985
79966  -30.158  -8.720  -11.340 0.2857142985
80928  -30.543  -7.931  -11.615 0.2857142985
80946  -29.001  -7.842  -12.372 0.2857142985
80947  -29.947  -7.317  -11.933 0.2857142985
82752  -30.631  -5.601  -12.532 0.2857142985
83641  -29.057  -5.185  -12.870 0.2857142985
82767  -28.204  -5.609  -13.066 0.2857142985
66764  -26.117  -22.389  -9.040 0.2857142985
80927  -29.654  -8.128  -11.731 0.2857142985
78993  -28.999  -9.680  -11.837 0.2857142985
81831  -29.350  -6.683  -12.369 0.2857142985
82750  -28.727  -5.924  -12.687 0.2857142985
81832  -30.315  -6.440  -12.189 0.2857142985
82751  -29.658  -5.764  -12.480 0.2857142985
82749  -28.096  -6.197  -12.964 0.2857142985
83642  -29.956  -4.960  -12.741 0.2857142985
80945  -28.041  -7.815  -12.987 0.2857142985
83656  -29.294  -4.379  -13.108 0.2857142985
65739  -25.414  -23.953  -7.962 0.1428571492
62755  -24.081  -25.999  -6.430 0.1428571492
57125  -24.061  -31.913  -3.297 0.1428571492
59750  -23.261  -29.724  -4.017 0.1428571492
61692  -23.226  -26.914  -5.649 0.1428571492
65737  -23.672  -23.505  -7.554 0.2857142985
120059  -26.416  -22.077  -11.324 0.4285714328
81830  -28.483  -6.881  -12.741 0.2857142985
69490  -26.558  -19.517  -10.839 0.2857142985
69491  -26.874  -19.715  -10.403 0.2857142985
90750  -28.955  4.165  -23.425 0.1428571492
90761  -29.159  3.540  -23.508 0.1428571492
90758  -26.926  2.682  -24.002 0.1428571492
120174  -25.953  1.142  -24.055 0.1428571492
87173  -25.906  -0.382  -23.907 0.1428571492
91559  -29.161  4.806  -22.682 0.1428571492
120183  -26.698  1.888  -24.172 0.1428571492
120185  -25.974  4.627  -21.420 0.1428571492
93917  -27.290  7.215  -21.347 0.1428571492
71296  -26.988  -18.203  -10.764 0.2857142985
120167  -28.022  0.618  -24.070 0.1428571492
89902  -29.267  2.703  -23.566 0.1428571492
120169  -26.873  0.361  -23.021 0.1428571492
89911  -27.254  1.795  -24.442 0.1428571492
120172  -27.430  1.000  -24.606 0.1428571492
120181  -25.940  3.425  -21.938 0.1428571492
88993  -26.464  0.660  -22.645 0.1428571492
91556  -26.786  4.604  -22.813 0.1428571492
92359  -26.787  5.953  -22.217 0.1428571492
92364  -26.616  5.268  -22.477 0.1428571492
92350  -26.271  5.598  -20.915 0.1428571492
93182  -26.536  6.531  -20.246 0.1428571492
88985  -25.824  1.392  -22.894 0.1428571492
120179  -25.843  2.591  -22.562 0.1428571492
68633  -26.831  -20.088  -10.143 0.2857142985
91565  -28.158  4.099  -23.644 0.1428571492
92367  -28.680  5.376  -22.648 0.1428571492
90760  -28.632  3.439  -23.881 0.1428571492
120182  -26.404  3.100  -23.336 0.1428571492
90749  -27.273  3.693  -23.524 0.1428571492
92361  -28.762  5.931  -22.061 0.1428571492
120186  -26.216  4.453  -22.389 0.1428571492
89000  -28.288  1.718  -24.455 0.1428571492
79005  -27.859  -9.240  -12.635 0.1428571492
79986  -28.763  -8.797  -12.048 0.1428571492
79985  -28.267  -8.656  -12.576 0.1428571492
81829  -27.690  -6.837  -13.089 0.1428571492
81851  -25.731  -6.571  -13.837 0.1428571492
78978  -29.617  -9.395  -11.399 0.1428571492
82764  -25.456  -5.548  -14.189 0.1428571492
83653  -26.042  -4.655  -14.146 0.1428571492
74336  -28.437  -14.825  -10.654 0.2857142985
74335  -27.820  -14.882  -11.098 0.1428571492
76200  -28.469  -11.940  -11.377 0.1428571492
77994  -28.837  -10.793  -11.749 0.1428571492
78008  -28.455  -10.454  -12.121 0.1428571492
80031  -34.277  -8.774  -17.735 0.1428571492
84513  -27.596  -3.744  -13.558 0.1428571492
84512  -26.586  -3.717  -13.759 0.2857142985
85346  -27.755  -2.171  -13.877 0.2857142985
87055  -25.828  0.142  -14.155 0.2857142985
87052  -25.435  -0.421  -13.790 0.2857142985
87975  -26.038  0.692  -14.541 0.2857142985
91494  -23.712  4.797  -16.365 0.1428571492
89763  -24.763  2.556  -12.838 0.1428571492
85347  -28.503  -2.076  -13.975 0.2857142985
85334  -27.165  -2.686  -13.787 0.2857142985
86187  -27.743  -1.313  -14.182 0.2857142985
87058  -28.325  -0.353  -15.064 0.2857142985
86186  -27.045  -0.914  -14.185 0.2857142985
87053  -26.067  -1.029  -13.906 0.2857142985
87977  -27.407  0.130  -15.181 0.2857142985
87056  -26.401  -0.401  -14.218 0.2857142985
87981  -26.958  0.804  -15.435 0.2857142985
89794  -25.471  2.454  -14.984 0.1428571492
87051  -24.608  -0.185  -13.124 0.2857142985
91470  -24.595  4.894  -14.621 0.1428571492
91471  -24.586  4.967  -13.973 0.1428571492
86177  -24.666  -1.554  -13.299 0.1428571492
86176  -24.218  -2.170  -13.067 0.1428571492
84511  -25.600  -3.668  -13.851 0.2857142985
88896  -25.144  1.407  -13.879 0.1428571492
87971  -25.005  0.682  -13.526 0.2857142985
88895  -24.859  1.731  -13.331 0.1428571492
87970  -24.753  0.826  -12.833 0.1428571492
82782  -24.419  -5.326  -13.932 0.2857142985
86160  -24.144  -0.536  -11.840 0.1428571492
88868  -25.220  1.498  -11.745 0.1428571492
81848  -23.085  -6.065  -12.512 0.1428571492
79046  -37.012  -9.439  -18.869 0.1428571492
77094  -27.974  -10.913  -12.294 0.1428571492
78007  -27.718  -10.334  -12.509 0.1428571492
79003  -26.573  -9.487  -13.216 0.1428571492
79998  -27.024  -8.762  -13.207 0.1428571492
80967  -27.410  -8.157  -13.200 0.1428571492
80965  -25.996  -7.666  -13.684 0.1428571492
82766  -27.479  -5.805  -13.357 0.1428571492
81866  -24.569  -5.676  -13.913 0.1428571492
83654  -27.054  -4.738  -13.726 0.1428571492
83652  -24.930  -4.604  -14.152 0.2857142985
85333  -26.164  -2.683  -13.755 0.1428571492
86179  -26.709  -1.587  -13.928 0.2857142985
86178  -25.708  -1.669  -13.729 0.1428571492
87044  -24.413  0.131  -12.175 0.1428571492
88906  -24.994  2.132  -14.008 0.1428571492
88881  -24.876  1.645  -12.539 0.1428571492
80032  -35.616  -8.692  -17.775 0.1428571492
87066  -28.522  0.106  -15.718 0.2857142985
87974  -25.467  0.705  -14.076 0.2857142985
86188  -28.934  -1.273  -14.408 0.2857142985
76184  -28.990  -12.497  -10.893 0.1428571492
75280  -27.821  -13.375  -11.302 0.1428571492
77995  -29.538  -10.329  -11.381 0.1428571492
78058  -37.362  -10.158  -19.627 0.1428571492
85335  -28.098  -2.851  -13.682 0.1428571492
78992  -28.272  -9.563  -12.352 0.1428571492
79999  -27.670  -8.706  -12.927 0.1428571492
80944  -27.349  -7.520  -13.216 0.1428571492
79004  -27.334  -9.598  -12.824 0.1428571492
78021  -27.254  -10.242  -12.710 0.1428571492
81852  -26.757  -6.844  -13.429 0.1428571492
82765  -26.438  -5.695  -13.890 0.1428571492
78009  -28.981  -10.330  -11.815 0.1428571492
82783  -24.790  -5.411  -14.129 0.1428571492
77080  -28.192  -11.414  -11.868 0.1428571492
86180  -27.336  -1.944  -13.917 0.2857142985
87976  -26.746  0.290  -14.832 0.2857142985
89748  -25.091  2.164  -12.355 0.1428571492
87057  -27.281  -0.417  -14.587 0.2857142985
92277  -24.562  5.480  -14.760 0.1428571492
65736  -23.106  -22.846  -7.274 0.1428571492
66751  -24.028  -22.663  -7.991 0.1428571492
120046  -24.683  -22.255  -8.575 0.1428571492
67697  -22.610  -21.452  -7.433 0.1428571492
68590  -23.001  -20.929  -7.942 0.1428571492
68602  -23.494  -20.445  -8.665 0.1428571492
67709  -24.086  -21.448  -8.669 0.1428571492
68615  -24.035  -20.026  -9.348 0.1428571492
120051  -24.833  -21.359  -9.375 0.1428571492
120054  -25.618  -21.566  -9.673 0.1428571492
69489  -24.732  -19.926  -10.281 0.1428571492
120058  -25.358  -20.914  -10.687 0.1428571492
120060  -25.828  -20.997  -10.827 0.1428571492
120049  -24.974  -21.703  -12.032 0.1428571492
120053  -25.504  -21.772  -11.167 0.1428571492
69471  -24.360  -19.779  -9.747 0.1428571492
69503  -24.826  -19.957  -11.008 0.1428571492
67749  -25.969  -20.706  -12.476 0.1428571492
69505  -26.069  -19.353  -11.321 0.1428571492
71316  -26.590  -17.590  -10.956 0.1428571492
71317  -26.994  -17.001  -10.921 0.1428571492
120042  -25.138  -21.887  -9.164 0.1428571492
65724  -22.687  -23.206  -6.843 0.1428571492
66749  -22.679  -22.344  -7.145 0.1428571492
67698  -23.421  -21.442  -8.060 0.1428571492
86168  -24.179  -0.852  -12.504 0.1428571492
73364  -28.081  -15.857  -10.721 0.1428571492
68632  -26.294  -20.220  -10.737 0.1428571492
120047  -25.418  -22.254  -8.958 0.1428571492
68642  -26.153  -20.083  -11.293 0.1428571492
66750  -23.380  -22.315  -7.606 0.1428571492
66763  -23.945  -22.021  -8.136 0.1428571492
68589  -22.407  -20.401  -7.745 0.1428571492
68603  -24.212  -20.981  -9.154 0.1428571492
68616  -24.588  -20.449  -9.708 0.1428571492
68631  -24.953  -20.371  -10.718 0.1428571492
69488  -24.444  -19.193  -10.300 0.1428571492
67748  -25.478  -20.684  -12.472 0.1428571492
69459  -22.879  -19.348  -8.514 0.1428571492
65723  -21.912  -22.912  -6.352 0.1428571492
58914  -23.816  -30.043  -4.119 0.1428571492
60724  -24.280  -28.230  -5.399 0.1428571492
65744  -30.065  -23.596  -7.239 0.1428571492
65792  -25.692  -21.885  -12.185 0.1428571492
65793  -26.362  -22.804  -12.127 0.2857142985
66737  -30.678  -23.251  -7.023 0.1428571492
66796  -26.533  -21.202  -11.576 0.2857142985
66797  -26.812  -21.698  -11.744 0.2857142985
66798  -26.858  -22.387  -11.848 0.2857142985
66807  -25.663  -21.153  -12.388 0.1428571492
66808  -25.987  -21.257  -12.458 0.1428571492
66809  -26.196  -21.501  -12.358 0.2857142985
66811  -26.648  -22.180  -12.202 0.2857142985
66830  -39.097  -22.320  -14.643 0.1428571492
67702  -34.042  -20.766  -6.571 0.1428571492
67732  -26.181  -20.955  -11.132 0.4285714328
67739  -26.496  -20.936  -11.732 0.1428571492
67740  -26.752  -21.552  -12.086 0.2857142985
67750  -26.299  -20.986  -12.277 0.1428571492
67751  -26.505  -21.410  -12.190 0.2857142985
67770  -38.511  -22.091  -14.602 0.1428571492
68623  -31.818  -20.285  -9.243 0.7142857313
68641  -24.602  -20.862  -11.709 0.1428571492
68650  -24.877  -20.109  -12.578 0.1428571492
69470  -23.704  -19.373  -9.220 0.1428571492
69472  -27.291  -19.662  -9.963 0.2857142985
69494  -36.758  -18.720  -10.099 0.2857142985
69502  -24.328  -19.801  -11.546 0.1428571492
69544  -38.972  -19.506  -16.089 0.1428571492
69545  -39.559  -19.726  -16.023 0.1428571492
70301  -34.136  -18.628  -8.649 0.2857142985
70318  -30.706  -18.969  -10.434 0.5714285970
70321  -33.771  -18.358  -9.722 0.4285714328
70354  -32.485  -18.525  -11.509 0.7142857313
70370  -38.079  -18.946  -13.139 0.1428571492
70404  -38.055  -18.278  -16.486 0.1428571492
70407  -40.009  -18.664  -16.378 0.1428571492
71318  -31.821  -17.801  -11.623 0.7142857313
71333  -36.899  -17.242  -12.789 0.2857142985
71334  -37.538  -17.697  -12.997 0.2857142985
71344  -34.363  -17.186  -13.939 0.5714285970
71360  -38.070  -18.225  -15.389 0.1428571492
71373  -37.678  -17.832  -15.980 0.1428571492
71374  -38.030  -18.211  -15.775 0.1428571492
71380  -37.623  -17.831  -16.891 0.1428571492
72301  -29.341  -17.314  -10.110 0.5714285970
72337  -36.245  -17.061  -12.835 0.2857142985
72347  -35.706  -17.012  -13.421 0.2857142985
72360  -36.899  -16.976  -14.377 0.2857142985
72368  -34.399  -16.431  -15.266 0.5714285970
72371  -37.418  -17.463  -15.378 0.1428571492
72377  -35.071  -16.502  -16.186 0.4285714328
72379  -36.937  -17.254  -16.056 0.2857142985
72380  -37.257  -17.387  -15.698 0.2857142985
72388  -37.620  -17.479  -17.389 0.1428571492
73353  -30.716  -16.840  -10.501 0.5714285970
73369  -32.407  -16.050  -11.368 0.7142857313
73393  -33.944  -15.830  -14.440 0.7142857313
73400  -33.849  -16.085  -14.663 0.7142857313
73419  -37.080  -15.451  -17.921 0.2857142985
74358  -34.119  -14.708  -12.751 0.8571428657
74366  -35.317  -13.756  -14.593 0.8571428657
74371  -34.731  -14.943  -15.054 0.7142857313
74398  -38.866  -14.510  -18.714 0.1428571492
75281  -31.984  -13.722  -10.436 0.7142857313
75292  -34.085  -13.634  -12.122 0.7142857313
75300  -35.324  -13.308  -14.255 0.8571428657
75320  -36.697  -13.625  -18.142 0.4285714328
76201  -32.560  -12.031  -11.110 0.5714285970
76219  -34.799  -12.451  -13.360 0.8571428657
76259  -37.774  -12.233  -20.105 0.4285714328
77105  -34.693  -11.437  -13.801 0.8571428657
77112  -35.115  -11.612  -15.203 0.8571428657
77131  -35.292  -11.713  -17.403 0.4285714328
77140  -35.822  -12.051  -19.079 0.4285714328
77148  -37.378  -11.567  -20.177 0.2857142985
77975  -31.891  -10.339  -11.003 0.5714285970
77996  -30.366  -9.967  -11.048 0.1428571492
77997  -33.157  -10.532  -11.696 1.0000000000
78011  -34.459  -10.760  -13.529 1.0000000000
78042  -33.484  -10.288  -17.105 0.5714285970
78057  -36.446  -10.454  -19.296 0.2857142985
78063  -36.094  -11.131  -19.569 0.2857142985
78957  -30.931  -9.403  -11.013 0.2857142985
78980  -32.751  -9.697  -11.615 0.5714285970
78991  -27.794  -9.693  -12.575 0.1428571492
79947  -30.777  -9.005  -11.152 0.2857142985
79948  -31.410  -9.082  -11.245 0.4285714328
79965  -29.306  -8.812  -11.583 0.1428571492
80028  -31.245  -8.325  -18.532 0.1428571492
80926  -29.164  -8.376  -11.929 0.2857142985
81008  -31.041  -7.805  -19.076 0.1428571492
81904  -30.716  -6.486  -19.401 0.1428571492
82754  -32.189  -5.932  -13.133 1.0000000000
82815  -30.693  -6.079  -19.224 0.1428571492
82822  -30.632  -5.770  -19.681 0.1428571492
83640  -28.545  -5.371  -12.988 0.2857142985
83658  -31.359  -4.371  -13.411 0.5714285970
83669  -24.605  -5.048  -14.132 0.2857142985
84533  -31.907  -3.216  -14.887 1.0000000000
84547  -32.390  -3.916  -16.175 0.8571428657
85358  -32.246  -3.378  -15.825 1.0000000000
85373  -32.304  -3.429  -16.119 0.8571428657
86191  -31.610  -2.216  -15.110 1.0000000000
86212  -31.104  -1.121  -17.218 0.7142857313
86227  -31.373  -1.763  -17.925 0.5714285970
86293  -26.273  -0.265  -24.356 0.1428571492
87095  -31.126  -1.176  -18.044 0.5714285970
87157  -28.802  -0.845  -22.617 0.2857142985
87980  -26.408  0.972  -15.057 0.2857142985
87982  -27.886  0.547  -15.792 0.5714285970
87990  -29.815  0.401  -16.952 0.8571428657
88067  -27.254  0.661  -22.506 0.1428571492
88101  -27.158  1.113  -24.578 0.1428571492
88112  -26.457  0.467  -24.566 0.1428571492
88907  -25.468  1.734  -14.517 0.2857142985
88978  -28.020  1.129  -20.694 0.2857142985
89001  -28.506  1.434  -24.051 0.1428571492
89010  -26.930  1.424  -24.472 0.1428571492
89011  -27.451  1.409  -24.567 0.1428571492
89012  -27.939  1.301  -24.593 0.1428571492
89013  -28.047  0.886  -24.448 0.1428571492
89764  -25.120  2.681  -12.479 0.1428571492
89793  -25.003  2.933  -14.703 0.2857142985
89822  -27.939  2.085  -16.930 0.7142857313
89900  -27.393  2.352  -24.327 0.1428571492
89901  -28.270  2.384  -24.333 0.1428571492
89912  -27.771  1.854  -24.554 0.1428571492
89913  -28.114  1.814  -24.557 0.1428571492
90669  -24.357  4.246  -16.060 0.2857142985
90691  -25.222  3.358  -17.803 0.4285714328
90759  -27.554  3.271  -23.941 0.1428571492
91508  -24.504  4.433  -17.746 0.1428571492
91519  -25.535  4.314  -18.681 0.2857142985
91521  -25.918  4.509  -19.333 0.2857142985
91533  -26.097  4.637  -19.483 0.2857142985
91558  -28.489  4.851  -23.117 0.1428571492
91564  -27.643  3.911  -23.610 0.1428571492
92287  -24.567  5.805  -14.887 0.1428571492
92329  -26.004  4.870  -18.894 0.2857142985
92340  -26.174  4.763  -19.285 0.2857142985
93172  -26.341  5.373  -18.917 0.2857142985
93882  -23.932  7.232  -16.256 0.1428571492
120041  -25.128  -24.429  -7.711 0.1428571492
120043  -24.064  -24.337  -7.512 0.2857142985
120048  -25.163  -22.077  -11.700 0.1428571492
120050  -25.300  -21.757  -12.254 0.1428571492
120052  -25.772  -22.401  -11.405 0.1428571492
120055  -25.591  -22.726  -12.001 0.1428571492
120056  -25.329  -21.981  -12.112 0.1428571492
120057  -25.155  -21.237  -12.305 0.1428571492
120148  -29.462  -0.932  -23.733 0.1428571492
120156  -27.099  0.112  -24.244 0.1428571492
120161  -26.702  0.010  -24.395 0.1428571492
120168  -26.204  -0.173  -24.657 0.1428571492
120170  -27.341  0.541  -24.410 0.1428571492
120171  -27.045  0.788  -24.584 0.1428571492
120173  -25.692  -0.052  -24.484 0.1428571492
120175  -26.805  0.989  -24.566 0.1428571492
120176  -26.088  0.179  -23.240 0.1428571492
120177  -26.514  1.216  -24.411 0.1428571492
120178  -25.562  0.316  -23.757 0.1428571492
120180  -26.683  1.507  -24.368 0.1428571492
