#!ascii label  , from subject 3114 vox2ras=TkReg
1430
58021  -40.208  -17.613  27.400 0.0000000000
72297  -54.045  -5.665  25.338 0.0000000000
68345  -44.370  -8.824  27.083 0.0000000000
36685  -10.362  -35.350  49.988 0.0000000000
56804  -35.440  -19.752  33.364 0.0000000000
42827  -27.096  -32.203  47.186 0.0000000000
45001  -34.414  -29.002  45.654 0.0000000000
52137  -35.449  -22.757  40.486 0.0000000000
54345  -37.589  -20.805  39.038 0.0000000000
43914  -17.619  -30.408  44.108 0.0000000000
42802  -21.692  -31.095  48.651 0.0000000000
43931  -21.019  -30.302  43.191 0.0000000000
43972  -31.346  -31.129  40.642 0.0000000000
46254  -34.514  -27.387  40.504 0.0000000000
56812  -43.601  -19.465  33.237 0.0000000000
57947  -45.947  -17.059  31.018 0.0000000000
70953  -49.533  -7.375  26.947 0.0000000000
62696  -43.123  -13.554  26.750 0.0000000000
74754  -51.836  -3.720  19.966 0.0000000000
33119  -7.521  -38.569  51.562 0.0000000000
56735  -40.529  -20.149  36.347 0.0000000000
56869  -37.132  -19.114  30.489 0.0000000000
42936  -26.248  -31.416  42.300 0.0000000000
40550  -31.784  -32.792  45.321 0.0000000000
64789  -48.187  -11.930  31.453 0.0000000000
80017  -57.426  0.744  18.292 0.0000000000
51007  -34.187  -23.766  39.018 0.0000000000
53288  -34.263  -22.032  38.061 0.0000000000
43915  -19.158  -30.374  44.291 0.0000000000
45133  -32.732  -28.369  38.058 0.0000000000
48656  -33.986  -25.519  37.951 0.0000000000
49810  -35.597  -25.111  40.362 0.0000000000
56860  -42.092  -19.020  31.013 0.0000000000
56841  -45.126  -18.883  32.413 0.0000000000
57986  -43.313  -17.548  29.181 0.0000000000
72276  -51.856  -6.591  26.360 0.0000000000
72227  -50.899  -5.765  29.664 0.0000000000
74697  -55.943  -3.470  25.010 0.0000000000
35493  -9.021  -36.583  47.184 0.0000000000
35440  -9.058  -37.023  50.968 0.0000000000
55590  -36.534  -20.262  35.795 0.0000000000
56690  -39.968  -20.185  37.932 0.0000000000
56757  -38.367  -20.283  35.162 0.0000000000
56808  -39.435  -18.996  33.424 0.0000000000
56833  -36.653  -19.662  32.376 0.0000000000
41689  -24.259  -32.114  48.037 0.0000000000
41658  -24.536  -31.966  50.059 0.0000000000
41676  -26.674  -32.658  49.052 0.0000000000
41679  -29.471  -32.158  49.089 0.0000000000
42979  -23.840  -30.960  40.247 0.0000000000
42995  -26.603  -31.069  39.632 0.0000000000
43950  -33.434  -30.228  42.300 0.0000000000
41807  -31.437  -31.983  42.652 0.0000000000
42871  -33.870  -30.796  45.348 0.0000000000
40505  -33.028  -32.712  47.065 0.0000000000
40526  -13.678  -32.942  46.618 0.0000000000
41670  -15.763  -31.437  49.943 0.0000000000
42731  -15.072  -31.498  51.945 0.0000000000
64860  -43.692  -11.136  26.510 0.0000000000
63739  -45.206  -12.959  28.851 0.0000000000
65875  -46.169  -10.400  28.834 0.0000000000
80029  -59.773  2.002  17.831 0.0000000000
37891  -9.770  -34.808  54.217 0.0000000000
53222  -37.352  -22.280  43.194 0.0000000000
54308  -38.438  -20.972  41.818 0.0000000000
53266  -36.485  -21.608  40.333 0.0000000000
54373  -35.550  -20.899  37.485 0.0000000000
42820  -17.589  -30.654  47.091 0.0000000000
43844  -19.798  -30.123  49.314 0.0000000000
43872  -19.436  -30.684  47.027 0.0000000000
43890  -21.990  -31.369  46.580 0.0000000000
41741  -23.710  -32.387  45.583 0.0000000000
44034  -28.114  -30.438  38.557 0.0000000000
44036  -30.978  -29.399  38.032 0.0000000000
45103  -33.074  -29.257  40.176 0.0000000000
46191  -34.368  -28.114  43.064 0.0000000000
48590  -36.020  -25.662  42.877 0.0000000000
50922  -36.411  -23.740  43.446 0.0000000000
42881  -15.947  -31.041  44.304 0.0000000000
56739  -44.380  -20.032  36.435 0.0000000000
55548  -48.447  -19.533  37.613 0.0000000000
55612  -46.525  -19.818  34.871 0.0000000000
56816  -48.037  -18.992  33.492 0.0000000000
69675  -46.474  -8.441  26.908 0.0000000000
68281  -46.654  -8.617  30.055 0.0000000000
69632  -49.027  -7.380  29.947 0.0000000000
28671  -4.955  -42.105  53.215 0.0000000000
60500  -42.010  -16.040  26.790 0.0000000000
65933  -41.026  -10.463  24.648 0.0000000000
69718  -44.926  -8.726  24.421 0.0000000000
70966  -47.060  -8.585  24.195 0.0000000000
71009  -48.997  -6.573  22.976 0.0000000000
73603  -51.312  -4.874  22.865 0.0000000000
74720  -52.937  -4.347  22.939 0.0000000000
74744  -50.065  -4.218  20.384 0.0000000000
36646  -7.877  -36.181  54.880 0.0000000000
34211  -6.614  -37.990  54.709 0.0000000000
32023  -5.756  -40.245  54.085 0.0000000000
56653  -44.272  -19.010  40.609 0.0000000000
55491  -40.358  -20.280  40.624 0.0000000000
56669  -41.574  -19.715  39.204 0.0000000000
56718  -43.477  -19.931  37.403 0.0000000000
56762  -42.779  -19.980  35.344 0.0000000000
56837  -40.624  -19.233  32.315 0.0000000000
57982  -38.779  -18.683  29.043 0.0000000000
42769  -22.425  -30.949  50.171 0.0000000000
41785  -23.790  -31.681  42.700 0.0000000000
41761  -26.681  -32.174  44.577 0.0000000000
42963  -29.016  -31.474  41.473 0.0000000000
41790  -29.139  -32.127  43.735 0.0000000000
41725  -28.971  -32.637  46.622 0.0000000000
39278  -31.808  -33.361  47.706 0.0000000000
36739  -10.431  -35.413  47.631 0.0000000000
39269  -12.291  -33.991  46.904 0.0000000000
39206  -11.500  -34.273  50.135 0.0000000000
60449  -44.731  -15.178  28.558 0.0000000000
61548  -47.510  -14.550  31.211 0.0000000000
61516  -49.078  -13.672  33.648 0.0000000000
66975  -48.605  -9.227  32.243 0.0000000000
76847  -54.341  -2.360  22.062 0.0000000000
77813  -54.755  -0.910  22.047 0.0000000000
78871  -56.187  0.238  21.775 0.0000000000
78918  -56.181  0.169  18.708 0.0000000000
79992  -57.864  0.664  20.969 0.0000000000
49864  -34.251  -24.617  37.387 0.0000000000
51043  -34.106  -23.828  36.778 0.0000000000
51059  -32.924  -23.747  35.429 0.0000000000
47499  -32.799  -26.593  36.534 0.0000000000
48667  -33.487  -25.553  36.702 0.0000000000
49850  -34.467  -24.656  38.237 0.0000000000
56890  -41.443  -18.430  29.053 0.0000000000
57985  -42.552  -18.072  29.592 0.0000000000
58005  -42.218  -17.678  28.689 0.0000000000
72296  -52.922  -6.050  25.459 0.0000000000
72259  -52.914  -5.436  27.974 0.0000000000
72260  -54.152  -5.186  27.610 0.0000000000
73532  -55.376  -4.531  26.908 0.0000000000
73576  -55.014  -4.451  24.576 0.0000000000
36721  -9.620  -36.222  48.545 0.0000000000
35459  -9.520  -37.159  49.011 0.0000000000
36672  -9.631  -36.268  51.064 0.0000000000
56755  -36.156  -20.117  35.048 0.0000000000
56756  -37.223  -20.289  35.443 0.0000000000
56781  -37.523  -20.223  34.268 0.0000000000
56806  -37.622  -19.745  33.370 0.0000000000
56832  -35.466  -19.622  32.385 0.0000000000
42764  -17.247  -30.819  50.699 0.0000000000
42825  -25.826  -31.907  47.713 0.0000000000
42788  -25.712  -32.308  48.492 0.0000000000
41692  -26.920  -32.283  48.596 0.0000000000
40485  -28.554  -32.426  48.905 0.0000000000
41693  -28.036  -32.470  48.240 0.0000000000
43920  -33.973  -29.917  44.510 0.0000000000
42890  -33.573  -31.057  44.233 0.0000000000
43903  -34.176  -29.696  45.285 0.0000000000
42849  -34.171  -31.011  46.144 0.0000000000
42818  -16.081  -31.313  48.302 0.0000000000
41671  -16.325  -31.252  49.557 0.0000000000
42763  -16.453  -30.990  50.941 0.0000000000
56675  -46.700  -19.481  39.934 0.0000000000
67053  -43.509  -9.442  26.871 0.0000000000
64830  -45.302  -11.180  27.799 0.0000000000
65882  -45.057  -9.751  28.507 0.0000000000
52120  -36.278  -22.690  42.033 0.0000000000
53252  -36.922  -21.611  41.076 0.0000000000
53250  -35.734  -22.235  40.461 0.0000000000
54355  -34.647  -21.456  37.864 0.0000000000
55562  -34.044  -20.713  36.097 0.0000000000
55587  -34.336  -20.574  35.740 0.0000000000
42862  -17.517  -30.568  45.282 0.0000000000
43870  -18.210  -30.372  46.445 0.0000000000
43898  -18.507  -30.252  45.342 0.0000000000
43916  -19.807  -30.512  43.867 0.0000000000
43900  -19.801  -30.772  45.014 0.0000000000
43917  -20.793  -31.257  44.176 0.0000000000
42865  -22.756  -31.613  45.461 0.0000000000
42886  -22.923  -31.726  44.696 0.0000000000
44052  -29.981  -29.407  36.905 0.0000000000
46272  -33.710  -27.800  39.140 0.0000000000
45119  -33.137  -28.705  39.163 0.0000000000
46232  -34.058  -28.105  40.919 0.0000000000
46209  -33.990  -28.108  41.970 0.0000000000
46210  -34.496  -27.152  42.421 0.0000000000
46192  -34.891  -27.178  43.479 0.0000000000
47424  -35.108  -26.382  41.649 0.0000000000
50963  -35.689  -23.585  41.044 0.0000000000
49794  -35.729  -24.639  41.572 0.0000000000
52119  -35.699  -22.967  41.446 0.0000000000
52100  -36.645  -22.872  43.053 0.0000000000
43913  -16.784  -30.515  43.835 0.0000000000
56764  -44.816  -19.669  35.302 0.0000000000
55611  -45.664  -19.755  35.321 0.0000000000
56789  -45.402  -19.609  34.308 0.0000000000
57924  -45.620  -18.289  31.610 0.0000000000
56842  -46.190  -18.705  32.437 0.0000000000
57925  -46.695  -17.869  31.821 0.0000000000
57907  -49.039  -17.342  33.202 0.0000000000
57949  -47.771  -16.906  31.569 0.0000000000
69677  -48.114  -7.941  26.809 0.0000000000
69650  -47.682  -8.053  28.356 0.0000000000
69652  -49.352  -7.814  28.054 0.0000000000
73470  -52.168  -4.716  30.606 0.0000000000
126572  -45.706  -9.084  24.171 0.0000000000
69743  -45.080  -7.945  22.705 0.0000000000
71027  -47.975  -6.634  21.814 0.0000000000
72339  -49.369  -6.005  22.076 0.0000000000
72325  -50.235  -5.779  23.362 0.0000000000
72356  -49.826  -5.490  21.692 0.0000000000
73631  -50.826  -4.582  21.512 0.0000000000
34244  -8.035  -38.155  50.252 0.0000000000
33118  -7.063  -38.976  51.843 0.0000000000
37871  -9.380  -34.540  55.278 0.0000000000
36650  -9.156  -35.673  54.247 0.0000000000
37864  -8.158  -35.439  56.087 0.0000000000
35407  -6.995  -37.769  55.063 0.0000000000
34206  -6.932  -38.211  55.177 0.0000000000
33092  -6.392  -38.949  54.189 0.0000000000
32013  -6.803  -39.714  54.463 0.0000000000
29866  -6.533  -40.788  54.124 0.0000000000
54332  -37.965  -20.469  39.929 0.0000000000
54321  -39.612  -20.391  41.655 0.0000000000
55489  -38.862  -20.440  39.581 0.0000000000
56714  -40.291  -20.301  37.230 0.0000000000
56668  -40.989  -20.107  38.945 0.0000000000
56692  -41.343  -20.035  38.282 0.0000000000
56693  -42.076  -19.761  38.405 0.0000000000
56716  -41.798  -19.971  37.459 0.0000000000
55569  -42.818  -20.088  36.727 0.0000000000
56760  -40.772  -19.852  35.354 0.0000000000
56835  -38.711  -19.151  32.451 0.0000000000
56836  -39.622  -18.941  32.419 0.0000000000
56857  -38.852  -19.121  31.428 0.0000000000
56872  -39.877  -18.939  30.165 0.0000000000
56887  -38.373  -18.868  29.450 0.0000000000
43859  -20.549  -30.624  48.742 0.0000000000
43846  -20.926  -30.685  49.864 0.0000000000
42959  -25.083  -31.260  41.454 0.0000000000
42934  -24.337  -31.021  42.248 0.0000000000
42908  -25.491  -31.810  43.128 0.0000000000
42889  -25.145  -32.109  43.768 0.0000000000
41787  -26.636  -31.958  43.627 0.0000000000
43993  -30.509  -30.998  39.970 0.0000000000
42997  -28.314  -30.897  40.038 0.0000000000
43971  -30.346  -31.463  40.828 0.0000000000
40577  -31.604  -32.382  43.965 0.0000000000
41805  -29.921  -32.185  42.989 0.0000000000
40559  -30.580  -32.624  44.650 0.0000000000
41764  -29.350  -32.519  44.811 0.0000000000
40530  -30.254  -32.985  46.130 0.0000000000
40514  -30.335  -33.000  47.064 0.0000000000
40531  -31.142  -33.248  46.152 0.0000000000
48546  -36.628  -25.917  45.913 0.0000000000
39270  -12.744  -33.630  47.157 0.0000000000
39254  -12.921  -33.473  48.169 0.0000000000
39234  -12.159  -34.199  48.946 0.0000000000
42703  -15.580  -31.111  53.950 0.0000000000
61634  -42.395  -14.138  26.399 0.0000000000
60475  -42.921  -15.789  27.668 0.0000000000
61601  -43.899  -14.362  27.884 0.0000000000
63727  -46.946  -12.295  29.877 0.0000000000
62657  -46.565  -13.639  30.095 0.0000000000
62641  -47.545  -13.414  31.424 0.0000000000
61535  -48.607  -14.533  32.110 0.0000000000
62613  -48.874  -13.232  33.219 0.0000000000
68283  -47.485  -7.865  31.233 0.0000000000
66988  -47.439  -8.811  30.958 0.0000000000
68271  -48.541  -8.228  32.324 0.0000000000
74746  -52.589  -3.893  20.946 0.0000000000
75806  -54.089  -3.432  22.821 0.0000000000
74747  -53.460  -3.402  20.902 0.0000000000
76869  -54.098  -2.045  20.599 0.0000000000
76871  -55.384  -0.754  21.086 0.0000000000
78870  -55.510  0.012  21.647 0.0000000000
77837  -55.395  -0.504  20.580 0.0000000000
78929  -56.866  0.265  17.255 0.0000000000
77868  -55.512  -0.654  17.337 0.0000000000
78919  -56.795  0.379  18.226 0.0000000000
78896  -56.481  0.530  20.076 0.0000000000
80000  -57.716  0.442  19.931 0.0000000000
80010  -58.723  1.122  19.293 0.0000000000
78922  -59.622  0.662  18.313 0.0000000000
50986  -35.323  -23.504  39.750 0.0000000000
52154  -34.410  -22.560  39.236 0.0000000000
52178  -34.131  -22.994  37.956 0.0000000000
53298  -33.780  -22.559  36.493 0.0000000000
45009  -18.349  -30.354  44.312 0.0000000000
46310  -32.878  -27.524  37.397 0.0000000000
46292  -33.434  -27.560  38.404 0.0000000000
47459  -34.518  -26.381  39.571 0.0000000000
47443  -35.256  -25.943  40.640 0.0000000000
48628  -34.764  -25.873  39.497 0.0000000000
49829  -35.142  -24.696  38.804 0.0000000000
56839  -42.898  -19.043  32.086 0.0000000000
56840  -44.061  -19.132  32.312 0.0000000000
57922  -43.532  -18.712  31.569 0.0000000000
57945  -43.916  -18.364  30.806 0.0000000000
57967  -45.510  -17.356  29.709 0.0000000000
70954  -50.276  -7.064  26.425 0.0000000000
70945  -50.643  -6.938  27.654 0.0000000000
72258  -51.660  -6.314  27.719 0.0000000000
72242  -52.533  -5.116  29.066 0.0000000000
75791  -55.609  -2.592  24.023 0.0000000000
34245  -8.637  -37.684  50.055 0.0000000000
35439  -8.704  -37.582  51.482 0.0000000000
55541  -37.443  -20.488  37.444 0.0000000000
55523  -38.538  -20.429  38.068 0.0000000000
56732  -38.151  -20.453  36.274 0.0000000000
56733  -39.124  -20.415  36.096 0.0000000000
56758  -39.314  -19.771  35.137 0.0000000000
55610  -39.755  -19.579  34.747 0.0000000000
56783  -39.294  -19.423  34.299 0.0000000000
56834  -37.758  -19.532  32.418 0.0000000000
56855  -36.853  -19.375  31.424 0.0000000000
42803  -22.604  -31.543  48.258 0.0000000000
42770  -23.406  -31.409  49.777 0.0000000000
42786  -24.453  -32.265  48.848 0.0000000000
40470  -25.959  -32.267  49.940 0.0000000000
39244  -29.196  -33.071  49.035 0.0000000000
42980  -24.820  -31.342  40.388 0.0000000000
42960  -26.043  -31.370  41.484 0.0000000000
43949  -32.773  -30.468  41.914 0.0000000000
42966  -31.729  -31.261  41.392 0.0000000000
42914  -32.485  -31.557  42.788 0.0000000000
41793  -32.623  -31.913  43.624 0.0000000000
41749  -32.639  -32.488  45.045 0.0000000000
40533  -32.740  -32.697  46.578 0.0000000000
41728  -33.474  -32.221  45.980 0.0000000000
41739  -14.792  -32.123  45.645 0.0000000000
41718  -14.797  -31.919  47.024 0.0000000000
41668  -14.121  -32.128  50.095 0.0000000000
41653  -14.260  -32.005  50.714 0.0000000000
41642  -15.300  -31.769  51.198 0.0000000000
63783  -43.500  -12.115  26.139 0.0000000000
62698  -44.606  -12.959  27.193 0.0000000000
63751  -45.139  -12.206  27.864 0.0000000000
64832  -46.238  -12.008  28.784 0.0000000000
64805  -47.874  -11.369  30.502 0.0000000000
76877  -51.376  -2.370  18.834 0.0000000000
75843  -52.258  -3.180  19.266 0.0000000000
76889  -51.417  -1.764  18.251 0.0000000000
78930  -57.473  0.717  17.148 0.0000000000
80019  -58.979  1.505  18.429 0.0000000000
80027  -58.165  1.220  17.005 0.0000000000
80039  -59.840  1.944  17.005 0.0000000000
39186  -11.229  -34.283  51.458 0.0000000000
36667  -10.215  -35.161  52.341 0.0000000000
54298  -39.091  -20.886  43.644 0.0000000000
53239  -37.995  -21.421  42.324 0.0000000000
54318  -37.493  -21.003  40.548 0.0000000000
54344  -36.754  -21.034  38.911 0.0000000000
53275  -34.873  -21.865  38.908 0.0000000000
54357  -35.994  -21.244  38.226 0.0000000000
54358  -36.561  -20.929  38.190 0.0000000000
55565  -36.260  -20.477  36.340 0.0000000000
56754  -35.322  -20.287  34.868 0.0000000000
42799  -17.896  -30.526  48.306 0.0000000000
42780  -18.799  -30.415  49.349 0.0000000000
43856  -18.283  -30.386  47.279 0.0000000000
43858  -19.665  -30.437  48.217 0.0000000000
43873  -20.334  -30.883  47.518 0.0000000000
44978  -19.002  -30.015  45.245 0.0000000000
43888  -20.196  -30.662  46.312 0.0000000000
42821  -21.888  -31.355  47.662 0.0000000000
42822  -22.649  -31.546  47.300 0.0000000000
41705  -24.118  -32.432  47.219 0.0000000000
41722  -26.087  -32.204  46.666 0.0000000000
44035  -29.629  -30.033  38.241 0.0000000000
43994  -31.502  -30.171  40.108 0.0000000000
44037  -31.731  -29.082  38.426 0.0000000000
44014  -31.970  -29.519  39.129 0.0000000000
43973  -32.457  -30.369  41.021 0.0000000000
43974  -33.063  -30.104  41.608 0.0000000000
45061  -34.027  -29.207  42.584 0.0000000000
46173  -35.063  -28.266  44.052 0.0000000000
46157  -34.867  -28.029  45.230 0.0000000000
46174  -35.341  -27.256  44.442 0.0000000000
47379  -35.946  -26.536  44.753 0.0000000000
48579  -36.761  -25.458  44.638 0.0000000000
48603  -35.632  -25.582  42.099 0.0000000000
49769  -36.479  -24.984  42.957 0.0000000000
50906  -36.568  -23.742  44.575 0.0000000000
52079  -36.568  -23.013  44.055 0.0000000000
41740  -15.523  -31.562  45.161 0.0000000000
55545  -45.393  -19.784  37.766 0.0000000000
55572  -46.808  -19.564  36.790 0.0000000000
55595  -47.224  -19.588  35.832 0.0000000000
55596  -48.268  -19.383  35.766 0.0000000000
56814  -45.738  -19.397  33.165 0.0000000000
55627  -47.819  -19.534  34.101 0.0000000000
69664  -45.727  -8.324  27.325 0.0000000000
68326  -45.416  -8.573  28.668 0.0000000000
69628  -46.306  -8.181  28.721 0.0000000000
69614  -47.668  -7.691  30.052 0.0000000000
70894  -48.993  -6.806  31.534 0.0000000000
70918  -50.304  -6.462  29.617 0.0000000000
72215  -49.935  -6.030  31.256 0.0000000000
59219  -39.489  -16.629  26.034 0.0000000000
60499  -41.176  -16.434  26.790 0.0000000000
60532  -40.652  -15.011  25.479 0.0000000000
60533  -41.093  -14.372  25.703 0.0000000000
62724  -41.621  -13.213  25.424 0.0000000000
64878  -42.355  -11.717  25.323 0.0000000000
64858  -42.406  -10.774  25.197 0.0000000000
67069  -42.303  -9.662  26.005 0.0000000000
68362  -43.369  -8.913  26.273 0.0000000000
69695  -44.648  -8.496  25.590 0.0000000000
70965  -45.356  -8.433  26.038 0.0000000000
67092  -46.866  -8.897  25.315 0.0000000000
69696  -48.093  -8.374  25.136 0.0000000000
69745  -46.873  -6.884  22.438 0.0000000000
70990  -48.206  -7.338  23.609 0.0000000000
70968  -49.305  -6.964  24.912 0.0000000000
70993  -50.734  -6.316  24.387 0.0000000000
72315  -51.314  -5.881  24.169 0.0000000000
73574  -52.887  -5.277  24.699 0.0000000000
73590  -53.749  -4.732  23.800 0.0000000000
73604  -52.024  -4.376  23.012 0.0000000000
74730  -51.718  -4.589  21.654 0.0000000000
74753  -50.653  -3.608  19.893 0.0000000000
76876  -50.582  -2.443  18.762 0.0000000000
36665  -9.454  -36.311  51.963 0.0000000000
35424  -8.594  -37.043  53.042 0.0000000000
34221  -8.284  -37.570  52.992 0.0000000000
36643  -7.760  -36.089  55.577 0.0000000000
35418  -7.626  -37.635  54.364 0.0000000000
34219  -7.220  -38.125  53.515 0.0000000000
33101  -6.325  -39.030  53.431 0.0000000000
33100  -5.767  -39.552  53.284 0.0000000000
32039  -5.015  -40.579  53.074 0.0000000000
29876  -5.033  -40.932  53.751 0.0000000000
56673  -45.249  -19.006  39.626 0.0000000000
55476  -41.602  -19.517  41.461 0.0000000000
56667  -40.218  -20.433  38.788 0.0000000000
56649  -41.193  -20.034  39.906 0.0000000000
56652  -43.352  -19.146  40.412 0.0000000000
56672  -44.146  -18.945  39.502 0.0000000000
56696  -44.810  -19.317  38.632 0.0000000000
56719  -44.515  -19.713  37.652 0.0000000000
56763  -43.814  -19.894  35.307 0.0000000000
56787  -43.205  -19.757  34.275 0.0000000000
56785  -41.065  -19.574  34.351 0.0000000000
56810  -41.398  -19.396  33.315 0.0000000000
56838  -41.744  -19.303  32.191 0.0000000000
56859  -40.860  -19.333  31.133 0.0000000000
57963  -40.107  -18.711  29.562 0.0000000000
58003  -39.854  -18.195  28.165 0.0000000000
57942  -33.764  -19.391  31.737 0.0000000000
56853  -34.235  -19.401  31.329 0.0000000000
56867  -34.840  -19.388  30.326 0.0000000000
56884  -35.476  -19.563  29.376 0.0000000000
56906  -36.995  -19.252  28.675 0.0000000000
56925  -37.374  -19.277  28.075 0.0000000000
58019  -37.801  -18.716  27.574 0.0000000000
58040  -38.680  -17.482  26.426 0.0000000000
42755  -23.231  -31.451  50.477 0.0000000000
43947  -20.758  -30.429  41.972 0.0000000000
42932  -22.617  -31.240  42.306 0.0000000000
43933  -22.675  -31.694  43.761 0.0000000000
42867  -24.111  -32.524  44.335 0.0000000000
41743  -25.830  -32.400  45.462 0.0000000000
42868  -27.023  -32.349  46.361 0.0000000000
43008  -27.099  -30.629  38.988 0.0000000000
42983  -27.761  -31.029  40.672 0.0000000000
42938  -28.141  -31.829  42.310 0.0000000000
42940  -30.326  -31.839  42.254 0.0000000000
42939  -29.161  -31.867  42.618 0.0000000000
42911  -28.208  -31.648  43.237 0.0000000000
41763  -28.374  -32.375  44.680 0.0000000000
42870  -27.752  -32.455  45.853 0.0000000000
42828  -27.632  -32.461  46.798 0.0000000000
41710  -29.345  -33.213  47.797 0.0000000000
40502  -30.125  -33.341  48.031 0.0000000000
36738  -9.721  -36.014  47.439 0.0000000000
36722  -10.273  -35.592  48.465 0.0000000000
39286  -12.064  -34.140  46.212 0.0000000000
38032  -11.008  -34.462  45.746 0.0000000000
37999  -11.012  -34.905  47.173 0.0000000000
37961  -11.475  -34.796  48.796 0.0000000000
37960  -10.893  -35.112  49.397 0.0000000000
39171  -11.721  -33.547  52.294 0.0000000000
41618  -14.319  -31.685  53.091 0.0000000000
59182  -42.994  -17.009  27.962 0.0000000000
59163  -43.884  -17.117  28.363 0.0000000000
59147  -46.118  -16.236  29.625 0.0000000000
61582  -45.158  -14.395  28.724 0.0000000000
60425  -46.153  -15.214  30.201 0.0000000000
59128  -46.820  -16.274  30.634 0.0000000000
60365  -48.274  -15.547  32.034 0.0000000000
67005  -46.554  -9.500  29.651 0.0000000000
65858  -47.588  -9.879  30.144 0.0000000000
65832  -48.573  -10.404  31.903 0.0000000000
74713  -54.582  -3.873  23.720 0.0000000000
75807  -54.676  -2.738  23.245 0.0000000000
75808  -55.427  -2.222  23.417 0.0000000000
75834  -53.870  -2.783  20.779 0.0000000000
76848  -54.861  -1.651  22.275 0.0000000000
76833  -55.940  -1.517  23.450 0.0000000000
77802  -56.081  -1.010  23.220 0.0000000000
77815  -56.646  -0.207  22.657 0.0000000000
76893  -55.248  -1.037  18.780 0.0000000000
78895  -55.801  0.204  20.361 0.0000000000
79985  -56.946  0.563  21.472 0.0000000000
78910  -59.042  0.819  19.001 0.0000000000
49863  -33.901  -24.601  36.594 0.0000000000
51042  -33.268  -23.751  36.270 0.0000000000
48668  -34.096  -25.283  37.121 0.0000000000
58004  -41.012  -17.727  28.252 0.0000000000
56908  -41.617  -18.036  28.700 0.0000000000
70973  -54.212  -6.037  25.848 0.0000000000
70957  -54.050  -6.069  26.291 0.0000000000
72279  -54.531  -5.431  26.623 0.0000000000
72261  -54.827  -4.939  27.339 0.0000000000
73556  -55.014  -4.978  25.662 0.0000000000
73555  -54.519  -5.069  25.011 0.0000000000
36702  -10.134  -35.732  49.407 0.0000000000
36701  -9.678  -36.375  49.485 0.0000000000
36684  -9.978  -35.733  50.470 0.0000000000
56779  -35.406  -19.888  34.203 0.0000000000
56780  -36.392  -20.272  34.259 0.0000000000
56805  -36.537  -20.001  33.328 0.0000000000
42765  -18.273  -30.691  50.444 0.0000000000
42779  -17.552  -30.631  49.650 0.0000000000
42826  -26.547  -31.938  47.507 0.0000000000
42807  -26.255  -31.992  48.127 0.0000000000
42808  -27.149  -31.830  47.895 0.0000000000
42809  -27.566  -32.312  47.472 0.0000000000
45019  -34.444  -28.981  44.785 0.0000000000
44985  -34.669  -29.333  46.062 0.0000000000
42778  -16.602  -31.068  50.050 0.0000000000
67054  -44.473  -9.617  27.572 0.0000000000
67035  -44.894  -9.503  28.300 0.0000000000
52138  -35.828  -22.400  41.136 0.0000000000
54387  -33.610  -21.634  35.528 0.0000000000
54388  -34.006  -21.338  36.178 0.0000000000
43885  -18.118  -30.412  45.712 0.0000000000
43897  -17.964  -30.408  45.024 0.0000000000
43918  -22.034  -31.713  44.643 0.0000000000
46274  -34.490  -27.455  40.022 0.0000000000
46253  -34.446  -28.006  40.096 0.0000000000
46233  -34.517  -27.280  41.353 0.0000000000
42882  -17.021  -30.583  44.635 0.0000000000
56788  -44.265  -19.523  34.313 0.0000000000
57926  -48.007  -17.418  32.281 0.0000000000
57948  -47.222  -17.140  31.238 0.0000000000
69678  -49.222  -7.878  26.412 0.0000000000
69667  -48.558  -8.082  27.585 0.0000000000
69668  -49.198  -7.767  27.450 0.0000000000
73455  -52.231  -4.676  31.337 0.0000000000
73615  -49.602  -4.962  21.314 0.0000000000
34235  -8.222  -38.196  51.318 0.0000000000
33128  -7.411  -38.581  50.540 0.0000000000
33127  -6.963  -39.099  50.928 0.0000000000
33111  -7.370  -38.465  52.280 0.0000000000
37870  -9.064  -35.147  55.631 0.0000000000
37865  -9.013  -35.210  56.339 0.0000000000
33085  -6.978  -39.061  54.736 0.0000000000
30990  -7.010  -40.113  54.405 0.0000000000
54333  -38.778  -20.507  40.476 0.0000000000
55488  -38.452  -20.526  39.347 0.0000000000
56715  -40.976  -20.200  37.367 0.0000000000
56736  -41.389  -20.106  36.431 0.0000000000
56856  -37.912  -19.306  31.436 0.0000000000
56870  -38.109  -19.038  30.466 0.0000000000
43860  -21.078  -30.980  48.641 0.0000000000
42801  -21.120  -30.849  49.004 0.0000000000
42784  -22.546  -31.234  49.246 0.0000000000
42935  -25.285  -31.087  42.354 0.0000000000
41786  -26.084  -32.081  43.340 0.0000000000
42909  -26.512  -31.626  42.978 0.0000000000
40560  -31.564  -32.581  44.529 0.0000000000
40576  -31.140  -32.502  44.031 0.0000000000
40549  -30.897  -32.968  45.314 0.0000000000
40548  -30.146  -32.747  45.417 0.0000000000
48563  -36.757  -25.611  45.106 0.0000000000
40464  -13.217  -33.050  50.241 0.0000000000
61621  -42.898  -14.212  26.954 0.0000000000
63728  -47.421  -12.290  30.531 0.0000000000
63709  -47.122  -12.931  30.697 0.0000000000
63693  -48.044  -12.583  31.855 0.0000000000
62623  -47.885  -13.117  31.903 0.0000000000
63694  -48.360  -12.528  32.323 0.0000000000
69585  -48.676  -7.365  32.057 0.0000000000
74755  -52.862  -3.414  20.168 0.0000000000
77836  -54.954  -0.953  20.118 0.0000000000
77844  -55.089  -0.874  19.832 0.0000000000
78920  -57.398  0.556  17.859 0.0000000000
80008  -57.294  1.040  18.805 0.0000000000
79999  -57.185  0.796  19.627 0.0000000000
80009  -57.975  1.327  19.148 0.0000000000
50985  -34.474  -23.007  39.318 0.0000000000
51028  -34.134  -23.835  37.791 0.0000000000
52187  -33.766  -23.039  36.294 0.0000000000
52188  -34.290  -23.160  36.966 0.0000000000
46309  -32.235  -27.628  36.577 0.0000000000
47479  -33.328  -26.373  37.680 0.0000000000
47480  -34.219  -26.684  38.559 0.0000000000
48641  -34.799  -25.669  38.706 0.0000000000
51008  -35.153  -24.113  39.210 0.0000000000
57921  -43.029  -18.754  31.548 0.0000000000
57943  -42.403  -18.660  30.545 0.0000000000
57965  -43.239  -18.091  30.161 0.0000000000
57966  -44.194  -17.698  30.013 0.0000000000
57946  -45.050  -18.140  30.673 0.0000000000
72275  -51.139  -6.634  26.029 0.0000000000
70946  -51.329  -6.721  27.117 0.0000000000
73511  -53.121  -4.757  28.674 0.0000000000
73490  -53.017  -4.659  29.326 0.0000000000
73472  -53.572  -4.202  29.698 0.0000000000
74698  -56.213  -2.813  25.472 0.0000000000
74683  -56.427  -2.661  25.724 0.0000000000
35447  -9.118  -37.110  49.883 0.0000000000
34236  -8.700  -37.867  50.824 0.0000000000
55566  -36.986  -20.358  36.565 0.0000000000
55542  -38.084  -20.365  37.336 0.0000000000
56731  -37.514  -20.355  36.241 0.0000000000
56734  -39.870  -20.178  36.196 0.0000000000
55591  -39.518  -19.667  35.011 0.0000000000
56782  -38.438  -19.624  34.310 0.0000000000
42804  -23.387  -31.967  47.767 0.0000000000
42785  -23.656  -31.820  48.786 0.0000000000
41672  -24.349  -32.139  48.430 0.0000000000
41674  -25.054  -32.471  49.196 0.0000000000
41660  -26.188  -32.469  49.562 0.0000000000
41678  -29.188  -31.920  49.046 0.0000000000
40486  -29.200  -32.303  49.191 0.0000000000
42994  -25.585  -31.212  39.494 0.0000000000
42981  -25.858  -31.457  40.503 0.0000000000
42982  -26.876  -31.431  40.514 0.0000000000
42943  -32.775  -30.789  42.490 0.0000000000
41794  -33.267  -31.573  43.776 0.0000000000
41768  -33.112  -31.988  44.300 0.0000000000
41750  -33.407  -31.894  45.069 0.0000000000
42829  -34.501  -30.955  46.573 0.0000000000
42859  -15.238  -31.581  46.564 0.0000000000
41687  -15.637  -31.647  48.983 0.0000000000
41669  -14.769  -31.971  49.714 0.0000000000
41654  -15.119  -31.860  50.637 0.0000000000
42749  -16.855  -30.959  51.592 0.0000000000
42748  -16.153  -31.222  51.621 0.0000000000
63770  -44.719  -12.117  26.742 0.0000000000
64861  -44.320  -11.559  26.632 0.0000000000
65884  -45.763  -10.450  28.521 0.0000000000
64831  -45.899  -11.244  28.485 0.0000000000
64819  -46.572  -10.827  29.095 0.0000000000
64820  -46.510  -11.619  29.174 0.0000000000
64803  -46.800  -10.634  29.353 0.0000000000
78940  -56.762  0.214  16.262 0.0000000000
78941  -57.692  0.575  16.293 0.0000000000
39170  -10.869  -34.133  52.646 0.0000000000
40389  -9.926  -33.693  56.078 0.0000000000
53223  -38.310  -21.519  43.444 0.0000000000
53238  -36.971  -22.094  42.154 0.0000000000
54331  -37.160  -21.226  39.921 0.0000000000
54330  -36.420  -21.512  39.616 0.0000000000
53274  -34.304  -22.069  38.925 0.0000000000
53263  -34.727  -22.343  39.249 0.0000000000
53289  -34.566  -21.687  38.439 0.0000000000
54372  -35.132  -21.226  37.251 0.0000000000
54356  -35.082  -21.289  38.208 0.0000000000
53291  -36.398  -21.115  38.401 0.0000000000
54374  -36.160  -20.744  37.566 0.0000000000
54391  -35.867  -20.626  36.892 0.0000000000
55588  -35.130  -20.528  35.721 0.0000000000
43871  -18.768  -30.288  46.696 0.0000000000
44993  -18.790  -30.232  44.982 0.0000000000
44994  -18.884  -30.326  44.345 0.0000000000
43901  -20.917  -31.385  45.516 0.0000000000
43889  -21.326  -31.102  46.812 0.0000000000
42842  -22.097  -31.342  46.944 0.0000000000
42844  -23.304  -31.888  45.933 0.0000000000
42823  -23.328  -31.877  46.814 0.0000000000
41720  -23.884  -32.548  46.228 0.0000000000
41721  -24.946  -32.456  46.409 0.0000000000
44013  -30.651  -30.131  39.193 0.0000000000
45132  -31.832  -28.751  37.790 0.0000000000
45118  -32.244  -28.841  38.562 0.0000000000
44015  -32.674  -29.351  39.652 0.0000000000
43995  -32.355  -29.619  40.192 0.0000000000
45085  -32.825  -29.612  40.670 0.0000000000
45086  -33.528  -29.363  41.230 0.0000000000
45039  -34.344  -29.118  43.736 0.0000000000
47410  -35.284  -26.402  42.724 0.0000000000
47395  -36.052  -26.558  43.762 0.0000000000
48578  -36.321  -26.156  44.930 0.0000000000
48591  -36.710  -25.653  43.638 0.0000000000
48630  -35.255  -25.633  40.287 0.0000000000
47425  -35.407  -26.083  40.966 0.0000000000
49795  -35.651  -25.054  40.958 0.0000000000
50940  -36.032  -23.711  42.187 0.0000000000
49783  -36.093  -24.787  42.351 0.0000000000
50921  -36.351  -24.309  42.852 0.0000000000
49770  -36.481  -24.716  43.666 0.0000000000
53221  -36.870  -22.523  42.712 0.0000000000
52101  -36.866  -22.651  43.697 0.0000000000
42840  -16.749  -31.062  46.590 0.0000000000
55570  -45.124  -19.809  36.964 0.0000000000
55546  -46.325  -19.722  37.714 0.0000000000
55571  -45.895  -19.691  36.877 0.0000000000
55594  -46.252  -19.577  35.976 0.0000000000
55613  -47.678  -19.579  34.835 0.0000000000
56813  -44.697  -19.379  33.290 0.0000000000
56843  -47.333  -18.554  32.512 0.0000000000
56815  -46.797  -19.245  33.166 0.0000000000
56791  -48.244  -19.406  34.332 0.0000000000
56792  -49.008  -18.983  34.532 0.0000000000
56817  -49.143  -18.288  33.690 0.0000000000
56818  -49.746  -17.577  33.877 0.0000000000
69648  -45.827  -8.422  28.203 0.0000000000
69665  -46.572  -8.399  27.538 0.0000000000
69631  -48.598  -7.376  29.451 0.0000000000
69630  -47.695  -7.708  29.174 0.0000000000
69615  -48.582  -7.311  30.500 0.0000000000
69601  -48.330  -7.196  31.270 0.0000000000
70903  -48.824  -6.952  31.025 0.0000000000
72240  -50.955  -6.215  28.798 0.0000000000
70932  -50.266  -6.680  28.716 0.0000000000
72216  -50.650  -5.712  30.807 0.0000000000
28658  -4.901  -41.705  53.302 0.0000000000
29894  -4.242  -41.641  52.355 0.0000000000
28670  -4.517  -42.152  52.770 0.0000000000
62742  -40.211  -13.415  24.529 0.0000000000
61644  -41.095  -13.786  25.532 0.0000000000
62723  -40.736  -13.309  24.817 0.0000000000
63799  -41.286  -12.323  24.872 0.0000000000
64877  -42.052  -11.347  24.821 0.0000000000
67090  -41.995  -9.464  25.452 0.0000000000
67091  -42.373  -9.253  25.747 0.0000000000
67070  -42.689  -9.206  26.112 0.0000000000
68361  -42.926  -8.790  25.929 0.0000000000
69694  -43.879  -8.691  25.107 0.0000000000
126571  -45.257  -8.567  24.733 0.0000000000
126568  -46.452  -8.491  23.468 0.0000000000
126564  -46.438  -8.781  25.076 0.0000000000
71008  -48.149  -6.971  22.669 0.0000000000
70991  -49.139  -6.907  23.933 0.0000000000
70969  -50.436  -6.823  25.136 0.0000000000
70992  -50.010  -6.398  24.177 0.0000000000
72341  -50.697  -5.302  22.921 0.0000000000
72314  -50.646  -5.914  23.936 0.0000000000
72326  -51.002  -5.464  23.458 0.0000000000
73573  -52.097  -5.426  24.332 0.0000000000
73588  -51.691  -4.994  23.622 0.0000000000
73589  -52.717  -4.619  23.614 0.0000000000
73630  -50.273  -4.580  21.145 0.0000000000
73617  -51.340  -4.749  21.969 0.0000000000
74745  -51.309  -4.306  21.031 0.0000000000
32056  -5.983  -39.645  51.496 0.0000000000
37902  -9.930  -34.754  53.411 0.0000000000
36666  -9.820  -35.433  52.635 0.0000000000
36658  -9.594  -35.392  53.698 0.0000000000
36649  -8.415  -36.251  54.223 0.0000000000
36657  -9.140  -36.302  53.250 0.0000000000
36656  -8.566  -36.662  53.557 0.0000000000
35423  -8.204  -37.113  53.628 0.0000000000
36639  -8.176  -35.940  56.354 0.0000000000
35413  -7.215  -37.674  54.963 0.0000000000
34215  -7.143  -38.221  54.291 0.0000000000
33102  -6.567  -38.594  53.183 0.0000000000
34214  -6.633  -38.583  54.177 0.0000000000
33091  -5.873  -39.783  54.075 0.0000000000
33097  -6.278  -39.012  53.955 0.0000000000
33096  -5.830  -39.623  53.744 0.0000000000
32040  -5.391  -40.132  53.144 0.0000000000
32034  -5.480  -40.414  53.631 0.0000000000
31010  -5.205  -40.939  53.648 0.0000000000
31000  -5.483  -40.802  53.848 0.0000000000
28644  -6.801  -41.197  53.949 0.0000000000
56654  -45.161  -19.226  40.809 0.0000000000
54309  -39.037  -20.822  42.442 0.0000000000
55460  -39.361  -20.620  42.991 0.0000000000
54335  -39.917  -20.413  41.112 0.0000000000
55475  -40.324  -19.941  41.680 0.0000000000
55492  -40.993  -19.713  40.766 0.0000000000
56689  -39.295  -20.430  37.903 0.0000000000
55506  -38.910  -20.528  38.782 0.0000000000
56666  -39.604  -20.436  38.472 0.0000000000
56650  -41.676  -19.395  40.240 0.0000000000
56651  -42.495  -19.240  40.229 0.0000000000
56670  -42.307  -19.484  39.350 0.0000000000
56694  -42.941  -19.590  38.446 0.0000000000
56671  -43.211  -19.334  39.428 0.0000000000
56695  -43.867  -19.241  38.482 0.0000000000
56761  -41.770  -19.964  35.376 0.0000000000
56738  -43.266  -20.092  36.339 0.0000000000
56786  -42.127  -19.762  34.302 0.0000000000
56784  -40.093  -19.402  34.397 0.0000000000
56809  -40.356  -19.083  33.394 0.0000000000
56888  -39.165  -18.770  29.645 0.0000000000
57983  -39.551  -18.609  29.105 0.0000000000
58002  -38.939  -18.653  28.211 0.0000000000
56852  -33.433  -19.269  30.843 0.0000000000
56868  -36.069  -19.268  30.446 0.0000000000
56905  -36.101  -19.451  28.493 0.0000000000
56924  -36.743  -19.060  27.654 0.0000000000
58020  -38.977  -17.710  27.240 0.0000000000
43843  -19.173  -30.173  48.653 0.0000000000
42781  -19.492  -30.335  49.676 0.0000000000
43836  -19.766  -30.214  49.840 0.0000000000
42768  -21.284  -30.947  50.358 0.0000000000
42771  -24.272  -31.989  49.625 0.0000000000
42756  -23.936  -31.761  50.101 0.0000000000
41804  -24.095  -31.394  42.532 0.0000000000
42933  -23.531  -31.058  42.028 0.0000000000
41784  -23.282  -31.670  42.714 0.0000000000
42906  -23.318  -31.919  43.160 0.0000000000
42887  -23.369  -32.292  43.908 0.0000000000
41760  -25.662  -32.229  44.134 0.0000000000
41759  -24.803  -32.293  44.202 0.0000000000
41744  -26.900  -32.341  45.737 0.0000000000
44011  -28.319  -30.720  39.503 0.0000000000
42984  -28.622  -31.023  40.650 0.0000000000
42962  -27.977  -31.370  41.444 0.0000000000
42913  -31.854  -31.713  42.554 0.0000000000
42941  -31.341  -31.665  42.142 0.0000000000
41791  -30.313  -32.407  43.830 0.0000000000
42912  -28.684  -31.846  43.378 0.0000000000
41789  -28.254  -31.914  43.928 0.0000000000
41747  -29.054  -32.625  45.830 0.0000000000
41746  -28.313  -32.563  45.600 0.0000000000
42848  -27.734  -32.446  46.200 0.0000000000
41724  -28.311  -32.573  46.359 0.0000000000
41709  -28.751  -32.929  47.526 0.0000000000
40515  -31.255  -33.321  47.259 0.0000000000
40503  -30.855  -33.327  47.921 0.0000000000
40517  -32.980  -32.625  46.859 0.0000000000
46140  -35.504  -27.648  45.823 0.0000000000
40544  -14.035  -32.611  46.148 0.0000000000
40543  -13.492  -32.984  45.542 0.0000000000
39288  -13.193  -33.405  46.487 0.0000000000
39287  -12.706  -33.824  46.338 0.0000000000
39305  -11.556  -34.240  45.304 0.0000000000
38017  -11.318  -34.438  46.293 0.0000000000
38000  -11.726  -34.319  47.063 0.0000000000
39233  -11.483  -34.577  49.329 0.0000000000
39187  -12.037  -33.686  51.148 0.0000000000
41641  -14.777  -31.856  51.432 0.0000000000
41640  -13.926  -32.005  51.646 0.0000000000
41629  -14.478  -31.739  52.245 0.0000000000
55527  -48.287  -19.625  38.249 0.0000000000
59181  -41.892  -17.034  27.638 0.0000000000
59184  -44.263  -15.571  28.323 0.0000000000
59183  -43.750  -16.147  28.202 0.0000000000
59164  -45.026  -16.301  28.648 0.0000000000
59146  -45.682  -16.829  29.071 0.0000000000
59165  -45.490  -15.741  29.295 0.0000000000
62679  -44.611  -13.620  28.085 0.0000000000
62665  -45.247  -13.687  28.707 0.0000000000
61547  -46.941  -14.130  30.807 0.0000000000
61566  -45.902  -14.395  29.984 0.0000000000
60393  -46.881  -15.137  30.624 0.0000000000
59148  -46.482  -15.732  30.288 0.0000000000
60394  -47.506  -15.526  31.234 0.0000000000
60364  -47.793  -15.868  31.672 0.0000000000
61549  -48.124  -14.971  31.516 0.0000000000
61527  -48.536  -14.126  33.142 0.0000000000
60341  -48.990  -15.203  32.830 0.0000000000
61528  -49.236  -14.432  33.547 0.0000000000
68295  -46.183  -8.532  29.417 0.0000000000
68309  -45.402  -8.862  29.133 0.0000000000
68280  -46.732  -9.024  29.907 0.0000000000
66989  -48.071  -9.023  31.276 0.0000000000
65844  -47.343  -9.214  30.597 0.0000000000
66990  -48.475  -9.682  31.347 0.0000000000
67008  -48.533  -9.968  30.832 0.0000000000
74711  -53.139  -4.371  23.237 0.0000000000
73591  -54.410  -4.655  24.016 0.0000000000
74712  -53.737  -4.046  23.168 0.0000000000
75818  -54.188  -3.079  22.347 0.0000000000
75819  -54.630  -2.393  22.526 0.0000000000
75844  -53.434  -2.932  19.768 0.0000000000
76862  -54.805  -1.397  21.516 0.0000000000
76849  -55.370  -1.345  22.591 0.0000000000
77814  -55.444  -0.630  22.243 0.0000000000
78872  -57.279  0.463  22.124 0.0000000000
77858  -56.150  -0.273  18.070 0.0000000000
77857  -55.565  -0.542  18.465 0.0000000000
77845  -55.533  -0.549  19.587 0.0000000000
78906  -56.018  0.150  19.444 0.0000000000
79991  -57.162  0.559  20.694 0.0000000000
79986  -57.677  0.779  21.582 0.0000000000
78873  -58.162  0.714  22.095 0.0000000000
78874  -58.711  0.642  22.078 0.0000000000
80011  -59.309  1.164  18.687 0.0000000000
48655  -33.726  -25.694  37.388 0.0000000000
56874  -41.976  -18.478  29.979 0.0000000000
56909  -41.805  -18.101  28.914 0.0000000000
72277  -52.850  -6.280  26.708 0.0000000000
72278  -53.661  -5.799  26.943 0.0000000000
73514  -55.421  -3.769  27.494 0.0000000000
74668  -55.972  -2.873  26.985 0.0000000000
73533  -55.701  -3.496  26.881 0.0000000000
73557  -55.446  -3.849  25.961 0.0000000000
73577  -55.463  -4.240  25.269 0.0000000000
36720  -9.341  -36.342  48.236 0.0000000000
35476  -9.191  -36.674  48.169 0.0000000000
35460  -9.707  -36.708  48.934 0.0000000000
36683  -9.451  -36.510  50.274 0.0000000000
42750  -17.765  -30.887  51.454 0.0000000000
42824  -25.238  -31.633  48.012 0.0000000000
42805  -24.946  -31.945  48.338 0.0000000000
42806  -25.462  -31.938  48.178 0.0000000000
41691  -26.158  -32.352  48.518 0.0000000000
40484  -27.349  -32.863  49.024 0.0000000000
40500  -27.583  -32.599  48.687 0.0000000000
41694  -28.935  -32.345  48.570 0.0000000000
43934  -33.725  -30.060  43.451 0.0000000000
43891  -34.545  -30.006  45.778 0.0000000000
43875  -34.744  -30.072  46.335 0.0000000000
65901  -43.814  -10.387  27.058 0.0000000000
64846  -44.560  -11.080  27.201 0.0000000000
65902  -44.493  -10.335  27.498 0.0000000000
65883  -45.228  -10.243  28.058 0.0000000000
65874  -45.662  -10.041  28.802 0.0000000000
53237  -36.647  -22.578  42.505 0.0000000000
52121  -36.615  -22.181  41.635 0.0000000000
53251  -36.125  -21.927  40.782 0.0000000000
53265  -35.996  -21.902  40.078 0.0000000000
53299  -34.538  -22.507  36.810 0.0000000000
54371  -34.968  -21.790  36.987 0.0000000000
54389  -34.578  -20.895  36.470 0.0000000000
54390  -35.228  -20.706  36.630 0.0000000000
55563  -34.256  -20.672  36.153 0.0000000000
42841  -17.528  -30.671  46.096 0.0000000000
43886  -18.722  -29.894  45.810 0.0000000000
42884  -19.381  -30.469  44.419 0.0000000000
42864  -19.384  -30.500  44.724 0.0000000000
42885  -19.688  -30.644  44.573 0.0000000000
43902  -21.920  -31.556  45.947 0.0000000000
42866  -23.500  -32.094  45.022 0.0000000000
45120  -33.962  -28.170  39.586 0.0000000000
45104  -33.754  -28.651  40.193 0.0000000000
49809  -35.748  -24.386  40.552 0.0000000000
50941  -36.325  -23.259  42.680 0.0000000000
42861  -16.764  -30.875  45.459 0.0000000000
55593  -45.368  -19.746  36.139 0.0000000000
56844  -47.969  -18.292  32.807 0.0000000000
57906  -48.411  -18.064  33.105 0.0000000000
57927  -48.748  -16.847  32.735 0.0000000000
68347  -47.464  -8.265  27.003 0.0000000000
69666  -47.511  -8.249  27.455 0.0000000000
69651  -48.650  -7.708  28.538 0.0000000000
70916  -48.938  -6.887  29.026 0.0000000000
72228  -51.756  -5.035  29.911 0.0000000000
72217  -51.549  -5.014  31.053 0.0000000000
77803  -57.089  -0.738  23.621 0.0000000000
65934  -41.705  -10.420  25.332 0.0000000000
69734  -44.530  -9.013  23.331 0.0000000000
68401  -45.269  -9.612  24.083 0.0000000000
68413  -45.422  -9.591  23.573 0.0000000000
69735  -45.687  -8.922  23.003 0.0000000000
69744  -46.457  -7.833  22.822 0.0000000000
71028  -48.649  -6.446  22.171 0.0000000000
72324  -49.711  -6.050  22.865 0.0000000000
71010  -49.629  -6.334  23.474 0.0000000000
72340  -50.163  -5.507  22.451 0.0000000000
73602  -50.759  -5.008  22.436 0.0000000000
73616  -50.420  -4.984  21.782 0.0000000000
32057  -6.580  -39.334  51.393 0.0000000000
33117  -6.639  -39.285  52.042 0.0000000000
37880  -9.340  -35.010  54.806 0.0000000000
37879  -8.608  -35.521  54.862 0.0000000000
37878  -8.108  -35.789  54.817 0.0000000000
35402  -8.237  -36.967  55.923 0.0000000000
35406  -6.489  -38.073  55.186 0.0000000000
34210  -6.607  -38.280  54.698 0.0000000000
34205  -6.686  -38.403  54.831 0.0000000000
32024  -6.257  -39.792  54.317 0.0000000000
31001  -5.890  -40.451  54.189 0.0000000000
30989  -6.327  -40.373  54.284 0.0000000000
29867  -7.211  -40.646  54.290 0.0000000000
54319  -37.903  -20.884  41.191 0.0000000000
54320  -38.857  -20.689  41.407 0.0000000000
55490  -39.722  -20.457  39.826 0.0000000000
56713  -39.685  -20.473  37.077 0.0000000000
56691  -40.636  -20.214  38.087 0.0000000000
56717  -42.594  -19.890  37.503 0.0000000000
55543  -42.897  -20.060  37.124 0.0000000000
55568  -42.606  -20.043  36.975 0.0000000000
56737  -42.387  -20.036  36.520 0.0000000000
56858  -39.789  -19.260  31.313 0.0000000000
56871  -39.014  -18.938  30.421 0.0000000000
57981  -38.485  -18.745  29.069 0.0000000000
43845  -20.610  -30.407  49.646 0.0000000000
42782  -20.864  -30.746  49.320 0.0000000000
42783  -21.431  -30.859  49.575 0.0000000000
40469  -25.504  -32.199  49.943 0.0000000000
41648  -24.970  -32.060  50.030 0.0000000000
42958  -24.102  -31.119  41.298 0.0000000000
42907  -24.292  -31.825  42.844 0.0000000000
42888  -24.541  -32.304  43.626 0.0000000000
44012  -29.216  -30.574  39.642 0.0000000000
43992  -29.578  -31.227  40.562 0.0000000000
43970  -29.716  -31.501  41.111 0.0000000000
41792  -31.619  -32.220  43.308 0.0000000000
41806  -30.821  -32.221  42.767 0.0000000000
41765  -30.054  -32.513  44.555 0.0000000000
40558  -29.957  -32.613  44.965 0.0000000000
40547  -29.634  -32.634  45.429 0.0000000000
41748  -29.623  -32.671  46.066 0.0000000000
41726  -29.606  -32.732  46.863 0.0000000000
39277  -31.626  -33.322  47.552 0.0000000000
40512  -13.805  -32.917  47.443 0.0000000000
39271  -13.271  -33.226  47.289 0.0000000000
39255  -13.455  -33.193  47.838 0.0000000000
39253  -12.194  -33.982  47.714 0.0000000000
39207  -12.540  -33.593  50.095 0.0000000000
42717  -15.674  -31.410  53.096 0.0000000000
42716  -14.959  -31.439  52.741 0.0000000000
61620  -42.130  -14.723  26.672 0.0000000000
60501  -42.557  -15.072  27.247 0.0000000000
61600  -43.208  -14.830  27.572 0.0000000000
60477  -44.171  -14.961  28.286 0.0000000000
62667  -46.336  -12.977  29.511 0.0000000000
62666  -45.807  -13.731  29.331 0.0000000000
62640  -46.999  -13.530  30.800 0.0000000000
62642  -48.145  -14.138  31.591 0.0000000000
62624  -48.276  -13.351  32.289 0.0000000000
68282  -47.220  -8.311  30.858 0.0000000000
68269  -47.515  -8.539  31.209 0.0000000000
66974  -47.963  -8.647  31.598 0.0000000000
74731  -52.490  -4.724  21.963 0.0000000000
74721  -53.607  -4.004  22.479 0.0000000000
74732  -53.510  -3.777  21.679 0.0000000000
75826  -53.950  -2.885  21.573 0.0000000000
76870  -54.941  -1.339  20.533 0.0000000000
76863  -55.229  -0.910  21.415 0.0000000000
77828  -55.282  -0.312  21.479 0.0000000000
78884  -55.501  0.320  21.175 0.0000000000
77878  -56.345  -0.080  16.640 0.0000000000
77869  -56.303  -0.258  17.333 0.0000000000
78907  -56.625  0.618  19.175 0.0000000000
81222  -60.353  1.958  18.110 0.0000000000
80020  -59.867  1.652  18.179 0.0000000000
52155  -34.927  -22.738  39.584 0.0000000000
52166  -34.114  -22.678  38.879 0.0000000000
45011  -19.087  -30.259  43.499 0.0000000000
45012  -19.503  -30.203  42.955 0.0000000000
45144  -31.561  -28.377  36.732 0.0000000000
45145  -32.400  -28.298  37.220 0.0000000000
46293  -34.007  -27.401  38.841 0.0000000000
46273  -34.322  -27.393  39.455 0.0000000000
47460  -34.471  -26.976  40.036 0.0000000000
47442  -34.831  -26.397  40.490 0.0000000000
48629  -34.839  -25.754  39.910 0.0000000000
48643  -35.317  -25.389  39.791 0.0000000000
48642  -35.200  -25.391  39.290 0.0000000000
49830  -35.524  -24.721  39.639 0.0000000000
57923  -44.536  -18.589  31.579 0.0000000000
57964  -42.641  -18.458  30.219 0.0000000000
70944  -49.749  -7.338  27.515 0.0000000000
72257  -50.899  -6.560  28.240 0.0000000000
72241  -51.785  -5.657  28.863 0.0000000000
73471  -52.734  -4.607  30.037 0.0000000000
73457  -53.428  -4.290  30.458 0.0000000000
75762  -56.277  -2.615  27.408 0.0000000000
75792  -56.811  -2.492  25.124 0.0000000000
34258  -8.632  -37.334  48.211 0.0000000000
34250  -7.879  -37.954  49.301 0.0000000000
55522  -37.839  -20.436  38.212 0.0000000000
55505  -38.229  -20.670  38.932 0.0000000000
56712  -38.847  -20.425  37.123 0.0000000000
56759  -40.004  -19.694  35.332 0.0000000000
56807  -38.555  -19.294  33.419 0.0000000000
42787  -25.082  -32.418  48.765 0.0000000000
42772  -24.775  -32.322  49.337 0.0000000000
41659  -25.224  -32.235  49.770 0.0000000000
39243  -28.467  -32.765  49.168 0.0000000000
42942  -32.228  -31.102  42.035 0.0000000000
42915  -33.196  -31.033  43.213 0.0000000000
41767  -32.342  -32.328  44.348 0.0000000000
40561  -32.093  -32.529  44.819 0.0000000000
40532  -32.260  -32.982  45.987 0.0000000000
41727  -32.998  -32.419  45.552 0.0000000000
41711  -33.968  -32.169  46.486 0.0000000000
41696  -34.237  -32.112  46.864 0.0000000000
41738  -13.956  -32.288  44.656 0.0000000000
40527  -14.255  -32.512  46.765 0.0000000000
40513  -14.304  -32.448  47.696 0.0000000000
40480  -13.887  -32.416  49.484 0.0000000000
40465  -13.736  -32.340  50.494 0.0000000000
42746  -15.198  -31.696  51.543 0.0000000000
41655  -15.654  -31.534  50.823 0.0000000000
42747  -15.592  -31.512  51.501 0.0000000000
42732  -15.635  -31.389  52.222 0.0000000000
63768  -43.332  -13.011  26.445 0.0000000000
62697  -43.751  -13.607  27.284 0.0000000000
63769  -44.104  -12.702  26.546 0.0000000000
63752  -45.855  -12.321  28.547 0.0000000000
63753  -46.150  -12.395  28.858 0.0000000000
63741  -46.357  -12.357  29.217 0.0000000000
76878  -52.512  -2.481  18.815 0.0000000000
80018  -58.016  1.086  18.080 0.0000000000
80028  -58.981  1.582  17.514 0.0000000000
80037  -58.309  0.946  16.515 0.0000000000
37937  -10.729  -35.071  50.661 0.0000000000
37936  -10.328  -35.393  51.240 0.0000000000
37918  -10.512  -35.055  51.839 0.0000000000
37903  -10.226  -34.748  52.680 0.0000000000
39134  -9.463  -34.175  55.678 0.0000000000
53240  -38.613  -21.302  42.789 0.0000000000
53253  -37.404  -21.460  41.693 0.0000000000
53264  -35.436  -22.263  39.613 0.0000000000
54329  -35.918  -21.784  39.439 0.0000000000
54342  -35.576  -21.692  38.875 0.0000000000
54343  -36.243  -21.478  38.870 0.0000000000
54359  -37.182  -20.712  38.229 0.0000000000
54375  -36.789  -20.632  37.499 0.0000000000
54392  -36.404  -20.536  36.983 0.0000000000
55564  -35.700  -20.567  36.238 0.0000000000
55589  -35.914  -20.441  35.625 0.0000000000
42800  -18.698  -30.264  48.534 0.0000000000
43857  -18.852  -30.224  47.828 0.0000000000
43874  -21.048  -31.246  48.039 0.0000000000
44992  -18.490  -30.320  44.959 0.0000000000
44977  -18.968  -29.802  45.534 0.0000000000
43887  -19.337  -29.867  45.853 0.0000000000
43899  -19.157  -30.310  44.913 0.0000000000
42843  -22.612  -31.478  46.430 0.0000000000
41706  -25.181  -32.096  47.519 0.0000000000
41707  -25.878  -32.055  47.350 0.0000000000
42845  -26.228  -32.028  47.255 0.0000000000
44051  -28.675  -29.779  37.151 0.0000000000
45131  -31.151  -28.875  37.303 0.0000000000
46139  -34.883  -28.577  45.751 0.0000000000
46158  -35.652  -27.118  45.238 0.0000000000
47364  -36.013  -26.176  45.078 0.0000000000
49749  -36.841  -24.516  44.972 0.0000000000
49760  -36.542  -24.574  44.424 0.0000000000
52080  -37.225  -22.418  44.378 0.0000000000
41757  -14.946  -32.104  44.010 0.0000000000
42860  -15.842  -31.380  45.856 0.0000000000
42819  -16.701  -30.762  47.753 0.0000000000
55573  -47.809  -19.601  36.720 0.0000000000
56790  -46.291  -19.610  33.877 0.0000000000
55626  -47.197  -19.642  33.986 0.0000000000
56765  -48.971  -19.294  35.343 0.0000000000
69663  -44.936  -8.194  27.362 0.0000000000
68325  -44.902  -8.754  28.240 0.0000000000
69647  -45.264  -8.339  27.816 0.0000000000
68310  -45.799  -8.366  28.966 0.0000000000
69612  -46.442  -8.162  29.087 0.0000000000
69629  -46.907  -7.935  28.897 0.0000000000
69613  -46.928  -7.834  29.603 0.0000000000
69599  -46.925  -7.894  30.294 0.0000000000
69600  -47.522  -7.520  30.892 0.0000000000
69584  -47.885  -7.616  31.394 0.0000000000
70931  -49.469  -7.137  28.519 0.0000000000
70917  -49.422  -6.959  29.510 0.0000000000
70904  -49.581  -6.586  30.657 0.0000000000
70895  -49.595  -6.344  31.699 0.0000000000
31012  -4.550  -41.181  52.439 0.0000000000
59201  -39.829  -17.238  26.644 0.0000000000
59202  -40.624  -16.843  27.024 0.0000000000
59220  -40.136  -16.581  26.388 0.0000000000
60517  -40.700  -15.985  26.269 0.0000000000
60518  -41.465  -15.077  26.066 0.0000000000
61633  -41.853  -14.070  25.892 0.0000000000
62725  -42.172  -13.130  25.628 0.0000000000
63800  -42.217  -12.377  25.470 0.0000000000
63782  -42.901  -12.478  25.922 0.0000000000
64859  -42.740  -11.397  25.661 0.0000000000
65917  -42.881  -10.536  26.247 0.0000000000
65916  -42.249  -10.320  25.837 0.0000000000
67052  -42.786  -9.630  26.505 0.0000000000
68344  -43.814  -8.954  26.668 0.0000000000
68384  -43.255  -8.598  25.648 0.0000000000
68385  -43.850  -8.675  25.793 0.0000000000
68363  -44.108  -8.679  26.334 0.0000000000
69674  -44.734  -8.303  26.551 0.0000000000
126570  -45.685  -8.399  26.330 0.0000000000
68364  -46.522  -8.465  26.322 0.0000000000
70988  -45.672  -8.563  24.947 0.0000000000
126561  -46.226  -8.508  25.854 0.0000000000
68386  -47.011  -8.470  25.953 0.0000000000
68387  -47.890  -8.512  25.783 0.0000000000
68367  -48.444  -8.369  26.185 0.0000000000
68368  -48.928  -8.398  25.907 0.0000000000
70989  -47.466  -7.539  23.170 0.0000000000
70967  -48.381  -7.545  24.614 0.0000000000
69697  -48.916  -7.929  25.437 0.0000000000
69698  -49.566  -7.382  25.557 0.0000000000
69679  -49.934  -7.382  25.853 0.0000000000
72294  -50.921  -6.744  25.618 0.0000000000
70970  -51.110  -6.423  24.628 0.0000000000
72295  -51.758  -6.400  25.033 0.0000000000
73554  -52.432  -5.802  25.020 0.0000000000
72316  -53.003  -5.566  25.075 0.0000000000
72317  -53.320  -5.503  25.035 0.0000000000
73575  -54.016  -5.166  24.541 0.0000000000
75841  -50.011  -2.885  19.065 0.0000000000
75842  -51.132  -3.046  19.266 0.0000000000
36673  -10.029  -35.622  51.619 0.0000000000
35432  -8.870  -37.082  52.182 0.0000000000
34228  -8.434  -37.475  52.508 0.0000000000
34227  -7.899  -37.955  52.334 0.0000000000
37858  -8.632  -35.480  56.431 0.0000000000
35408  -8.031  -37.032  55.320 0.0000000000
35414  -8.039  -37.001  54.945 0.0000000000
35419  -7.953  -36.932  54.333 0.0000000000
35422  -7.754  -37.510  53.833 0.0000000000
34220  -7.821  -37.787  53.212 0.0000000000
34226  -7.325  -38.061  52.762 0.0000000000
33110  -6.873  -38.620  52.617 0.0000000000
31009  -4.855  -41.009  53.378 0.0000000000
29885  -4.948  -41.298  53.481 0.0000000000
29886  -5.275  -41.432  53.621 0.0000000000
29877  -5.842  -41.041  54.061 0.0000000000
29887  -5.837  -41.726  53.841 0.0000000000
56674  -46.103  -19.072  39.994 0.0000000000
55445  -39.994  -20.304  43.698 0.0000000000
54310  -39.526  -20.357  42.216 0.0000000000
55507  -39.480  -20.534  39.068 0.0000000000
56648  -40.592  -20.333  39.571 0.0000000000
55544  -43.118  -20.136  36.884 0.0000000000
56811  -42.500  -19.397  33.249 0.0000000000
56873  -40.955  -18.762  29.989 0.0000000000
57984  -40.496  -18.566  28.938 0.0000000000
55641  -34.222  -19.569  32.935 0.0000000000
56854  -35.670  -19.314  31.404 0.0000000000
56885  -36.564  -19.425  29.532 0.0000000000
56886  -37.453  -19.000  29.559 0.0000000000
56907  -37.743  -19.061  28.673 0.0000000000
58001  -38.367  -18.847  28.663 0.0000000000
58018  -37.115  -18.900  27.210 0.0000000000
42766  -19.385  -30.663  50.231 0.0000000000
43838  -20.669  -30.542  50.020 0.0000000000
43932  -21.894  -31.236  43.320 0.0000000000
43919  -22.769  -31.737  44.292 0.0000000000
41742  -24.549  -32.521  45.166 0.0000000000
42846  -26.710  -32.228  46.892 0.0000000000
42996  -27.599  -30.843  39.717 0.0000000000
42961  -27.034  -31.595  41.407 0.0000000000
42937  -27.209  -31.598  42.262 0.0000000000
42965  -30.871  -31.617  41.440 0.0000000000
42964  -29.909  -31.632  41.639 0.0000000000
42910  -27.373  -31.622  43.073 0.0000000000
41788  -27.466  -31.881  43.849 0.0000000000
41762  -27.554  -32.284  44.678 0.0000000000
41745  -27.696  -32.483  45.443 0.0000000000
42869  -27.375  -32.375  46.044 0.0000000000
42847  -27.221  -32.367  46.560 0.0000000000
41708  -28.183  -32.604  47.151 0.0000000000
41695  -29.314  -32.538  48.801 0.0000000000
40516  -32.148  -33.108  47.184 0.0000000000
39263  -31.981  -33.432  47.859 0.0000000000
36737  -9.258  -36.241  47.959 0.0000000000
39307  -13.092  -33.631  45.932 0.0000000000
38016  -10.669  -34.819  46.145 0.0000000000
37982  -11.682  -34.670  47.994 0.0000000000
37981  -11.047  -35.216  48.253 0.0000000000
42702  -14.801  -31.620  53.804 0.0000000000
59180  -41.069  -17.078  27.601 0.0000000000
59162  -43.236  -17.274  28.565 0.0000000000
57987  -44.599  -17.441  28.961 0.0000000000
59127  -46.348  -16.704  30.299 0.0000000000
62678  -44.088  -13.878  27.758 0.0000000000
61602  -44.536  -14.518  28.284 0.0000000000
62656  -46.063  -13.929  29.839 0.0000000000
61583  -45.487  -14.600  29.426 0.0000000000
60450  -45.207  -15.247  29.117 0.0000000000
59129  -47.505  -16.365  31.370 0.0000000000
59112  -47.970  -16.401  31.922 0.0000000000
59113  -48.490  -16.283  32.538 0.0000000000
68308  -45.033  -9.136  28.750 0.0000000000
67023  -45.775  -9.478  29.282 0.0000000000
67024  -46.068  -10.027  29.006 0.0000000000
66987  -46.795  -9.013  30.337 0.0000000000
65843  -47.146  -9.388  30.277 0.0000000000
65857  -46.757  -10.155  29.463 0.0000000000
64806  -48.444  -10.716  30.787 0.0000000000
64790  -48.489  -11.134  31.299 0.0000000000
64779  -48.533  -11.693  32.195 0.0000000000
63682  -48.847  -12.498  32.793 0.0000000000
74696  -55.292  -3.489  24.137 0.0000000000
75790  -55.011  -3.097  23.768 0.0000000000
76818  -55.660  -2.006  23.606 0.0000000000
74756  -53.485  -3.209  20.363 0.0000000000
76861  -54.142  -2.050  21.517 0.0000000000
76831  -55.004  -2.201  22.740 0.0000000000
76832  -55.538  -1.795  23.086 0.0000000000
76819  -56.163  -1.740  23.995 0.0000000000
77791  -56.188  -1.415  23.579 0.0000000000
77792  -56.625  -1.266  23.833 0.0000000000
76881  -55.124  -1.171  19.241 0.0000000000
78885  -56.260  0.572  20.958 0.0000000000
29865  -6.209  -40.745  54.191 0.0000000000
29875  -5.078  -41.258  53.707 0.0000000000
30999  -4.997  -41.072  53.602 0.0000000000
31013  -4.701  -40.872  52.760 0.0000000000
32033  -5.122  -40.786  53.421 0.0000000000
34218  -6.741  -38.512  53.747 0.0000000000
35412  -6.536  -37.839  55.053 0.0000000000
35431  -8.403  -37.629  51.969 0.0000000000
35477  -9.554  -36.726  48.714 0.0000000000
36674  -10.186  -35.356  52.130 0.0000000000
36700  -9.454  -36.781  49.697 0.0000000000
37869  -8.019  -35.530  55.316 0.0000000000
37917  -10.298  -35.364  51.571 0.0000000000
39242  -27.969  -32.875  49.081 0.0000000000
39261  -30.675  -33.392  48.205 0.0000000000
39262  -31.283  -33.378  48.016 0.0000000000
40501  -27.906  -32.690  48.729 0.0000000000
41661  -26.743  -32.608  49.434 0.0000000000
41673  -24.661  -32.108  48.407 0.0000000000
41675  -25.829  -32.485  48.910 0.0000000000
41677  -28.796  -32.077  48.779 0.0000000000
41688  -16.145  -31.380  49.262 0.0000000000
41690  -24.792  -31.812  48.154 0.0000000000
41723  -26.749  -32.337  46.468 0.0000000000
41766  -31.927  -32.173  43.996 0.0000000000
41783  -22.929  -31.557  42.604 0.0000000000
41802  -23.236  -31.427  42.359 0.0000000000
41803  -23.765  -31.348  42.430 0.0000000000
42762  -15.970  -31.246  51.089 0.0000000000
42777  -16.090  -31.242  50.568 0.0000000000
42863  -19.188  -30.383  44.609 0.0000000000
43837  -20.129  -30.136  50.045 0.0000000000
47380  -36.457  -26.315  44.570 0.0000000000
47381  -36.754  -26.132  44.780 0.0000000000
47396  -36.752  -26.182  44.197 0.0000000000
47397  -37.009  -25.982  44.531 0.0000000000
47441  -34.420  -25.958  39.956 0.0000000000
48562  -36.273  -26.041  45.106 0.0000000000
48580  -36.901  -25.700  44.724 0.0000000000
48592  -36.894  -25.747  44.281 0.0000000000
48615  -35.557  -25.583  41.366 0.0000000000
48616  -35.489  -25.591  40.773 0.0000000000
49831  -35.483  -25.225  39.996 0.0000000000
52139  -36.319  -22.179  41.322 0.0000000000
53224  -38.833  -21.177  43.065 0.0000000000
53276  -36.463  -21.192  38.654 0.0000000000
53277  -36.595  -21.025  38.528 0.0000000000
53290  -36.269  -21.282  38.529 0.0000000000
54322  -40.082  -20.302  41.287 0.0000000000
54334  -39.540  -20.497  40.852 0.0000000000
54407  -34.500  -20.634  36.162 0.0000000000
54408  -34.740  -20.602  36.177 0.0000000000
55444  -39.554  -20.517  43.241 0.0000000000
55474  -39.745  -20.144  42.064 0.0000000000
55567  -37.654  -20.412  36.760 0.0000000000
55592  -39.695  -19.661  35.017 0.0000000000
55609  -39.512  -19.621  34.800 0.0000000000
55614  -48.471  -19.442  34.934 0.0000000000
55640  -33.928  -19.551  32.863 0.0000000000
56861  -42.754  -18.838  31.425 0.0000000000
56889  -39.502  -18.742  29.647 0.0000000000
56891  -41.989  -18.162  29.249 0.0000000000
57944  -42.961  -18.651  30.920 0.0000000000
57962  -39.742  -18.728  29.626 0.0000000000
57968  -46.076  -16.915  30.136 0.0000000000
57988  -45.328  -17.145  28.881 0.0000000000
58006  -42.898  -17.352  28.654 0.0000000000
58022  -40.732  -17.323  27.564 0.0000000000
59200  -39.146  -17.287  26.401 0.0000000000
59203  -41.351  -16.721  27.158 0.0000000000
60395  -47.924  -15.492  31.615 0.0000000000
60424  -45.611  -15.235  29.726 0.0000000000
60474  -42.515  -16.505  27.429 0.0000000000
60476  -43.626  -15.244  28.101 0.0000000000
61567  -46.443  -14.504  30.396 0.0000000000
61622  -43.408  -14.247  27.472 0.0000000000
61643  -40.461  -14.024  25.469 0.0000000000
62708  -42.099  -13.485  25.710 0.0000000000
62709  -42.613  -13.423  26.087 0.0000000000
63710  -47.724  -12.457  31.065 0.0000000000
63740  -45.963  -12.812  29.038 0.0000000000
63784  -44.193  -11.925  26.279 0.0000000000
64778  -48.248  -12.093  31.854 0.0000000000
64804  -47.114  -10.968  29.517 0.0000000000
64845  -44.059  -10.818  26.861 0.0000000000
65845  -48.567  -10.369  31.145 0.0000000000
65859  -48.303  -10.258  30.502 0.0000000000
65860  -48.494  -10.323  30.787 0.0000000000
65873  -45.242  -9.744  28.789 0.0000000000
65899  -42.392  -10.006  26.440 0.0000000000
65900  -43.031  -10.082  26.668 0.0000000000
65918  -43.338  -10.509  26.598 0.0000000000
66973  -47.685  -8.601  31.372 0.0000000000
66986  -46.681  -9.002  30.071 0.0000000000
67004  -46.510  -9.210  29.747 0.0000000000
67006  -47.650  -9.172  30.785 0.0000000000
67007  -48.171  -9.522  30.744 0.0000000000
67022  -45.199  -9.365  29.001 0.0000000000
67034  -45.002  -9.482  28.686 0.0000000000
67051  -42.476  -9.644  26.298 0.0000000000
67071  -43.056  -9.306  26.455 0.0000000000
68270  -47.750  -8.174  31.571 0.0000000000
68294  -46.192  -8.988  29.587 0.0000000000
68324  -44.892  -9.222  28.532 0.0000000000
68327  -49.112  -8.227  27.952 0.0000000000
68328  -49.282  -7.938  27.834 0.0000000000
68346  -47.117  -8.474  27.029 0.0000000000
68348  -48.945  -8.109  27.653 0.0000000000
68349  -49.140  -7.976  27.653 0.0000000000
68365  -46.950  -8.471  26.562 0.0000000000
68366  -47.596  -8.353  26.544 0.0000000000
68383  -42.491  -8.677  25.519 0.0000000000
68388  -48.513  -8.396  25.682 0.0000000000
68412  -44.975  -9.573  23.824 0.0000000000
69598  -46.567  -8.147  29.742 0.0000000000
69616  -49.241  -7.215  30.205 0.0000000000
69649  -46.776  -8.164  28.205 0.0000000000
69676  -47.673  -8.111  26.952 0.0000000000
69736  -47.121  -6.766  22.324 0.0000000000
70905  -50.373  -6.144  30.197 0.0000000000
70930  -48.829  -7.097  28.851 0.0000000000
70952  -45.338  -8.188  26.729 0.0000000000
70955  -51.046  -6.794  26.714 0.0000000000
70956  -53.512  -6.242  26.351 0.0000000000
70958  -54.330  -5.822  26.157 0.0000000000
70971  -53.254  -6.342  26.046 0.0000000000
70972  -53.709  -6.253  25.824 0.0000000000
72229  -52.487  -4.837  29.568 0.0000000000
72298  -54.482  -5.638  25.897 0.0000000000
73441  -52.309  -4.534  32.036 0.0000000000
73443  -53.380  -4.389  31.089 0.0000000000
73456  -52.884  -4.702  30.861 0.0000000000
73553  -52.284  -5.691  24.772 0.0000000000
73618  -51.783  -4.664  22.510 0.0000000000
75776  -56.283  -2.565  26.798 0.0000000000
77801  -55.616  -1.206  22.779 0.0000000000
77827  -54.967  -0.705  21.800 0.0000000000
79987  -58.030  1.003  21.572 0.0000000000
81228  -60.339  2.128  17.927 0.0000000000
126562  -46.576  -8.472  26.047 0.0000000000
126563  -45.371  -8.678  24.586 0.0000000000
126565  -46.088  -8.953  23.585 0.0000000000
126566  -46.177  -8.568  23.227 0.0000000000
126567  -45.970  -8.392  26.592 0.0000000000
126569  -47.443  -8.713  25.271 0.0000000000
