#!ascii label  , from subject 3114 vox2ras=TkReg
311
87020  -27.180  6.996  -24.975 0.0000000000
83997  -23.370  3.796  -23.845 0.0000000000
81797  -29.613  2.197  -24.433 0.0000000000
78412  -27.130  -0.769  -24.774 0.0000000000
97015  -30.233  18.143  -22.742 0.0000000000
94091  -32.166  14.796  -22.512 0.0000000000
92108  -25.812  11.758  -24.846 0.0000000000
74199  -25.576  -4.261  -23.374 0.0000000000
80572  -25.174  1.169  -24.612 0.0000000000
78394  -24.084  -0.507  -24.030 0.0000000000
95056  -31.731  15.956  -22.631 0.0000000000
94088  -28.586  14.912  -22.773 0.0000000000
86997  -23.340  7.486  -25.035 0.0000000000
90084  -22.471  10.428  -23.680 0.0000000000
89142  -26.107  9.350  -25.262 0.0000000000
90062  -29.383  10.862  -23.483 0.0000000000
88077  -29.359  8.393  -24.232 0.0000000000
85990  -30.966  6.092  -24.240 0.0000000000
84961  -22.246  5.581  -22.981 0.0000000000
85016  -24.978  5.225  -25.852 0.0000000000
85020  -28.188  5.079  -24.838 0.0000000000
82980  -26.066  3.438  -25.493 0.0000000000
80575  -27.977  1.002  -24.982 0.0000000000
78427  -29.670  -0.910  -24.919 0.0000000000
93122  -26.032  13.423  -23.993 0.0000000000
92073  -28.873  12.872  -23.151 0.0000000000
92076  -32.558  12.493  -22.383 0.0000000000
77376  -24.006  -2.108  -22.944 0.0000000000
75301  -26.453  -2.745  -24.486 0.0000000000
79459  -23.430  0.652  -23.492 0.0000000000
78379  -22.958  -0.250  -22.508 0.0000000000
95061  -27.859  15.987  -22.899 0.0000000000
95060  -27.255  15.842  -22.971 0.0000000000
87018  -25.603  7.415  -26.031 0.0000000000
88114  -24.790  8.875  -25.869 0.0000000000
88098  -26.263  8.303  -25.488 0.0000000000
89144  -27.544  8.880  -24.632 0.0000000000
86999  -28.629  7.565  -24.348 0.0000000000
87000  -29.669  7.379  -24.102 0.0000000000
85988  -28.839  6.536  -24.189 0.0000000000
83996  -22.985  4.419  -23.808 0.0000000000
84998  -23.197  5.508  -24.550 0.0000000000
85000  -24.421  4.493  -25.091 0.0000000000
84021  -25.661  4.303  -25.458 0.0000000000
82979  -25.282  3.278  -25.407 0.0000000000
79476  -26.125  0.283  -24.981 0.0000000000
80574  -26.719  1.372  -24.922 0.0000000000
79477  -27.067  0.170  -24.943 0.0000000000
79494  -29.313  -0.166  -24.614 0.0000000000
78425  -27.850  -0.886  -24.837 0.0000000000
97014  -29.227  18.270  -23.141 0.0000000000
97891  -28.867  18.476  -22.521 0.0000000000
97892  -29.998  18.817  -22.937 0.0000000000
98808  -30.974  19.386  -23.140 0.0000000000
97894  -31.925  18.281  -22.740 0.0000000000
94079  -31.190  15.392  -22.511 0.0000000000
91093  -24.041  11.023  -25.212 0.0000000000
92106  -24.317  11.884  -24.849 0.0000000000
93138  -25.542  12.512  -24.487 0.0000000000
93124  -27.879  12.986  -23.297 0.0000000000
92090  -27.138  11.966  -23.802 0.0000000000
90064  -31.493  10.393  -23.230 0.0000000000
91050  -30.757  11.391  -22.835 0.0000000000
91052  -33.244  11.543  -22.911 0.0000000000
84008  -28.257  4.240  -24.724 0.0000000000
84010  -30.714  4.193  -23.962 0.0000000000
74198  -24.882  -4.097  -23.114 0.0000000000
75284  -25.169  -3.430  -23.608 0.0000000000
76385  -25.471  -2.567  -23.908 0.0000000000
75285  -25.999  -3.348  -24.303 0.0000000000
81783  -23.255  2.466  -23.362 0.0000000000
81793  -24.291  2.739  -24.480 0.0000000000
80561  -24.131  1.424  -23.724 0.0000000000
79474  -24.663  0.361  -24.388 0.0000000000
78410  -25.566  -0.546  -24.573 0.0000000000
96063  -29.878  17.215  -22.604 0.0000000000
96064  -31.090  17.014  -22.428 0.0000000000
95054  -29.567  16.126  -22.558 0.0000000000
94077  -29.892  15.537  -22.476 0.0000000000
94090  -30.961  14.647  -22.483 0.0000000000
88023  -21.906  7.935  -22.486 0.0000000000
89116  -23.096  9.394  -24.526 0.0000000000
90135  -24.102  10.124  -25.604 0.0000000000
90115  -25.627  10.149  -24.951 0.0000000000
91070  -27.139  11.170  -24.323 0.0000000000
89118  -27.349  9.636  -24.627 0.0000000000
90090  -29.396  9.766  -23.659 0.0000000000
89091  -30.946  9.352  -23.479 0.0000000000
88051  -31.577  8.544  -23.386 0.0000000000
71642  -27.210  -5.632  -23.213 0.0000000000
72958  -27.781  -4.958  -23.662 0.0000000000
85972  -22.569  6.484  -23.609 0.0000000000
86002  -24.303  6.536  -25.672 0.0000000000
86004  -25.810  6.302  -25.979 0.0000000000
86006  -27.398  6.017  -25.036 0.0000000000
85018  -27.063  5.263  -25.562 0.0000000000
84023  -27.483  4.476  -25.305 0.0000000000
82962  -28.133  3.170  -24.687 0.0000000000
81814  -25.636  2.601  -25.398 0.0000000000
80595  -26.624  2.337  -24.961 0.0000000000
80576  -29.107  1.292  -24.475 0.0000000000
80597  -29.699  0.634  -24.874 0.0000000000
79495  -30.133  -0.009  -25.337 0.0000000000
97017  -32.907  17.785  -22.632 0.0000000000
93108  -27.629  13.905  -23.492 0.0000000000
93110  -29.333  13.795  -22.754 0.0000000000
93111  -30.505  13.662  -22.523 0.0000000000
91072  -28.943  11.316  -23.555 0.0000000000
92075  -31.276  12.487  -22.513 0.0000000000
93113  -33.009  13.638  -22.607 0.0000000000
85002  -28.994  5.353  -24.313 0.0000000000
85004  -31.259  5.163  -24.145 0.0000000000
77374  -23.162  -1.010  -22.363 0.0000000000
77389  -23.807  -1.054  -23.503 0.0000000000
77409  -25.677  -1.518  -24.042 0.0000000000
77410  -26.620  -1.489  -24.441 0.0000000000
75287  -27.304  -3.581  -24.118 0.0000000000
75315  -28.244  -2.740  -24.737 0.0000000000
77423  -28.156  -1.758  -24.843 0.0000000000
95059  -26.691  15.597  -22.978 0.0000000000
87019  -26.417  7.222  -25.493 0.0000000000
88099  -27.071  8.086  -24.767 0.0000000000
86998  -27.758  7.690  -24.579 0.0000000000
85987  -27.931  6.760  -24.519 0.0000000000
82951  -23.051  3.355  -23.370 0.0000000000
82933  -22.113  4.165  -22.554 0.0000000000
84004  -23.473  4.864  -24.509 0.0000000000
84005  -23.730  4.111  -24.487 0.0000000000
84020  -24.930  4.017  -25.218 0.0000000000
84006  -24.367  3.625  -24.821 0.0000000000
79492  -27.550  -0.255  -24.713 0.0000000000
97024  -29.605  18.395  -22.974 0.0000000000
97893  -30.991  18.668  -23.018 0.0000000000
97899  -32.156  18.717  -23.016 0.0000000000
95064  -32.843  15.691  -22.688 0.0000000000
94092  -33.506  14.710  -22.821 0.0000000000
91095  -25.473  11.045  -25.198 0.0000000000
92105  -23.862  11.513  -24.832 0.0000000000
92107  -25.147  11.854  -25.047 0.0000000000
93137  -24.813  12.536  -24.622 0.0000000000
92089  -26.419  12.165  -24.267 0.0000000000
90065  -32.923  10.349  -23.111 0.0000000000
82963  -29.037  3.202  -24.510 0.0000000000
82964  -30.176  3.119  -24.104 0.0000000000
72956  -26.011  -4.759  -23.335 0.0000000000
74181  -25.024  -4.720  -22.790 0.0000000000
75266  -24.499  -3.502  -23.061 0.0000000000
74200  -26.375  -4.178  -23.709 0.0000000000
80559  -22.785  1.649  -22.920 0.0000000000
80560  -23.347  1.544  -23.443 0.0000000000
78392  -23.097  0.172  -23.141 0.0000000000
79460  -24.066  0.478  -23.880 0.0000000000
78409  -24.804  -0.557  -24.425 0.0000000000
96062  -28.723  17.316  -23.190 0.0000000000
96072  -28.554  16.713  -22.947 0.0000000000
95063  -29.342  15.718  -22.547 0.0000000000
94089  -29.699  15.074  -22.514 0.0000000000
86996  -22.856  7.458  -24.237 0.0000000000
88074  -23.127  8.446  -24.866 0.0000000000
89159  -24.885  9.457  -25.764 0.0000000000
89158  -24.338  9.565  -25.739 0.0000000000
89141  -25.415  9.576  -25.518 0.0000000000
90114  -25.166  10.275  -25.588 0.0000000000
90087  -26.942  10.325  -24.599 0.0000000000
89117  -26.712  9.645  -24.793 0.0000000000
89120  -28.998  9.311  -24.131 0.0000000000
89121  -29.868  9.222  -23.742 0.0000000000
88078  -30.545  8.216  -23.759 0.0000000000
87001  -30.793  7.106  -24.233 0.0000000000
87021  -32.205  6.143  -24.225 0.0000000000
71618  -26.697  -6.289  -22.799 0.0000000000
71643  -27.814  -6.027  -22.931 0.0000000000
85951  -21.618  6.628  -22.120 0.0000000000
85952  -22.222  6.523  -22.762 0.0000000000
84999  -23.962  5.371  -25.227 0.0000000000
85986  -23.530  6.464  -25.195 0.0000000000
85015  -24.533  5.896  -25.807 0.0000000000
86003  -24.949  6.462  -26.197 0.0000000000
85017  -26.135  5.290  -25.739 0.0000000000
84022  -26.624  4.445  -25.465 0.0000000000
82981  -26.878  3.427  -25.266 0.0000000000
82961  -27.641  3.663  -25.010 0.0000000000
80592  -24.793  1.719  -25.019 0.0000000000
81813  -24.916  2.384  -25.350 0.0000000000
80593  -25.329  1.807  -25.168 0.0000000000
81796  -28.510  2.215  -24.577 0.0000000000
80596  -28.875  0.535  -24.482 0.0000000000
78428  -30.371  -0.712  -25.396 0.0000000000
96065  -32.418  16.781  -22.504 0.0000000000
89114  -22.277  9.962  -23.345 0.0000000000
93106  -25.369  13.935  -23.837 0.0000000000
94098  -26.316  14.054  -23.599 0.0000000000
94086  -26.934  14.497  -23.438 0.0000000000
94099  -26.572  13.803  -23.664 0.0000000000
92074  -29.943  12.489  -22.713 0.0000000000
90089  -28.817  10.305  -23.775 0.0000000000
91071  -28.073  11.016  -23.870 0.0000000000
91051  -32.030  11.364  -22.639 0.0000000000
92077  -33.608  12.582  -23.009 0.0000000000
85001  -28.152  5.811  -24.670 0.0000000000
85003  -30.207  5.236  -23.895 0.0000000000
76366  -23.686  -2.616  -22.575 0.0000000000
77359  -22.937  -2.103  -22.131 0.0000000000
77375  -23.531  -1.562  -22.660 0.0000000000
77391  -25.229  -2.053  -23.491 0.0000000000
76400  -26.203  -2.305  -24.212 0.0000000000
76401  -26.840  -2.237  -24.518 0.0000000000
74201  -27.277  -4.015  -23.776 0.0000000000
76412  -28.048  -2.478  -24.707 0.0000000000
79458  -22.832  0.731  -23.103 0.0000000000
78393  -23.508  -0.375  -23.259 0.0000000000
96071  -28.107  16.819  -23.411 0.0000000000
94087  -27.822  14.856  -23.338 0.0000000000
87016  -24.034  7.491  -25.582 0.0000000000
88095  -23.776  8.590  -25.610 0.0000000000
88096  -24.507  8.354  -25.857 0.0000000000
88097  -25.311  8.618  -25.803 0.0000000000
89143  -26.894  9.011  -25.038 0.0000000000
88100  -27.619  8.429  -24.607 0.0000000000
88076  -28.226  8.512  -24.471 0.0000000000
85989  -29.885  6.304  -23.881 0.0000000000
83974  -22.299  4.639  -23.097 0.0000000000
84984  -22.608  5.498  -23.816 0.0000000000
80573  -25.809  1.205  -24.786 0.0000000000
79478  -27.657  0.233  -24.701 0.0000000000
79493  -28.242  -0.070  -24.502 0.0000000000
78426  -28.730  -0.955  -24.618 0.0000000000
97013  -28.092  18.359  -23.287 0.0000000000
97897  -29.578  18.660  -22.909 0.0000000000
97905  -33.385  18.809  -23.183 0.0000000000
96073  -33.291  16.316  -22.749 0.0000000000
92088  -24.018  12.542  -24.464 0.0000000000
93136  -24.398  12.498  -24.560 0.0000000000
93123  -27.000  13.291  -23.841 0.0000000000
92091  -28.236  11.949  -23.143 0.0000000000
90063  -30.015  10.305  -23.283 0.0000000000
84009  -29.517  4.217  -24.132 0.0000000000
76367  -24.242  -2.670  -22.985 0.0000000000
76384  -24.794  -2.659  -23.523 0.0000000000
82952  -23.634  3.240  -23.844 0.0000000000
82959  -24.012  3.164  -24.444 0.0000000000
81784  -24.173  2.433  -23.812 0.0000000000
81785  -24.523  1.917  -24.024 0.0000000000
80571  -24.625  1.336  -24.294 0.0000000000
79475  -25.344  0.308  -24.726 0.0000000000
78411  -26.371  -0.648  -24.664 0.0000000000
97016  -31.605  17.792  -22.602 0.0000000000
95055  -30.647  16.178  -22.507 0.0000000000
95053  -28.879  16.558  -22.788 0.0000000000
89140  -23.509  9.320  -25.278 0.0000000000
90112  -23.654  10.224  -25.083 0.0000000000
91116  -24.447  10.472  -25.567 0.0000000000
91094  -24.701  10.986  -25.497 0.0000000000
91069  -26.209  10.953  -24.626 0.0000000000
90088  -27.784  10.370  -24.342 0.0000000000
89119  -28.139  9.522  -24.367 0.0000000000
89092  -32.160  9.334  -23.338 0.0000000000
88052  -32.568  8.287  -23.310 0.0000000000
88079  -31.720  7.604  -23.519 0.0000000000
81798  -30.788  2.128  -24.881 0.0000000000
72957  -26.616  -5.141  -23.290 0.0000000000
86985  -22.461  7.439  -23.364 0.0000000000
85985  -23.009  6.477  -24.426 0.0000000000
87017  -24.770  7.493  -26.021 0.0000000000
86005  -26.687  6.198  -25.554 0.0000000000
85019  -27.697  5.209  -25.251 0.0000000000
84034  -27.088  4.825  -25.535 0.0000000000
84024  -27.924  4.769  -25.106 0.0000000000
84007  -27.790  4.135  -25.065 0.0000000000
82960  -24.323  2.950  -24.775 0.0000000000
81815  -26.342  2.744  -25.364 0.0000000000
80594  -26.031  2.114  -24.862 0.0000000000
81816  -26.760  2.774  -25.129 0.0000000000
81795  -27.370  2.495  -24.884 0.0000000000
80577  -30.013  1.388  -24.721 0.0000000000
80598  -30.618  0.999  -25.401 0.0000000000
96066  -33.320  16.961  -22.558 0.0000000000
93109  -28.378  13.883  -23.192 0.0000000000
93112  -31.753  13.610  -22.454 0.0000000000
92092  -29.179  12.034  -23.212 0.0000000000
91049  -29.710  11.400  -23.144 0.0000000000
78380  -23.354  -0.784  -22.638 0.0000000000
77390  -24.507  -1.599  -23.616 0.0000000000
77408  -25.088  -1.112  -24.300 0.0000000000
75286  -26.902  -3.502  -24.117 0.0000000000
75302  -26.860  -2.948  -24.567 0.0000000000
75303  -27.730  -3.230  -24.486 0.0000000000
76402  -27.495  -2.369  -24.678 0.0000000000
77411  -27.349  -1.575  -24.763 0.0000000000
81794  -24.455  2.272  -24.749 0.0000000000
82978  -24.655  3.050  -25.120 0.0000000000
84035  -27.330  4.820  -25.479 0.0000000000
85033  -27.161  5.036  -25.570 0.0000000000
85034  -27.395  5.056  -25.514 0.0000000000
88075  -27.661  8.185  -24.601 0.0000000000
88112  -24.084  9.156  -25.749 0.0000000000
88113  -24.400  9.010  -25.807 0.0000000000
89089  -21.883  9.534  -22.935 0.0000000000
89115  -22.501  9.459  -23.607 0.0000000000
89157  -23.907  9.431  -25.640 0.0000000000
90085  -22.961  10.466  -24.348 0.0000000000
90086  -26.235  10.014  -24.622 0.0000000000
90113  -24.005  10.524  -25.412 0.0000000000
90134  -23.788  9.780  -25.450 0.0000000000
90136  -24.624  10.163  -25.679 0.0000000000
91115  -24.277  10.626  -25.466 0.0000000000
94078  -30.348  15.471  -22.487 0.0000000000
95062  -28.774  16.003  -22.681 0.0000000000
97018  -33.632  17.266  -22.775 0.0000000000
97023  -29.372  18.514  -23.019 0.0000000000
97896  -29.184  18.658  -22.950 0.0000000000
