#!ascii label  , from subject 3114 vox2ras=TkReg
337
77414  -32.000  -0.909  -24.124 0.0000000000
81797  -29.613  2.197  -24.433 0.0000000000
94091  -32.166  14.796  -22.512 0.0000000000
90065  -32.923  10.349  -23.111 0.0000000000
87004  -33.613  6.756  -25.401 0.0000000000
81821  -34.806  3.118  -24.557 0.0000000000
95056  -31.731  15.956  -22.631 0.0000000000
88053  -33.429  8.169  -23.577 0.0000000000
85990  -30.966  6.092  -24.240 0.0000000000
79496  -31.048  0.356  -25.845 0.0000000000
81833  -32.400  2.532  -26.137 0.0000000000
79481  -33.735  1.027  -24.213 0.0000000000
72978  -28.595  -4.647  -23.854 0.0000000000
78427  -29.670  -0.910  -24.919 0.0000000000
99740  -29.310  21.604  -24.896 0.0000000000
99712  -32.349  20.518  -23.154 0.0000000000
97032  -33.960  18.395  -23.780 0.0000000000
96079  -34.443  16.731  -24.106 0.0000000000
94108  -34.312  14.558  -25.435 0.0000000000
92076  -32.558  12.493  -22.383 0.0000000000
92109  -34.160  12.032  -25.923 0.0000000000
90138  -34.462  10.300  -26.710 0.0000000000
88116  -34.376  8.516  -27.361 0.0000000000
126719  -35.278  6.719  -26.459 0.0000000000
84011  -31.754  4.264  -24.195 0.0000000000
126692  -33.658  4.916  -26.669 0.0000000000
87000  -29.669  7.379  -24.102 0.0000000000
85988  -28.839  6.536  -24.189 0.0000000000
78430  -31.693  -0.245  -25.529 0.0000000000
79479  -32.374  0.714  -25.137 0.0000000000
79480  -32.959  0.547  -24.448 0.0000000000
69025  -28.259  -8.375  -21.800 0.0000000000
69048  -29.085  -7.925  -22.076 0.0000000000
70382  -29.351  -6.756  -22.662 0.0000000000
79494  -29.313  -0.166  -24.614 0.0000000000
78425  -27.850  -0.886  -24.837 0.0000000000
98810  -33.409  20.037  -23.304 0.0000000000
94079  -31.190  15.392  -22.511 0.0000000000
96073  -33.291  16.316  -22.749 0.0000000000
95065  -33.864  15.672  -23.124 0.0000000000
95070  -34.716  15.720  -24.270 0.0000000000
93115  -34.797  14.128  -23.753 0.0000000000
91052  -33.244  11.543  -22.911 0.0000000000
92078  -34.363  12.508  -23.897 0.0000000000
91054  -34.283  11.357  -24.084 0.0000000000
91097  -34.578  11.204  -25.416 0.0000000000
90092  -34.311  10.051  -23.984 0.0000000000
87003  -33.183  6.624  -24.269 0.0000000000
89145  -33.826  8.886  -25.300 0.0000000000
88101  -34.477  7.640  -26.597 0.0000000000
126702  -34.180  6.633  -27.748 0.0000000000
84008  -28.257  4.240  -24.724 0.0000000000
84010  -30.714  4.193  -23.962 0.0000000000
82965  -31.255  3.284  -24.561 0.0000000000
81819  -33.696  3.223  -26.064 0.0000000000
81835  -33.289  3.282  -26.568 0.0000000000
82985  -34.230  4.231  -25.820 0.0000000000
84025  -35.308  5.485  -25.662 0.0000000000
82987  -36.151  4.108  -24.883 0.0000000000
72961  -30.258  -5.166  -23.319 0.0000000000
74218  -28.681  -4.124  -24.275 0.0000000000
74220  -30.032  -3.887  -24.245 0.0000000000
75288  -30.436  -3.097  -23.803 0.0000000000
89091  -30.946  9.352  -23.479 0.0000000000
89093  -33.360  8.964  -23.332 0.0000000000
88051  -31.577  8.544  -23.386 0.0000000000
88079  -31.720  7.604  -23.519 0.0000000000
87022  -32.622  6.159  -24.289 0.0000000000
81817  -31.183  1.544  -25.516 0.0000000000
81818  -31.756  2.120  -25.571 0.0000000000
80609  -31.903  1.630  -26.309 0.0000000000
80601  -33.180  2.181  -25.824 0.0000000000
81801  -34.527  2.547  -24.495 0.0000000000
71645  -29.532  -6.023  -23.017 0.0000000000
80576  -29.107  1.292  -24.475 0.0000000000
80597  -29.699  0.634  -24.874 0.0000000000
79495  -30.133  -0.009  -25.337 0.0000000000
77427  -30.920  -1.247  -25.207 0.0000000000
101919  -30.117  22.932  -24.710 0.0000000000
99695  -29.801  20.072  -23.251 0.0000000000
100524  -30.820  21.227  -24.217 0.0000000000
99728  -33.759  21.064  -24.012 0.0000000000
98820  -34.689  20.243  -24.525 0.0000000000
97907  -34.930  19.281  -25.158 0.0000000000
97017  -32.907  17.785  -22.632 0.0000000000
97033  -34.712  17.975  -24.600 0.0000000000
126994  -34.770  18.588  -25.984 0.0000000000
96080  -34.782  16.634  -25.486 0.0000000000
96086  -34.464  15.991  -26.270 0.0000000000
95085  -33.905  15.067  -26.879 0.0000000000
93113  -33.009  13.638  -22.607 0.0000000000
93114  -34.162  13.676  -23.545 0.0000000000
93125  -34.569  13.134  -24.771 0.0000000000
93152  -33.702  13.227  -27.380 0.0000000000
92137  -33.109  12.496  -27.861 0.0000000000
90154  -34.411  10.688  -27.617 0.0000000000
90116  -34.043  9.509  -24.640 0.0000000000
89146  -34.283  9.123  -26.466 0.0000000000
85002  -28.994  5.353  -24.313 0.0000000000
85004  -31.259  5.163  -24.145 0.0000000000
85022  -32.651  5.493  -25.057 0.0000000000
82983  -32.441  3.656  -25.386 0.0000000000
126685  -32.886  4.580  -25.689 0.0000000000
126693  -33.714  5.597  -26.421 0.0000000000
126713  -34.827  5.959  -27.432 0.0000000000
85035  -36.135  5.800  -26.089 0.0000000000
76414  -29.201  -2.451  -25.023 0.0000000000
76403  -30.365  -2.073  -24.496 0.0000000000
76387  -31.337  -2.051  -23.807 0.0000000000
78413  -31.580  -0.607  -25.261 0.0000000000
78414  -32.111  -0.265  -25.001 0.0000000000
78415  -32.566  -0.340  -23.918 0.0000000000
77415  -32.416  -0.911  -23.684 0.0000000000
69026  -29.232  -8.632  -21.616 0.0000000000
95064  -32.843  15.691  -22.688 0.0000000000
94092  -33.506  14.710  -22.821 0.0000000000
90064  -31.493  10.393  -23.230 0.0000000000
90066  -33.876  10.755  -23.330 0.0000000000
90093  -34.404  10.856  -24.515 0.0000000000
90091  -33.909  10.085  -23.415 0.0000000000
126708  -34.494  6.329  -25.955 0.0000000000
82963  -29.037  3.202  -24.510 0.0000000000
82964  -30.176  3.119  -24.104 0.0000000000
81820  -34.298  3.283  -25.036 0.0000000000
82986  -35.172  3.721  -24.835 0.0000000000
82968  -35.890  3.243  -24.501 0.0000000000
74203  -30.046  -4.409  -23.851 0.0000000000
88078  -30.545  8.216  -23.759 0.0000000000
87001  -30.793  7.106  -24.233 0.0000000000
87002  -32.010  6.669  -24.264 0.0000000000
87021  -32.205  6.143  -24.225 0.0000000000
80598  -30.618  0.999  -25.401 0.0000000000
80599  -31.258  1.264  -26.194 0.0000000000
79506  -31.579  0.974  -26.460 0.0000000000
80578  -32.734  1.085  -24.950 0.0000000000
80600  -32.564  1.390  -25.488 0.0000000000
80579  -33.259  1.524  -24.889 0.0000000000
81800  -33.738  2.503  -25.017 0.0000000000
80580  -34.089  1.780  -24.381 0.0000000000
80581  -34.947  1.802  -23.946 0.0000000000
79482  -34.331  1.278  -23.812 0.0000000000
69024  -27.268  -8.530  -21.639 0.0000000000
67670  -27.679  -9.328  -21.136 0.0000000000
71620  -29.902  -6.479  -22.622 0.0000000000
71646  -30.388  -5.814  -22.729 0.0000000000
78428  -30.371  -0.712  -25.396 0.0000000000
77426  -30.407  -1.425  -25.105 0.0000000000
101222  -28.241  22.521  -25.211 0.0000000000
101905  -29.966  22.932  -24.427 0.0000000000
101230  -29.648  22.466  -24.907 0.0000000000
101929  -30.292  22.760  -24.744 0.0000000000
101231  -30.605  22.502  -24.631 0.0000000000
99711  -30.699  20.392  -23.468 0.0000000000
100510  -31.559  20.831  -23.716 0.0000000000
100525  -31.980  21.405  -24.029 0.0000000000
100526  -33.220  21.474  -23.938 0.0000000000
100511  -32.536  21.064  -23.501 0.0000000000
98818  -33.627  19.384  -23.271 0.0000000000
98811  -34.058  20.239  -23.798 0.0000000000
98819  -34.323  19.655  -23.869 0.0000000000
97906  -34.314  18.859  -23.874 0.0000000000
96065  -32.418  16.781  -22.504 0.0000000000
97026  -33.898  17.472  -23.436 0.0000000000
126995  -34.550  17.864  -26.620 0.0000000000
94100  -34.692  14.768  -24.429 0.0000000000
95077  -34.600  15.478  -25.346 0.0000000000
95086  -34.157  15.269  -26.196 0.0000000000
94119  -33.736  14.683  -26.093 0.0000000000
91051  -32.030  11.364  -22.639 0.0000000000
92077  -33.608  12.582  -23.009 0.0000000000
92093  -34.292  12.193  -24.958 0.0000000000
93139  -33.729  13.130  -25.847 0.0000000000
92123  -33.857  12.290  -26.978 0.0000000000
91118  -34.416  10.678  -25.986 0.0000000000
91117  -33.967  11.214  -26.517 0.0000000000
90137  -33.863  10.940  -27.335 0.0000000000
89094  -33.650  8.588  -23.686 0.0000000000
89123  -33.957  8.980  -24.056 0.0000000000
88054  -33.740  8.362  -23.858 0.0000000000
88102  -34.447  8.635  -27.093 0.0000000000
89161  -34.417  9.264  -27.523 0.0000000000
89160  -34.341  8.997  -28.170 0.0000000000
86009  -35.505  7.283  -26.894 0.0000000000
126714  -36.468  6.783  -26.347 0.0000000000
85001  -28.152  5.811  -24.670 0.0000000000
85003  -30.207  5.236  -23.895 0.0000000000
85005  -32.209  5.183  -24.417 0.0000000000
85006  -32.523  4.949  -25.014 0.0000000000
82982  -31.876  3.045  -25.177 0.0000000000
82998  -32.288  2.954  -25.730 0.0000000000
126684  -33.492  4.074  -26.499 0.0000000000
126686  -32.888  4.133  -26.604 0.0000000000
126688  -33.378  5.080  -26.649 0.0000000000
126690  -33.615  5.037  -27.104 0.0000000000
126689  -33.739  5.451  -27.311 0.0000000000
126694  -33.924  5.177  -27.108 0.0000000000
85023  -36.459  5.590  -25.671 0.0000000000
76386  -30.671  -2.216  -23.993 0.0000000000
76404  -30.877  -1.857  -24.218 0.0000000000
85989  -29.885  6.304  -23.881 0.0000000000
79497  -31.940  0.513  -26.029 0.0000000000
79461  -33.538  0.562  -23.964 0.0000000000
78395  -33.361  0.061  -23.648 0.0000000000
67671  -28.727  -9.425  -21.033 0.0000000000
70381  -28.783  -6.684  -22.847 0.0000000000
70361  -28.895  -7.302  -22.484 0.0000000000
70362  -29.722  -7.143  -22.161 0.0000000000
80596  -28.875  0.535  -24.482 0.0000000000
79493  -28.242  -0.070  -24.502 0.0000000000
78426  -28.730  -0.955  -24.618 0.0000000000
99709  -28.733  21.209  -24.343 0.0000000000
98809  -32.361  19.621  -23.013 0.0000000000
97905  -33.385  18.809  -23.183 0.0000000000
95069  -34.485  16.076  -23.532 0.0000000000
95066  -34.468  15.557  -23.586 0.0000000000
94093  -34.403  14.845  -23.626 0.0000000000
93127  -34.896  14.307  -24.181 0.0000000000
91053  -34.070  11.648  -23.483 0.0000000000
91073  -34.424  11.842  -24.132 0.0000000000
92094  -34.335  11.690  -25.081 0.0000000000
92110  -34.281  11.739  -25.389 0.0000000000
91074  -34.420  11.535  -24.657 0.0000000000
90117  -34.378  10.056  -25.344 0.0000000000
88081  -33.705  7.782  -24.463 0.0000000000
88115  -34.350  8.621  -27.724 0.0000000000
126707  -34.638  6.847  -27.763 0.0000000000
84009  -29.517  4.217  -24.132 0.0000000000
82966  -32.039  3.662  -24.727 0.0000000000
80611  -33.121  2.723  -26.486 0.0000000000
81834  -32.828  3.187  -26.620 0.0000000000
82984  -33.849  3.806  -26.238 0.0000000000
126691  -34.379  5.355  -25.850 0.0000000000
84026  -36.695  5.001  -25.075 0.0000000000
72960  -29.392  -5.112  -23.616 0.0000000000
74202  -29.594  -4.590  -23.821 0.0000000000
74219  -29.395  -4.282  -24.086 0.0000000000
75305  -29.223  -3.636  -24.730 0.0000000000
75306  -29.898  -3.343  -24.692 0.0000000000
89092  -32.160  9.334  -23.338 0.0000000000
88052  -32.568  8.287  -23.310 0.0000000000
88080  -32.936  7.324  -23.547 0.0000000000
85992  -32.846  6.216  -25.020 0.0000000000
81798  -30.788  2.128  -24.881 0.0000000000
80610  -32.408  1.977  -26.209 0.0000000000
79507  -31.954  1.246  -26.452 0.0000000000
81802  -35.388  2.753  -24.283 0.0000000000
72959  -28.539  -5.308  -23.564 0.0000000000
71644  -28.725  -5.961  -23.149 0.0000000000
80577  -30.013  1.388  -24.721 0.0000000000
78429  -31.151  -0.584  -25.488 0.0000000000
77413  -31.290  -1.274  -24.721 0.0000000000
101889  -30.137  23.168  -23.967 0.0000000000
99710  -29.351  20.874  -24.058 0.0000000000
99727  -30.123  20.896  -24.144 0.0000000000
100523  -29.900  21.314  -24.526 0.0000000000
100535  -31.236  21.995  -24.270 0.0000000000
101232  -31.665  22.657  -24.548 0.0000000000
99713  -33.507  20.754  -23.578 0.0000000000
99729  -34.201  20.775  -24.247 0.0000000000
99742  -35.097  21.018  -24.961 0.0000000000
126999  -35.175  20.495  -24.921 0.0000000000
127001  -34.996  20.170  -25.604 0.0000000000
127018  -34.805  19.298  -26.361 0.0000000000
97025  -33.581  18.235  -23.341 0.0000000000
96066  -33.320  16.961  -22.558 0.0000000000
127012  -34.710  18.732  -26.984 0.0000000000
126998  -34.489  16.717  -27.079 0.0000000000
93112  -31.753  13.610  -22.454 0.0000000000
93126  -34.724  13.989  -24.546 0.0000000000
93140  -34.316  13.762  -25.303 0.0000000000
94107  -33.617  14.111  -25.731 0.0000000000
94118  -33.933  14.198  -26.799 0.0000000000
91134  -33.442  11.804  -27.864 0.0000000000
90153  -33.902  11.335  -27.747 0.0000000000
89122  -33.978  9.518  -23.659 0.0000000000
87037  -35.011  8.350  -27.818 0.0000000000
85991  -31.829  5.864  -24.204 0.0000000000
86008  -32.609  5.855  -24.596 0.0000000000
81799  -31.428  2.637  -25.041 0.0000000000
126683  -32.579  3.537  -26.234 0.0000000000
84012  -32.445  4.356  -24.799 0.0000000000
85993  -33.610  5.668  -25.810 0.0000000000
126709  -33.684  6.141  -26.920 0.0000000000
126704  -34.494  6.166  -27.923 0.0000000000
126718  -35.070  6.398  -27.106 0.0000000000
126698  -34.607  5.750  -25.808 0.0000000000
126711  -35.243  6.375  -26.148 0.0000000000
126710  -35.809  6.339  -26.241 0.0000000000
77424  -29.087  -1.734  -24.722 0.0000000000
77425  -29.819  -1.678  -25.026 0.0000000000
76415  -29.764  -2.529  -25.087 0.0000000000
77412  -30.735  -1.474  -24.936 0.0000000000
77392  -31.649  -1.381  -24.028 0.0000000000
72979  -28.974  -4.827  -23.742 0.0000000000
75318  -29.534  -3.204  -25.066 0.0000000000
82967  -35.487  3.233  -24.521 0.0000000000
85021  -32.457  5.597  -24.561 0.0000000000
85045  -36.279  6.013  -26.281 0.0000000000
86007  -32.336  5.807  -24.303 0.0000000000
90067  -34.117  10.942  -23.873 0.0000000000
91096  -34.330  11.557  -25.824 0.0000000000
93116  -34.919  14.385  -23.904 0.0000000000
94094  -34.739  14.601  -23.873 0.0000000000
94101  -34.821  14.562  -24.112 0.0000000000
96074  -33.936  16.636  -23.106 0.0000000000
97018  -33.632  17.266  -22.775 0.0000000000
99693  -28.794  21.062  -23.881 0.0000000000
99708  -28.216  21.478  -24.734 0.0000000000
99714  -34.107  20.486  -24.039 0.0000000000
99724  -27.979  21.474  -25.189 0.0000000000
99725  -28.489  21.434  -24.943 0.0000000000
99726  -29.180  21.270  -24.544 0.0000000000
99738  -27.953  21.719  -25.429 0.0000000000
99739  -28.521  21.597  -25.242 0.0000000000
99741  -34.056  21.261  -24.378 0.0000000000
100509  -30.829  20.708  -23.980 0.0000000000
100522  -27.628  21.969  -25.174 0.0000000000
100532  -28.223  22.085  -25.579 0.0000000000
100533  -29.067  22.007  -25.402 0.0000000000
100534  -30.055  21.871  -24.693 0.0000000000
101209  -28.051  22.334  -24.722 0.0000000000
101223  -29.185  22.613  -24.928 0.0000000000
101229  -28.773  22.394  -25.354 0.0000000000
126687  -33.966  4.905  -26.450 0.0000000000
126695  -34.107  5.602  -27.426 0.0000000000
126696  -34.155  6.550  -28.161 0.0000000000
126697  -34.168  6.156  -27.735 0.0000000000
126699  -34.400  6.471  -28.086 0.0000000000
126700  -33.796  5.400  -26.182 0.0000000000
126701  -34.158  6.495  -28.013 0.0000000000
126703  -34.438  5.733  -26.712 0.0000000000
126705  -34.753  6.177  -27.798 0.0000000000
126706  -34.788  6.457  -27.851 0.0000000000
126712  -34.516  5.911  -27.611 0.0000000000
126991  -34.788  19.434  -25.861 0.0000000000
127006  -34.975  19.971  -26.206 0.0000000000
127013  -34.848  19.714  -26.038 0.0000000000
