#!ascii label  , from subject 3114 vox2ras=TkReg
1129
45108  19.247  -26.704  40.592 0.0000000000
50671  32.807  -22.911  46.632 0.0000000000
72270  36.250  -5.077  24.816 0.0000000000
60145  28.970  -16.739  31.393 0.0000000000
53087  34.835  -21.092  37.075 0.0000000000
83065  46.148  5.424  15.889 0.0000000000
67901  38.057  -9.403  25.928 0.0000000000
63416  33.756  -12.790  23.772 0.0000000000
44038  14.452  -28.967  40.443 0.0000000000
47300  25.871  -24.343  44.297 0.0000000000
51883  28.234  -21.857  42.926 0.0000000000
47380  21.242  -25.159  38.203 0.0000000000
78724  41.682  1.352  21.306 0.0000000000
48469  23.017  -24.150  45.897 0.0000000000
45015  18.705  -27.625  46.245 0.0000000000
76547  41.534  -1.443  24.366 0.0000000000
43033  13.496  -30.489  45.260 0.0000000000
38952  9.454  -34.405  44.264 0.0000000000
63289  33.109  -11.607  30.119 0.0000000000
57770  32.377  -19.248  34.391 0.0000000000
52064  30.794  -22.739  33.241 0.0000000000
50830  30.626  -21.859  37.144 0.0000000000
64492  38.849  -11.040  27.125 0.0000000000
64533  36.484  -11.324  25.152 0.0000000000
62314  36.721  -12.559  26.365 0.0000000000
68974  40.265  -8.278  28.141 0.0000000000
45146  18.729  -26.873  38.123 0.0000000000
44057  15.939  -29.483  37.607 0.0000000000
45110  17.104  -27.101  40.320 0.0000000000
46165  23.177  -26.110  42.192 0.0000000000
47332  23.322  -24.811  41.510 0.0000000000
46207  20.453  -26.046  39.496 0.0000000000
46247  19.491  -27.127  36.994 0.0000000000
73355  37.017  -3.480  23.074 0.0000000000
73312  39.223  -4.375  26.575 0.0000000000
73352  39.145  -3.016  24.116 0.0000000000
74424  39.195  -1.654  22.736 0.0000000000
43944  18.411  -27.875  48.053 0.0000000000
43987  15.414  -28.743  45.229 0.0000000000
43000  15.546  -29.592  47.494 0.0000000000
38886  11.534  -33.192  49.859 0.0000000000
40004  11.196  -32.913  46.935 0.0000000000
37797  9.193  -34.564  46.816 0.0000000000
36491  7.464  -36.436  46.371 0.0000000000
36446  7.199  -36.228  49.149 0.0000000000
58910  33.433  -18.653  36.614 0.0000000000
55366  34.226  -20.393  35.456 0.0000000000
54273  32.598  -20.785  33.786 0.0000000000
52020  33.330  -22.082  34.562 0.0000000000
53048  25.718  -21.351  39.411 0.0000000000
50778  29.798  -21.777  39.832 0.0000000000
51971  28.104  -21.748  37.105 0.0000000000
50868  28.652  -23.039  35.692 0.0000000000
62225  31.275  -12.920  30.670 0.0000000000
63341  30.138  -12.682  27.042 0.0000000000
61276  28.479  -15.120  28.088 0.0000000000
84132  48.093  6.698  14.093 0.0000000000
82125  46.267  5.432  13.600 0.0000000000
70176  36.989  -7.928  25.811 0.0000000000
67932  36.170  -9.822  23.945 0.0000000000
70144  39.499  -6.617  27.824 0.0000000000
49579  29.436  -23.245  45.668 0.0000000000
49604  30.312  -22.528  44.742 0.0000000000
49612  26.810  -23.309  43.782 0.0000000000
50800  24.759  -22.586  41.037 0.0000000000
50834  22.718  -22.891  37.512 0.0000000000
78699  44.097  1.409  23.230 0.0000000000
79900  43.986  2.776  21.361 0.0000000000
81066  43.311  3.617  18.878 0.0000000000
81086  43.735  4.081  15.822 0.0000000000
46134  21.312  -26.403  42.997 0.0000000000
45049  19.417  -27.097  43.072 0.0000000000
46112  20.829  -25.697  45.929 0.0000000000
47289  24.226  -24.722  44.621 0.0000000000
76578  41.413  -0.176  22.654 0.0000000000
45074  16.729  -27.855  42.998 0.0000000000
43059  13.724  -29.619  42.359 0.0000000000
41058  11.811  -32.328  42.113 0.0000000000
41982  13.362  -31.277  47.705 0.0000000000
41032  11.422  -32.564  44.655 0.0000000000
35196  5.282  -38.080  49.873 0.0000000000
63287  35.997  -11.321  29.078 0.0000000000
61236  30.673  -15.288  33.057 0.0000000000
60084  31.914  -16.021  35.250 0.0000000000
58975  30.801  -17.997  33.280 0.0000000000
55399  31.327  -19.982  32.482 0.0000000000
53160  31.044  -21.138  32.444 0.0000000000
52101  29.077  -23.005  30.455 0.0000000000
50740  31.620  -21.707  42.826 0.0000000000
50795  32.977  -22.368  39.865 0.0000000000
50827  33.378  -22.264  37.888 0.0000000000
50864  31.402  -22.592  35.451 0.0000000000
52067  28.483  -22.128  32.462 0.0000000000
63361  33.185  -11.666  26.557 0.0000000000
63398  31.421  -12.852  24.218 0.0000000000
63332  38.829  -11.057  28.240 0.0000000000
63357  37.575  -12.039  26.581 0.0000000000
62275  37.269  -12.282  27.447 0.0000000000
65580  39.959  -10.286  28.614 0.0000000000
45129  18.952  -26.804  39.487 0.0000000000
45130  17.787  -26.808  39.053 0.0000000000
45109  18.319  -26.691  40.393 0.0000000000
45087  20.771  -26.255  41.550 0.0000000000
46184  21.288  -25.608  40.951 0.0000000000
45127  20.238  -26.059  40.268 0.0000000000
45145  19.624  -26.746  38.898 0.0000000000
72287  36.601  -4.146  24.230 0.0000000000
72268  37.572  -5.213  25.844 0.0000000000
73329  39.247  -3.911  25.109 0.0000000000
72294  38.396  -3.736  24.469 0.0000000000
73353  38.609  -2.970  23.817 0.0000000000
37775  10.126  -34.221  49.490 0.0000000000
38919  10.271  -33.575  47.782 0.0000000000
37787  9.355  -34.550  47.743 0.0000000000
37798  8.618  -35.215  46.310 0.0000000000
36457  7.961  -35.454  47.639 0.0000000000
36458  7.266  -36.185  47.951 0.0000000000
56517  34.399  -19.952  36.452 0.0000000000
54243  34.618  -20.662  36.657 0.0000000000
53116  34.175  -21.279  34.878 0.0000000000
52000  34.384  -21.545  36.002 0.0000000000
50692  33.341  -22.757  45.625 0.0000000000
53063  24.850  -21.199  38.039 0.0000000000
53073  26.672  -20.901  37.685 0.0000000000
53089  25.934  -21.344  36.748 0.0000000000
51991  26.351  -21.273  36.212 0.0000000000
62227  29.476  -14.951  30.748 0.0000000000
62239  29.348  -14.383  29.829 0.0000000000
84125  45.704  5.435  17.461 0.0000000000
84117  47.226  6.042  17.761 0.0000000000
84129  47.271  6.181  15.634 0.0000000000
84128  47.774  6.370  15.118 0.0000000000
82110  45.906  5.290  15.145 0.0000000000
69022  37.699  -8.656  25.845 0.0000000000
69044  36.408  -9.231  25.381 0.0000000000
67914  36.684  -9.697  25.374 0.0000000000
63414  35.795  -12.183  24.697 0.0000000000
64544  34.919  -11.541  23.853 0.0000000000
63435  33.954  -12.351  23.239 0.0000000000
67875  38.719  -9.194  27.353 0.0000000000
70174  38.239  -8.051  26.525 0.0000000000
70158  38.163  -6.741  26.608 0.0000000000
44037  15.119  -28.671  39.497 0.0000000000
43082  13.797  -30.254  39.843 0.0000000000
48475  27.621  -23.608  45.141 0.0000000000
48484  27.705  -23.477  44.652 0.0000000000
48489  26.194  -23.791  44.109 0.0000000000
47360  22.308  -24.837  39.588 0.0000000000
49626  24.298  -23.819  41.580 0.0000000000
49641  23.089  -23.643  40.209 0.0000000000
50818  23.306  -22.227  39.613 0.0000000000
49652  21.956  -23.769  38.772 0.0000000000
47403  20.408  -25.492  36.652 0.0000000000
56580  30.106  -19.842  30.164 0.0000000000
78709  43.117  1.324  22.360 0.0000000000
79901  44.090  2.164  22.253 0.0000000000
79911  43.072  2.135  21.164 0.0000000000
79940  42.593  3.359  18.124 0.0000000000
79953  42.889  3.040  16.849 0.0000000000
81077  43.270  3.712  17.603 0.0000000000
46117  21.946  -25.415  44.686 0.0000000000
46118  21.315  -25.737  45.069 0.0000000000
47291  21.574  -25.267  45.364 0.0000000000
48480  23.851  -24.399  45.205 0.0000000000
46122  23.165  -25.354  43.884 0.0000000000
76568  42.723  0.036  23.951 0.0000000000
76570  41.687  -0.607  23.323 0.0000000000
75541  39.608  -1.266  21.920 0.0000000000
45028  19.225  -27.118  44.234 0.0000000000
45073  17.681  -27.286  42.720 0.0000000000
45030  17.350  -27.933  44.691 0.0000000000
43988  14.800  -29.445  45.318 0.0000000000
44003  14.771  -28.897  44.279 0.0000000000
43046  13.307  -30.355  44.123 0.0000000000
42050  12.909  -31.098  42.257 0.0000000000
42034  12.868  -31.107  43.458 0.0000000000
41979  13.678  -31.383  48.642 0.0000000000
38950  10.582  -33.480  45.576 0.0000000000
40003  11.728  -32.716  46.501 0.0000000000
40025  10.870  -32.977  44.679 0.0000000000
40036  11.107  -32.945  43.270 0.0000000000
62214  32.244  -12.877  32.584 0.0000000000
58932  32.773  -18.535  35.167 0.0000000000
60083  32.787  -16.675  35.666 0.0000000000
58933  32.454  -18.247  34.674 0.0000000000
60109  31.108  -16.740  33.967 0.0000000000
58974  31.625  -18.400  33.633 0.0000000000
57796  31.172  -18.876  32.511 0.0000000000
56556  32.090  -19.779  33.721 0.0000000000
52062  31.799  -21.590  33.680 0.0000000000
53159  31.429  -20.866  33.074 0.0000000000
52082  30.687  -21.515  32.660 0.0000000000
53162  29.665  -22.046  31.759 0.0000000000
52084  29.769  -22.381  32.408 0.0000000000
51872  29.369  -22.073  43.434 0.0000000000
50723  31.810  -22.060  43.797 0.0000000000
51881  29.980  -21.883  42.754 0.0000000000
50798  30.427  -21.714  39.143 0.0000000000
50776  31.422  -21.767  40.625 0.0000000000
50814  31.840  -22.193  38.519 0.0000000000
50813  32.752  -22.313  38.757 0.0000000000
50829  31.461  -22.186  37.380 0.0000000000
50844  31.937  -22.260  36.440 0.0000000000
50845  31.023  -22.193  36.292 0.0000000000
53131  26.859  -21.558  33.138 0.0000000000
52023  29.251  -22.127  34.360 0.0000000000
63311  34.469  -11.575  29.088 0.0000000000
63359  34.883  -12.463  27.527 0.0000000000
63338  33.267  -11.526  27.747 0.0000000000
62303  29.084  -13.555  25.894 0.0000000000
63363  30.673  -12.090  25.920 0.0000000000
85149  48.244  6.835  13.152 0.0000000000
65612  38.429  -10.690  26.471 0.0000000000
65637  37.340  -10.873  25.698 0.0000000000
63391  37.748  -11.775  25.904 0.0000000000
63393  36.388  -12.314  25.270 0.0000000000
62331  35.055  -12.857  25.373 0.0000000000
67854  40.669  -8.916  28.754 0.0000000000
66743  39.641  -9.811  27.582 0.0000000000
45148  16.783  -28.206  37.404 0.0000000000
45131  16.494  -27.786  38.795 0.0000000000
45111  15.705  -27.915  40.470 0.0000000000
47307  24.210  -25.572  42.937 0.0000000000
47317  24.589  -24.897  42.742 0.0000000000
47333  23.252  -25.742  41.318 0.0000000000
47348  21.959  -25.482  39.752 0.0000000000
47362  20.845  -25.612  38.493 0.0000000000
47382  20.340  -26.116  37.130 0.0000000000
46228  20.276  -26.465  38.644 0.0000000000
46230  19.118  -27.326  37.368 0.0000000000
78740  40.489  1.113  19.688 0.0000000000
48457  22.664  -23.960  47.112 0.0000000000
74369  40.118  -3.069  26.711 0.0000000000
75495  40.495  -2.552  24.997 0.0000000000
75505  40.727  -1.923  24.217 0.0000000000
75514  40.433  -1.485  23.577 0.0000000000
74412  39.292  -2.048  23.483 0.0000000000
73367  37.985  -2.592  22.718 0.0000000000
45006  18.976  -27.538  47.156 0.0000000000
43965  17.715  -27.868  45.970 0.0000000000
43953  17.277  -28.274  46.845 0.0000000000
43955  15.982  -29.492  46.538 0.0000000000
43009  15.248  -29.918  46.474 0.0000000000
40983  12.175  -31.868  48.799 0.0000000000
39975  11.652  -33.206  48.344 0.0000000000
38931  10.084  -33.540  46.910 0.0000000000
37806  9.612  -34.121  45.361 0.0000000000
37808  8.379  -35.371  45.352 0.0000000000
57730  33.447  -19.311  36.166 0.0000000000
56534  33.287  -20.146  34.979 0.0000000000
56555  32.509  -20.174  34.076 0.0000000000
54263  33.999  -20.836  34.513 0.0000000000
53129  33.356  -21.415  33.841 0.0000000000
52021  32.719  -22.741  34.178 0.0000000000
53034  27.417  -21.642  41.148 0.0000000000
51913  29.251  -21.311  40.882 0.0000000000
51934  28.250  -20.931  39.428 0.0000000000
51952  28.924  -21.719  38.636 0.0000000000
50817  29.465  -21.553  37.782 0.0000000000
50847  29.354  -21.770  35.694 0.0000000000
51989  28.145  -21.570  36.191 0.0000000000
52026  26.937  -21.379  35.122 0.0000000000
62237  31.134  -12.107  30.024 0.0000000000
63313  32.182  -11.518  28.643 0.0000000000
62256  30.225  -12.413  28.623 0.0000000000
62257  29.456  -13.156  28.327 0.0000000000
84127  48.062  6.655  14.588 0.0000000000
83077  47.367  6.208  13.951 0.0000000000
71216  36.647  -6.224  25.664 0.0000000000
71217  35.714  -6.459  25.213 0.0000000000
70177  35.993  -7.466  25.750 0.0000000000
66797  35.970  -10.142  24.647 0.0000000000
66799  34.947  -10.248  23.619 0.0000000000
71159  41.125  -6.712  29.245 0.0000000000
71164  40.872  -6.045  29.289 0.0000000000
72224  40.520  -5.029  28.514 0.0000000000
72250  38.830  -5.371  27.130 0.0000000000
71214  37.809  -6.052  26.502 0.0000000000
49544  31.065  -23.072  46.679 0.0000000000
49577  31.598  -22.111  45.983 0.0000000000
49594  29.636  -23.238  45.072 0.0000000000
50726  28.250  -22.577  44.084 0.0000000000
50743  27.860  -22.474  43.623 0.0000000000
48513  25.058  -24.371  42.180 0.0000000000
50779  25.810  -23.044  42.311 0.0000000000
51896  26.594  -21.927  41.987 0.0000000000
51936  25.086  -21.900  40.358 0.0000000000
51955  23.896  -21.675  38.668 0.0000000000
51974  23.628  -22.244  37.236 0.0000000000
82069  45.184  4.151  21.466 0.0000000000
79928  42.155  2.320  19.977 0.0000000000
79926  43.517  3.250  19.874 0.0000000000
81029  44.748  4.164  20.376 0.0000000000
81064  44.409  4.433  19.015 0.0000000000
82101  44.369  4.393  17.083 0.0000000000
82112  44.571  4.379  16.059 0.0000000000
81097  44.732  4.423  14.804 0.0000000000
45070  20.529  -27.288  41.855 0.0000000000
45071  19.738  -27.493  42.070 0.0000000000
46135  20.590  -26.613  43.357 0.0000000000
45013  19.809  -26.512  44.789 0.0000000000
45004  19.962  -26.973  45.973 0.0000000000
48458  21.719  -24.769  47.423 0.0000000000
44996  19.928  -27.247  47.100 0.0000000000
44990  20.083  -27.579  48.116 0.0000000000
50654  31.865  -22.766  47.193 0.0000000000
49545  30.132  -23.035  46.556 0.0000000000
49564  28.456  -23.442  46.226 0.0000000000
48476  26.628  -23.763  45.121 0.0000000000
48466  26.376  -23.715  45.613 0.0000000000
47294  25.507  -24.779  44.399 0.0000000000
46131  23.811  -25.528  43.352 0.0000000000
46149  22.269  -26.080  42.439 0.0000000000
78690  44.153  1.008  24.203 0.0000000000
77636  42.501  0.717  22.904 0.0000000000
77637  41.836  0.747  22.417 0.0000000000
76579  40.595  -0.703  22.472 0.0000000000
76593  40.303  -0.078  21.862 0.0000000000
77662  40.380  0.525  20.691 0.0000000000
45091  17.909  -26.905  41.534 0.0000000000
45092  16.686  -27.201  41.764 0.0000000000
45112  14.990  -28.360  41.504 0.0000000000
44001  16.107  -28.345  44.416 0.0000000000
45094  15.095  -28.501  42.561 0.0000000000
44027  14.147  -28.797  41.848 0.0000000000
43071  13.384  -30.475  41.749 0.0000000000
42072  12.444  -31.740  41.609 0.0000000000
43001  14.849  -30.171  47.926 0.0000000000
41993  13.598  -30.490  46.933 0.0000000000
41007  12.569  -31.721  46.490 0.0000000000
41030  12.527  -31.865  44.909 0.0000000000
41045  11.846  -32.360  43.384 0.0000000000
35194  7.025  -37.224  50.135 0.0000000000
63308  36.881  -11.722  28.467 0.0000000000
63268  32.971  -11.906  31.247 0.0000000000
63251  32.250  -12.539  31.980 0.0000000000
62216  30.579  -14.627  32.241 0.0000000000
61237  30.129  -15.467  32.191 0.0000000000
61213  32.103  -15.187  34.287 0.0000000000
60126  30.467  -16.632  32.830 0.0000000000
60127  29.641  -16.653  32.168 0.0000000000
58994  30.434  -18.309  32.353 0.0000000000
56565  30.848  -19.627  31.690 0.0000000000
55415  30.582  -20.142  30.771 0.0000000000
54282  31.984  -20.437  33.667 0.0000000000
54292  31.239  -20.187  32.201 0.0000000000
54294  30.283  -20.587  30.952 0.0000000000
53194  29.688  -21.961  29.375 0.0000000000
53195  29.317  -22.675  29.671 0.0000000000
51968  35.075  -22.067  37.967 0.0000000000
50706  32.162  -22.384  44.720 0.0000000000
50722  32.833  -22.363  43.738 0.0000000000
50738  33.483  -22.322  42.831 0.0000000000
50758  30.626  -21.392  41.743 0.0000000000
50775  32.221  -22.329  40.775 0.0000000000
50773  33.982  -22.231  41.099 0.0000000000
50794  33.850  -22.406  40.108 0.0000000000
50826  34.317  -22.289  38.222 0.0000000000
51969  34.478  -22.230  37.318 0.0000000000
51988  33.682  -22.346  36.535 0.0000000000
50883  32.503  -22.765  34.726 0.0000000000
50884  31.800  -23.135  34.500 0.0000000000
50866  29.808  -22.504  35.328 0.0000000000
50910  29.908  -22.814  34.437 0.0000000000
50927  30.425  -23.039  33.483 0.0000000000
52086  28.313  -22.732  31.334 0.0000000000
62277  35.982  -12.546  27.661 0.0000000000
62302  34.703  -12.664  26.359 0.0000000000
63377  34.031  -12.513  25.844 0.0000000000
63339  32.134  -11.592  27.467 0.0000000000
63378  32.864  -12.061  25.389 0.0000000000
63397  32.393  -12.534  24.348 0.0000000000
82126  45.493  4.662  13.782 0.0000000000
63333  38.022  -11.501  27.813 0.0000000000
64461  37.903  -11.489  28.138 0.0000000000
63331  39.268  -10.671  28.752 0.0000000000
45088  20.348  -26.602  41.488 0.0000000000
45106  20.244  -25.865  41.237 0.0000000000
45107  19.732  -26.260  40.932 0.0000000000
45128  19.716  -26.617  39.936 0.0000000000
72286  37.121  -4.183  24.700 0.0000000000
73344  35.877  -4.313  23.956 0.0000000000
73331  35.634  -4.853  24.429 0.0000000000
72269  37.119  -5.155  25.342 0.0000000000
72285  37.797  -4.278  25.001 0.0000000000
72295  37.849  -3.558  24.270 0.0000000000
37776  9.481  -34.267  48.757 0.0000000000
37777  8.647  -34.804  48.192 0.0000000000
36445  7.800  -35.232  48.695 0.0000000000
54228  34.831  -20.771  37.053 0.0000000000
53100  34.506  -21.200  35.984 0.0000000000
51986  34.562  -21.721  36.790 0.0000000000
50652  33.442  -22.954  46.840 0.0000000000
50683  33.135  -22.804  46.070 0.0000000000
53076  24.382  -21.969  37.067 0.0000000000
53075  25.057  -21.567  37.294 0.0000000000
53090  24.815  -21.524  36.585 0.0000000000
61247  29.498  -15.584  31.414 0.0000000000
84124  46.325  5.725  16.893 0.0000000000
84130  46.715  5.943  15.980 0.0000000000
83074  46.714  5.745  15.503 0.0000000000
69042  37.514  -9.044  25.595 0.0000000000
67902  37.727  -9.645  25.783 0.0000000000
63395  34.543  -12.857  24.698 0.0000000000
63415  34.794  -12.317  24.155 0.0000000000
67900  38.326  -9.449  26.475 0.0000000000
69007  38.433  -8.748  26.968 0.0000000000
69006  38.379  -8.667  26.807 0.0000000000
44048  14.570  -29.675  38.836 0.0000000000
48485  26.526  -23.734  44.644 0.0000000000
48490  25.390  -24.509  43.702 0.0000000000
48538  22.666  -24.309  39.878 0.0000000000
48539  22.043  -24.327  39.258 0.0000000000
48547  21.522  -24.543  38.379 0.0000000000
48562  21.263  -24.474  37.496 0.0000000000
48548  21.115  -25.015  37.694 0.0000000000
55416  30.060  -20.530  29.739 0.0000000000
78723  42.374  1.417  21.811 0.0000000000
78722  42.924  1.536  21.747 0.0000000000
79912  41.989  2.150  20.994 0.0000000000
47290  22.793  -25.009  45.032 0.0000000000
47282  22.144  -24.372  45.824 0.0000000000
76541  41.580  -1.426  25.336 0.0000000000
76546  42.287  -0.991  24.635 0.0000000000
76557  42.599  -0.544  24.197 0.0000000000
76558  42.026  -1.100  23.831 0.0000000000
45014  19.257  -27.212  45.491 0.0000000000
45029  18.224  -27.531  44.911 0.0000000000
43032  14.051  -29.772  44.759 0.0000000000
40979  12.909  -31.767  49.555 0.0000000000
38951  9.904  -33.738  44.852 0.0000000000
40026  10.196  -33.474  44.231 0.0000000000
40037  10.403  -33.507  43.557 0.0000000000
58953  32.489  -18.792  34.702 0.0000000000
58954  32.116  -18.314  34.203 0.0000000000
57782  31.972  -19.068  33.779 0.0000000000
56547  32.304  -19.566  34.085 0.0000000000
52063  31.242  -21.838  33.375 0.0000000000
52083  30.243  -21.856  32.718 0.0000000000
51882  29.046  -22.021  43.013 0.0000000000
51871  29.932  -21.939  43.399 0.0000000000
51893  29.805  -21.676  42.244 0.0000000000
50816  30.199  -21.633  38.028 0.0000000000
50815  30.947  -22.046  38.287 0.0000000000
63312  33.244  -11.371  28.934 0.0000000000
65600  38.743  -10.912  26.789 0.0000000000
65613  37.941  -10.822  25.977 0.0000000000
64503  38.438  -11.171  26.693 0.0000000000
63358  37.287  -12.428  26.381 0.0000000000
63376  37.066  -12.457  25.800 0.0000000000
62329  36.426  -12.441  25.855 0.0000000000
62330  35.755  -12.464  25.624 0.0000000000
67850  41.200  -8.827  29.541 0.0000000000
64491  39.047  -11.001  27.602 0.0000000000
66733  39.672  -9.972  28.014 0.0000000000
65599  39.092  -10.634  26.977 0.0000000000
66752  39.202  -10.130  26.706 0.0000000000
45132  15.721  -28.308  39.330 0.0000000000
46164  23.640  -25.728  42.678 0.0000000000
47318  23.893  -25.289  42.321 0.0000000000
47319  23.417  -25.988  41.791 0.0000000000
46206  20.812  -25.363  40.097 0.0000000000
46205  21.938  -25.677  40.331 0.0000000000
46226  21.376  -25.301  39.652 0.0000000000
46227  20.807  -25.685  39.089 0.0000000000
46245  20.569  -26.029  38.256 0.0000000000
46229  19.708  -27.043  37.934 0.0000000000
45157  18.416  -27.622  37.144 0.0000000000
74370  39.579  -3.867  27.058 0.0000000000
74378  39.594  -3.593  26.193 0.0000000000
73342  39.237  -3.692  24.591 0.0000000000
74392  39.722  -3.292  24.954 0.0000000000
75506  40.142  -2.591  24.382 0.0000000000
74403  39.963  -2.041  23.975 0.0000000000
74404  39.659  -2.876  24.139 0.0000000000
73354  37.830  -3.082  23.379 0.0000000000
73366  38.408  -2.586  23.118 0.0000000000
74414  37.393  -2.917  22.683 0.0000000000
44998  18.866  -27.828  47.516 0.0000000000
43952  18.255  -27.924  47.101 0.0000000000
43946  16.521  -28.431  47.475 0.0000000000
43947  16.032  -28.988  47.112 0.0000000000
38885  11.775  -32.767  50.180 0.0000000000
39968  11.832  -33.127  49.104 0.0000000000
38920  9.710  -34.006  47.328 0.0000000000
38941  9.960  -33.907  45.935 0.0000000000
38932  9.651  -34.123  46.480 0.0000000000
37807  9.209  -34.529  45.739 0.0000000000
36474  7.984  -35.636  46.744 0.0000000000
36490  7.938  -35.877  45.863 0.0000000000
35218  6.534  -37.372  48.059 0.0000000000
55365  34.422  -20.284  36.129 0.0000000000
56518  34.165  -19.836  35.995 0.0000000000
56533  33.770  -20.085  35.379 0.0000000000
57752  33.223  -19.543  35.431 0.0000000000
55376  33.442  -20.529  34.493 0.0000000000
55375  33.931  -20.501  34.915 0.0000000000
52019  33.757  -21.601  34.937 0.0000000000
53117  33.678  -21.594  34.549 0.0000000000
52041  33.217  -21.957  33.623 0.0000000000
53047  26.987  -20.824  39.701 0.0000000000
53046  27.575  -21.202  40.338 0.0000000000
51954  27.500  -21.114  37.869 0.0000000000
51953  28.278  -21.311  38.226 0.0000000000
51970  28.818  -21.582  37.682 0.0000000000
50833  28.554  -21.534  35.899 0.0000000000
52005  26.625  -21.339  35.663 0.0000000000
62238  30.338  -12.677  29.658 0.0000000000
62258  28.940  -14.619  28.735 0.0000000000
62280  28.570  -14.272  27.456 0.0000000000
82119  46.872  5.854  14.178 0.0000000000
83072  47.522  6.209  14.509 0.0000000000
82130  46.993  5.833  13.345 0.0000000000
71215  37.177  -6.414  26.256 0.0000000000
67915  36.185  -9.723  24.647 0.0000000000
69045  35.741  -9.126  25.133 0.0000000000
67916  35.517  -9.556  24.422 0.0000000000
67933  35.415  -9.894  23.816 0.0000000000
65638  36.742  -10.722  25.376 0.0000000000
64542  35.863  -10.985  24.992 0.0000000000
64545  34.121  -11.655  23.273 0.0000000000
65648  35.232  -10.696  24.031 0.0000000000
65649  34.474  -10.918  23.443 0.0000000000
66800  34.100  -10.324  23.003 0.0000000000
68969  41.029  -8.067  28.984 0.0000000000
70120  41.363  -7.246  29.311 0.0000000000
70131  39.817  -6.654  28.258 0.0000000000
70124  40.385  -6.268  28.757 0.0000000000
71171  40.167  -5.847  28.384 0.0000000000
72216  40.776  -5.430  28.985 0.0000000000
72225  39.867  -5.322  27.984 0.0000000000
72237  39.327  -5.766  27.615 0.0000000000
70175  37.795  -7.503  26.426 0.0000000000
71199  38.333  -6.055  26.846 0.0000000000
49562  30.272  -23.141  46.229 0.0000000000
49578  30.617  -23.098  45.768 0.0000000000
49607  27.229  -23.402  44.072 0.0000000000
49606  28.145  -23.075  44.352 0.0000000000
49611  27.697  -23.120  43.961 0.0000000000
50744  26.939  -22.867  43.343 0.0000000000
48501  24.489  -24.784  42.496 0.0000000000
48500  24.939  -24.240  42.885 0.0000000000
48514  24.476  -24.553  41.951 0.0000000000
49640  23.738  -23.293  40.958 0.0000000000
49639  24.671  -23.259  41.503 0.0000000000
50780  25.497  -22.795  41.705 0.0000000000
50761  26.003  -22.418  42.196 0.0000000000
51897  25.958  -22.107  41.788 0.0000000000
51916  25.742  -22.027  41.115 0.0000000000
50819  23.107  -22.630  38.609 0.0000000000
51956  23.547  -22.292  37.951 0.0000000000
46246  20.168  -26.491  37.442 0.0000000000
46262  19.614  -26.643  36.557 0.0000000000
78698  44.952  1.497  23.122 0.0000000000
81019  44.776  3.143  22.018 0.0000000000
81030  44.157  3.708  21.065 0.0000000000
79942  41.624  2.052  18.759 0.0000000000
81048  43.429  3.402  19.567 0.0000000000
81047  43.957  3.634  19.762 0.0000000000
81046  44.519  4.309  19.452 0.0000000000
81065  43.884  4.254  18.440 0.0000000000
81076  43.869  4.031  16.901 0.0000000000
45047  21.079  -27.016  42.241 0.0000000000
45048  20.399  -26.988  42.741 0.0000000000
46119  20.626  -26.286  45.223 0.0000000000
46125  20.735  -26.567  44.062 0.0000000000
46113  20.303  -26.539  46.490 0.0000000000
47279  20.809  -26.549  47.827 0.0000000000
46107  20.357  -26.933  47.513 0.0000000000
49526  30.998  -23.069  46.974 0.0000000000
48464  27.878  -23.667  45.729 0.0000000000
48479  24.841  -24.571  45.299 0.0000000000
48478  25.664  -24.446  45.267 0.0000000000
47287  25.808  -24.669  44.858 0.0000000000
47295  24.751  -24.986  44.157 0.0000000000
47302  24.294  -25.239  43.479 0.0000000000
47303  23.796  -25.365  43.543 0.0000000000
46133  22.206  -25.507  43.153 0.0000000000
46150  21.653  -26.652  42.100 0.0000000000
71218  35.064  -6.625  24.836 0.0000000000
76577  41.958  0.188  23.126 0.0000000000
77628  43.044  0.818  23.693 0.0000000000
77638  41.302  0.389  22.323 0.0000000000
75515  39.873  -1.435  23.349 0.0000000000
75524  40.354  -1.200  23.008 0.0000000000
75525  39.772  -1.322  22.648 0.0000000000
76594  39.423  -0.521  21.549 0.0000000000
76580  40.018  -0.876  22.036 0.0000000000
77651  40.337  0.401  21.500 0.0000000000
76605  39.777  0.274  21.372 0.0000000000
45072  18.761  -27.361  42.351 0.0000000000
45093  15.687  -27.755  42.188 0.0000000000
43966  16.912  -28.417  45.924 0.0000000000
45031  16.852  -28.094  44.807 0.0000000000
43986  16.248  -28.138  45.098 0.0000000000
44014  14.564  -29.113  42.993 0.0000000000
45076  15.278  -28.620  43.494 0.0000000000
43070  13.621  -29.678  41.151 0.0000000000
41072  11.592  -32.819  41.406 0.0000000000
41981  14.257  -30.769  47.941 0.0000000000
41994  13.045  -31.269  46.923 0.0000000000
39989  11.767  -32.727  47.594 0.0000000000
40014  11.580  -32.666  45.488 0.0000000000
41020  12.210  -32.373  45.965 0.0000000000
41019  12.566  -31.797  45.499 0.0000000000
41031  12.041  -32.298  44.763 0.0000000000
42020  12.456  -31.823  44.599 0.0000000000
41046  11.431  -32.574  44.156 0.0000000000
35193  7.050  -37.003  50.083 0.0000000000
35181  5.990  -37.441  50.337 0.0000000000
35195  5.641  -37.360  49.207 0.0000000000
65566  34.925  -10.934  29.931 0.0000000000
63269  32.189  -12.465  31.021 0.0000000000
62215  31.366  -13.600  32.483 0.0000000000
60097  31.624  -15.988  34.598 0.0000000000
58955  31.523  -17.807  33.823 0.0000000000
58976  30.226  -17.534  32.453 0.0000000000
58995  29.668  -17.949  31.649 0.0000000000
56564  31.451  -19.604  32.846 0.0000000000
56579  30.741  -19.904  31.025 0.0000000000
55400  31.050  -20.007  31.579 0.0000000000
55383  32.875  -20.487  34.134 0.0000000000
55391  32.302  -20.313  33.849 0.0000000000
54284  31.258  -20.720  32.581 0.0000000000
54293  30.808  -20.416  31.593 0.0000000000
53177  30.507  -20.756  31.471 0.0000000000
53178  29.997  -21.098  30.734 0.0000000000
53180  29.412  -22.649  30.831 0.0000000000
53179  29.738  -22.003  30.698 0.0000000000
52119  29.199  -22.919  30.115 0.0000000000
52120  28.784  -22.999  29.634 0.0000000000
49593  31.078  -22.447  45.305 0.0000000000
49592  32.108  -22.179  45.534 0.0000000000
50707  31.147  -22.226  44.562 0.0000000000
50739  32.548  -22.252  42.783 0.0000000000
51912  29.919  -21.445  41.496 0.0000000000
50777  30.446  -21.557  40.451 0.0000000000
50796  32.053  -22.354  39.669 0.0000000000
50774  33.136  -22.290  40.913 0.0000000000
50812  33.658  -22.299  39.033 0.0000000000
50842  33.884  -22.349  37.174 0.0000000000
51987  34.108  -22.194  36.540 0.0000000000
50843  33.034  -22.426  36.549 0.0000000000
50863  32.269  -22.577  35.491 0.0000000000
50885  30.882  -23.148  34.737 0.0000000000
50848  28.829  -22.734  36.090 0.0000000000
50867  29.209  -23.107  35.618 0.0000000000
50888  28.987  -23.069  35.221 0.0000000000
52047  28.656  -21.930  33.687 0.0000000000
52046  29.510  -22.435  33.736 0.0000000000
50909  30.296  -22.978  34.081 0.0000000000
52045  29.950  -22.866  33.337 0.0000000000
52066  29.300  -22.739  32.524 0.0000000000
63286  36.692  -11.372  29.019 0.0000000000
62254  36.596  -12.345  28.066 0.0000000000
62255  36.202  -12.313  28.068 0.0000000000
63360  34.217  -12.381  27.043 0.0000000000
63314  31.066  -11.949  28.429 0.0000000000
63340  31.008  -11.902  27.191 0.0000000000
64518  31.111  -12.479  24.787 0.0000000000
63379  31.581  -12.166  25.123 0.0000000000
63418  31.956  -13.088  23.623 0.0000000000
86168  48.648  7.325  13.257 0.0000000000
86176  48.542  7.255  12.621 0.0000000000
86175  49.246  7.782  12.781 0.0000000000
82121  45.274  4.799  14.763 0.0000000000
81102  44.873  4.070  14.274 0.0000000000
64479  38.977  -11.080  27.830 0.0000000000
63373  38.495  -11.336  26.943 0.0000000000
63356  37.987  -11.757  27.013 0.0000000000
62298  37.340  -12.211  26.929 0.0000000000
62299  36.977  -12.547  26.933 0.0000000000
64478  39.335  -10.760  28.241 0.0000000000
45147  17.568  -27.368  37.768 0.0000000000
46166  22.361  -26.481  41.791 0.0000000000
46183  22.190  -26.206  41.084 0.0000000000
45126  20.593  -25.550  40.838 0.0000000000
45144  20.110  -26.464  39.435 0.0000000000
72267  38.444  -4.692  26.149 0.0000000000
73330  39.249  -3.929  25.688 0.0000000000
72283  38.963  -4.244  25.189 0.0000000000
72284  38.534  -4.240  25.035 0.0000000000
73343  38.869  -3.617  24.312 0.0000000000
72296  37.172  -3.623  23.926 0.0000000000
43935  18.385  -28.185  49.028 0.0000000000
43945  17.368  -27.801  47.741 0.0000000000
43936  17.379  -27.904  48.770 0.0000000000
38902  9.871  -34.030  48.089 0.0000000000
37788  8.617  -35.004  47.228 0.0000000000
55358  34.589  -20.149  36.765 0.0000000000
54254  34.465  -20.732  35.709 0.0000000000
54255  34.343  -20.788  35.034 0.0000000000
53115  34.515  -21.011  35.315 0.0000000000
53101  34.316  -21.447  35.610 0.0000000000
52001  34.052  -21.760  35.647 0.0000000000
53062  25.757  -20.931  38.348 0.0000000000
53061  26.728  -20.876  38.609 0.0000000000
53088  26.589  -21.342  37.185 0.0000000000
51990  27.096  -21.513  36.545 0.0000000000
53102  25.511  -21.219  35.765 0.0000000000
62226  30.049  -14.110  31.293 0.0000000000
62240  29.037  -15.025  29.393 0.0000000000
84119  45.671  5.297  18.109 0.0000000000
83056  46.211  5.725  18.582 0.0000000000
84118  46.235  5.674  17.961 0.0000000000
83078  47.228  5.877  15.226 0.0000000000
83073  46.958  5.741  15.025 0.0000000000
82120  46.074  5.398  14.411 0.0000000000
69023  37.345  -8.700  25.718 0.0000000000
64543  35.421  -11.159  24.567 0.0000000000
64535  35.343  -11.776  24.464 0.0000000000
63434  34.525  -12.040  23.556 0.0000000000
68982  39.607  -8.722  27.500 0.0000000000
68993  39.316  -7.735  27.530 0.0000000000
70143  39.267  -7.157  27.577 0.0000000000
71198  38.785  -6.369  27.293 0.0000000000
70157  38.602  -7.336  26.757 0.0000000000
44047  15.626  -28.928  38.536 0.0000000000
42094  13.542  -30.934  39.049 0.0000000000
42095  12.863  -30.998  39.745 0.0000000000
48463  28.520  -23.501  45.580 0.0000000000
48474  28.586  -23.433  45.181 0.0000000000
48488  27.299  -23.439  44.307 0.0000000000
48494  25.735  -23.796  43.582 0.0000000000
47346  22.857  -24.397  41.163 0.0000000000
48529  23.340  -23.986  41.565 0.0000000000
48530  22.745  -23.974  40.854 0.0000000000
49650  23.670  -23.212  39.954 0.0000000000
50801  24.038  -22.355  40.360 0.0000000000
49651  22.809  -23.462  39.349 0.0000000000
49659  22.435  -23.268  38.459 0.0000000000
49660  21.809  -23.727  37.796 0.0000000000
49668  21.258  -23.988  36.749 0.0000000000
48563  20.708  -24.920  36.665 0.0000000000
79941  42.160  2.598  18.544 0.0000000000
79954  42.232  2.593  17.228 0.0000000000
81087  43.322  3.562  16.315 0.0000000000
46124  21.603  -26.007  44.173 0.0000000000
47296  23.707  -25.173  43.997 0.0000000000
47297  23.088  -25.305  44.220 0.0000000000
46123  22.532  -25.290  43.989 0.0000000000
76556  43.057  -0.261  24.261 0.0000000000
76569  42.212  -0.264  23.678 0.0000000000
75526  39.267  -1.541  22.236 0.0000000000
45050  18.496  -27.381  43.504 0.0000000000
45051  17.599  -27.889  43.812 0.0000000000
43045  13.880  -29.604  43.573 0.0000000000
43060  13.391  -30.412  42.905 0.0000000000
42051  12.364  -31.712  42.792 0.0000000000
40015  11.267  -33.216  45.944 0.0000000000
40024  11.425  -32.546  44.923 0.0000000000
62201  32.517  -13.167  33.427 0.0000000000
62202  31.975  -14.276  33.682 0.0000000000
58911  32.989  -18.169  36.090 0.0000000000
60095  32.745  -17.682  35.352 0.0000000000
60096  32.256  -17.298  34.701 0.0000000000
60108  31.708  -17.578  34.233 0.0000000000
57783  31.502  -18.726  33.243 0.0000000000
57795  31.662  -19.229  33.202 0.0000000000
53144  32.631  -21.077  33.666 0.0000000000
54274  32.173  -20.860  33.782 0.0000000000
53145  31.997  -21.226  33.744 0.0000000000
53146  31.507  -21.390  33.416 0.0000000000
53161  30.260  -21.576  31.839 0.0000000000
53163  29.547  -22.572  31.649 0.0000000000
50724  30.469  -21.951  43.922 0.0000000000
50741  30.709  -21.455  42.776 0.0000000000
50799  29.655  -21.798  38.871 0.0000000000
50797  31.257  -21.820  39.431 0.0000000000
50828  32.423  -22.230  37.588 0.0000000000
50865  30.574  -22.478  35.386 0.0000000000
52025  27.434  -21.504  34.600 0.0000000000
52024  28.874  -21.927  34.885 0.0000000000
52048  27.846  -21.841  33.808 0.0000000000
52087  27.040  -22.363  31.277 0.0000000000
63310  35.444  -11.722  28.661 0.0000000000
63336  35.216  -12.117  28.017 0.0000000000
63337  34.291  -11.765  28.010 0.0000000000
63364  29.690  -12.936  25.801 0.0000000000
83081  47.662  6.365  13.466 0.0000000000
85148  48.449  6.959  13.748 0.0000000000
66769  38.229  -10.042  26.307 0.0000000000
66770  37.759  -10.130  25.992 0.0000000000
65625  38.035  -10.430  26.304 0.0000000000
64531  37.539  -11.286  25.798 0.0000000000
63412  36.910  -11.795  25.192 0.0000000000
63375  37.660  -12.251  25.988 0.0000000000
63392  37.267  -12.081  25.390 0.0000000000
63413  36.550  -11.975  24.962 0.0000000000
63394  35.414  -12.552  24.938 0.0000000000
66725  40.325  -9.647  28.461 0.0000000000
66726  40.176  -9.463  27.941 0.0000000000
67855  40.401  -9.096  27.967 0.0000000000
67873  39.463  -9.798  27.315 0.0000000000
67886  38.830  -9.659  26.853 0.0000000000
44046  16.438  -28.841  37.999 0.0000000000
47301  25.286  -24.712  43.868 0.0000000000
47306  24.828  -24.951  43.172 0.0000000000
46204  22.728  -26.018  40.788 0.0000000000
47347  22.595  -25.174  40.351 0.0000000000
47361  21.554  -25.197  39.027 0.0000000000
47381  20.677  -25.631  37.607 0.0000000000
78739  41.051  1.004  20.445 0.0000000000
79913  41.631  1.713  20.467 0.0000000000
79930  41.020  1.527  19.713 0.0000000000
48470  22.068  -24.322  46.503 0.0000000000
74368  40.500  -2.613  26.868 0.0000000000
75473  40.547  -2.596  26.461 0.0000000000
74393  39.644  -3.483  25.582 0.0000000000
74377  40.007  -3.087  25.678 0.0000000000
75482  41.042  -2.216  25.442 0.0000000000
75494  41.100  -1.920  24.823 0.0000000000
76559  41.319  -1.321  23.659 0.0000000000
74411  39.836  -1.672  23.668 0.0000000000
74413  38.756  -2.370  23.230 0.0000000000
74425  38.589  -1.995  22.425 0.0000000000
43984  17.589  -27.776  45.236 0.0000000000
43954  16.496  -28.785  46.636 0.0000000000
43967  16.250  -29.057  45.795 0.0000000000
43968  15.447  -29.566  45.847 0.0000000000
43969  14.964  -29.861  45.762 0.0000000000
43022  14.361  -30.200  45.953 0.0000000000
40980  12.026  -31.991  49.243 0.0000000000
39974  11.959  -32.562  48.687 0.0000000000
39990  11.311  -33.096  47.677 0.0000000000
38930  10.710  -33.176  47.340 0.0000000000
38940  10.653  -33.345  46.456 0.0000000000
37817  9.351  -34.359  44.905 0.0000000000
37819  8.280  -35.665  44.747 0.0000000000
57713  33.817  -19.091  36.921 0.0000000000
57731  33.034  -18.949  35.715 0.0000000000
57769  32.798  -19.439  34.890 0.0000000000
56546  32.680  -20.011  34.426 0.0000000000
54264  33.473  -20.872  34.076 0.0000000000
53128  33.827  -21.109  34.268 0.0000000000
53130  32.913  -21.753  33.513 0.0000000000
52042  32.513  -22.087  33.682 0.0000000000
52043  31.891  -22.897  33.758 0.0000000000
51895  27.781  -21.747  41.973 0.0000000000
51894  29.065  -21.634  42.130 0.0000000000
51914  28.265  -21.431  40.591 0.0000000000
51933  29.037  -21.693  39.722 0.0000000000
51935  27.630  -20.772  38.726 0.0000000000
50831  29.853  -21.578  36.876 0.0000000000
50832  29.014  -21.420  36.597 0.0000000000
50849  28.595  -22.527  35.951 0.0000000000
52004  27.540  -21.420  35.688 0.0000000000
52003  28.569  -21.634  35.694 0.0000000000
63290  32.014  -11.761  29.914 0.0000000000
63291  31.308  -11.855  29.361 0.0000000000
63315  30.326  -12.322  27.943 0.0000000000
62279  29.331  -13.491  26.812 0.0000000000
83071  47.764  6.491  14.215 0.0000000000
83082  47.248  6.015  13.283 0.0000000000
71202  35.409  -6.913  25.265 0.0000000000
70198  36.229  -8.493  25.542 0.0000000000
70199  35.567  -8.208  25.303 0.0000000000
66785  37.167  -10.180  25.531 0.0000000000
66786  36.120  -9.931  25.012 0.0000000000
66798  35.858  -10.065  24.102 0.0000000000
65647  35.701  -10.478  24.637 0.0000000000
70123  40.503  -7.113  28.884 0.0000000000
73293  39.826  -4.434  28.063 0.0000000000
73299  39.468  -4.741  27.431 0.0000000000
72252  37.244  -5.440  25.728 0.0000000000
49543  31.989  -22.632  46.744 0.0000000000
49560  32.219  -22.294  46.393 0.0000000000
49561  31.299  -22.793  46.362 0.0000000000
48483  28.638  -23.365  44.935 0.0000000000
49605  29.356  -22.699  44.565 0.0000000000
50725  29.128  -22.250  44.053 0.0000000000
50742  28.706  -22.215  43.747 0.0000000000
48495  25.397  -24.320  43.536 0.0000000000
49615  26.010  -23.298  43.310 0.0000000000
49625  25.385  -23.928  41.999 0.0000000000
50760  26.501  -22.572  42.724 0.0000000000
50759  27.474  -22.325  42.997 0.0000000000
53028  26.842  -21.752  41.457 0.0000000000
53035  26.736  -21.592  40.791 0.0000000000
53036  26.102  -21.674  40.252 0.0000000000
51937  24.334  -21.550  39.668 0.0000000000
53049  24.875  -21.304  38.855 0.0000000000
51973  24.243  -21.853  37.708 0.0000000000
81031  42.020  2.195  20.443 0.0000000000
79910  43.517  3.178  20.552 0.0000000000
79927  42.941  3.037  19.616 0.0000000000
82068  45.474  4.514  20.628 0.0000000000
82079  45.324  4.552  19.787 0.0000000000
82091  44.937  4.729  19.084 0.0000000000
83048  45.246  4.823  18.408 0.0000000000
82092  44.561  4.506  18.392 0.0000000000
83058  44.988  4.520  17.959 0.0000000000
83057  45.278  4.869  17.610 0.0000000000
83066  45.374  5.043  16.665 0.0000000000
82111  45.391  4.850  15.651 0.0000000000
82122  44.794  4.552  15.250 0.0000000000
45089  19.801  -26.995  41.383 0.0000000000
45027  19.949  -26.618  43.676 0.0000000000
47283  21.347  -24.902  46.323 0.0000000000
48445  21.701  -25.429  48.096 0.0000000000
46106  20.773  -26.102  46.992 0.0000000000
45005  19.426  -27.329  46.684 0.0000000000
44997  19.439  -27.832  47.671 0.0000000000
44991  19.595  -27.855  48.731 0.0000000000
43943  19.047  -28.067  48.495 0.0000000000
50634  33.207  -23.025  47.452 0.0000000000
50672  32.203  -22.859  46.932 0.0000000000
49525  31.618  -22.903  47.011 0.0000000000
49546  29.194  -22.831  46.375 0.0000000000
49563  29.087  -23.138  46.043 0.0000000000
47293  26.027  -24.353  44.661 0.0000000000
48477  26.195  -24.097  45.199 0.0000000000
47286  26.112  -24.316  44.922 0.0000000000
46148  23.038  -25.686  42.781 0.0000000000
46132  23.247  -25.422  43.435 0.0000000000
45069  21.030  -26.810  41.790 0.0000000000
72271  35.275  -5.530  24.563 0.0000000000
78689  44.949  1.375  23.633 0.0000000000
77619  43.531  0.683  24.184 0.0000000000
78700  43.607  1.175  23.893 0.0000000000
78710  42.489  1.041  22.389 0.0000000000
77649  41.639  1.264  21.988 0.0000000000
76571  40.991  -0.916  23.110 0.0000000000
76592  41.022  -0.032  22.153 0.0000000000
77650  41.010  0.761  21.761 0.0000000000
77661  41.103  0.601  20.935 0.0000000000
45090  19.003  -27.064  41.392 0.0000000000
45052  16.716  -28.440  44.101 0.0000000000
45054  15.371  -28.568  44.054 0.0000000000
45053  15.909  -28.560  43.932 0.0000000000
45075  15.984  -28.452  43.202 0.0000000000
43083  13.351  -30.552  40.739 0.0000000000
42071  13.001  -31.174  41.101 0.0000000000
42096  12.421  -31.790  40.394 0.0000000000
43010  14.494  -29.878  47.202 0.0000000000
42006  13.610  -30.471  46.238 0.0000000000
43023  13.596  -30.484  45.892 0.0000000000
40982  12.760  -31.663  48.376 0.0000000000
40992  12.620  -31.704  47.426 0.0000000000
41008  12.211  -32.297  47.000 0.0000000000
42007  13.090  -30.952  46.031 0.0000000000
42019  12.758  -31.226  44.749 0.0000000000
42035  12.359  -31.741  43.963 0.0000000000
40035  11.521  -32.684  42.609 0.0000000000
40045  11.518  -32.681  42.191 0.0000000000
35208  6.776  -36.984  49.480 0.0000000000
35209  6.193  -37.593  48.515 0.0000000000
63307  37.606  -11.486  28.389 0.0000000000
64444  34.713  -11.236  29.684 0.0000000000
63288  33.950  -11.462  30.367 0.0000000000
61214  32.061  -15.023  33.816 0.0000000000
61222  31.599  -15.126  33.702 0.0000000000
57797  30.299  -18.984  31.779 0.0000000000
56566  30.206  -19.509  31.202 0.0000000000
54310  30.368  -20.435  30.531 0.0000000000
55392  31.721  -20.093  33.375 0.0000000000
54283  31.537  -20.510  33.179 0.0000000000
54311  30.229  -20.764  29.833 0.0000000000
53214  29.394  -22.713  28.753 0.0000000000
51985  35.183  -21.543  37.585 0.0000000000
49576  32.566  -22.372  45.836 0.0000000000
49591  32.841  -22.602  45.216 0.0000000000
49590  33.479  -22.602  44.943 0.0000000000
50705  33.198  -22.484  44.520 0.0000000000
50754  34.121  -22.206  42.021 0.0000000000
50757  31.540  -21.684  41.748 0.0000000000
50756  32.389  -22.125  41.803 0.0000000000
50755  33.297  -22.095  41.890 0.0000000000
50811  34.492  -22.349  39.383 0.0000000000
50825  34.894  -22.114  38.853 0.0000000000
52002  33.574  -22.280  35.848 0.0000000000
50862  32.928  -22.420  35.323 0.0000000000
52022  32.345  -23.099  34.236 0.0000000000
52044  31.393  -23.097  33.652 0.0000000000
50846  30.229  -21.927  36.050 0.0000000000
50887  29.474  -22.797  34.840 0.0000000000
50886  30.138  -23.034  34.857 0.0000000000
50908  31.023  -23.192  33.831 0.0000000000
50926  30.621  -23.005  33.335 0.0000000000
52065  30.026  -22.853  32.857 0.0000000000
52085  29.286  -22.904  31.534 0.0000000000
52102  28.446  -22.847  30.309 0.0000000000
62253  37.185  -12.197  28.012 0.0000000000
62276  36.774  -12.591  27.543 0.0000000000
62300  36.329  -12.785  26.971 0.0000000000
62278  35.355  -12.580  27.537 0.0000000000
62301  35.323  -12.780  26.971 0.0000000000
62315  35.974  -12.517  26.328 0.0000000000
62316  35.242  -12.597  26.084 0.0000000000
62332  34.417  -12.973  25.274 0.0000000000
63396  33.600  -12.831  24.680 0.0000000000
63362  31.917  -11.696  26.250 0.0000000000
38942  9.636  -34.198  46.058 0.0000000000
41059  11.517  -32.696  41.940 0.0000000000
43021  15.082  -29.999  45.971 0.0000000000
43985  17.127  -28.040  45.300 0.0000000000
44002  15.604  -28.488  44.534 0.0000000000
45105  20.831  -25.799  41.307 0.0000000000
46147  23.750  -25.686  43.132 0.0000000000
46167  21.473  -26.282  41.542 0.0000000000
46182  22.991  -26.311  41.431 0.0000000000
47278  21.327  -25.839  47.678 0.0000000000
47288  25.184  -24.968  44.814 0.0000000000
47405  19.485  -26.517  36.010 0.0000000000
48499  25.478  -23.747  43.251 0.0000000000
49542  32.647  -22.580  46.425 0.0000000000
49559  32.880  -22.638  45.967 0.0000000000
49595  28.676  -23.203  44.747 0.0000000000
49616  25.420  -23.678  42.932 0.0000000000
49624  25.797  -23.326  42.702 0.0000000000
50653  32.689  -23.144  47.134 0.0000000000
50882  32.888  -22.502  34.679 0.0000000000
50907  31.592  -23.219  33.881 0.0000000000
51915  26.358  -21.895  41.472 0.0000000000
51972  27.219  -21.514  37.319 0.0000000000
53027  27.155  -21.764  41.688 0.0000000000
53074  25.816  -21.109  37.525 0.0000000000
54227  35.143  -20.596  37.292 0.0000000000
54242  34.790  -20.373  37.035 0.0000000000
55357  35.001  -20.068  37.194 0.0000000000
56504  34.032  -19.549  36.514 0.0000000000
57751  33.683  -19.744  35.691 0.0000000000
60085  31.829  -15.624  34.843 0.0000000000
61223  31.945  -14.772  33.711 0.0000000000
61293  28.404  -14.864  27.550 0.0000000000
62192  32.254  -14.714  33.915 0.0000000000
62193  32.159  -14.851  33.787 0.0000000000
62203  32.107  -14.607  33.752 0.0000000000
62274  37.562  -11.860  27.329 0.0000000000
62297  37.460  -11.986  27.000 0.0000000000
62317  34.707  -12.794  25.780 0.0000000000
63309  36.251  -11.819  28.394 0.0000000000
63334  37.589  -11.833  27.866 0.0000000000
63335  35.837  -12.187  28.157 0.0000000000
63355  38.649  -11.254  27.418 0.0000000000
63374  37.873  -11.558  26.493 0.0000000000
63380  31.044  -12.260  25.341 0.0000000000
64462  37.704  -11.681  28.062 0.0000000000
64480  37.851  -11.640  27.936 0.0000000000
64481  37.689  -11.799  28.018 0.0000000000
64493  30.250  -12.508  25.538 0.0000000000
64504  37.966  -11.252  26.359 0.0000000000
64505  31.130  -12.338  25.110 0.0000000000
64506  30.659  -12.462  25.135 0.0000000000
64516  37.674  -11.297  26.028 0.0000000000
64517  37.567  -11.657  25.653 0.0000000000
64519  30.761  -12.895  24.513 0.0000000000
64532  37.179  -11.458  25.418 0.0000000000
64534  35.948  -11.638  24.778 0.0000000000
65550  35.232  -11.045  29.796 0.0000000000
65551  35.178  -10.908  30.115 0.0000000000
65565  35.018  -11.121  29.641 0.0000000000
65589  39.417  -10.458  27.773 0.0000000000
65611  38.934  -10.385  26.589 0.0000000000
65626  37.757  -10.811  26.128 0.0000000000
65639  36.094  -10.513  25.109 0.0000000000
66734  39.843  -9.684  27.896 0.0000000000
66742  39.455  -10.065  27.279 0.0000000000
66753  38.766  -10.059  26.434 0.0000000000
66771  37.547  -9.894  25.729 0.0000000000
66784  37.546  -10.530  25.839 0.0000000000
66787  36.139  -9.760  24.307 0.0000000000
67861  40.023  -9.322  27.616 0.0000000000
67862  39.339  -9.232  27.469 0.0000000000
67863  38.980  -9.153  27.443 0.0000000000
67872  39.468  -10.012  27.078 0.0000000000
67874  38.907  -9.368  27.272 0.0000000000
67885  39.355  -9.951  26.935 0.0000000000
67887  38.374  -9.185  27.032 0.0000000000
67912  37.757  -9.257  25.650 0.0000000000
67913  37.387  -9.555  25.629 0.0000000000
68975  40.214  -8.856  27.640 0.0000000000
68983  39.103  -8.976  27.516 0.0000000000
68984  38.995  -8.996  27.801 0.0000000000
68994  39.053  -8.139  27.149 0.0000000000
68995  38.734  -8.949  27.457 0.0000000000
68996  38.916  -9.131  27.467 0.0000000000
69021  38.113  -8.632  26.277 0.0000000000
69043  36.996  -9.043  25.660 0.0000000000
70132  39.684  -6.499  28.002 0.0000000000
70142  39.426  -7.620  27.776 0.0000000000
70160  35.122  -7.045  24.963 0.0000000000
70197  36.671  -8.716  25.621 0.0000000000
70200  35.307  -7.917  24.930 0.0000000000
71158  41.590  -6.495  29.522 0.0000000000
71165  40.568  -5.706  28.802 0.0000000000
71172  39.741  -6.088  27.985 0.0000000000
71185  39.196  -6.321  27.582 0.0000000000
71186  39.493  -6.290  27.783 0.0000000000
71200  37.142  -5.718  25.913 0.0000000000
71201  37.027  -5.625  25.683 0.0000000000
71203  35.238  -6.907  25.089 0.0000000000
72236  39.142  -5.982  27.555 0.0000000000
72249  38.930  -5.948  27.452 0.0000000000
72251  37.387  -5.480  25.929 0.0000000000
72266  38.996  -4.235  25.472 0.0000000000
73292  40.254  -4.043  28.474 0.0000000000
74366  39.582  -4.114  27.643 0.0000000000
76544  43.426  -0.183  24.440 0.0000000000
76555  43.155  0.016  24.121 0.0000000000
76567  42.959  0.014  24.048 0.0000000000
76576  42.448  0.325  23.495 0.0000000000
77618  43.182  0.292  24.136 0.0000000000
77620  43.529  1.062  24.099 0.0000000000
77627  42.958  0.258  24.024 0.0000000000
77629  43.310  1.019  24.014 0.0000000000
78691  43.740  1.058  24.150 0.0000000000
78725  41.479  1.209  20.705 0.0000000000
78738  41.455  0.794  20.989 0.0000000000
79914  41.293  1.373  20.349 0.0000000000
81032  41.876  2.077  20.599 0.0000000000
81049  42.093  2.248  20.204 0.0000000000
81050  41.906  2.086  20.231 0.0000000000
82080  44.687  4.584  18.323 0.0000000000
82081  44.809  4.526  18.120 0.0000000000
82093  44.666  4.381  18.185 0.0000000000
82102  44.116  4.291  17.880 0.0000000000
82124  46.931  5.862  13.587 0.0000000000
83040  44.885  4.631  18.407 0.0000000000
83041  44.967  4.511  17.973 0.0000000000
83046  46.612  5.876  18.786 0.0000000000
83049  45.028  4.598  18.215 0.0000000000
83055  46.606  5.798  18.294 0.0000000000
83064  46.435  5.572  15.380 0.0000000000
83076  47.706  6.434  13.816 0.0000000000
83079  46.998  5.807  15.303 0.0000000000
84133  47.161  5.958  15.415 0.0000000000
84134  47.017  6.000  15.614 0.0000000000
84136  47.978  6.593  13.597 0.0000000000
