#!ascii label  , from subject 3114 vox2ras=TkReg
493
79306  17.045  0.630  -24.026 0.0000000000
85623  25.216  6.653  -24.258 0.0000000000
95499  23.059  16.184  -21.845 0.0000000000
92800  16.823  12.780  -24.813 0.0000000000
73936  19.786  -4.469  -23.457 0.0000000000
77227  23.308  -1.560  -25.263 0.0000000000
126289  19.755  2.909  -25.625 0.0000000000
87709  18.479  8.328  -25.094 0.0000000000
90847  23.652  11.252  -22.661 0.0000000000
94635  24.410  15.805  -26.441 0.0000000000
99132  23.262  20.732  -22.303 0.0000000000
76170  18.224  -1.832  -23.864 0.0000000000
76166  21.898  -2.698  -23.922 0.0000000000
78231  19.828  -0.358  -24.358 0.0000000000
85648  16.373  6.318  -24.982 0.0000000000
87687  15.639  8.525  -24.527 0.0000000000
94606  19.548  15.111  -23.547 0.0000000000
91859  20.340  12.189  -23.407 0.0000000000
92766  22.767  13.567  -22.270 0.0000000000
92788  25.459  13.817  -24.289 0.0000000000
95524  25.054  15.853  -23.670 0.0000000000
99995  20.351  21.705  -21.322 0.0000000000
99136  19.221  20.327  -22.258 0.0000000000
100967  22.107  22.445  -22.126 0.0000000000
84627  22.042  5.283  -24.188 0.0000000000
81627  23.536  2.327  -24.463 0.0000000000
83636  26.041  4.515  -25.374 0.0000000000
95517  19.141  16.823  -24.153 0.0000000000
87734  26.886  8.480  -26.771 0.0000000000
81608  15.945  2.602  -23.059 0.0000000000
80568  18.329  1.787  -25.621 0.0000000000
83616  17.388  3.743  -24.860 0.0000000000
84630  19.534  5.512  -25.351 0.0000000000
86661  22.121  7.397  -23.619 0.0000000000
89840  17.494  10.434  -25.457 0.0000000000
88716  21.052  9.314  -23.866 0.0000000000
88697  25.752  9.359  -23.298 0.0000000000
90888  26.068  10.772  -25.599 0.0000000000
97308  19.544  18.544  -23.384 0.0000000000
97328  22.573  17.947  -22.401 0.0000000000
101911  24.235  23.689  -23.561 0.0000000000
99157  25.615  20.835  -22.942 0.0000000000
97324  25.899  18.227  -23.943 0.0000000000
96439  25.014  17.519  -25.719 0.0000000000
80510  21.447  1.358  -24.434 0.0000000000
80472  16.180  0.754  -22.677 0.0000000000
78209  16.713  -0.435  -23.325 0.0000000000
78208  17.264  -0.805  -23.685 0.0000000000
77213  19.387  -1.317  -24.094 0.0000000000
78233  18.115  -0.341  -24.473 0.0000000000
126424  20.961  15.731  -22.553 0.0000000000
92767  21.339  14.118  -22.308 0.0000000000
93674  22.663  14.518  -22.154 0.0000000000
93672  24.220  14.806  -22.802 0.0000000000
95498  23.887  15.863  -22.388 0.0000000000
100951  20.861  22.391  -21.398 0.0000000000
100009  20.728  21.436  -21.746 0.0000000000
101887  22.469  23.338  -22.109 0.0000000000
84625  24.649  5.426  -24.479 0.0000000000
84650  25.181  4.928  -24.759 0.0000000000
84649  25.753  5.406  -24.905 0.0000000000
126445  17.143  15.703  -23.903 0.0000000000
96428  17.122  17.275  -23.658 0.0000000000
73937  18.800  -4.265  -23.200 0.0000000000
72931  19.163  -5.359  -23.178 0.0000000000
72929  20.702  -5.487  -23.804 0.0000000000
73953  20.929  -5.014  -24.266 0.0000000000
77228  22.733  -2.127  -25.127 0.0000000000
75079  23.278  -3.430  -25.187 0.0000000000
82633  16.681  3.263  -24.409 0.0000000000
83618  15.983  4.734  -24.121 0.0000000000
86684  17.224  7.431  -25.438 0.0000000000
85646  17.690  6.431  -25.598 0.0000000000
86682  18.814  7.263  -25.451 0.0000000000
85627  20.571  6.248  -24.445 0.0000000000
86663  20.165  7.293  -24.608 0.0000000000
89842  15.782  10.932  -25.311 0.0000000000
90891  17.208  11.384  -25.378 0.0000000000
90849  21.745  11.239  -23.274 0.0000000000
90869  19.896  11.042  -23.420 0.0000000000
89802  22.271  10.404  -23.100 0.0000000000
88714  22.966  9.176  -23.351 0.0000000000
89799  25.011  10.261  -23.570 0.0000000000
89818  26.040  10.336  -24.629 0.0000000000
90845  25.413  11.176  -24.095 0.0000000000
92799  25.235  14.367  -26.005 0.0000000000
92818  25.114  13.189  -26.611 0.0000000000
99134  21.171  20.479  -21.926 0.0000000000
98221  19.755  19.334  -22.498 0.0000000000
98220  20.714  19.465  -22.364 0.0000000000
97306  21.202  18.547  -22.574 0.0000000000
98218  22.722  19.633  -22.153 0.0000000000
98240  25.468  19.348  -23.604 0.0000000000
98253  25.944  19.051  -24.800 0.0000000000
97349  26.347  17.725  -25.102 0.0000000000
80583  18.908  2.491  -26.983 0.0000000000
80540  19.456  1.523  -25.541 0.0000000000
81647  20.252  2.196  -24.919 0.0000000000
81625  25.771  2.286  -24.823 0.0000000000
80508  24.170  1.359  -24.606 0.0000000000
76153  17.029  -2.629  -22.754 0.0000000000
75069  18.954  -2.928  -23.864 0.0000000000
75048  21.233  -3.623  -23.781 0.0000000000
76168  19.887  -2.480  -23.905 0.0000000000
77212  20.375  -1.347  -23.912 0.0000000000
78229  21.813  -0.616  -24.554 0.0000000000
85632  14.855  6.528  -23.353 0.0000000000
86665  15.856  7.646  -24.655 0.0000000000
87711  16.611  8.490  -25.330 0.0000000000
126434  18.254  13.166  -24.061 0.0000000000
126433  18.146  12.034  -24.693 0.0000000000
126426  19.388  13.038  -23.533 0.0000000000
126421  21.082  12.665  -22.603 0.0000000000
91841  23.016  12.353  -22.535 0.0000000000
91839  25.031  12.328  -23.358 0.0000000000
92779  24.631  13.237  -22.818 0.0000000000
93693  25.233  14.653  -24.642 0.0000000000
94623  25.143  15.567  -24.944 0.0000000000
99111  18.807  20.582  -21.264 0.0000000000
100010  19.812  20.973  -21.672 0.0000000000
100008  21.618  21.524  -22.126 0.0000000000
100007  22.534  21.578  -22.499 0.0000000000
83614  21.354  4.170  -24.435 0.0000000000
82630  21.736  3.274  -24.438 0.0000000000
83612  23.746  4.317  -24.440 0.0000000000
82627  25.398  3.253  -24.737 0.0000000000
93705  16.253  13.744  -24.411 0.0000000000
126439  17.261  14.461  -23.881 0.0000000000
95515  19.968  16.537  -23.199 0.0000000000
73951  22.012  -3.946  -24.992 0.0000000000
86680  26.921  7.546  -24.872 0.0000000000
85661  26.746  6.343  -26.214 0.0000000000
80514  16.768  1.269  -24.174 0.0000000000
79305  17.643  0.652  -24.501 0.0000000000
81631  17.372  2.130  -24.533 0.0000000000
81649  18.470  2.621  -25.497 0.0000000000
82652  18.765  3.030  -25.605 0.0000000000
83642  17.061  5.057  -25.243 0.0000000000
84653  18.067  5.332  -25.724 0.0000000000
84651  19.621  4.653  -25.541 0.0000000000
84628  20.876  5.124  -24.253 0.0000000000
85626  21.561  6.292  -24.020 0.0000000000
85624  23.985  6.502  -23.830 0.0000000000
88739  16.050  9.670  -25.544 0.0000000000
88737  17.830  9.411  -25.206 0.0000000000
90871  18.490  11.173  -24.573 0.0000000000
89822  18.832  10.256  -24.446 0.0000000000
87685  18.835  8.803  -24.621 0.0000000000
87682  21.606  8.376  -23.867 0.0000000000
86640  23.676  8.297  -23.336 0.0000000000
86658  25.782  7.659  -24.083 0.0000000000
88710  26.906  9.037  -24.754 0.0000000000
89837  26.122  9.914  -25.790 0.0000000000
91882  25.404  12.408  -25.773 0.0000000000
96401  19.331  17.891  -24.252 0.0000000000
95502  20.365  17.366  -23.819 0.0000000000
95514  22.504  17.226  -22.303 0.0000000000
100978  23.485  22.591  -22.781 0.0000000000
100027  23.841  21.601  -22.633 0.0000000000
100976  25.143  22.446  -23.563 0.0000000000
98242  24.115  20.354  -22.266 0.0000000000
98216  24.254  19.301  -22.505 0.0000000000
97326  23.836  18.277  -22.463 0.0000000000
95512  23.773  16.732  -22.299 0.0000000000
95510  25.678  16.806  -23.735 0.0000000000
95534  25.967  16.627  -24.865 0.0000000000
95536  24.452  16.954  -25.952 0.0000000000
79303  19.325  0.726  -24.969 0.0000000000
79302  20.203  0.456  -24.563 0.0000000000
79300  22.263  0.290  -24.506 0.0000000000
81628  22.221  2.330  -24.449 0.0000000000
79299  23.477  0.278  -24.670 0.0000000000
79283  16.633  0.451  -23.613 0.0000000000
79269  16.194  0.181  -22.791 0.0000000000
78234  17.547  -0.352  -24.194 0.0000000000
94600  22.208  15.414  -22.084 0.0000000000
94599  23.287  15.240  -22.040 0.0000000000
100968  21.377  22.386  -21.765 0.0000000000
84624  25.388  5.917  -24.535 0.0000000000
85644  25.935  6.233  -24.534 0.0000000000
72930  20.229  -5.496  -23.201 0.0000000000
73935  20.678  -4.530  -23.911 0.0000000000
77210  22.435  -1.642  -24.678 0.0000000000
77226  24.454  -1.523  -25.685 0.0000000000
82608  15.755  3.716  -23.616 0.0000000000
83597  15.680  4.774  -23.503 0.0000000000
86683  18.062  7.408  -25.643 0.0000000000
86664  19.426  7.225  -25.085 0.0000000000
87708  19.082  7.803  -25.178 0.0000000000
90892  16.481  11.642  -25.347 0.0000000000
91884  17.063  12.292  -25.071 0.0000000000
90848  22.670  11.359  -23.072 0.0000000000
89801  23.138  10.486  -23.075 0.0000000000
89800  24.034  10.416  -23.296 0.0000000000
90846  24.690  11.218  -23.046 0.0000000000
93718  24.728  14.943  -27.016 0.0000000000
92819  24.855  14.075  -26.454 0.0000000000
99133  22.136  20.593  -22.200 0.0000000000
98219  21.673  19.497  -21.986 0.0000000000
99182  26.023  20.060  -25.178 0.0000000000
98261  25.763  19.113  -26.005 0.0000000000
81694  19.972  3.156  -27.143 0.0000000000
80565  19.645  2.092  -25.935 0.0000000000
81648  20.070  2.749  -25.463 0.0000000000
81646  26.215  2.612  -25.417 0.0000000000
80506  25.812  1.772  -24.937 0.0000000000
77193  17.465  -1.395  -23.515 0.0000000000
76152  17.702  -2.151  -23.382 0.0000000000
75051  18.399  -3.092  -23.423 0.0000000000
76169  18.868  -2.254  -23.894 0.0000000000
75068  19.268  -2.789  -23.914 0.0000000000
77211  21.425  -1.476  -24.078 0.0000000000
78230  20.803  -0.456  -24.256 0.0000000000
87688  15.100  8.492  -23.659 0.0000000000
86666  15.367  7.565  -24.098 0.0000000000
87686  16.072  8.154  -25.006 0.0000000000
87712  15.931  8.822  -25.202 0.0000000000
126419  20.158  13.346  -22.735 0.0000000000
91822  21.990  12.870  -22.306 0.0000000000
92780  23.811  13.248  -22.460 0.0000000000
93684  24.312  13.802  -22.548 0.0000000000
94605  24.540  15.260  -23.040 0.0000000000
94604  25.019  15.011  -23.319 0.0000000000
94612  25.209  15.337  -23.953 0.0000000000
99996  19.653  21.170  -21.282 0.0000000000
83613  22.511  4.275  -24.329 0.0000000000
83637  25.444  4.629  -25.038 0.0000000000
83611  24.848  4.279  -24.764 0.0000000000
82651  25.497  4.015  -25.211 0.0000000000
82650  26.170  3.466  -25.530 0.0000000000
92789  15.343  13.647  -24.144 0.0000000000
126452  16.082  14.359  -24.197 0.0000000000
126417  16.584  14.673  -23.877 0.0000000000
95525  18.061  16.118  -24.123 0.0000000000
95516  19.601  16.796  -23.600 0.0000000000
94601  20.227  16.093  -22.925 0.0000000000
76148  21.272  -2.929  -23.511 0.0000000000
75067  21.743  -3.516  -24.236 0.0000000000
75066  22.279  -3.450  -24.722 0.0000000000
75065  23.423  -3.829  -24.879 0.0000000000
87727  26.717  8.529  -26.022 0.0000000000
81595  15.421  2.143  -22.388 0.0000000000
81607  16.342  1.960  -23.521 0.0000000000
81632  16.599  2.256  -24.172 0.0000000000
82632  17.558  2.942  -24.833 0.0000000000
82653  18.050  3.291  -25.332 0.0000000000
84632  15.548  5.691  -23.826 0.0000000000
84631  16.151  5.592  -24.598 0.0000000000
85645  18.464  6.316  -25.602 0.0000000000
84652  18.976  5.088  -25.685 0.0000000000
84629  20.140  5.144  -25.096 0.0000000000
86662  21.107  7.330  -24.143 0.0000000000
85625  22.702  6.373  -23.659 0.0000000000
89841  16.658  10.620  -25.612 0.0000000000
89823  15.503  10.077  -24.992 0.0000000000
88738  17.026  9.518  -25.589 0.0000000000
126432  18.770  12.052  -24.020 0.0000000000
126425  19.434  11.848  -23.506 0.0000000000
89820  20.444  10.169  -23.599 0.0000000000
89821  19.603  10.192  -24.010 0.0000000000
88718  19.183  9.353  -24.390 0.0000000000
88717  20.024  9.241  -24.045 0.0000000000
87683  20.582  8.314  -24.230 0.0000000000
88713  23.599  9.147  -23.563 0.0000000000
87680  23.345  8.578  -23.400 0.0000000000
87660  23.954  8.721  -23.558 0.0000000000
86639  24.097  8.205  -23.311 0.0000000000
87679  25.648  8.264  -23.578 0.0000000000
87678  26.414  8.359  -23.968 0.0000000000
88712  26.388  8.846  -23.399 0.0000000000
90866  26.415  10.527  -25.170 0.0000000000
89817  26.405  9.700  -24.936 0.0000000000
89838  25.812  10.527  -26.300 0.0000000000
89861  26.220  10.027  -27.009 0.0000000000
89862  25.848  10.813  -26.982 0.0000000000
91858  25.599  12.654  -24.451 0.0000000000
99137  18.169  20.281  -22.423 0.0000000000
98222  18.889  19.427  -22.868 0.0000000000
98243  18.133  19.303  -22.960 0.0000000000
97329  18.634  18.518  -23.503 0.0000000000
96420  17.476  17.867  -23.688 0.0000000000
97305  22.251  18.493  -22.335 0.0000000000
96399  21.030  17.871  -23.585 0.0000000000
96398  21.484  17.715  -22.537 0.0000000000
96418  22.263  17.608  -22.395 0.0000000000
101898  23.931  23.529  -22.785 0.0000000000
100977  24.394  22.585  -22.803 0.0000000000
100975  25.601  21.869  -23.901 0.0000000000
100004  25.517  21.400  -22.860 0.0000000000
100026  24.962  21.739  -22.748 0.0000000000
99159  24.749  20.896  -22.543 0.0000000000
98217  23.778  19.622  -22.284 0.0000000000
98241  24.771  19.677  -22.611 0.0000000000
97325  24.790  18.572  -22.952 0.0000000000
96415  24.359  17.486  -22.660 0.0000000000
96414  25.237  17.468  -23.389 0.0000000000
97350  25.984  18.174  -25.642 0.0000000000
96438  25.904  17.271  -25.331 0.0000000000
95535  25.210  16.516  -25.400 0.0000000000
79331  18.306  1.199  -25.198 0.0000000000
79304  18.541  0.583  -24.809 0.0000000000
79330  18.739  1.249  -25.580 0.0000000000
80511  20.479  1.166  -24.656 0.0000000000
80512  19.813  1.190  -24.895 0.0000000000
79301  21.154  0.367  -24.483 0.0000000000
82629  22.977  3.311  -24.800 0.0000000000
80536  24.956  1.062  -25.298 0.0000000000
80537  24.323  0.556  -24.996 0.0000000000
79328  24.168  -0.087  -25.083 0.0000000000
77215  17.726  -1.229  -24.090 0.0000000000
77214  18.496  -1.247  -24.241 0.0000000000
78232  18.944  -0.316  -24.487 0.0000000000
93673  23.745  14.347  -22.435 0.0000000000
94598  23.961  15.185  -22.665 0.0000000000
95497  24.299  15.629  -22.796 0.0000000000
84626  23.266  5.356  -24.115 0.0000000000
84648  26.621  5.349  -25.544 0.0000000000
126446  17.333  16.454  -23.913 0.0000000000
96427  17.657  16.854  -24.068 0.0000000000
75052  17.381  -3.280  -22.929 0.0000000000
73939  17.026  -4.074  -22.513 0.0000000000
73938  17.807  -4.171  -22.878 0.0000000000
71857  20.776  -6.743  -24.447 0.0000000000
72944  21.052  -5.700  -24.451 0.0000000000
72943  21.969  -5.342  -25.017 0.0000000000
76165  22.511  -2.541  -24.719 0.0000000000
76182  22.899  -2.740  -25.245 0.0000000000
82607  16.297  2.774  -23.737 0.0000000000
82634  16.267  4.077  -24.229 0.0000000000
83617  16.753  4.589  -24.718 0.0000000000
85647  16.927  6.443  -25.365 0.0000000000
85629  19.173  6.298  -25.378 0.0000000000
85628  19.760  6.280  -24.892 0.0000000000
126420  21.254  11.966  -23.383 0.0000000000
90868  20.845  11.150  -23.406 0.0000000000
89819  21.378  10.253  -23.334 0.0000000000
88715  22.083  9.387  -23.457 0.0000000000
88700  22.772  9.817  -23.186 0.0000000000
88699  23.459  9.767  -23.444 0.0000000000
88698  24.358  9.481  -23.582 0.0000000000
88696  26.058  9.685  -23.835 0.0000000000
89798  25.688  9.939  -24.061 0.0000000000
90867  26.194  11.446  -25.083 0.0000000000
92798  25.405  13.772  -25.485 0.0000000000
92836  24.532  13.634  -27.780 0.0000000000
99135  20.193  20.332  -21.989 0.0000000000
97307  20.338  18.427  -22.934 0.0000000000
100044  25.775  21.051  -24.260 0.0000000000
99158  25.917  20.609  -22.944 0.0000000000
99177  25.846  19.997  -24.168 0.0000000000
97323  26.233  17.687  -24.040 0.0000000000
80567  18.789  1.935  -26.065 0.0000000000
80541  19.091  1.614  -25.791 0.0000000000
80566  19.244  2.000  -26.232 0.0000000000
80539  19.932  1.833  -25.113 0.0000000000
80538  20.546  1.775  -24.733 0.0000000000
81626  24.761  2.365  -24.544 0.0000000000
80507  25.288  1.683  -24.835 0.0000000000
80535  25.877  1.686  -25.610 0.0000000000
75050  19.435  -3.388  -23.684 0.0000000000
75049  20.336  -3.714  -23.688 0.0000000000
76150  20.097  -3.178  -23.739 0.0000000000
76149  20.657  -3.052  -23.513 0.0000000000
76167  20.963  -2.310  -23.660 0.0000000000
77209  22.860  -1.323  -24.914 0.0000000000
85631  15.193  6.663  -23.810 0.0000000000
85630  15.795  6.675  -24.491 0.0000000000
86685  16.403  7.307  -25.080 0.0000000000
87710  17.543  8.437  -25.371 0.0000000000
126438  17.197  13.171  -24.554 0.0000000000
91860  17.608  12.475  -24.656 0.0000000000
91842  22.024  12.201  -23.160 0.0000000000
91840  24.213  12.236  -22.636 0.0000000000
92778  25.261  13.483  -23.468 0.0000000000
93683  24.826  14.350  -22.790 0.0000000000
93682  25.322  14.465  -23.653 0.0000000000
93703  25.287  14.912  -25.679 0.0000000000
94634  25.057  15.807  -25.863 0.0000000000
83615  20.417  3.891  -25.094 0.0000000000
82631  20.726  3.201  -24.677 0.0000000000
82628  24.223  3.317  -24.523 0.0000000000
92801  16.521  13.239  -24.588 0.0000000000
126444  16.888  13.698  -24.363 0.0000000000
95500  22.022  16.716  -22.337 0.0000000000
73934  21.102  -4.125  -24.117 0.0000000000
73952  21.533  -4.351  -24.616 0.0000000000
75080  22.741  -3.467  -25.109 0.0000000000
86681  26.166  7.071  -24.573 0.0000000000
85643  26.575  6.433  -25.160 0.0000000000
86695  26.748  7.553  -26.054 0.0000000000
80487  16.371  1.071  -23.072 0.0000000000
80513  17.471  1.378  -24.516 0.0000000000
80542  18.019  1.570  -24.803 0.0000000000
81650  18.157  2.341  -25.088 0.0000000000
81671  18.403  2.238  -25.594 0.0000000000
81670  18.728  2.386  -25.900 0.0000000000
82670  18.984  2.765  -26.093 0.0000000000
83639  19.320  3.357  -25.687 0.0000000000
84654  17.329  5.565  -25.455 0.0000000000
83641  17.566  4.510  -25.373 0.0000000000
83640  18.478  4.079  -25.612 0.0000000000
83638  19.991  4.105  -25.627 0.0000000000
88720  15.215  9.592  -24.215 0.0000000000
88719  15.600  9.329  -24.993 0.0000000000
91883  17.595  11.904  -25.059 0.0000000000
90890  17.878  11.235  -25.115 0.0000000000
90870  19.169  11.085  -23.981 0.0000000000
89839  18.161  10.329  -24.968 0.0000000000
88736  18.452  9.385  -24.671 0.0000000000
87684  19.462  8.286  -24.654 0.0000000000
87681  22.576  8.430  -23.502 0.0000000000
86660  23.381  7.661  -23.351 0.0000000000
86659  24.692  7.672  -23.690 0.0000000000
86657  26.551  7.769  -24.324 0.0000000000
87707  27.089  8.353  -25.213 0.0000000000
88711  26.443  9.360  -24.153 0.0000000000
88735  26.779  9.146  -25.496 0.0000000000
88756  26.563  9.209  -26.430 0.0000000000
90889  25.613  11.352  -26.282 0.0000000000
96419  18.151  17.494  -23.981 0.0000000000
95503  19.820  17.439  -24.160 0.0000000000
96400  20.325  18.032  -24.212 0.0000000000
95501  20.755  16.922  -22.853 0.0000000000
101899  23.060  23.398  -22.554 0.0000000000
100966  22.731  22.508  -22.657 0.0000000000
100028  23.054  21.874  -22.973 0.0000000000
100006  23.144  21.446  -22.609 0.0000000000
101897  24.567  23.161  -23.267 0.0000000000
99160  23.996  20.942  -22.182 0.0000000000
97304  23.271  18.842  -22.290 0.0000000000
97302  24.455  19.095  -22.624 0.0000000000
97303  24.040  18.958  -22.578 0.0000000000
97327  23.011  18.119  -22.374 0.0000000000
96416  23.455  17.546  -22.309 0.0000000000
95513  22.949  17.011  -22.145 0.0000000000
95511  24.817  16.261  -23.047 0.0000000000
95523  25.394  16.188  -24.234 0.0000000000
96426  26.326  17.276  -24.143 0.0000000000
95522  26.096  16.765  -24.239 0.0000000000
95547  24.444  16.352  -25.957 0.0000000000
96445  24.430  17.533  -26.497 0.0000000000
95548  24.095  16.656  -26.731 0.0000000000
94645  24.031  15.782  -27.282 0.0000000000
79329  19.165  1.269  -25.531 0.0000000000
78228  22.854  -0.755  -24.763 0.0000000000
81629  20.861  2.432  -24.643 0.0000000000
80509  22.874  1.280  -24.016 0.0000000000
78254  23.619  -0.570  -25.087 0.0000000000
73964  22.444  -4.154  -25.118 0.0000000000
73965  22.006  -4.653  -25.145 0.0000000000
76151  18.311  -2.326  -23.635 0.0000000000
79282  17.186  0.059  -23.835 0.0000000000
79350  18.492  1.556  -25.822 0.0000000000
79351  18.352  1.374  -25.673 0.0000000000
80582  19.508  2.223  -27.010 0.0000000000
80584  18.729  2.460  -26.491 0.0000000000
80585  18.586  2.884  -26.792 0.0000000000
81630  20.434  2.761  -24.833 0.0000000000
81669  19.937  2.520  -26.496 0.0000000000
81686  20.009  2.758  -27.205 0.0000000000
81687  19.511  2.588  -27.204 0.0000000000
81688  18.735  2.673  -26.356 0.0000000000
81695  19.392  3.117  -27.059 0.0000000000
82682  20.051  2.863  -26.550 0.0000000000
82688  20.206  3.095  -27.000 0.0000000000
82689  19.921  3.166  -26.594 0.0000000000
84655  16.721  5.587  -25.134 0.0000000000
87659  24.771  8.624  -23.454 0.0000000000
87677  26.882  8.410  -24.458 0.0000000000
93704  25.163  14.745  -26.363 0.0000000000
93717  25.057  15.302  -26.342 0.0000000000
94613  24.967  15.554  -23.382 0.0000000000
95509  26.173  16.992  -23.893 0.0000000000
96413  26.012  17.404  -23.789 0.0000000000
96417  22.787  17.578  -22.319 0.0000000000
96437  26.286  17.204  -24.727 0.0000000000
97338  26.338  17.748  -24.471 0.0000000000
97339  26.380  18.250  -24.865 0.0000000000
99129  25.726  21.112  -22.825 0.0000000000
99130  25.395  21.107  -22.718 0.0000000000
99131  24.858  21.439  -22.508 0.0000000000
100003  25.991  21.312  -23.095 0.0000000000
100005  25.138  22.069  -22.481 0.0000000000
100024  25.220  20.980  -23.022 0.0000000000
100025  25.613  21.455  -23.195 0.0000000000
100995  25.166  22.680  -24.181 0.0000000000
126285  18.831  3.252  -26.755 0.0000000000
126286  18.751  3.105  -27.135 0.0000000000
126287  19.813  2.595  -25.951 0.0000000000
126288  19.520  2.857  -25.800 0.0000000000
126290  19.898  3.288  -25.614 0.0000000000
126291  20.144  3.306  -25.423 0.0000000000
126450  16.577  13.910  -24.318 0.0000000000
