#!ascii label  , from subject 3114 vox2ras=TkReg
1831
10753  37.525  -59.410  -29.447 0.2000000030
10738  37.315  -59.344  -28.798 0.2000000030
10770  37.594  -59.370  -29.871 0.2000000030
10754  36.823  -60.154  -29.201 0.2000000030
11875  37.027  -58.912  -32.222 0.1000000015
11819  37.690  -58.667  -28.411 0.3000000119
10787  36.899  -59.428  -30.804 0.1000000015
10771  37.072  -60.064  -30.034 0.2000000030
11857  38.978  -58.417  -30.494 0.1000000015
11858  37.850  -58.667  -30.843 0.1000000015
11873  38.664  -58.116  -31.530 0.1000000015
12988  38.485  -57.269  -32.625 0.1000000015
11901  38.244  -57.979  -32.366 0.1000000015
14113  38.939  -56.087  -33.356 0.1000000015
12989  38.138  -57.622  -33.110 0.1000000015
13010  38.459  -56.895  -33.964 0.1000000015
15245  39.486  -55.331  -33.629 0.2000000030
14127  39.093  -56.228  -34.126 0.1000000015
12959  37.136  -57.458  -30.721 0.1000000015
12973  37.404  -57.247  -31.364 0.1000000015
11845  38.236  -58.649  -29.860 0.2000000030
12972  38.313  -57.470  -31.672 0.1000000015
12940  39.175  -58.163  -30.257 0.1000000015
14100  38.403  -56.578  -32.491 0.1000000015
15246  39.089  -55.212  -33.159 0.1000000015
17819  40.236  -53.153  -32.504 0.2000000030
16510  39.742  -54.373  -33.277 0.2000000030
19205  40.639  -52.588  -32.662 0.1000000015
16509  40.446  -53.999  -33.775 0.2000000030
19185  41.189  -52.036  -32.219 0.2000000030
20498  40.998  -51.882  -33.098 0.1000000015
21730  41.500  -50.793  -32.303 0.1000000015
14101  37.712  -56.435  -31.967 0.1000000015
15233  38.317  -55.486  -32.616 0.1000000015
19167  41.096  -51.903  -31.364 0.2000000030
20463  41.925  -51.417  -31.685 0.2000000030
20462  42.291  -50.860  -31.512 0.2000000030
20482  42.333  -51.023  -32.043 0.2000000030
21711  42.273  -50.466  -31.564 0.1000000015
21712  41.852  -50.136  -31.667 0.2000000030
15234  37.264  -55.203  -31.668 0.1000000015
16488  39.222  -54.068  -32.649 0.2000000030
19187  39.549  -52.749  -31.372 0.2000000030
19186  40.355  -52.601  -31.880 0.3000000119
22915  42.541  -49.439  -31.048 0.3000000119
22916  41.963  -49.097  -31.175 0.2000000030
21688  41.324  -49.820  -31.146 0.2000000030
21690  39.557  -50.516  -30.843 0.2000000030
19168  40.168  -52.284  -30.945 0.3000000119
17820  39.338  -53.402  -32.026 0.2000000030
21661  42.442  -50.221  -29.689 0.3000000119
22889  42.815  -49.463  -30.158 0.3000000119
24089  42.742  -48.720  -29.593 0.3000000119
24113  42.641  -48.694  -30.396 0.3000000119
24114  41.984  -48.396  -30.366 0.2000000030
22891  40.743  -49.582  -30.418 0.2000000030
22892  39.791  -49.872  -30.388 0.2000000030
22853  42.360  -49.482  -27.945 0.4000000060
21662  42.039  -50.830  -29.215 0.3000000119
22865  42.576  -49.476  -29.092 0.3000000119
20443  41.711  -51.413  -30.779 0.2000000030
20425  42.186  -50.939  -30.210 0.2000000030
25262  42.404  -47.980  -29.966 0.3000000119
22867  41.011  -48.943  -29.872 0.2000000030
24090  41.253  -48.184  -29.731 0.2000000030
22868  40.042  -49.184  -29.862 0.2000000030
24056  42.452  -48.730  -27.190 0.3000000119
24072  42.402  -48.759  -28.530 0.3000000119
25241  41.635  -47.420  -29.352 0.2000000030
25243  39.623  -47.753  -29.256 0.2000000030
25242  40.659  -47.407  -29.306 0.2000000030
25244  38.772  -48.072  -29.270 0.1000000015
24091  40.350  -48.375  -29.509 0.2000000030
24093  38.408  -48.859  -29.275 0.2000000030
24092  39.350  -48.625  -29.470 0.2000000030
22869  38.973  -49.531  -29.794 0.2000000030
25197  42.219  -48.320  -27.511 0.3000000119
25214  41.992  -47.360  -28.424 0.3000000119
25213  42.257  -48.170  -28.044 0.3000000119
26379  41.389  -46.925  -27.667 0.2000000030
26380  40.980  -46.046  -27.896 0.2000000030
25240  42.312  -48.044  -29.204 0.3000000119
26429  41.217  -46.669  -29.035 0.1000000015
25215  40.583  -46.794  -29.060 0.1000000015
25217  38.801  -47.347  -28.713 0.1000000015
25216  39.947  -46.958  -28.859 0.1000000015
26401  40.596  -46.292  -28.572 0.1000000015
24073  38.026  -48.241  -28.802 0.1000000015
25187  41.792  -48.118  -26.217 0.3000000119
26365  41.207  -47.396  -26.575 0.2000000030
27537  40.426  -45.624  -25.856 0.2000000030
26366  40.781  -46.358  -26.884 0.1000000015
26402  39.374  -46.232  -28.176 0.1000000015
26403  38.358  -46.849  -27.782 0.1000000015
26350  41.365  -47.662  -25.572 0.2000000030
28795  40.815  -44.450  -25.220 0.1000000015
28808  40.219  -44.517  -26.521 0.1000000015
27555  40.555  -45.336  -27.251 0.1000000015
28827  40.046  -44.748  -27.696 0.1000000015
27574  40.556  -45.374  -28.069 0.1000000015
28828  39.174  -44.841  -27.621 0.1000000015
26381  39.059  -45.748  -27.824 0.1000000015
27599  39.973  -45.331  -28.250 0.1000000015
30169  40.541  -43.827  -25.941 0.1000000015
27576  38.135  -45.599  -27.517 0.1000000015
12957  38.597  -58.340  -30.728 0.1000000015
19204  41.016  -52.272  -33.067 0.1000000015
22672  38.530  -49.716  -15.396 0.5000000000
22651  38.390  -50.140  -14.207 0.5000000000
22652  37.646  -49.563  -14.635 0.5000000000
22673  37.664  -49.287  -15.681 0.5000000000
23898  37.156  -48.686  -15.953 0.5000000000
21417  40.068  -51.044  -12.145 0.2000000030
21438  39.861  -50.783  -12.996 0.2000000030
21418  39.082  -50.985  -12.345 0.3000000119
21439  38.916  -50.837  -13.110 0.3000000119
21462  38.839  -50.516  -13.682 0.5000000000
23866  36.716  -49.450  -13.870 0.5000000000
23885  36.196  -48.697  -14.617 0.5000000000
23884  37.088  -48.849  -14.974 0.5000000000
23915  37.529  -48.193  -16.481 0.5000000000
23916  36.927  -48.090  -16.232 0.5000000000
25073  37.850  -47.742  -16.823 0.5000000000
23945  39.285  -48.248  -18.311 0.5000000000
21403  38.401  -50.822  -11.692 0.3000000119
21419  38.217  -50.823  -12.552 0.3000000119
22630  37.847  -50.250  -13.673 0.5000000000
23899  36.458  -48.323  -15.575 0.5000000000
25074  37.273  -47.488  -16.660 0.5000000000
25091  37.761  -47.371  -17.024 0.5000000000
21552  39.572  -50.989  -20.073 0.4000000060
21538  39.026  -50.240  -19.713 0.5000000000
22739  39.400  -49.413  -19.433 0.5000000000
23946  38.685  -48.034  -18.463 0.5000000000
25105  38.338  -47.515  -18.129 0.5000000000
20331  39.277  -51.651  -20.550 0.4000000060
21402  39.167  -51.051  -11.585 0.3000000119
21404  37.481  -50.582  -11.947 0.4000000060
22609  37.043  -50.096  -12.435 0.4000000060
23856  36.718  -49.521  -13.194 0.5000000000
23857  36.288  -49.398  -12.775 0.5000000000
23867  35.729  -48.922  -13.694 0.5000000000
23868  35.017  -48.338  -13.589 0.5000000000
23886  35.373  -48.310  -14.453 0.5000000000
23900  35.797  -48.176  -15.142 0.5000000000
25075  36.418  -47.566  -16.168 0.5000000000
26242  37.875  -47.185  -17.571 0.6000000238
23958  38.680  -48.534  -18.930 0.5000000000
25121  38.401  -47.950  -18.564 0.5000000000
26243  37.405  -46.903  -17.773 0.5000000000
19051  39.917  -52.317  -22.011 0.4000000060
20343  39.885  -52.376  -21.073 0.4000000060
21553  38.659  -50.978  -20.038 0.5000000000
22562  41.271  -49.797  -7.615 0.1000000015
22573  39.565  -49.997  -7.946 0.1000000015
22574  38.679  -49.872  -7.941 0.1000000015
21358  39.909  -50.913  -8.528 0.1000000015
22575  37.748  -49.913  -7.884 0.1000000015
21359  39.055  -50.594  -8.570 0.1000000015
21360  38.178  -50.713  -8.541 0.1000000015
21361  37.209  -50.520  -8.759 0.1000000015
21384  39.136  -51.092  -10.994 0.2000000030
20143  38.575  -51.393  -9.934 0.1000000015
22619  36.755  -49.759  -12.623 0.5000000000
21387  36.808  -50.467  -11.232 0.4000000060
21405  36.783  -50.305  -11.940 0.4000000060
23841  35.410  -49.551  -12.096 0.4000000060
23858  35.057  -48.732  -12.692 0.5000000000
25017  34.757  -48.287  -13.139 0.5000000000
25028  33.866  -47.777  -13.532 0.5000000000
25044  34.529  -47.856  -14.241 0.5000000000
26214  36.805  -47.095  -16.737 0.5000000000
25122  37.849  -47.873  -18.735 0.5000000000
22740  38.395  -49.487  -19.502 0.5000000000
20344  39.036  -52.081  -21.234 0.4000000060
17690  41.052  -52.871  -23.481 0.5000000000
21338  40.250  -50.344  -6.380 0.1000000015
22553  41.104  -49.643  -6.594 0.1000000015
23774  41.016  -49.129  -6.897 0.1000000015
23792  40.684  -49.083  -7.144 0.1000000015
22563  40.162  -49.410  -7.499 0.1000000015
22564  39.197  -49.136  -7.506 0.1000000015
22565  38.273  -49.015  -7.486 0.1000000015
23775  40.068  -48.978  -6.859 0.1000000015
23793  39.696  -48.800  -7.114 0.1000000015
22566  37.343  -49.095  -7.353 0.1000000015
23816  33.435  -49.379  -9.003 0.2000000030
23810  32.949  -48.628  -8.404 0.2000000030
20142  39.157  -51.445  -9.805 0.1000000015
21369  38.682  -51.180  -9.232 0.1000000015
21362  36.234  -50.366  -8.751 0.1000000015
22584  34.113  -49.847  -9.317 0.2000000030
21370  37.851  -51.136  -9.650 0.2000000030
21371  36.607  -50.634  -9.988 0.1000000015
22582  35.586  -50.157  -10.312 0.2000000030
23822  34.367  -49.420  -10.821 0.2000000030
23817  32.716  -48.743  -9.440 0.2000000030
22581  36.122  -50.304  -10.912 0.2000000030
22591  35.477  -50.066  -11.271 0.3000000119
23842  34.510  -49.303  -11.489 0.3000000119
23859  33.858  -48.673  -12.334 0.4000000060
25018  34.261  -48.217  -12.951 0.5000000000
25108  35.535  -46.845  -18.552 0.5000000000
25107  36.139  -47.003  -18.447 0.5000000000
26244  36.486  -46.580  -17.957 0.5000000000
25123  36.695  -47.864  -18.805 0.5000000000
25106  37.214  -47.183  -18.354 0.5000000000
25059  35.161  -47.488  -15.287 0.5000000000
25060  34.350  -47.377  -14.788 0.5000000000
22741  37.612  -49.788  -19.706 0.5000000000
23959  37.416  -48.863  -19.298 0.5000000000
26232  35.652  -46.360  -17.344 0.5000000000
20332  38.466  -51.463  -20.681 0.5000000000
21539  38.233  -50.286  -19.750 0.5000000000
26231  36.621  -46.742  -17.257 0.6000000238
19067  39.769  -52.671  -22.721 0.4000000060
20085  39.586  -51.172  -6.283 0.1000000015
22532  40.478  -49.545  -6.568 0.1000000015
22533  39.950  -49.445  -6.524 0.1000000015
23755  38.663  -48.559  -6.092 0.1000000015
24936  37.542  -47.711  -5.689 0.1000000015
22554  40.539  -49.276  -6.706 0.1000000015
23776  39.081  -48.618  -6.674 0.1000000015
23795  37.787  -48.367  -7.047 0.1000000015
23796  36.970  -48.155  -7.034 0.1000000015
22567  36.427  -49.131  -7.382 0.1000000015
22569  34.971  -49.172  -7.546 0.1000000015
22577  35.860  -49.802  -8.055 0.1000000015
23808  34.535  -49.045  -7.625 0.2000000030
21363  35.501  -50.218  -8.675 0.1000000015
22579  33.955  -49.691  -8.630 0.2000000030
23824  32.630  -48.544  -10.492 0.3000000119
24987  31.943  -48.129  -9.771 0.2000000030
23843  33.262  -48.492  -11.444 0.3000000119
24991  31.907  -48.007  -10.738 0.2000000030
25019  33.342  -47.828  -12.563 0.4000000060
25001  32.247  -47.664  -11.782 0.3000000119
25030  32.565  -46.878  -13.149 0.4000000060
25020  32.574  -47.187  -12.677 0.4000000060
27427  34.745  -45.405  -18.173 0.5000000000
27412  34.849  -45.253  -17.780 0.5000000000
27411  35.139  -45.581  -17.498 0.5000000000
25029  32.998  -47.244  -13.519 0.5000000000
30013  34.058  -44.192  -17.496 0.5000000000
30014  33.830  -43.563  -17.071 0.5000000000
28648  34.338  -44.646  -16.780 0.5000000000
28647  34.803  -45.258  -17.076 0.5000000000
27394  34.953  -45.740  -16.627 0.6000000238
26185  33.512  -46.520  -14.677 0.5000000000
25045  33.596  -47.264  -14.365 0.5000000000
28649  33.807  -43.948  -16.516 0.5000000000
26200  34.844  -46.656  -15.774 0.5000000000
26215  35.681  -46.839  -16.382 0.5000000000
17699  41.122  -53.811  -23.980 0.4000000060
17700  40.772  -53.353  -24.015 0.4000000060
19066  40.833  -52.608  -22.841 0.4000000060
24923  36.266  -46.939  -5.158 0.1000000015
26091  36.235  -46.470  -5.497 0.1000000015
24935  38.091  -47.913  -5.898 0.1000000015
26099  37.430  -47.397  -6.134 0.1000000015
26100  36.696  -46.985  -6.094 0.1000000015
24950  38.180  -48.002  -6.313 0.1000000015
24952  37.032  -47.615  -6.603 0.1000000015
23778  36.550  -47.858  -6.716 0.1000000015
23779  35.856  -47.907  -6.617 0.1000000015
24967  34.435  -47.926  -6.760 0.1000000015
24968  33.536  -47.781  -6.949 0.2000000030
26112  32.730  -47.088  -7.007 0.2000000030
26113  31.640  -47.005  -7.911 0.2000000030
24977  31.916  -48.091  -8.651 0.2000000030
24978  31.442  -47.618  -9.245 0.2000000030
33679  35.877  -40.082  -12.141 0.2000000030
24988  31.417  -47.430  -10.047 0.2000000030
34810  35.129  -39.482  -12.545 0.2000000030
34811  34.577  -39.696  -12.523 0.2000000030
32498  32.833  -40.872  -12.927 0.2000000030
32481  32.799  -40.807  -12.514 0.2000000030
24992  31.490  -47.307  -10.975 0.2000000030
34827  34.292  -39.326  -13.089 0.2000000030
34828  33.779  -39.643  -13.304 0.2000000030
32508  32.693  -40.942  -13.881 0.2000000030
32509  32.342  -41.743  -14.193 0.2000000030
32499  32.228  -41.488  -13.285 0.3000000119
31259  31.899  -42.226  -13.771 0.2000000030
29937  31.852  -44.204  -13.740 0.4000000060
34859  33.676  -39.590  -15.051 0.2000000030
33701  33.227  -40.341  -14.459 0.3000000119
32525  32.610  -41.399  -15.042 0.3000000119
32526  32.487  -41.972  -14.654 0.4000000060
31280  32.292  -42.496  -14.449 0.3000000119
29954  31.751  -43.218  -13.868 0.4000000060
28599  32.210  -44.651  -13.837 0.5000000000
27346  31.955  -45.786  -13.303 0.4000000060
26171  32.566  -46.507  -13.617 0.5000000000
32548  33.583  -41.287  -17.130 0.5000000000
32549  33.121  -41.444  -16.210 0.4000000060
31295  32.996  -42.474  -15.642 0.4000000060
29975  33.273  -43.555  -15.116 0.4000000060
29952  33.340  -44.564  -14.484 0.5000000000
29953  32.641  -44.203  -14.277 0.5000000000
26187  32.713  -46.228  -14.023 0.5000000000
29994  33.450  -43.386  -16.203 0.5000000000
28632  34.129  -44.815  -15.765 0.5000000000
27395  34.516  -45.216  -16.183 0.5000000000
27382  34.975  -46.254  -16.121 0.5000000000
26201  34.184  -46.752  -15.132 0.5000000000
26081  34.638  -46.133  -4.414 0.1000000015
24924  35.744  -47.211  -4.900 0.1000000015
26080  35.430  -46.275  -4.674 0.1000000015
27262  35.166  -45.291  -4.769 0.1000000015
27274  36.001  -45.913  -5.105 0.1000000015
27275  35.431  -45.559  -5.308 0.1000000015
26092  35.722  -46.091  -5.639 0.1000000015
28527  34.909  -44.726  -5.156 0.1000000015
26102  34.621  -46.532  -6.344 0.1000000015
27286  34.956  -45.824  -5.934 0.1000000015
24954  35.217  -47.362  -6.538 0.1000000015
26103  33.641  -46.833  -6.594 0.2000000030
27287  33.580  -45.867  -6.275 0.2000000030
27293  33.084  -46.478  -6.680 0.2000000030
26123  30.969  -46.780  -9.132 0.2000000030
32479  35.273  -41.014  -11.700 0.1000000015
32480  34.439  -40.511  -11.776 0.2000000030
33681  34.022  -40.056  -12.469 0.2000000030
33682  33.083  -40.524  -12.327 0.2000000030
26142  31.361  -46.674  -11.201 0.2000000030
31238  36.242  -41.684  -11.443 0.1000000015
33658  33.668  -40.567  -11.700 0.1000000015
33659  32.961  -40.710  -11.681 0.1000000015
32483  31.880  -41.733  -12.657 0.1000000015
31260  31.599  -42.584  -13.361 0.2000000030
26147  32.087  -47.025  -12.330 0.3000000119
25002  31.590  -47.097  -11.510 0.2000000030
31240  31.506  -42.488  -12.675 0.1000000015
28600  31.798  -44.833  -13.203 0.3000000119
26160  31.508  -46.050  -12.707 0.2000000030
28619  33.605  -45.013  -15.012 0.5000000000
28607  33.163  -44.950  -14.375 0.5000000000
27354  32.920  -45.534  -14.339 0.5000000000
27366  33.142  -46.019  -14.607 0.5000000000
28620  33.676  -44.346  -15.276 0.5000000000
27365  33.643  -45.935  -15.014 0.5000000000
27383  34.416  -45.769  -15.662 0.5000000000
24926  33.857  -47.181  -4.459 0.1000000015
26082  33.712  -46.048  -4.305 0.1000000015
27264  33.210  -45.047  -4.378 0.1000000015
27263  34.288  -45.151  -4.488 0.1000000015
28508  33.708  -44.344  -4.801 0.1000000015
28506  35.091  -44.796  -4.936 0.1000000015
28528  33.775  -44.353  -5.161 0.1000000015
29813  33.418  -43.869  -5.024 0.1000000015
27276  34.382  -45.135  -5.572 0.1000000015
27277  33.085  -44.979  -5.561 0.2000000030
27294  32.401  -46.185  -7.017 0.2000000030
27295  31.320  -45.620  -7.636 0.2000000030
26114  31.175  -46.282  -8.345 0.2000000030
26133  31.055  -46.628  -10.412 0.2000000030
31214  35.564  -41.693  -11.189 0.1000000015
32451  34.998  -41.470  -11.350 0.1000000015
32453  33.279  -40.990  -11.102 0.1000000015
32454  32.485  -41.209  -11.435 0.1000000015
32455  31.716  -41.776  -11.834 0.1000000015
28576  30.885  -44.663  -10.649 0.1000000015
27322  31.057  -45.794  -11.167 0.2000000030
27306  30.770  -45.697  -9.946 0.2000000030
32428  31.794  -41.813  -10.914 0.1000000015
31216  31.395  -42.740  -11.770 0.1000000015
29938  31.320  -43.736  -12.697 0.2000000030
28601  31.396  -44.846  -12.499 0.2000000030
27334  31.214  -45.589  -12.188 0.2000000030
27246  32.256  -45.144  -4.098 0.1000000015
27245  32.772  -45.422  -4.232 0.1000000015
28461  30.958  -43.734  -2.916 0.1000000015
27265  32.763  -44.491  -4.268 0.1000000015
29777  31.732  -43.200  -3.998 0.1000000015
29776  32.451  -43.393  -4.364 0.1000000015
29795  33.183  -43.659  -4.853 0.1000000015
28529  32.687  -44.064  -5.609 0.1000000015
27278  32.380  -44.646  -5.789 0.1000000015
29825  31.897  -43.352  -5.969 0.1000000015
28536  31.887  -44.211  -6.086 0.1000000015
27289  31.416  -44.954  -7.097 0.2000000030
27300  31.145  -45.627  -8.867 0.2000000030
28547  31.145  -44.696  -8.555 0.2000000030
28557  31.052  -44.677  -9.557 0.1000000015
31160  37.319  -41.857  -10.070 0.1000000015
31161  36.365  -41.795  -10.116 0.1000000015
31187  34.589  -41.870  -10.501 0.1000000015
32426  33.639  -41.533  -10.640 0.1000000015
31188  33.232  -42.086  -10.124 0.1000000015
32427  32.726  -41.591  -10.605 0.1000000015
31190  31.376  -42.671  -10.890 0.1000000015
29915  30.974  -43.634  -11.321 0.1000000015
31036  30.749  -42.492  -2.904 0.1000000015
31059  31.211  -42.294  -3.606 0.1000000015
31085  31.662  -42.314  -4.376 0.1000000015
29796  32.581  -43.055  -4.803 0.1000000015
29826  31.451  -43.497  -6.647 0.1000000015
28537  31.430  -44.355  -6.847 0.2000000030
31135  31.451  -42.607  -7.321 0.1000000015
29834  31.215  -43.600  -7.519 0.1000000015
28541  31.148  -44.525  -7.647 0.2000000030
31144  31.506  -42.890  -8.362 0.1000000015
29842  31.194  -43.801  -8.383 0.2000000030
32405  35.827  -41.426  -9.580 0.1000000015
32406  34.894  -41.532  -9.236 0.1000000015
31163  33.702  -41.712  -9.424 0.1000000015
31164  32.168  -42.524  -9.414 0.1000000015
29858  31.604  -43.260  -9.518 0.1000000015
31165  31.506  -43.286  -8.981 0.1000000015
31162  35.255  -42.043  -9.821 0.1000000015
31189  32.113  -42.528  -10.229 0.1000000015
29885  31.877  -43.046  -9.841 0.1000000015
29886  31.337  -43.551  -10.143 0.1000000015
32318  30.968  -41.223  -3.345 0.1000000015
32341  31.316  -41.448  -4.266 0.1000000015
32361  31.732  -41.201  -5.227 0.1000000015
31110  31.947  -42.217  -5.434 0.1000000015
31126  31.700  -42.227  -6.400 0.1000000015
31134  31.822  -41.899  -7.424 0.1000000015
34758  34.928  -39.179  -8.166 0.1000000015
33632  34.284  -40.129  -8.366 0.1000000015
33633  33.502  -39.988  -7.923 0.1000000015
32395  32.659  -41.090  -8.116 0.1000000015
34757  36.050  -39.507  -8.489 0.1000000015
32393  34.653  -40.937  -8.741 0.1000000015
31143  32.392  -41.810  -8.385 0.1000000015
33630  36.387  -40.412  -8.832 0.1000000015
32392  35.596  -41.028  -8.922 0.1000000015
32394  33.480  -41.001  -8.571 0.1000000015
31142  33.192  -41.557  -8.819 0.1000000015
33612  32.014  -40.103  -5.957 0.1000000015
34731  32.700  -39.177  -6.476 0.1000000015
32379  31.865  -41.071  -6.305 0.1000000015
34748  32.872  -39.513  -6.888 0.1000000015
33627  32.490  -40.012  -7.040 0.1000000015
32389  32.080  -41.133  -7.457 0.1000000015
35959  35.748  -38.585  -8.445 0.1000000015
34759  33.900  -39.432  -8.026 0.1000000015
34760  33.594  -39.576  -7.745 0.1000000015
33626  33.038  -39.936  -7.522 0.1000000015
21440  38.129  -50.558  -13.358 0.4000000060
25058  35.972  -47.747  -15.571 0.5000000000
21420  37.523  -50.426  -12.803 0.4000000060
23840  35.933  -49.905  -12.078 0.4000000060
22572  40.455  -50.250  -7.953 0.1000000015
22576  36.784  -49.904  -7.920 0.1000000015
21386  37.759  -50.744  -10.830 0.2000000030
21317  39.759  -50.206  -6.284 0.1000000015
23794  38.643  -48.417  -6.998 0.1000000015
22593  34.374  -49.756  -9.989 0.3000000119
24969  32.562  -47.951  -7.646 0.2000000030
21372  35.642  -50.334  -9.379 0.2000000030
22592  34.710  -49.798  -10.671 0.2000000030
23823  33.770  -49.291  -10.315 0.3000000119
22612  34.948  -49.798  -11.290 0.3000000119
25000  33.037  -48.095  -11.986 0.3000000119
27426  35.092  -45.551  -17.961 0.5000000000
22534  39.166  -49.436  -6.209 0.1000000015
26089  37.785  -47.494  -5.970 0.1000000015
24964  37.930  -48.070  -6.664 0.1000000015
24966  36.841  -47.977  -7.060 0.1000000015
24951  37.675  -47.700  -6.400 0.1000000015
23797  36.088  -48.484  -6.936 0.1000000015
22568  35.534  -49.165  -7.496 0.1000000015
23799  34.121  -48.466  -7.345 0.1000000015
23800  33.354  -48.434  -7.644 0.2000000030
23844  32.471  -48.228  -11.128 0.3000000119
26159  32.128  -46.553  -12.803 0.4000000060
28664  34.447  -44.709  -17.764 0.5000000000
30025  33.725  -43.748  -18.042 0.5000000000
31311  33.485  -42.419  -16.791 0.5000000000
24937  36.772  -47.414  -5.437 0.1000000015
26079  36.020  -46.346  -4.938 0.1000000015
26090  37.099  -47.231  -5.852 0.1000000015
24953  36.250  -47.269  -6.448 0.1000000015
26101  35.738  -46.425  -6.102 0.1000000015
24955  34.291  -47.289  -6.566 0.1000000015
33680  34.890  -40.090  -12.124 0.2000000030
33695  33.331  -40.120  -13.268 0.2000000030
32482  32.481  -41.086  -12.310 0.1000000015
34844  33.720  -39.521  -13.899 0.2000000030
33714  33.235  -40.507  -15.617 0.5000000000
31296  32.577  -42.235  -14.981 0.4000000060
31279  32.627  -42.832  -15.018 0.5000000000
29976  32.483  -43.265  -14.564 0.5000000000
27355  32.541  -45.759  -13.906 0.5000000000
27347  31.571  -45.422  -12.775 0.3000000119
33737  33.409  -40.570  -16.662 0.5000000000
27261  35.696  -45.806  -4.924 0.1000000015
32452  34.332  -41.214  -11.224 0.1000000015
26068  32.814  -46.041  -4.086 0.1000000015
28509  33.047  -43.900  -4.431 0.1000000015
27288  32.046  -45.206  -6.377 0.2000000030
31185  37.099  -42.326  -10.623 0.1000000015
31186  35.974  -41.824  -10.581 0.1000000015
31215  34.878  -41.635  -11.083 0.1000000015
28591  30.890  -44.697  -11.790 0.2000000030
27247  31.236  -45.496  -3.466 0.1000000015
28484  31.397  -44.243  -3.419 0.1000000015
29755  30.679  -43.221  -2.564 0.1000000015
29754  31.140  -43.117  -3.212 0.1000000015
28483  32.404  -44.009  -3.978 0.1000000015
31035  31.023  -42.593  -3.231 0.1000000015
29797  32.135  -42.836  -4.515 0.1000000015
29814  32.639  -43.357  -5.282 0.1000000015
29859  31.259  -43.873  -9.194 0.2000000030
32319  30.823  -42.038  -3.195 0.1000000015
32340  31.666  -41.708  -4.706 0.1000000015
31084  32.008  -42.215  -4.854 0.1000000015
31127  31.537  -42.897  -6.515 0.1000000015
32391  36.232  -40.939  -9.311 0.1000000015
32407  34.177  -41.245  -9.104 0.1000000015
32362  31.574  -41.304  -4.713 0.1000000015
33593  31.502  -40.883  -4.657 0.1000000015
33631  35.344  -40.249  -8.513 0.1000000015
34745  34.666  -38.810  -7.953 0.1000000015
32388  32.840  -40.504  -7.818 0.1000000015
34747  33.413  -39.307  -7.177 0.1000000015
34730  33.193  -39.020  -6.653 0.1000000015
37266  35.443  -38.077  -8.218 0.1000000015
34746  34.249  -38.889  -7.786 0.1000000015
21435  43.671  -50.914  -13.856 0.1000000015
21457  44.152  -50.464  -14.682 0.1000000015
21436  42.476  -51.137  -13.738 0.1000000015
21459  41.551  -50.704  -14.333 0.1000000015
20212  42.433  -51.462  -12.890 0.1000000015
20213  41.818  -51.515  -12.615 0.1000000015
21434  45.131  -50.739  -13.592 0.2000000030
21416  40.765  -51.356  -12.415 0.1000000015
21456  44.992  -49.838  -14.759 0.2000000030
21479  44.878  -49.240  -15.476 0.2000000030
21458  42.864  -50.453  -14.567 0.1000000015
21460  40.330  -50.613  -13.915 0.1000000015
22667  45.354  -48.966  -15.741 0.2000000030
21481  43.413  -50.288  -15.624 0.2000000030
21482  42.010  -50.313  -15.567 0.2000000030
22649  39.763  -50.505  -14.019 0.3000000119
21483  40.515  -50.510  -15.119 0.3000000119
22670  39.886  -50.424  -14.434 0.3000000119
22668  42.817  -50.298  -16.115 0.2000000030
22704  45.068  -49.429  -17.401 0.2000000030
21502  40.858  -50.375  -16.133 0.2000000030
22705  44.045  -49.501  -17.664 0.2000000030
19002  44.164  -52.904  -18.664 0.1000000015
22703  45.823  -49.479  -16.981 0.2000000030
22687  43.443  -49.973  -16.686 0.2000000030
22686  44.580  -49.402  -16.724 0.2000000030
21484  39.924  -50.326  -15.620 0.3000000119
22671  39.498  -50.074  -15.011 0.4000000060
20304  45.180  -51.203  -18.435 0.1000000015
22719  45.562  -49.751  -17.794 0.1000000015
22688  42.150  -49.766  -16.997 0.2000000030
19001  44.573  -52.247  -18.401 0.1000000015
22690  39.701  -49.865  -16.426 0.4000000060
21520  44.981  -50.617  -18.753 0.2000000030
22720  44.732  -49.798  -18.558 0.2000000030
17639  43.496  -53.316  -19.711 0.1000000015
17661  43.306  -52.891  -20.378 0.2000000030
19021  44.350  -51.981  -19.439 0.1000000015
19032  44.136  -51.774  -19.800 0.1000000015
22689  41.074  -49.852  -16.921 0.2000000030
20311  44.525  -51.318  -18.954 0.1000000015
22708  40.535  -49.153  -17.430 0.4000000060
22691  38.381  -49.283  -16.393 0.4000000060
22735  44.037  -49.841  -19.042 0.3000000119
22721  43.553  -49.636  -18.610 0.3000000119
21532  44.437  -50.516  -19.073 0.2000000030
21533  43.719  -50.464  -19.301 0.4000000060
22709  39.700  -48.909  -17.357 0.4000000060
23914  38.218  -48.343  -16.808 0.4000000060
22706  42.713  -49.371  -17.786 0.3000000119
22736  42.089  -50.127  -19.252 0.4000000060
21522  43.192  -50.084  -19.025 0.3000000119
31237  38.052  -41.748  -11.859 0.1000000015
32478  36.361  -41.096  -11.776 0.1000000015
23913  38.968  -48.812  -17.053 0.4000000060
23929  41.071  -48.566  -17.941 0.4000000060
23931  39.216  -48.252  -17.714 0.5000000000
22723  41.551  -49.351  -18.766 0.4000000060
22722  42.295  -49.690  -18.755 0.3000000119
23928  41.762  -49.115  -18.177 0.4000000060
23943  41.246  -48.905  -18.537 0.4000000060
32477  37.544  -41.304  -11.888 0.1000000015
32476  38.128  -41.606  -12.177 0.1000000015
33678  36.854  -40.495  -12.460 0.1000000015
23932  38.645  -48.158  -17.395 0.4000000060
25089  38.697  -47.809  -17.784 0.5000000000
23930  40.095  -48.486  -17.872 0.5000000000
25090  38.209  -47.595  -17.343 0.5000000000
34809  35.868  -39.361  -12.687 0.1000000015
33692  37.235  -39.934  -13.364 0.1000000015
34826  35.295  -38.918  -13.241 0.1000000015
21414  44.463  -51.425  -12.886 0.1000000015
21437  41.145  -51.236  -13.094 0.1000000015
21415  44.049  -51.321  -13.248 0.1000000015
20189  42.393  -51.785  -12.146 0.1000000015
20191  40.694  -51.445  -11.962 0.1000000015
21433  46.245  -50.453  -13.732 0.1000000015
21503  40.214  -50.409  -15.865 0.3000000119
22707  41.546  -49.316  -17.617 0.3000000119
34825  36.365  -39.163  -13.363 0.1000000015
18846  43.250  -52.119  -11.765 0.1000000015
16331  33.460  -54.667  -20.014 0.1000000015
15094  32.844  -55.170  -20.906 0.1000000015
12818  34.346  -57.295  -20.917 0.1000000015
15095  32.370  -54.870  -20.884 0.1000000015
15092  34.674  -56.026  -20.336 0.1000000015
16332  32.990  -54.148  -20.060 0.1000000015
16350  31.992  -54.545  -20.842 0.1000000015
17678  30.569  -53.973  -21.216 0.1000000015
15112  32.055  -55.214  -21.432 0.1000000015
9490  32.618  -60.224  -16.235 0.1000000015
17601  28.309  -53.884  -17.621 0.1000000015
17649  28.100  -53.609  -19.116 0.1000000015
15078  33.938  -55.212  -19.842 0.1000000015
17648  29.229  -53.131  -19.277 0.1000000015
17647  30.184  -53.055  -19.667 0.1000000015
15077  34.728  -55.548  -19.663 0.1000000015
17679  29.682  -53.735  -21.125 0.1000000015
13945  35.370  -56.591  -20.065 0.1000000015
11635  32.439  -59.408  -15.312 0.1000000015
9489  33.065  -60.031  -16.428 0.1000000015
9507  32.988  -59.930  -16.665 0.1000000015
10493  32.826  -59.363  -13.814 0.1000000015
10509  33.159  -59.489  -14.867 0.1000000015
10521  32.649  -59.951  -15.639 0.1000000015
10520  33.419  -59.626  -15.610 0.1000000015
11651  32.309  -58.795  -16.759 0.1000000015
13884  29.622  -56.142  -16.426 0.1000000015
16292  28.801  -54.589  -16.649 0.1000000015
17644  33.315  -53.902  -19.647 0.1000000015
17645  32.386  -53.716  -19.910 0.1000000015
15066  35.303  -55.128  -19.139 0.1000000015
13931  35.975  -56.328  -19.520 0.1000000015
12816  36.088  -57.682  -20.183 0.1000000015
11634  33.594  -59.076  -15.923 0.1000000015
10475  33.614  -60.247  -13.304 0.1000000015
10492  33.815  -59.863  -14.076 0.1000000015
10519  34.242  -59.511  -14.868 0.1000000015
12739  34.364  -58.703  -14.966 0.1000000015
12750  33.394  -58.660  -16.025 0.1000000015
12741  32.408  -57.547  -15.105 0.1000000015
13882  31.397  -56.792  -15.676 0.1000000015
13898  30.662  -57.097  -16.548 0.1000000015
13873  31.143  -56.221  -15.376 0.1000000015
13883  30.673  -56.440  -16.056 0.1000000015
15036  29.814  -55.450  -15.855 0.1000000015
16291  29.334  -54.542  -16.109 0.1000000015
17600  28.908  -53.481  -17.402 0.1000000015
19008  30.962  -52.531  -18.686 0.1000000015
16317  34.753  -54.640  -19.032 0.1000000015
17624  31.599  -52.773  -19.023 0.1000000015
17646  31.235  -53.141  -19.618 0.1000000015
15076  35.577  -55.709  -19.299 0.1000000015
13932  35.343  -56.103  -19.530 0.1000000015
12721  33.353  -57.502  -14.413 0.1000000015
9466  34.444  -60.344  -13.629 0.1000000015
10508  33.995  -59.742  -14.666 0.1000000015
12720  34.362  -58.209  -14.537 0.1000000015
13871  32.213  -56.891  -14.483 0.1000000015
15022  31.194  -55.903  -14.845 0.1000000015
16260  30.659  -54.622  -14.490 0.1000000015
9481  34.409  -59.987  -14.110 0.1000000015
10507  34.588  -59.761  -14.284 0.1000000015
11614  34.776  -59.204  -14.372 0.1000000015
15023  30.686  -55.471  -15.188 0.1000000015
15024  30.148  -55.136  -15.395 0.1000000015
16276  29.778  -54.488  -15.513 0.1000000015
17581  29.813  -53.069  -16.057 0.1000000015
17582  29.176  -53.545  -16.603 0.1000000015
18958  29.802  -52.415  -16.794 0.1000000015
18959  29.305  -52.992  -17.239 0.1000000015
18986  30.484  -52.300  -17.681 0.1000000015
18987  29.711  -52.735  -17.644 0.1000000015
18984  32.909  -52.334  -18.007 0.1000000015
18985  31.625  -52.165  -17.741 0.1000000015
19009  30.066  -52.734  -18.272 0.1000000015
17621  34.079  -53.785  -19.040 0.1000000015
17622  33.046  -53.147  -19.022 0.1000000015
19006  32.534  -52.741  -18.697 0.1000000015
16316  35.585  -54.550  -18.787 0.1000000015
13930  36.899  -56.677  -19.247 0.1000000015
15075  36.389  -55.826  -19.219 0.1000000015
13929  37.459  -56.381  -18.768 0.1000000015
15074  37.057  -55.935  -18.983 0.1000000015
12706  34.119  -57.669  -13.777 0.1000000015
8537  33.687  -62.177  -12.791 0.1000000015
8536  34.572  -62.534  -13.193 0.1000000015
9465  35.066  -60.722  -13.499 0.1000000015
9464  35.425  -60.611  -13.267 0.1000000015
11600  35.222  -59.291  -13.493 0.1000000015
12705  34.746  -58.564  -13.749 0.1000000015
13855  32.809  -57.061  -14.028 0.1000000015
15011  31.539  -55.861  -14.156 0.1000000015
16259  30.994  -54.939  -13.887 0.1000000015
9451  34.365  -61.245  -13.100 0.1000000015
9479  35.240  -60.353  -13.632 0.1000000015
17556  30.715  -53.986  -13.755 0.1000000015
17557  30.389  -53.643  -14.482 0.1000000015
17572  30.075  -53.453  -15.328 0.1000000015
18914  30.501  -52.661  -14.699 0.1000000015
18932  30.593  -52.332  -15.743 0.1000000015
18956  32.373  -51.664  -16.643 0.1000000015
18931  31.461  -51.487  -15.916 0.1000000015
17598  34.550  -53.268  -18.100 0.1000000015
18982  34.956  -52.799  -17.334 0.1000000015
18983  34.047  -52.576  -17.581 0.1000000015
17597  35.480  -53.361  -17.881 0.1000000015
17620  35.084  -53.892  -18.563 0.1000000015
17596  36.405  -53.412  -17.769 0.1000000015
17619  35.975  -53.986  -18.263 0.1000000015
15065  36.019  -55.129  -19.084 0.1000000015
15063  37.723  -55.614  -18.679 0.1000000015
6721  33.471  -64.324  -12.520 0.1000000015
7621  33.306  -63.320  -12.488 0.1000000015
9440  34.998  -61.646  -12.524 0.1000000015
10474  35.456  -60.414  -12.797 0.1000000015
13839  33.086  -57.010  -13.649 0.1000000015
9450  35.268  -61.197  -13.035 0.1000000015
11583  35.641  -59.922  -12.963 0.1000000015
12694  34.477  -58.312  -12.959 0.1000000015
13825  33.638  -57.430  -13.027 0.1000000015
14995  32.504  -56.479  -13.677 0.1000000015
14996  31.952  -55.999  -13.532 0.1000000015
16244  31.353  -55.369  -13.312 0.1000000015
14976  32.233  -56.272  -12.984 0.1000000015
16226  31.365  -55.102  -12.485 0.1000000015
18913  30.692  -52.930  -13.753 0.1000000015
20238  31.412  -52.085  -14.305 0.1000000015
18930  32.162  -51.280  -15.842 0.1000000015
18955  33.556  -52.101  -16.792 0.1000000015
18981  35.898  -52.860  -17.214 0.1000000015
18953  35.336  -52.411  -16.558 0.1000000015
17618  36.933  -53.894  -18.273 0.1000000015
16315  36.443  -54.553  -18.655 0.1000000015
16314  37.391  -54.542  -18.670 0.1000000015
12678  33.418  -58.218  -11.525 0.1000000015
6720  33.896  -64.240  -12.251 0.1000000015
7620  34.400  -63.436  -12.654 0.1000000015
8529  34.744  -62.430  -12.242 0.1000000015
9441  34.269  -61.268  -11.808 0.1000000015
11584  35.209  -59.547  -12.728 0.1000000015
12677  33.939  -58.293  -12.245 0.1000000015
13812  33.262  -57.229  -12.056 0.1000000015
8535  35.041  -62.510  -12.776 0.1000000015
11585  34.560  -58.827  -12.371 0.1000000015
13811  33.793  -57.826  -12.623 0.1000000015
14959  32.363  -56.030  -12.072 0.1000000015
16206  31.729  -55.019  -11.563 0.1000000015
17514  31.406  -54.167  -12.234 0.1000000015
14977  31.813  -55.732  -12.789 0.1000000015
14960  31.792  -55.475  -12.222 0.1000000015
20217  31.513  -52.456  -12.942 0.1000000015
20237  32.589  -51.584  -14.492 0.1000000015
20261  31.939  -51.510  -15.195 0.1000000015
20258  34.465  -51.831  -15.374 0.1000000015
20260  32.843  -51.539  -15.547 0.1000000015
18954  34.442  -52.330  -16.727 0.1000000015
18929  34.016  -52.210  -16.188 0.1000000015
18952  36.277  -52.601  -16.396 0.1000000015
17595  37.309  -53.386  -17.807 0.1000000015
10442  32.952  -60.043  -10.623 0.1000000015
7594  33.361  -63.406  -11.228 0.1000000015
9424  33.394  -60.966  -11.139 0.1000000015
11544  33.475  -59.593  -11.267 0.1000000015
11567  33.451  -58.762  -11.294 0.1000000015
13799  32.726  -57.492  -10.953 0.1000000015
4795  33.101  -65.191  -12.062 0.1000000015
6708  33.671  -64.133  -11.637 0.1000000015
8530  34.302  -62.246  -11.728 0.1000000015
11566  34.231  -59.286  -11.744 0.1000000015
14943  32.834  -56.143  -10.881 0.1000000015
16205  32.351  -55.518  -11.215 0.1000000015
18854  31.854  -53.187  -11.020 0.1000000015
18873  31.640  -53.017  -11.987 0.1000000015
18872  32.073  -52.489  -12.002 0.1000000015
20216  32.354  -51.664  -13.347 0.1000000015
20215  33.413  -51.627  -13.789 0.1000000015
20214  34.293  -51.736  -14.244 0.1000000015
18927  35.632  -52.357  -15.638 0.1000000015
18928  34.704  -52.012  -15.897 0.1000000015
18951  37.264  -52.704  -16.335 0.1000000015
18979  37.844  -53.083  -17.370 0.1000000015
8516  32.756  -62.055  -10.529 0.1000000015
12646  32.597  -58.026  -10.054 0.1000000015
8515  33.594  -62.150  -11.080 0.1000000015
11545  33.271  -59.144  -11.017 0.1000000015
14931  32.476  -55.752  -9.528 0.1000000015
16180  32.296  -54.853  -10.533 0.1000000015
17464  32.331  -53.747  -10.112 0.1000000015
18829  32.306  -52.975  -10.490 0.1000000015
18853  32.415  -52.439  -11.385 0.1000000015
20177  33.473  -51.762  -11.875 0.1000000015
20194  32.322  -52.023  -12.303 0.1000000015
18870  34.644  -52.164  -12.461 0.1000000015
20193  33.421  -51.669  -12.572 0.1000000015
18891  35.178  -52.190  -13.675 0.1000000015
20192  34.224  -51.763  -13.327 0.1000000015
18911  35.933  -52.481  -14.608 0.1000000015
18912  34.919  -52.082  -14.916 0.1000000015
18910  37.024  -52.574  -14.428 0.1000000015
18950  38.278  -52.720  -16.324 0.1000000015
18977  39.999  -52.688  -17.777 0.1000000015
9425  32.784  -61.327  -10.512 0.1000000015
13785  32.548  -56.944  -9.864 0.1000000015
8498  32.356  -61.980  -9.997 0.1000000015
16158  32.599  -54.486  -9.267 0.1000000015
17463  32.841  -53.161  -9.981 0.1000000015
18828  33.155  -52.581  -10.473 0.1000000015
18852  33.524  -52.109  -11.331 0.1000000015
18851  34.485  -52.249  -11.450 0.1000000015
18890  36.364  -52.551  -13.584 0.1000000015
18925  37.664  -52.716  -15.313 0.1000000015
18948  40.458  -52.384  -16.561 0.1000000015
18975  42.355  -52.754  -17.317 0.1000000015
9413  32.582  -60.833  -9.500 0.1000000015
10427  32.588  -59.461  -8.751 0.1000000015
12639  32.681  -57.736  -9.113 0.1000000015
13775  33.442  -56.708  -8.046 0.1000000015
13776  32.744  -56.696  -8.782 0.1000000015
11528  32.564  -58.704  -9.323 0.1000000015
17438  32.751  -53.636  -9.507 0.1000000015
18827  34.132  -52.328  -10.591 0.1000000015
18850  35.422  -52.609  -11.682 0.1000000015
18869  35.808  -52.576  -12.656 0.1000000015
17507  42.963  -53.910  -12.672 0.1000000015
17532  42.039  -53.735  -13.057 0.1000000015
17533  40.957  -53.903  -13.393 0.1000000015
17535  39.039  -53.503  -13.319 0.1000000015
17555  38.610  -53.232  -13.895 0.1000000015
18868  36.721  -52.977  -12.749 0.1000000015
17551  42.494  -53.133  -13.818 0.1000000015
17552  41.473  -53.153  -13.906 0.1000000015
17534  39.963  -53.670  -13.451 0.1000000015
18889  37.350  -52.918  -13.514 0.1000000015
17531  43.100  -53.482  -13.315 0.1000000015
17550  43.064  -53.093  -13.759 0.1000000015
18907  40.353  -52.729  -14.924 0.1000000015
18908  38.668  -53.082  -14.389 0.1000000015
18909  37.996  -52.960  -14.205 0.1000000015
18886  44.032  -52.734  -13.552 0.1000000015
18903  44.381  -52.149  -14.066 0.1000000015
18905  42.098  -52.573  -14.557 0.1000000015
18924  38.789  -52.778  -15.149 0.1000000015
18921  41.748  -52.254  -15.514 0.1000000015
18923  39.811  -52.531  -15.439 0.1000000015
18944  44.608  -51.836  -15.793 0.1000000015
20257  41.867  -51.941  -15.996 0.1000000015
18974  43.383  -52.665  -17.161 0.1000000015
9395  33.578  -60.101  -7.952 0.1000000015
9405  32.995  -60.446  -8.513 0.1000000015
10426  33.129  -59.414  -8.143 0.1000000015
11517  33.467  -58.531  -7.888 0.1000000015
12638  33.168  -57.629  -8.355 0.1000000015
11527  32.808  -58.555  -8.522 0.1000000015
14922  33.773  -56.036  -7.706 0.1000000015
14923  33.013  -55.501  -8.263 0.1000000015
16122  33.595  -54.775  -7.867 0.1000000015
16140  33.237  -54.361  -8.478 0.1000000015
18806  33.809  -52.665  -9.877 0.1000000015
18805  34.715  -52.505  -9.881 0.1000000015
18825  36.160  -52.551  -10.868 0.1000000015
17513  37.021  -53.360  -12.141 0.1000000015
16243  41.049  -54.226  -12.756 0.1000000015
17510  39.698  -53.777  -12.499 0.1000000015
17536  38.067  -53.255  -13.258 0.1000000015
17537  37.381  -53.199  -12.771 0.1000000015
16242  41.434  -54.114  -12.889 0.1000000015
18901  45.940  -51.678  -13.697 0.1000000015
18902  45.485  -51.909  -13.954 0.1000000015
11516  34.393  -58.605  -7.496 0.1000000015
10415  33.915  -59.440  -7.672 0.1000000015
12629  33.874  -57.640  -7.663 0.1000000015
13760  34.313  -56.767  -7.587 0.1000000015
14910  33.817  -55.370  -7.658 0.1000000015
16121  34.423  -54.863  -7.703 0.1000000015
16139  34.118  -54.287  -8.310 0.1000000015
17436  34.257  -53.065  -9.283 0.1000000015
18804  35.685  -52.461  -9.976 0.1000000015
17487  37.319  -53.065  -11.448 0.1000000015
17461  36.978  -52.689  -10.381 0.1000000015
16224  40.647  -54.327  -12.149 0.1000000015
17486  38.241  -53.343  -11.422 0.1000000015
18849  36.444  -52.973  -11.860 0.1000000015
16221  43.739  -54.100  -12.244 0.1000000015
16223  41.790  -54.499  -12.427 0.1000000015
17512  37.763  -53.352  -12.243 0.1000000015
16220  44.539  -53.927  -12.326 0.1000000015
17506  43.763  -53.592  -12.656 0.1000000015
12628  34.872  -57.689  -7.325 0.1000000015
14909  34.689  -55.805  -7.565 0.1000000015
16120  35.397  -55.013  -7.631 0.1000000015
16138  35.045  -54.321  -8.173 0.1000000015
17413  35.625  -53.714  -8.685 0.1000000015
17435  35.224  -53.070  -9.317 0.1000000015
17460  37.816  -53.163  -10.419 0.1000000015
17485  39.162  -53.560  -11.562 0.1000000015
16222  42.821  -54.293  -12.222 0.1000000015
18865  45.059  -52.907  -12.587 0.1000000015
20209  45.901  -51.367  -13.276 0.1000000015
11515  35.457  -58.694  -7.491 0.1000000015
13758  36.397  -56.715  -7.631 0.1000000015
13759  35.342  -56.761  -7.563 0.1000000015
14908  35.804  -55.867  -7.658 0.1000000015
16119  36.254  -55.149  -7.784 0.1000000015
16137  35.960  -54.426  -8.091 0.1000000015
17412  36.517  -53.776  -8.505 0.1000000015
17434  36.260  -53.104  -9.445 0.1000000015
17459  38.750  -53.457  -10.423 0.1000000015
16225  39.904  -53.947  -11.669 0.1000000015
16204  39.585  -53.757  -10.903 0.1000000015
16200  43.558  -54.207  -11.687 0.1000000015
16202  41.419  -54.408  -11.435 0.1000000015
20210  45.387  -51.419  -12.732 0.1000000015
14921  36.964  -55.876  -7.857 0.1000000015
16118  36.645  -55.264  -8.005 0.1000000015
16136  36.756  -54.730  -8.190 0.1000000015
17411  37.074  -53.885  -8.312 0.1000000015
17433  37.309  -53.441  -9.217 0.1000000015
17432  38.096  -53.517  -9.644 0.1000000015
18845  45.605  -52.418  -11.217 0.1000000015
16199  44.577  -54.234  -11.937 0.1000000015
16203  40.424  -54.148  -11.125 0.1000000015
20186  45.501  -51.724  -11.882 0.1000000015
14920  37.145  -55.449  -8.090 0.1000000015
16134  38.459  -54.338  -8.300 0.1000000015
14919  37.859  -55.364  -7.962 0.1000000015
16155  39.130  -53.691  -9.471 0.1000000015
16135  37.595  -54.232  -8.326 0.1000000015
16154  40.213  -53.799  -9.369 0.1000000015
17431  38.558  -53.569  -9.648 0.1000000015
17482  45.229  -53.426  -11.583 0.1000000015
17483  44.362  -53.789  -11.369 0.1000000015
16201  42.476  -54.455  -11.646 0.1000000015
20187  44.764  -51.549  -12.262 0.1000000015
16175  42.990  -54.130  -11.136 0.1000000015
16153  41.046  -53.829  -9.310 0.1000000015
16156  38.260  -53.875  -9.093 0.1000000015
16177  41.055  -54.298  -10.239 0.1000000015
17456  43.045  -53.814  -10.310 0.1000000015
16178  40.017  -53.621  -10.262 0.1000000015
16176  42.158  -54.228  -10.829 0.1000000015
15051  28.221  -55.609  -17.354 0.1000000015
17583  28.614  -53.976  -17.058 0.1000000015
18988  29.311  -53.198  -17.719 0.1000000015
17625  28.834  -53.365  -18.244 0.1000000015
15093  33.851  -55.613  -20.672 0.1000000015
17664  31.429  -53.900  -20.689 0.1000000015
16365  31.410  -54.533  -21.280 0.1000000015
17665  30.447  -53.515  -20.446 0.1000000015
17626  27.880  -53.940  -18.288 0.1000000015
16304  28.308  -54.670  -17.282 0.1000000015
17666  29.526  -53.413  -20.236 0.1000000015
12751  32.895  -58.227  -16.131 0.1000000015
15035  30.352  -55.620  -15.640 0.1000000015
15037  29.198  -55.385  -16.389 0.1000000015
17623  32.138  -53.033  -19.126 0.1000000015
11633  34.151  -59.101  -15.282 0.1000000015
12740  33.641  -58.384  -15.350 0.1000000015
12742  31.757  -57.174  -15.503 0.1000000015
12752  31.720  -57.569  -16.313 0.1000000015
12722  32.632  -57.124  -14.338 0.1000000015
13872  31.668  -56.635  -14.907 0.1000000015
16275  30.284  -54.470  -15.055 0.1000000015
17573  29.554  -53.794  -15.867 0.1000000015
19007  31.972  -52.606  -18.536 0.1000000015
19024  30.082  -52.754  -18.981 0.1000000015
17599  33.744  -52.987  -18.369 0.1000000015
15010  32.268  -56.232  -13.978 0.1000000015
15012  30.962  -55.375  -14.501 0.1000000015
10491  35.462  -60.178  -13.482 0.1000000015
18957  30.991  -51.872  -16.779 0.1000000015
17538  30.823  -54.556  -13.003 0.1000000015
20239  30.767  -52.094  -14.930 0.1000000015
10458  34.839  -60.403  -12.423 0.1000000015
13826  32.917  -56.737  -12.895 0.1000000015
18892  30.945  -53.461  -12.871 0.1000000015
20283  33.297  -51.744  -16.182 0.1000000015
18980  36.841  -53.021  -17.135 0.1000000015
17594  37.745  -53.340  -17.860 0.1000000015
12659  32.912  -58.440  -10.891 0.1000000015
7613  34.255  -63.138  -11.998 0.1000000015
10459  34.274  -60.242  -11.869 0.1000000015
11565  34.784  -59.708  -12.328 0.1000000015
17489  31.799  -53.944  -11.465 0.1000000015
20236  33.567  -51.582  -14.787 0.1000000015
10441  33.695  -60.186  -11.477 0.1000000015
17465  32.023  -53.916  -10.779 0.1000000015
18926  36.631  -52.583  -15.447 0.1000000015
18978  38.793  -52.769  -17.356 0.1000000015
11536  32.815  -58.970  -10.204 0.1000000015
10435  32.543  -59.658  -9.526 0.1000000015
18871  33.951  -51.868  -11.902 0.1000000015
18949  39.327  -52.513  -16.448 0.1000000015
18976  41.251  -52.796  -17.363 0.1000000015
9406  32.454  -60.098  -8.988 0.1000000015
18947  41.627  -52.190  -16.464 0.1000000015
18922  40.824  -52.426  -15.605 0.1000000015
18946  42.627  -52.132  -16.499 0.1000000015
17415  33.752  -53.680  -8.812 0.1000000015
18826  35.105  -52.471  -10.757 0.1000000015
17553  40.395  -53.217  -14.203 0.1000000015
17554  39.311  -53.234  -14.277 0.1000000015
18888  37.810  -53.048  -13.659 0.1000000015
17505  44.553  -53.238  -12.633 0.1000000015
18904  43.243  -52.586  -14.224 0.1000000015
17571  39.398  -52.876  -14.891 0.1000000015
18906  41.113  -52.686  -14.756 0.1000000015
18885  44.916  -52.526  -13.165 0.1000000015
18920  42.724  -52.143  -15.473 0.1000000015
18973  44.398  -52.170  -17.211 0.1000000015
18945  43.609  -52.183  -16.221 0.1000000015
18848  36.867  -53.035  -11.634 0.1000000015
17509  40.457  -54.031  -12.869 0.1000000015
17511  38.674  -53.412  -12.388 0.1000000015
18884  45.558  -51.902  -13.257 0.1000000015
17414  34.681  -53.691  -8.763 0.1000000015
17504  45.170  -53.398  -12.303 0.1000000015
18864  45.432  -52.416  -12.344 0.1000000015
16179  39.373  -53.513  -10.285 0.1000000015
16157  37.824  -53.773  -9.069 0.1000000015
23944  40.436  -48.571  -18.452 0.4000000060
21535  41.896  -50.545  -19.496 0.3000000119
22737  41.406  -49.709  -19.178 0.3000000119
23956  40.812  -48.977  -19.013 0.3000000119
23957  39.880  -48.733  -19.036 0.4000000060
22738  40.403  -49.560  -19.376 0.3000000119
12871  36.003  -57.285  -23.602 0.1000000015
13998  36.590  -56.446  -23.817 0.1000000015
15147  37.811  -55.593  -23.926 0.2000000030
16390  40.773  -54.440  -24.390 0.3000000119
23967  36.764  -49.286  -19.723 0.4000000060
21534  42.780  -50.577  -19.586 0.3000000119
19082  40.562  -52.865  -23.361 0.4000000060
19052  38.996  -52.562  -21.890 0.4000000060
15145  39.919  -55.333  -24.115 0.2000000030
17712  40.868  -54.049  -24.560 0.3000000119
11768  35.510  -58.333  -23.744 0.1000000015
15158  39.492  -55.813  -24.656 0.3000000119
21554  37.629  -50.741  -20.316 0.4000000060
12888  35.551  -57.356  -24.629 0.1000000015
23960  36.075  -48.740  -19.373 0.5000000000
14010  39.184  -56.330  -25.163 0.2000000030
15157  40.257  -55.727  -24.988 0.3000000119
17701  39.500  -53.545  -24.179 0.3000000119
20345  37.902  -51.782  -21.431 0.4000000060
25124  35.351  -47.527  -18.880 0.4000000060
26245  35.371  -46.178  -18.228 0.4000000060
19083  39.681  -53.183  -23.336 0.4000000060
19068  38.389  -52.729  -22.610 0.4000000060
21565  36.941  -51.112  -20.932 0.4000000060
21555  36.572  -50.419  -20.504 0.4000000060
22753  36.970  -49.863  -20.013 0.5000000000
12902  35.283  -57.549  -25.536 0.2000000030
12887  36.041  -56.908  -24.706 0.2000000030
14012  36.536  -56.609  -24.864 0.2000000030
14009  39.766  -56.062  -25.164 0.2000000030
13997  37.299  -56.038  -24.053 0.2000000030
17713  40.195  -54.184  -24.968 0.3000000119
11795  35.041  -58.675  -25.729 0.1000000015
20358  37.240  -52.217  -22.072 0.4000000060
16400  40.637  -54.715  -25.099 0.3000000119
17691  37.771  -53.234  -23.265 0.4000000060
20346  36.645  -51.608  -21.548 0.4000000060
23961  34.967  -48.447  -19.572 0.5000000000
26259  35.202  -46.741  -18.644 0.4000000060
19069  37.011  -52.878  -22.653 0.4000000060
21566  36.080  -50.930  -21.049 0.4000000060
22754  36.063  -49.667  -20.051 0.5000000000
14027  36.107  -57.088  -25.374 0.2000000030
14011  37.863  -56.406  -24.794 0.2000000030
14025  38.959  -56.833  -26.073 0.2000000030
15179  40.243  -55.633  -26.109 0.4000000060
14036  39.682  -56.269  -26.468 0.2000000030
17724  39.475  -54.502  -25.354 0.3000000119
16425  39.701  -55.287  -26.330 0.4000000060
17714  38.937  -54.291  -24.757 0.3000000119
21556  35.777  -50.254  -20.659 0.5000000000
25125  34.012  -47.652  -19.731 0.5000000000
26260  34.485  -46.480  -18.854 0.4000000060
26246  34.719  -45.901  -18.439 0.4000000060
16403  38.329  -54.444  -25.229 0.4000000060
17692  37.080  -53.374  -23.114 0.4000000060
20359  36.309  -52.147  -22.180 0.4000000060
22743  34.665  -49.000  -20.012 0.5000000000
14026  37.446  -56.928  -25.903 0.2000000030
12901  36.492  -57.559  -26.047 0.2000000030
28692  33.876  -45.014  -18.792 0.4000000060
14037  39.065  -56.412  -26.724 0.2000000030
17702  38.314  -53.604  -24.025 0.3000000119
19070  36.029  -52.606  -22.790 0.4000000060
20347  35.522  -51.472  -21.753 0.4000000060
12907  35.702  -58.034  -26.215 0.2000000030
14038  38.103  -56.824  -26.923 0.2000000030
15181  39.338  -55.753  -26.632 0.3000000119
16415  38.077  -54.857  -25.714 0.4000000060
28679  34.215  -44.885  -18.352 0.4000000060
17715  37.815  -54.001  -24.584 0.3000000119
21567  35.209  -50.473  -21.273 0.5000000000
23962  34.453  -48.413  -20.012 0.5000000000
12906  36.660  -58.070  -26.715 0.2000000030
12900  37.449  -57.493  -26.623 0.2000000030
19085  36.485  -53.204  -23.223 0.4000000060
20360  35.525  -52.071  -22.435 0.4000000060
27440  33.746  -45.618  -19.149 0.4000000060
11809  36.582  -58.671  -27.501 0.2000000030
15182  38.561  -55.944  -26.732 0.2000000030
17716  36.816  -53.952  -24.527 0.4000000060
21568  34.522  -50.212  -21.714 0.5000000000
22756  34.375  -48.975  -20.597 0.5000000000
10720  35.955  -59.609  -28.138 0.2000000030
16404  37.445  -54.388  -25.130 0.4000000060
17703  37.187  -53.544  -23.806 0.3000000119
20348  34.663  -51.007  -21.762 0.5000000000
22764  34.753  -49.926  -21.284 0.5000000000
26261  33.605  -46.443  -19.675 0.5000000000
11820  36.928  -59.001  -28.290 0.2000000030
33736  33.570  -40.712  -17.138 0.4000000060
34883  33.564  -39.735  -16.173 0.2000000030
31326  33.681  -42.745  -17.698 0.4000000060
28680  33.749  -44.392  -18.593 0.4000000060
12905  37.919  -57.958  -27.301 0.2000000030
15171  37.868  -55.367  -26.211 0.4000000060
30038  33.589  -43.665  -19.037 0.4000000060
11808  37.640  -58.470  -27.888 0.2000000030
31325  34.070  -42.058  -18.187 0.4000000060
31346  33.722  -42.739  -18.654 0.4000000060
19071  35.296  -52.369  -22.983 0.3000000119
22765  34.110  -49.442  -21.341 0.5000000000
25131  33.702  -47.947  -20.411 0.5000000000
28693  33.488  -44.617  -19.380 0.4000000060
16416  37.152  -54.875  -25.610 0.4000000060
17704  36.185  -53.494  -23.930 0.4000000060
19086  35.656  -52.929  -23.426 0.3000000119
20361  34.672  -51.622  -22.688 0.4000000060
16405  36.618  -54.381  -25.103 0.4000000060
21569  33.866  -50.053  -21.994 0.5000000000
14045  38.334  -57.307  -27.897 0.2000000030
31345  34.052  -42.083  -18.737 0.4000000060
26267  33.259  -46.301  -20.550 0.5000000000
21577  34.175  -50.699  -22.290 0.5000000000
23969  33.658  -48.177  -20.827 0.5000000000
21578  33.540  -50.287  -22.651 0.5000000000
21582  33.913  -50.965  -23.009 0.5000000000
31310  33.881  -41.975  -17.508 0.4000000060
23975  33.243  -48.476  -21.497 0.5000000000
19035  41.703  -52.289  -20.852 0.3000000119
20329  41.136  -51.514  -20.323 0.2000000030
21551  40.355  -51.004  -20.069 0.2000000030
16360  42.039  -53.664  -21.525 0.2000000030
19064  41.677  -52.882  -22.159 0.3000000119
19065  41.486  -52.732  -22.483 0.3000000119
19050  40.746  -52.394  -21.806 0.3000000119
17676  41.538  -53.561  -22.180 0.2000000030
17689  41.484  -53.228  -23.049 0.2000000030
15126  38.319  -55.138  -23.094 0.2000000030
9701  35.607  -60.656  -28.782 0.1000000015
9714  36.073  -60.445  -29.682 0.1000000015
15221  35.484  -55.344  -30.290 0.1000000015
19033  43.815  -52.199  -20.143 0.1000000015
20314  42.408  -51.046  -19.853 0.2000000030
20315  41.699  -51.153  -19.793 0.2000000030
19034  42.713  -52.443  -20.718 0.2000000030
20328  42.132  -51.603  -20.322 0.2000000030
17640  43.028  -53.851  -19.807 0.1000000015
16345  42.422  -54.095  -21.130 0.1000000015
19047  42.475  -53.083  -21.045 0.2000000030
16326  42.412  -54.454  -19.819 0.1000000015
16327  41.951  -54.896  -20.086 0.1000000015
11810  35.437  -58.745  -26.654 0.1000000015
10739  36.565  -59.818  -28.669 0.1000000015
14052  38.295  -57.601  -28.476 0.1000000015
14053  37.373  -57.133  -28.815 0.1000000015
14054  35.965  -56.541  -28.367 0.1000000015
15195  35.270  -55.588  -27.888 0.1000000015
12924  37.568  -57.467  -29.461 0.1000000015
14067  35.712  -56.427  -29.558 0.1000000015
15203  35.094  -55.579  -29.107 0.1000000015
14068  35.024  -56.208  -29.937 0.1000000015
17749  35.371  -53.435  -28.966 0.1000000015
17750  34.623  -53.124  -28.058 0.1000000015
19134  34.788  -52.625  -27.926 0.1000000015
17662  42.854  -53.490  -20.580 0.1000000015
15172  37.009  -55.276  -26.145 0.1000000015
17705  35.342  -53.339  -24.018 0.3000000119
12912  38.431  -58.156  -28.184 0.1000000015
14046  37.315  -56.805  -27.775 0.1000000015
14040  36.271  -55.998  -26.971 0.1000000015
16427  35.490  -54.826  -26.490 0.2000000030
17718  34.651  -53.428  -24.648 0.3000000119
20366  33.904  -51.614  -23.899 0.3000000119
21583  33.410  -50.562  -23.594 0.3000000119
11830  37.936  -58.649  -28.958 0.1000000015
14047  36.124  -56.335  -27.410 0.1000000015
16432  35.023  -54.701  -27.280 0.1000000015
17727  34.460  -53.636  -25.727 0.2000000030
20374  33.698  -51.454  -24.975 0.3000000119
12923  38.228  -57.910  -29.166 0.1000000015
16433  34.508  -53.816  -27.332 0.1000000015
19112  33.804  -52.382  -26.944 0.2000000030
21591  33.960  -50.485  -25.513 0.3000000119
19116  34.434  -52.318  -27.506 0.1000000015
20381  34.531  -51.374  -27.087 0.2000000030
22803  34.065  -49.759  -25.396 0.4000000060
19133  35.299  -52.375  -28.276 0.1000000015
21621  35.041  -51.165  -27.340 0.1000000015
21601  34.929  -50.448  -26.735 0.3000000119
22646  46.276  -49.979  -14.382 0.1000000015
21496  46.338  -49.995  -16.448 0.1000000015
26278  33.168  -46.292  -21.611 0.4000000060
23976  32.774  -48.818  -22.151 0.4000000060
22776  32.990  -49.801  -23.019 0.4000000060
22777  32.860  -49.247  -22.728 0.4000000060
22784  33.304  -49.541  -23.850 0.4000000060
23995  33.180  -48.490  -23.307 0.4000000060
22793  33.735  -49.656  -24.843 0.4000000060
22792  34.253  -49.162  -25.232 0.5000000000
21590  34.306  -50.398  -26.206 0.3000000119
24024  34.856  -49.056  -25.595 0.5000000000
20410  35.872  -51.612  -28.417 0.2000000030
20389  35.405  -51.544  -27.824 0.1000000015
22801  35.193  -49.381  -26.057 0.4000000060
17773  36.786  -52.639  -29.570 0.1000000015
19131  37.088  -51.910  -29.168 0.1000000015
21619  36.503  -50.487  -27.587 0.2000000030
21620  35.646  -50.799  -27.452 0.2000000030
17822  37.468  -53.442  -31.151 0.1000000015
19171  37.433  -52.568  -29.778 0.1000000015
20387  37.012  -50.761  -28.223 0.2000000030
17799  38.220  -52.840  -30.887 0.1000000015
19170  37.984  -52.380  -30.271 0.1000000015
27460  33.073  -45.242  -21.044 0.4000000060
27445  33.266  -45.449  -19.996 0.3000000119
23984  32.947  -48.214  -22.429 0.4000000060
25136  33.268  -47.389  -22.020 0.4000000060
26291  33.519  -46.450  -22.749 0.4000000060
24011  33.858  -48.571  -24.408 0.4000000060
25169  34.387  -47.826  -24.415 0.4000000060
25151  33.987  -47.264  -23.772 0.4000000060
24010  34.761  -48.265  -25.077 0.5000000000
24023  35.677  -48.743  -25.627 0.4000000060
22813  36.260  -49.519  -26.662 0.3000000119
22814  35.491  -49.735  -26.539 0.4000000060
20428  39.586  -51.361  -29.461 0.2000000030
20407  38.425  -51.197  -28.530 0.2000000030
21599  36.793  -49.837  -27.193 0.2000000030
19155  38.800  -51.810  -29.960 0.1000000015
19156  37.881  -51.999  -29.546 0.2000000030
15255  39.742  -55.270  -34.126 0.1000000015
28715  33.741  -44.189  -21.286 0.4000000060
30057  33.627  -43.714  -20.598 0.4000000060
27476  33.569  -45.095  -22.195 0.4000000060
26310  34.128  -46.243  -23.346 0.4000000060
27494  33.969  -45.614  -22.949 0.4000000060
25168  35.128  -47.279  -24.306 0.4000000060
25150  34.662  -47.020  -23.906 0.4000000060
24009  35.880  -48.009  -24.922 0.3000000119
24022  36.846  -48.270  -25.406 0.4000000060
21598  37.656  -49.585  -27.247 0.3000000119
22812  37.131  -49.308  -26.715 0.3000000119
24037  36.516  -48.949  -26.152 0.4000000060
20405  40.285  -50.802  -28.988 0.2000000030
20385  38.961  -50.527  -28.129 0.2000000030
21618  37.394  -50.148  -27.693 0.2000000030
19154  39.852  -51.824  -30.195 0.2000000030
15282  38.785  -55.224  -35.335 0.1000000015
15266  39.647  -55.041  -34.684 0.1000000015
16527  40.356  -54.145  -34.185 0.1000000015
30056  33.813  -43.176  -20.790 0.4000000060
31366  33.538  -43.103  -20.351 0.3000000119
28714  34.192  -43.740  -21.929 0.4000000060
30104  35.032  -43.432  -22.478 0.4000000060
28735  34.258  -44.264  -22.406 0.4000000060
27474  34.967  -44.825  -23.283 0.4000000060
27475  34.375  -44.875  -22.872 0.4000000060
26308  35.837  -46.165  -23.808 0.4000000060
27492  35.501  -45.396  -23.481 0.4000000060
25167  36.302  -47.348  -24.611 0.4000000060
26334  36.050  -46.723  -24.197 0.3000000119
24034  39.555  -48.547  -26.016 0.3000000119
24035  38.509  -48.628  -26.142 0.3000000119
24021  37.878  -48.204  -25.641 0.3000000119
25166  37.308  -47.542  -24.819 0.3000000119
24008  36.574  -47.804  -24.924 0.3000000119
20404  41.283  -51.063  -28.954 0.2000000030
21641  40.916  -50.550  -28.249 0.2000000030
22834  40.409  -49.898  -26.974 0.3000000119
22835  39.454  -49.670  -26.911 0.2000000030
24036  37.486  -48.737  -26.177 0.3000000119
20427  40.606  -51.378  -29.632 0.2000000030
21616  39.633  -50.158  -27.515 0.2000000030
20444  40.855  -51.681  -30.464 0.2000000030
32584  34.129  -41.364  -18.864 0.3000000119
34940  34.977  -39.775  -19.174 0.3000000119
31356  34.030  -42.145  -19.373 0.3000000119
32591  34.378  -41.460  -19.847 0.4000000060
31357  33.520  -42.865  -19.650 0.3000000119
32631  35.931  -41.878  -21.303 0.3000000119
32607  35.133  -41.647  -20.786 0.4000000060
31412  36.422  -42.928  -22.324 0.4000000060
31389  36.255  -42.467  -21.905 0.4000000060
30077  34.812  -43.049  -21.960 0.4000000060
30102  36.749  -43.422  -22.520 0.4000000060
28734  35.009  -43.993  -22.933 0.4000000060
28732  36.992  -44.211  -22.934 0.3000000119
28751  36.300  -44.751  -23.294 0.4000000060
28752  35.556  -44.568  -23.232 0.4000000060
25164  39.456  -47.588  -24.550 0.3000000119
26331  38.845  -46.863  -24.330 0.2000000030
26305  38.305  -46.441  -24.166 0.2000000030
27490  37.426  -45.691  -23.639 0.2000000030
26307  36.720  -46.280  -23.784 0.3000000119
27491  36.493  -45.546  -23.526 0.3000000119
24019  39.904  -48.401  -25.307 0.3000000119
25178  38.838  -47.865  -24.872 0.3000000119
25165  38.389  -47.465  -24.612 0.2000000030
26332  37.882  -46.975  -24.259 0.2000000030
26333  36.961  -46.851  -24.292 0.2000000030
21639  42.330  -50.195  -28.575 0.2000000030
22808  41.405  -49.752  -26.639 0.3000000119
22809  40.345  -49.145  -26.339 0.3000000119
34910  34.549  -39.417  -17.619 0.3000000119
33755  33.855  -40.496  -17.499 0.3000000119
33768  34.290  -40.422  -18.369 0.3000000119
30075  37.404  -43.113  -22.273 0.3000000119
28730  39.068  -44.915  -23.032 0.2000000030
30099  39.419  -44.188  -22.411 0.2000000030
28731  37.951  -44.445  -23.013 0.2000000030
30101  37.659  -43.684  -22.603 0.2000000030
27473  39.843  -45.442  -22.991 0.2000000030
28748  38.821  -45.390  -23.631 0.2000000030
28749  38.151  -45.105  -23.567 0.2000000030
34882  34.094  -39.318  -16.686 0.2000000030
17798  38.872  -53.017  -31.310 0.1000000015
19169  39.061  -52.485  -30.673 0.1000000015
21595  42.301  -50.096  -26.958 0.3000000119
20426  41.548  -51.335  -29.828 0.2000000030
21537  39.953  -50.235  -19.799 0.3000000119
20330  40.217  -51.735  -20.587 0.3000000119
19036  40.934  -52.321  -20.952 0.3000000119
22648  45.409  -49.370  -15.042 0.1000000015
20327  43.044  -51.215  -20.229 0.2000000030
21536  40.954  -50.574  -19.627 0.2000000030
15183  37.622  -55.888  -26.667 0.1000000015
17717  35.795  -53.917  -24.719 0.3000000119
14039  37.055  -56.306  -27.056 0.1000000015
30051  33.400  -43.712  -19.899 0.3000000119
16417  36.038  -54.753  -25.639 0.3000000119
19087  34.727  -52.596  -23.683 0.2000000030
17726  35.170  -54.044  -25.300 0.2000000030
19048  41.909  -52.936  -21.356 0.2000000030
19049  41.405  -52.648  -21.664 0.3000000119
17675  41.684  -53.254  -21.999 0.1000000015
17688  41.795  -52.904  -22.582 0.2000000030
15190  35.678  -55.562  -27.034 0.1000000015
16436  34.724  -54.321  -28.295 0.1000000015
17736  33.869  -53.102  -27.432 0.1000000015
19098  34.020  -52.558  -24.504 0.3000000119
16428  34.744  -54.105  -26.581 0.2000000030
17719  33.955  -53.077  -25.158 0.3000000119
21587  33.556  -50.453  -24.505 0.4000000060
22785  32.990  -49.213  -23.182 0.4000000060
17728  33.889  -52.939  -25.901 0.3000000119
19106  34.081  -52.132  -26.033 0.3000000119
19105  34.136  -51.596  -26.221 0.3000000119
19130  37.945  -51.656  -28.931 0.2000000030
20408  37.539  -51.313  -28.564 0.2000000030
20406  39.313  -50.977  -28.749 0.2000000030
30078  34.137  -43.238  -21.286 0.4000000060
22811  38.143  -49.273  -26.808 0.3000000119
21617  38.460  -49.773  -27.511 0.2000000030
21642  39.950  -50.447  -28.255 0.2000000030
31364  34.826  -42.125  -20.890 0.4000000060
32608  34.601  -41.627  -20.369 0.4000000060
31390  35.161  -42.363  -21.322 0.4000000060
24007  39.447  -48.101  -24.905 0.3000000119
21614  41.478  -50.245  -27.446 0.2000000030
22833  41.001  -49.976  -27.192 0.2000000030
33794  34.755  -41.074  -20.276 0.4000000060
28750  37.217  -44.925  -23.382 0.2000000030
26304  40.547  -46.940  -23.768 0.2000000030
26330  39.780  -46.853  -24.236 0.2000000030
27488  39.615  -45.981  -23.701 0.2000000030
26306  37.602  -46.373  -23.946 0.2000000030
33793  35.482  -40.632  -20.458 0.3000000119
33777  34.813  -40.357  -19.490 0.2000000030
33776  35.771  -39.840  -20.077 0.3000000119
34926  35.051  -39.099  -18.306 0.2000000030
16362  40.857  -54.239  -21.802 0.1000000015
16363  39.594  -54.682  -21.832 0.1000000015
16379  39.972  -54.338  -22.750 0.1000000015
20326  43.783  -51.298  -19.760 0.1000000015
16378  40.946  -54.068  -23.393 0.1000000015
16380  38.961  -54.765  -22.417 0.1000000015
16391  40.349  -54.653  -23.774 0.1000000015
16392  39.316  -54.686  -23.423 0.1000000015
34858  34.065  -38.911  -15.804 0.1000000015
36080  34.951  -38.290  -15.611 0.1000000015
37385  36.337  -37.779  -15.380 0.1000000015
36099  35.546  -38.114  -16.478 0.1000000015
36130  34.793  -38.861  -17.350 0.1000000015
34909  34.957  -39.031  -17.842 0.1000000015
36128  36.308  -37.853  -17.119 0.1000000015
37437  36.708  -37.654  -17.563 0.1000000015
34939  35.342  -39.268  -19.275 0.1000000015
36149  36.426  -38.191  -18.186 0.1000000015
36148  37.365  -37.764  -18.484 0.2000000030
32606  36.174  -41.087  -21.091 0.2000000030
36164  36.995  -38.421  -19.182 0.2000000030
34938  36.497  -39.339  -19.912 0.2000000030
34953  36.763  -39.659  -20.302 0.2000000030
33792  36.574  -40.101  -20.512 0.2000000030
36163  38.185  -37.956  -19.168 0.2000000030
34937  37.616  -38.887  -19.873 0.2000000030
34952  37.235  -39.600  -20.315 0.2000000030
32630  36.853  -41.766  -21.465 0.2000000030
31388  37.455  -42.521  -21.859 0.2000000030
31387  38.525  -42.611  -21.586 0.1000000015
36147  37.941  -37.457  -18.472 0.2000000030
33791  37.753  -40.279  -20.568 0.2000000030
32605  37.288  -40.983  -21.046 0.2000000030
32629  37.920  -41.759  -21.425 0.1000000015
32603  39.270  -41.071  -21.002 0.1000000015
36100  34.637  -38.660  -16.781 0.1000000015
36062  35.359  -38.031  -14.760 0.1000000015
37371  36.144  -37.679  -15.086 0.1000000015
36098  36.375  -37.770  -16.236 0.1000000015
36127  36.811  -37.576  -16.616 0.1000000015
36165  35.987  -38.662  -19.157 0.2000000030
22798  41.993  -49.296  -25.995 0.2000000030
22800  40.775  -48.996  -25.689 0.2000000030
22799  41.278  -49.242  -25.722 0.2000000030
22832  42.570  -49.553  -27.009 0.2000000030
24031  42.404  -49.188  -26.163 0.2000000030
24006  40.264  -48.195  -24.695 0.2000000030
24017  41.830  -48.752  -25.213 0.2000000030
24005  41.233  -48.343  -24.489 0.2000000030
24057  42.152  -48.421  -26.658 0.2000000030
24004  41.578  -48.311  -24.341 0.1000000015
25162  41.413  -48.030  -23.898 0.2000000030
25163  40.618  -47.643  -24.199 0.2000000030
25177  41.764  -48.104  -25.234 0.1000000015
25161  41.310  -47.909  -24.094 0.1000000015
25148  41.598  -47.627  -23.650 0.1000000015
26328  41.540  -46.894  -24.318 0.1000000015
26351  40.693  -46.866  -25.650 0.1000000015
37457  37.661  -37.144  -17.937 0.1000000015
25147  41.751  -47.472  -23.637 0.1000000015
25149  41.169  -47.539  -23.713 0.1000000015
26329  40.664  -46.307  -25.001 0.1000000015
28771  41.132  -44.837  -24.317 0.1000000015
37456  38.504  -36.868  -18.395 0.1000000015
37403  40.220  -37.376  -16.689 0.1000000015
37434  39.506  -36.574  -17.529 0.1000000015
27487  40.668  -46.469  -23.449 0.1000000015
26302  41.902  -46.940  -23.485 0.1000000015
27486  41.263  -46.478  -23.328 0.1000000015
26301  42.747  -46.656  -23.289 0.1000000015
27513  41.773  -45.500  -23.942 0.1000000015
26327  42.770  -46.169  -23.569 0.1000000015
27458  41.895  -45.494  -22.634 0.1000000015
28729  40.162  -44.927  -22.534 0.1000000015
26276  42.505  -46.220  -22.601 0.1000000015
26277  42.098  -46.129  -22.724 0.1000000015
27471  41.626  -46.135  -22.941 0.1000000015
27459  41.068  -45.438  -22.607 0.1000000015
26275  43.158  -46.272  -22.526 0.1000000015
26290  42.257  -46.504  -22.877 0.1000000015
26287  44.283  -46.221  -22.911 0.1000000015
26288  43.455  -46.537  -22.889 0.1000000015
26289  42.751  -46.754  -22.827 0.1000000015
26325  44.588  -45.664  -23.427 0.1000000015
26300  43.636  -46.395  -23.187 0.1000000015
26326  43.732  -45.872  -23.453 0.1000000015
38632  40.386  -36.611  -17.915 0.1000000015
37472  39.073  -37.267  -19.160 0.1000000015
26273  44.852  -46.100  -22.510 0.1000000015
26274  43.940  -46.028  -22.739 0.1000000015
26286  45.138  -46.335  -22.846 0.1000000015
30072  40.222  -43.663  -22.243 0.1000000015
24032  42.173  -48.636  -26.055 0.1000000015
27512  42.898  -45.284  -23.865 0.1000000015
28712  41.142  -44.580  -22.449 0.1000000015
19189  37.027  -52.550  -31.792 0.1000000015
20468  36.735  -51.847  -31.136 0.1000000015
19190  36.146  -52.466  -31.512 0.1000000015
19209  36.713  -53.131  -32.120 0.1000000015
17867  34.728  -53.898  -33.318 0.1000000015
16533  34.000  -54.248  -34.240 0.1000000015
16579  33.185  -54.756  -36.373 0.1000000015
19188  38.175  -52.423  -31.955 0.1000000015
20467  37.809  -51.882  -31.366 0.1000000015
19210  35.667  -52.917  -32.196 0.1000000015
17866  35.835  -54.175  -33.188 0.1000000015
21692  37.765  -50.810  -30.403 0.1000000015
21691  38.749  -50.829  -30.611 0.1000000015
21714  39.955  -50.842  -31.590 0.1000000015
20486  39.366  -52.060  -32.717 0.1000000015
19208  37.798  -53.022  -32.539 0.1000000015
21689  40.429  -50.249  -31.054 0.1000000015
20464  40.845  -51.015  -32.346 0.1000000015
21693  36.780  -50.866  -30.203 0.1000000015
21663  38.281  -50.228  -30.040 0.1000000015
22870  37.861  -49.604  -29.536 0.1000000015
21664  37.301  -50.321  -29.770 0.1000000015
20466  39.127  -51.683  -31.854 0.1000000015
17910  33.492  -53.667  -35.708 0.1000000015
4796  32.683  -65.339  -12.037 0.1000000015
4813  33.110  -65.059  -12.274 0.1000000015
4814  32.926  -65.173  -12.246 0.1000000015
4815  32.612  -65.222  -12.242 0.1000000015
5779  33.380  -64.766  -11.911 0.1000000015
5780  32.871  -65.144  -11.722 0.1000000015
5793  33.246  -64.841  -12.255 0.1000000015
7612  34.730  -62.894  -12.257 0.1000000015
7619  34.903  -63.014  -12.410 0.1000000015
9449  35.516  -60.739  -13.032 0.1000000015
9480  34.841  -60.169  -13.914 0.1000000015
10473  35.646  -60.345  -13.007 0.1000000015
10506  35.076  -59.896  -13.986 0.1000000015
10538  33.205  -59.593  -16.337 0.1000000015
10786  37.551  -59.266  -30.254 0.2000000030
11599  35.549  -59.855  -13.211 0.1000000015
11613  35.279  -59.726  -13.699 0.1000000015
11844  39.028  -58.365  -29.997 0.1000000015
11874  37.897  -58.583  -31.922 0.1000000015
11902  37.466  -58.109  -32.774 0.1000000015
12693  35.066  -58.870  -13.218 0.1000000015
12870  36.195  -56.943  -24.317 0.2000000030
12889  35.022  -56.980  -24.881 0.2000000030
12903  34.867  -57.157  -25.085 0.2000000030
12941  38.462  -58.449  -30.314 0.1000000015
12958  38.211  -57.637  -30.718 0.1000000015
12974  36.765  -57.191  -31.205 0.1000000015
13774  36.880  -56.251  -7.727 0.1000000015
13840  32.687  -56.632  -13.378 0.1000000015
13856  32.464  -56.631  -14.120 0.1000000015
13857  32.026  -56.442  -14.282 0.1000000015
13946  34.517  -56.625  -20.591 0.1000000015
13999  36.249  -56.847  -23.578 0.1000000015
14013  35.710  -56.777  -24.991 0.2000000030
14014  35.108  -56.801  -24.936 0.2000000030
14023  40.275  -55.925  -25.880 0.4000000060
14024  39.921  -56.244  -25.758 0.2000000030
14028  35.166  -56.863  -25.270 0.2000000030
14029  34.798  -56.821  -25.019 0.2000000030
14035  40.145  -56.080  -26.284 0.2000000030
14084  35.211  -56.152  -30.183 0.1000000015
14112  39.248  -55.735  -33.629 0.2000000030
14126  39.356  -55.770  -33.898 0.1000000015
14906  36.839  -55.341  -8.105 0.1000000015
14907  36.637  -55.739  -7.850 0.1000000015
14994  32.706  -56.716  -13.835 0.1000000015
15009  32.560  -56.532  -13.921 0.1000000015
15064  36.830  -55.242  -18.915 0.1000000015
15144  40.482  -55.078  -24.452 0.3000000119
15146  38.823  -55.146  -24.129 0.3000000119
15156  40.689  -55.127  -24.901 0.3000000119
15159  38.672  -55.962  -24.481 0.2000000030
15167  40.416  -55.454  -25.489 0.4000000060
15168  40.246  -55.873  -25.556 0.4000000060
15169  39.083  -55.321  -26.278 0.4000000060
15170  38.677  -55.357  -26.256 0.4000000060
15180  40.007  -55.781  -26.587 0.2000000030
15184  36.440  -55.536  -26.560 0.1000000015
15204  34.937  -55.930  -29.770 0.1000000015
15222  34.955  -55.917  -30.126 0.1000000015
15281  39.320  -54.806  -35.187 0.1000000015
16181  31.976  -54.424  -11.083 0.1000000015
16198  45.112  -54.006  -12.210 0.1000000015
16219  44.939  -53.757  -12.389 0.1000000015
16330  34.015  -54.764  -19.388 0.1000000015
16348  33.210  -54.973  -20.521 0.1000000015
16349  32.684  -54.497  -20.480 0.1000000015
16366  30.749  -54.541  -21.491 0.1000000015
16401  40.334  -54.658  -25.446 0.3000000119
16402  38.801  -54.543  -25.254 0.4000000060
16412  40.353  -55.056  -25.765 0.4000000060
16413  39.982  -54.709  -25.847 0.3000000119
16414  39.054  -54.875  -25.800 0.4000000060
16418  35.195  -54.227  -25.963 0.2000000030
16424  40.132  -55.270  -26.251 0.4000000060
16426  39.332  -55.304  -26.310 0.4000000060
16437  34.482  -53.551  -27.735 0.1000000015
16470  35.689  -54.613  -30.010 0.1000000015
16511  38.927  -54.686  -32.812 0.1000000015
16528  40.091  -54.687  -33.845 0.1000000015
16532  34.449  -54.527  -33.967 0.1000000015
16548  40.034  -54.744  -34.194 0.1000000015
17416  33.023  -53.790  -8.989 0.1000000015
17437  33.382  -53.258  -9.476 0.1000000015
17462  36.337  -52.557  -10.133 0.1000000015
17488  36.887  -53.213  -11.805 0.1000000015
17508  42.394  -54.170  -12.604 0.1000000015
17529  44.313  -52.870  -13.071 0.1000000015
17530  43.845  -53.147  -13.120 0.1000000015
17570  39.817  -52.948  -14.750 0.1000000015
17627  27.632  -54.225  -18.427 0.1000000015
17643  33.736  -54.249  -19.550 0.1000000015
17650  27.665  -54.142  -18.693 0.1000000015
17663  32.130  -54.140  -20.495 0.1000000015
17674  42.224  -53.443  -21.278 0.2000000030
17677  31.056  -54.175  -21.230 0.1000000015
17725  39.053  -54.570  -25.268 0.4000000060
17732  34.118  -53.397  -26.630 0.3000000119
17733  33.657  -52.791  -26.714 0.3000000119
17737  33.517  -52.711  -27.164 0.1000000015
17821  38.168  -53.396  -31.672 0.1000000015
17839  41.060  -52.790  -33.772 0.1000000015
17841  39.859  -53.662  -32.758 0.2000000030
17842  37.130  -53.567  -32.769 0.1000000015
17843  36.245  -53.567  -32.696 0.1000000015
17844  35.293  -53.342  -32.828 0.1000000015
18807  33.299  -52.901  -9.948 0.1000000015
18824  36.816  -52.734  -11.290 0.1000000015
18830  32.110  -53.429  -10.586 0.1000000015
18847  42.869  -52.164  -11.913 0.1000000015
18866  43.515  -51.944  -11.977 0.1000000015
18867  43.160  -52.019  -12.135 0.1000000015
18887  43.452  -53.054  -13.625 0.1000000015
19010  29.557  -53.102  -18.078 0.1000000015
19022  44.000  -52.702  -19.133 0.1000000015
19023  30.617  -52.771  -19.280 0.1000000015
19025  29.555  -52.991  -18.564 0.1000000015
19037  40.435  -52.406  -21.002 0.4000000060
19084  38.735  -53.255  -23.484 0.4000000060
19099  33.700  -52.412  -25.187 0.3000000119
19111  34.145  -51.788  -26.719 0.2000000030
19115  34.993  -51.998  -27.770 0.1000000015
19117  33.789  -52.653  -27.272 0.1000000015
19157  37.323  -52.323  -29.492 0.1000000015
19207  38.732  -52.356  -32.809 0.1000000015
20160  38.905  -51.276  -10.483 0.1000000015
20161  38.343  -51.177  -10.403 0.1000000015
20178  32.985  -51.787  -11.816 0.1000000015
20195  31.856  -52.465  -12.296 0.1000000015
20211  43.239  -51.337  -13.252 0.1000000015
20235  34.273  -51.664  -15.004 0.1000000015
20256  42.173  -52.018  -15.832 0.1000000015
20259  33.868  -51.807  -15.642 0.1000000015
20262  31.142  -51.766  -15.188 0.1000000015
20280  42.431  -52.005  -16.007 0.1000000015
20281  42.139  -51.968  -16.186 0.1000000015
20282  33.690  -51.996  -16.188 0.1000000015
20312  44.121  -51.037  -19.303 0.1000000015
20313  42.797  -50.941  -19.935 0.2000000030
20325  44.187  -51.526  -19.462 0.1000000015
20367  33.600  -51.016  -24.246 0.4000000060
20373  33.706  -52.022  -24.637 0.3000000119
20378  34.263  -51.057  -26.340 0.3000000119
20379  34.045  -51.358  -25.803 0.3000000119
20386  37.965  -50.585  -28.174 0.2000000030
20388  36.194  -51.128  -27.995 0.2000000030
20390  34.853  -51.684  -27.517 0.1000000015
20409  36.639  -51.420  -28.596 0.2000000030
20429  38.663  -51.520  -29.167 0.2000000030
20442  42.142  -50.976  -31.034 0.2000000030
20445  38.890  -51.313  -31.062 0.1000000015
20446  38.291  -51.402  -30.914 0.1000000015
20447  37.284  -51.334  -30.788 0.1000000015
20465  40.399  -51.261  -32.222 0.1000000015
20483  41.482  -51.369  -32.303 0.1000000015
21316  40.362  -49.902  -6.424 0.1000000015
21368  39.335  -51.187  -9.087 0.1000000015
21373  35.143  -50.281  -8.971 0.1000000015
21385  38.668  -50.858  -10.970 0.2000000030
21401  39.649  -51.185  -11.625 0.3000000119
21432  46.427  -50.328  -14.142 0.1000000015
21441  37.553  -50.234  -13.343 0.5000000000
21461  39.509  -50.584  -13.623 0.3000000119
21480  44.480  -50.080  -15.531 0.2000000030
21498  44.843  -48.977  -16.070 0.2000000030
21499  44.489  -49.643  -16.134 0.2000000030
21500  44.043  -50.144  -16.078 0.2000000030
21501  41.698  -50.074  -16.408 0.2000000030
21521  43.632  -49.922  -19.059 0.3000000119
21549  43.266  -50.880  -19.806 0.2000000030
21550  43.040  -50.873  -19.948 0.2000000030
21596  42.055  -50.238  -26.919 0.3000000119
21597  38.082  -49.505  -27.229 0.3000000119
21600  35.904  -50.097  -27.081 0.2000000030
21613  42.226  -50.102  -27.410 0.3000000119
21615  40.578  -50.269  -27.569 0.2000000030
21640  41.742  -50.461  -28.317 0.2000000030
21687  42.473  -50.337  -30.788 0.2000000030
21713  40.977  -50.633  -32.037 0.1000000015
21715  39.301  -51.088  -31.138 0.2000000030
21729  42.089  -50.723  -32.180 0.1000000015
21731  41.204  -50.885  -32.378 0.1000000015
22578  34.778  -49.791  -8.324 0.1000000015
22583  34.875  -50.084  -9.590 0.2000000030
22590  36.165  -50.233  -11.675 0.4000000060
22610  36.513  -49.929  -12.252 0.4000000060
22611  35.183  -49.755  -11.591 0.4000000060
22618  37.054  -49.782  -13.064 0.5000000000
22627  46.279  -50.140  -13.992 0.1000000015
22628  45.963  -49.986  -13.962 0.1000000015
22631  37.491  -49.944  -13.799 0.5000000000
22647  45.909  -49.691  -14.682 0.1000000015
22650  39.307  -50.392  -14.159 0.3000000119
22669  42.412  -50.105  -16.380 0.2000000030
22683  46.274  -49.644  -15.888 0.1000000015
22684  45.868  -49.213  -16.193 0.2000000030
22685  45.284  -49.099  -16.514 0.2000000030
22692  37.713  -48.855  -16.352 0.5000000000
22702  46.151  -49.580  -16.494 0.1000000015
22734  44.290  -50.047  -19.103 0.2000000030
22742  35.299  -49.229  -19.762 0.5000000000
22744  34.404  -48.679  -20.263 0.5000000000
22755  35.013  -49.671  -20.586 0.5000000000
22766  33.155  -49.464  -22.160 0.5000000000
22767  32.787  -49.115  -22.399 0.4000000060
22802  34.475  -49.749  -25.967 0.3000000119
22807  42.239  -49.812  -26.687 0.2000000030
22810  39.120  -49.186  -26.475 0.2000000030
22815  34.974  -49.794  -26.370 0.4000000060
22836  38.783  -49.523  -26.890 0.2000000030
22866  41.477  -48.597  -30.189 0.2000000030
22890  41.492  -49.026  -30.601 0.2000000030
22893  39.062  -50.189  -30.327 0.2000000030
23754  39.397  -48.940  -6.469 0.1000000015
23777  36.886  -47.847  -6.807 0.1000000015
23798  35.090  -48.469  -7.032 0.1000000015
23809  33.804  -49.165  -8.068 0.2000000030
23820  35.772  -50.060  -11.709 0.3000000119
23821  35.553  -49.901  -11.757 0.3000000119
23860  33.339  -48.348  -12.129 0.3000000119
23942  41.683  -49.274  -18.525 0.4000000060
23955  41.244  -49.195  -18.890 0.4000000060
23966  37.199  -49.403  -19.739 0.4000000060
23968  34.089  -48.363  -20.411 0.5000000000
23974  33.930  -48.668  -20.960 0.5000000000
23985  32.818  -48.797  -22.666 0.4000000060
23996  32.858  -48.937  -22.996 0.4000000060
24016  42.206  -49.113  -25.715 0.2000000030
24018  40.870  -48.735  -25.176 0.2000000030
24020  38.887  -48.188  -25.438 0.3000000119
24033  40.340  -48.684  -25.740 0.2000000030
24038  35.819  -49.275  -26.195 0.4000000060
24132  42.615  -48.996  -30.788 0.3000000119
24133  42.381  -48.910  -30.779 0.3000000119
24965  37.400  -47.932  -6.823 0.1000000015
25027  34.491  -48.117  -13.489 0.5000000000
25046  33.081  -47.043  -14.030 0.5000000000
25076  35.851  -47.371  -15.817 0.5000000000
25104  38.936  -47.838  -18.015 0.5000000000
25126  33.506  -46.971  -20.170 0.5000000000
25132  33.349  -47.425  -20.820 0.5000000000
25140  33.260  -47.522  -22.912 0.4000000060
25179  38.123  -47.834  -25.119 0.3000000119
25180  37.521  -47.939  -25.264 0.3000000119
25198  41.885  -47.981  -27.304 0.3000000119
25261  42.632  -48.280  -29.855 0.3000000119
26098  38.107  -47.524  -5.971 0.1000000015
26122  31.389  -47.425  -8.694 0.2000000030
26148  31.494  -46.629  -12.024 0.3000000119
26170  32.883  -46.882  -13.869 0.5000000000
26186  33.020  -46.578  -14.206 0.5000000000
26213  37.192  -47.175  -16.848 0.5000000000
26229  37.834  -47.268  -17.278 0.5000000000
26230  37.399  -47.071  -17.141 0.5000000000
26299  44.468  -46.172  -23.122 0.1000000015
26303  41.255  -47.066  -23.532 0.1000000015
26309  34.888  -46.440  -23.759 0.4000000060
26335  35.470  -46.665  -23.999 0.4000000060
26382  38.601  -46.013  -27.712 0.1000000015
26400  41.388  -46.675  -28.561 0.1000000015
26430  40.999  -46.765  -29.215 0.1000000015
27285  35.487  -45.964  -5.739 0.1000000015
27353  33.324  -45.478  -14.638 0.5000000000
27367  32.816  -46.030  -14.275 0.5000000000
27439  34.281  -45.553  -18.598 0.4000000060
27472  40.609  -45.835  -23.050 0.1000000015
27489  38.394  -45.809  -23.966 0.2000000030
27493  34.592  -45.536  -23.352 0.4000000060
27515  39.310  -46.422  -24.240 0.2000000030
27516  38.899  -46.205  -24.272 0.2000000030
27575  38.750  -45.408  -27.681 0.1000000015
27600  39.356  -45.329  -27.945 0.1000000015
28507  34.622  -44.657  -4.877 0.1000000015
28526  35.261  -44.944  -5.028 0.1000000015
28608  32.637  -45.038  -14.049 0.5000000000
28609  32.211  -45.210  -13.679 0.5000000000
28633  33.661  -44.176  -15.976 0.5000000000
28663  34.718  -45.091  -17.386 0.5000000000
28665  33.993  -44.409  -18.103 0.4000000060
28698  33.359  -44.480  -20.366 0.4000000060
28713  34.625  -43.651  -22.401 0.4000000060
28733  36.060  -43.981  -22.957 0.4000000060
28736  33.878  -44.291  -21.991 0.4000000060
28849  39.626  -44.948  -28.000 0.1000000015
28850  39.396  -45.002  -27.900 0.1000000015
29936  32.185  -44.380  -14.019 0.5000000000
29955  31.370  -42.988  -13.209 0.2000000030
29974  33.482  -44.268  -14.696 0.5000000000
30024  33.996  -44.290  -17.834 0.5000000000
30074  38.153  -43.177  -22.158 0.2000000030
30076  35.481  -42.702  -21.955 0.4000000060
30079  33.838  -43.585  -20.988 0.4000000060
30103  35.723  -43.180  -22.455 0.4000000060
31060  30.936  -42.359  -3.237 0.1000000015
31365  34.232  -42.347  -20.582 0.4000000060
31391  34.546  -42.715  -21.308 0.4000000060
31411  36.883  -42.868  -22.181 0.2000000030
32429  31.498  -42.185  -11.304 0.1000000015
32500  31.788  -42.078  -13.158 0.1000000015
32569  33.904  -41.263  -17.938 0.4000000060
33660  32.665  -40.882  -11.837 0.1000000015
33683  32.779  -40.733  -12.007 0.1000000015
33693  36.473  -39.757  -12.743 0.1000000015
33694  33.846  -39.769  -13.019 0.2000000030
33756  33.612  -40.427  -17.103 0.4000000060
33775  36.267  -39.731  -20.227 0.2000000030
34911  33.721  -39.933  -17.015 0.2000000030
34927  34.793  -39.699  -18.733 0.3000000119
35946  33.639  -38.797  -6.850 0.1000000015
35960  35.240  -38.556  -8.168 0.1000000015
36061  36.175  -37.945  -14.667 0.1000000015
36078  36.702  -37.967  -15.514 0.1000000015
36079  35.896  -37.688  -15.454 0.1000000015
36129  35.250  -38.579  -17.622 0.1000000015
36150  35.564  -38.723  -18.649 0.1000000015
36166  35.571  -38.811  -19.095 0.1000000015
37370  36.419  -37.853  -15.118 0.1000000015
37386  36.130  -37.658  -15.319 0.1000000015
37433  40.476  -36.824  -17.528 0.1000000015
37455  39.585  -36.710  -18.557 0.1000000015
38618  40.214  -36.610  -17.744 0.1000000015
38619  40.014  -36.583  -17.668 0.1000000015
38633  40.057  -36.525  -17.984 0.1000000015
