#!ascii label  , from subject 3969 vox2ras=TkReg
1437
53068  -38.851  -21.523  60.430 0.0000000000
65980  -51.619  -8.528  55.911 0.0000000000
59348  -45.859  -15.508  56.997 0.0000000000
38009  -12.893  -36.677  81.098 0.0000000000
53976  -33.878  -20.512  66.765 0.0000000000
40832  -25.871  -33.285  79.749 0.0000000000
44827  -35.436  -29.974  79.873 0.0000000000
49947  -38.568  -24.995  73.534 0.0000000000
53885  -36.238  -20.828  73.152 0.0000000000
43833  -19.083  -31.327  73.512 0.0000000000
45914  -22.527  -28.697  79.212 0.0000000000
46016  -22.711  -30.182  74.307 0.0000000000
41891  -31.875  -32.755  74.425 0.0000000000
44942  -36.111  -29.839  73.656 0.0000000000
52924  -40.891  -20.821  66.847 0.0000000000
55089  -44.050  -19.792  62.855 0.0000000000
63095  -49.471  -12.038  56.753 0.0000000000
56208  -42.690  -18.690  58.595 0.0000000000
64106  -52.075  -10.603  51.602 0.0000000000
35576  -10.366  -39.296  83.268 0.0000000000
54975  -38.939  -20.967  70.491 0.0000000000
52024  -36.828  -22.368  64.674 0.0000000000
41886  -25.805  -33.337  74.131 0.0000000000
41810  -30.940  -32.961  79.703 0.0000000000
58310  -47.304  -16.396  61.522 0.0000000000
67991  -56.571  -5.090  47.440 0.0000000000
47102  -38.450  -26.699  70.684 0.0000000000
50010  -37.859  -24.661  70.331 0.0000000000
46013  -21.123  -29.959  73.736 0.0000000000
43860  -34.821  -30.904  71.811 0.0000000000
46064  -36.518  -29.329  71.557 0.0000000000
47052  -37.801  -27.120  73.526 0.0000000000
52986  -40.251  -22.049  64.021 0.0000000000
54003  -42.606  -20.066  65.397 0.0000000000
54037  -41.676  -20.840  62.792 0.0000000000
65024  -50.606  -9.397  56.135 0.0000000000
64026  -51.920  -10.054  58.629 0.0000000000
67930  -53.394  -6.472  55.615 0.0000000000
37155  -11.373  -38.047  78.539 0.0000000000
37133  -11.714  -38.033  81.569 0.0000000000
53908  -35.000  -20.653  70.118 0.0000000000
54961  -37.234  -19.920  72.190 0.0000000000
54997  -36.311  -20.190  69.076 0.0000000000
52873  -37.582  -21.721  67.647 0.0000000000
108935  -35.643  -20.682  66.368 0.0000000000
44840  -24.549  -30.420  79.208 0.0000000000
43704  -24.062  -30.990  82.392 0.0000000000
40783  -25.529  -33.104  82.943 0.0000000000
40786  -28.183  -33.309  82.706 0.0000000000
42894  -24.026  -32.030  71.339 0.0000000000
41971  -26.818  -33.293  70.715 0.0000000000
42806  -33.753  -32.295  77.025 0.0000000000
41844  -31.523  -33.084  77.463 0.0000000000
42777  -33.134  -31.642  79.525 0.0000000000
43706  -33.025  -32.307  81.579 0.0000000000
40874  -15.561  -33.788  76.515 0.0000000000
42784  -16.060  -31.397  78.515 0.0000000000
43733  -15.677  -30.559  81.278 0.0000000000
57297  -44.607  -17.311  57.583 0.0000000000
58306  -44.403  -17.388  60.312 0.0000000000
60257  -45.650  -14.857  61.022 0.0000000000
69927  -57.566  -3.885  47.061 0.0000000000
38933  -12.611  -35.869  84.387 0.0000000000
51870  -38.707  -22.544  76.452 0.0000000000
53856  -38.962  -20.704  75.562 0.0000000000
50937  -37.390  -22.755  72.940 0.0000000000
51927  -35.758  -22.399  70.278 0.0000000000
43804  -18.135  -30.900  75.688 0.0000000000
45913  -19.766  -28.482  77.792 0.0000000000
45973  -20.347  -29.079  75.878 0.0000000000
45976  -22.548  -29.330  76.205 0.0000000000
44879  -25.051  -30.820  76.628 0.0000000000
40967  -29.441  -33.703  71.297 0.0000000000
41957  -32.408  -32.964  71.548 0.0000000000
42835  -34.361  -31.805  74.086 0.0000000000
43798  -36.189  -30.120  76.751 0.0000000000
47002  -37.233  -27.565  76.505 0.0000000000
48960  -38.013  -25.059  77.088 0.0000000000
41905  -17.669  -32.597  73.295 0.0000000000
53923  -42.327  -19.470  70.076 0.0000000000
58185  -45.430  -16.315  70.714 0.0000000000
56095  -43.817  -18.343  67.645 0.0000000000
56115  -45.500  -18.279  65.662 0.0000000000
61249  -48.273  -13.861  57.029 0.0000000000
60276  -48.436  -14.447  60.041 0.0000000000
62141  -50.005  -12.467  59.160 0.0000000000
32221  -9.083  -43.095  86.928 0.0000000000
55164  -40.757  -19.954  59.485 0.0000000000
58368  -41.036  -16.638  55.898 0.0000000000
61267  -44.912  -13.543  55.604 0.0000000000
62186  -46.326  -12.784  55.167 0.0000000000
64067  -48.249  -10.877  55.095 0.0000000000
64070  -50.082  -10.817  54.801 0.0000000000
64072  -51.934  -10.242  54.175 0.0000000000
63150  -49.747  -11.464  51.778 0.0000000000
37969  -11.500  -37.071  85.700 0.0000000000
36318  -10.204  -38.677  86.583 0.0000000000
34760  -9.176  -40.630  87.397 0.0000000000
58126  -42.636  -17.013  74.732 0.0000000000
56002  -38.894  -19.149  75.091 0.0000000000
56035  -39.945  -19.054  73.522 0.0000000000
108924  -42.082  -19.902  71.838 0.0000000000
108931  -40.363  -21.528  68.900 0.0000000000
52001  -39.230  -22.115  65.744 0.0000000000
52037  -38.550  -22.727  62.223 0.0000000000
46897  -21.672  -28.592  80.808 0.0000000000
43837  -24.240  -31.390  73.859 0.0000000000
40863  -25.940  -33.509  77.129 0.0000000000
41910  -29.017  -33.158  73.921 0.0000000000
40882  -28.547  -33.610  77.137 0.0000000000
40835  -28.699  -33.620  79.803 0.0000000000
41766  -30.558  -33.159  82.328 0.0000000000
38063  -12.903  -37.054  77.533 0.0000000000
39033  -14.357  -35.258  77.503 0.0000000000
39890  -14.164  -34.477  80.132 0.0000000000
55127  -42.894  -19.208  60.860 0.0000000000
55131  -46.150  -19.172  61.797 0.0000000000
55112  -49.786  -19.018  62.776 0.0000000000
60241  -48.174  -14.417  62.834 0.0000000000
66000  -54.319  -8.362  53.169 0.0000000000
67959  -54.962  -6.923  52.486 0.0000000000
68945  -55.951  -5.454  51.464 0.0000000000
67983  -56.013  -6.265  48.439 0.0000000000
69891  -57.640  -4.443  50.124 0.0000000000
47120  -37.278  -28.191  69.754 0.0000000000
48104  -37.698  -26.633  69.187 0.0000000000
48120  -36.972  -27.139  67.752 0.0000000000
45007  -35.856  -29.972  70.225 0.0000000000
46099  -36.573  -28.815  70.102 0.0000000000
47100  -37.422  -28.104  71.156 0.0000000000
53026  -39.713  -21.572  61.862 0.0000000000
53008  -40.804  -21.502  62.936 0.0000000000
54048  -40.567  -20.974  61.840 0.0000000000
65979  -50.643  -9.221  55.748 0.0000000000
65012  -51.911  -9.112  57.061 0.0000000000
66918  -52.524  -8.190  56.656 0.0000000000
66919  -53.024  -7.708  56.924 0.0000000000
66935  -52.381  -7.924  55.727 0.0000000000
37148  -12.462  -37.506  79.172 0.0000000000
37139  -11.798  -37.923  80.577 0.0000000000
37134  -12.386  -37.433  81.362 0.0000000000
55014  -34.630  -20.086  68.447 0.0000000000
54996  -35.714  -20.097  69.308 0.0000000000
55037  -35.246  -19.818  67.732 0.0000000000
53931  -36.220  -20.634  67.339 0.0000000000
53978  -35.037  -20.385  66.255 0.0000000000
44849  -16.957  -29.586  78.962 0.0000000000
42759  -25.027  -31.674  79.890 0.0000000000
41779  -24.897  -32.408  81.542 0.0000000000
40817  -25.485  -33.147  80.950 0.0000000000
40785  -27.184  -33.344  82.948 0.0000000000
40818  -26.473  -33.545  80.835 0.0000000000
42794  -34.542  -31.092  78.157 0.0000000000
42793  -33.957  -31.497  78.514 0.0000000000
43758  -34.346  -30.676  79.581 0.0000000000
44810  -33.888  -31.008  80.760 0.0000000000
43793  -17.218  -30.754  76.860 0.0000000000
42785  -16.563  -30.869  78.314 0.0000000000
43767  -16.527  -30.491  79.042 0.0000000000
58128  -45.258  -15.999  74.593 0.0000000000
58349  -45.371  -16.498  57.939 0.0000000000
59328  -44.926  -16.381  59.409 0.0000000000
60284  -46.074  -15.559  59.418 0.0000000000
50908  -38.323  -23.435  75.107 0.0000000000
51877  -38.466  -22.345  75.106 0.0000000000
49960  -38.288  -24.269  72.930 0.0000000000
50975  -36.698  -23.617  70.439 0.0000000000
50995  -35.617  -23.303  68.437 0.0000000000
51953  -35.191  -22.608  68.726 0.0000000000
43805  -18.743  -30.583  75.134 0.0000000000
44891  -18.961  -30.003  75.599 0.0000000000
44910  -19.713  -30.273  74.534 0.0000000000
46014  -21.374  -30.080  74.007 0.0000000000
45995  -21.654  -29.655  75.105 0.0000000000
45996  -22.424  -29.693  75.230 0.0000000000
45958  -23.933  -29.552  76.692 0.0000000000
44894  -23.674  -29.944  75.177 0.0000000000
40992  -31.431  -33.808  69.873 0.0000000000
43861  -35.609  -30.563  72.134 0.0000000000
42868  -34.476  -31.528  72.405 0.0000000000
43821  -35.811  -30.555  74.431 0.0000000000
43808  -35.334  -31.183  75.330 0.0000000000
44902  -36.715  -29.586  75.893 0.0000000000
44884  -36.897  -28.815  76.619 0.0000000000
44903  -37.002  -28.781  75.715 0.0000000000
48017  -38.266  -26.270  73.759 0.0000000000
47995  -37.739  -26.050  75.805 0.0000000000
48979  -38.134  -25.224  75.199 0.0000000000
49920  -38.117  -24.254  76.642 0.0000000000
42847  -18.044  -31.973  73.526 0.0000000000
53934  -41.966  -19.855  68.342 0.0000000000
55019  -43.075  -18.693  68.657 0.0000000000
55038  -42.313  -19.636  67.334 0.0000000000
55073  -43.309  -20.015  64.370 0.0000000000
55062  -44.025  -18.997  65.339 0.0000000000
55075  -45.133  -19.170  64.494 0.0000000000
56127  -45.909  -18.626  65.040 0.0000000000
55091  -45.921  -19.353  63.377 0.0000000000
62166  -48.660  -13.159  56.862 0.0000000000
62150  -49.434  -13.233  57.790 0.0000000000
63080  -50.278  -11.974  57.922 0.0000000000
64981  -52.349  -9.804  61.105 0.0000000000
62163  -45.611  -13.191  55.720 0.0000000000
62198  -45.423  -12.990  54.568 0.0000000000
62211  -47.477  -12.636  53.813 0.0000000000
62212  -48.282  -12.401  53.924 0.0000000000
64069  -49.100  -10.723  54.959 0.0000000000
62224  -48.995  -12.158  53.349 0.0000000000
63139  -50.297  -11.577  52.680 0.0000000000
35598  -10.037  -39.305  81.360 0.0000000000
35575  -9.916  -39.723  83.502 0.0000000000
39819  -13.291  -35.448  85.643 0.0000000000
38932  -12.186  -36.194  84.810 0.0000000000
39802  -12.440  -35.949  86.354 0.0000000000
37093  -11.189  -38.005  86.880 0.0000000000
35538  -10.944  -38.824  87.272 0.0000000000
35551  -9.809  -39.292  87.049 0.0000000000
34753  -10.580  -40.070  87.605 0.0000000000
33924  -10.032  -40.843  87.685 0.0000000000
53878  -37.754  -20.868  74.029 0.0000000000
54927  -38.508  -20.216  74.962 0.0000000000
54942  -38.129  -20.117  73.957 0.0000000000
54963  -38.765  -20.034  71.685 0.0000000000
56043  -38.694  -19.668  72.719 0.0000000000
56044  -39.379  -19.706  72.708 0.0000000000
56036  -40.662  -19.158  73.257 0.0000000000
54965  -40.520  -20.506  71.691 0.0000000000
108927  -40.920  -21.104  70.786 0.0000000000
54976  -39.920  -21.258  70.611 0.0000000000
108950  -37.020  -21.771  66.291 0.0000000000
52965  -38.751  -21.971  67.313 0.0000000000
52011  -37.788  -22.335  65.569 0.0000000000
52026  -38.691  -22.851  63.420 0.0000000000
52025  -37.633  -22.839  64.035 0.0000000000
46962  -21.176  -28.178  78.386 0.0000000000
46938  -20.524  -27.945  79.196 0.0000000000
46940  -22.002  -28.282  79.749 0.0000000000
41930  -25.308  -32.852  72.035 0.0000000000
42865  -24.032  -31.873  72.983 0.0000000000
41885  -25.313  -33.051  74.615 0.0000000000
42823  -24.987  -32.486  75.156 0.0000000000
40895  -25.827  -33.390  75.147 0.0000000000
41935  -30.683  -33.443  72.484 0.0000000000
41934  -29.562  -33.409  72.876 0.0000000000
41911  -30.209  -33.173  73.721 0.0000000000
41843  -30.719  -33.237  77.883 0.0000000000
41860  -29.504  -33.316  77.270 0.0000000000
41842  -30.090  -33.273  78.413 0.0000000000
40866  -28.638  -33.615  78.101 0.0000000000
40836  -29.525  -33.357  79.843 0.0000000000
41780  -29.898  -33.322  81.579 0.0000000000
41781  -30.800  -33.058  81.421 0.0000000000
47958  -37.993  -26.748  79.010 0.0000000000
39947  -14.720  -34.791  76.908 0.0000000000
39920  -14.583  -34.410  78.425 0.0000000000
39018  -14.031  -35.481  78.358 0.0000000000
43715  -15.837  -30.614  81.940 0.0000000000
55178  -41.433  -19.381  58.392 0.0000000000
55151  -42.226  -19.283  60.332 0.0000000000
56185  -43.061  -18.771  60.077 0.0000000000
58308  -45.412  -16.499  61.302 0.0000000000
56167  -45.213  -18.354  61.061 0.0000000000
56168  -46.250  -18.474  61.251 0.0000000000
55133  -47.889  -18.840  61.774 0.0000000000
56170  -48.740  -18.284  61.663 0.0000000000
61190  -48.810  -13.393  61.775 0.0000000000
61189  -47.800  -13.845  61.700 0.0000000000
61155  -49.049  -13.574  63.342 0.0000000000
64091  -51.992  -10.956  52.610 0.0000000000
65050  -53.152  -9.926  53.507 0.0000000000
64093  -53.449  -9.979  52.300 0.0000000000
66013  -54.731  -8.577  51.637 0.0000000000
66971  -55.211  -7.840  50.822 0.0000000000
67960  -55.395  -6.532  51.876 0.0000000000
67969  -55.631  -6.700  50.723 0.0000000000
67990  -55.719  -6.006  47.469 0.0000000000
67989  -54.517  -6.381  47.290 0.0000000000
67984  -56.556  -5.406  48.211 0.0000000000
68963  -56.397  -5.407  49.665 0.0000000000
68964  -56.875  -4.712  49.201 0.0000000000
69908  -58.024  -3.600  48.049 0.0000000000
68981  -58.607  -4.494  47.017 0.0000000000
49016  -38.699  -25.559  72.488 0.0000000000
49980  -38.640  -24.832  72.182 0.0000000000
49044  -38.456  -25.287  70.507 0.0000000000
49074  -37.259  -25.281  68.425 0.0000000000
44932  -19.929  -30.535  73.753 0.0000000000
43892  -34.972  -31.093  69.850 0.0000000000
44988  -36.108  -29.968  71.335 0.0000000000
44969  -36.545  -29.439  73.089 0.0000000000
46021  -36.945  -28.394  74.043 0.0000000000
47085  -37.498  -28.088  72.247 0.0000000000
47069  -37.971  -27.365  72.588 0.0000000000
52966  -40.591  -21.545  65.193 0.0000000000
54001  -41.543  -20.604  66.020 0.0000000000
52968  -41.756  -20.837  64.822 0.0000000000
54027  -42.146  -20.772  64.075 0.0000000000
54038  -42.797  -20.233  62.565 0.0000000000
64050  -49.134  -10.671  56.254 0.0000000000
63096  -50.277  -11.153  56.660 0.0000000000
65011  -51.245  -9.619  56.708 0.0000000000
65001  -52.492  -9.030  58.344 0.0000000000
67931  -53.661  -6.091  54.965 0.0000000000
36362  -11.085  -38.408  80.745 0.0000000000
36347  -10.915  -38.607  82.333 0.0000000000
53900  -35.880  -20.903  71.305 0.0000000000
54960  -36.539  -20.071  72.537 0.0000000000
54972  -36.440  -20.006  71.416 0.0000000000
54973  -37.198  -19.966  70.994 0.0000000000
54974  -37.984  -20.257  70.496 0.0000000000
53901  -38.241  -21.212  69.332 0.0000000000
53910  -37.149  -20.668  68.742 0.0000000000
108933  -36.814  -21.392  66.949 0.0000000000
44839  -23.755  -29.916  79.387 0.0000000000
45865  -23.461  -29.447  80.700 0.0000000000
43738  -24.210  -30.752  80.523 0.0000000000
42730  -24.674  -32.320  82.616 0.0000000000
40766  -28.145  -33.802  83.708 0.0000000000
41952  -25.322  -32.717  70.963 0.0000000000
41931  -26.208  -33.298  72.416 0.0000000000
41864  -33.134  -32.519  75.953 0.0000000000
41875  -31.639  -32.830  75.422 0.0000000000
42805  -33.040  -32.645  77.302 0.0000000000
42791  -32.264  -32.696  78.469 0.0000000000
42761  -32.333  -32.362  80.393 0.0000000000
42746  -32.043  -32.692  81.361 0.0000000000
43741  -33.100  -31.580  80.692 0.0000000000
40890  -16.593  -33.030  74.941 0.0000000000
41869  -16.008  -32.966  76.093 0.0000000000
41821  -15.673  -32.193  78.850 0.0000000000
42755  -15.205  -32.082  80.308 0.0000000000
42771  -15.627  -31.596  79.691 0.0000000000
57295  -43.314  -18.329  58.128 0.0000000000
57276  -44.026  -17.980  59.550 0.0000000000
58337  -44.393  -17.254  59.544 0.0000000000
59303  -44.922  -15.865  60.759 0.0000000000
58281  -45.899  -15.772  61.698 0.0000000000
65077  -51.263  -9.584  50.143 0.0000000000
64120  -52.356  -10.044  50.960 0.0000000000
65086  -51.893  -9.042  49.745 0.0000000000
68979  -56.139  -5.133  46.812 0.0000000000
68980  -56.863  -4.408  46.956 0.0000000000
69000  -56.339  -4.541  46.377 0.0000000000
69949  -57.047  -4.224  46.002 0.0000000000
38980  -13.471  -35.331  81.416 0.0000000000
37994  -12.721  -36.603  82.356 0.0000000000
53846  -40.042  -21.006  76.831 0.0000000000
52821  -38.748  -21.511  75.701 0.0000000000
52838  -37.980  -21.464  74.282 0.0000000000
52847  -36.876  -21.298  72.952 0.0000000000
50967  -37.411  -24.004  71.606 0.0000000000
50966  -36.798  -23.089  71.496 0.0000000000
52863  -35.822  -21.534  71.835 0.0000000000
51926  -35.106  -21.861  69.879 0.0000000000
52896  -34.338  -21.486  68.397 0.0000000000
43794  -17.782  -30.078  76.815 0.0000000000
45931  -18.302  -28.933  77.884 0.0000000000
44876  -18.775  -29.496  76.710 0.0000000000
45934  -20.173  -28.666  77.216 0.0000000000
46980  -21.039  -28.600  77.357 0.0000000000
44911  -20.629  -29.786  74.624 0.0000000000
45975  -21.288  -29.211  75.767 0.0000000000
45956  -22.637  -28.860  77.178 0.0000000000
45938  -23.845  -29.355  77.629 0.0000000000
44852  -24.764  -30.464  78.308 0.0000000000
42790  -25.114  -32.096  77.950 0.0000000000
41956  -31.353  -33.518  71.418 0.0000000000
41936  -31.775  -33.047  72.509 0.0000000000
42896  -33.848  -32.138  71.107 0.0000000000
41938  -33.415  -32.271  72.734 0.0000000000
41893  -33.405  -32.279  74.144 0.0000000000
42816  -33.876  -32.120  75.631 0.0000000000
43797  -35.449  -30.939  76.721 0.0000000000
44854  -35.891  -29.667  78.565 0.0000000000
45900  -36.181  -29.085  79.244 0.0000000000
44855  -36.360  -29.203  78.166 0.0000000000
46970  -37.054  -27.831  78.095 0.0000000000
47984  -37.399  -27.048  77.707 0.0000000000
47019  -37.376  -27.518  75.701 0.0000000000
47003  -37.455  -26.850  76.223 0.0000000000
48949  -38.133  -25.379  77.857 0.0000000000
49896  -38.808  -24.107  78.447 0.0000000000
41883  -17.072  -32.610  74.716 0.0000000000
58159  -43.571  -17.339  71.739 0.0000000000
108925  -43.940  -17.794  69.958 0.0000000000
57139  -44.931  -17.017  69.070 0.0000000000
57152  -45.392  -16.921  68.348 0.0000000000
55053  -43.006  -19.260  66.333 0.0000000000
56104  -44.572  -18.198  66.548 0.0000000000
60302  -47.111  -14.788  57.194 0.0000000000
60293  -47.006  -15.185  58.645 0.0000000000
61220  -48.687  -14.168  58.710 0.0000000000
61214  -49.389  -13.772  59.815 0.0000000000
62123  -49.922  -12.917  60.948 0.0000000000
63069  -50.523  -11.698  59.478 0.0000000000
63063  -50.624  -11.582  60.593 0.0000000000
54103  -38.645  -20.760  58.762 0.0000000000
54088  -40.236  -20.482  59.647 0.0000000000
54118  -39.640  -20.072  58.180 0.0000000000
55190  -39.814  -19.667  57.698 0.0000000000
56219  -41.190  -18.720  57.324 0.0000000000
56233  -42.283  -18.365  57.206 0.0000000000
57310  -42.841  -17.751  56.883 0.0000000000
58371  -44.585  -16.208  56.600 0.0000000000
58372  -45.201  -15.561  56.690 0.0000000000
60319  -44.904  -14.152  56.258 0.0000000000
61247  -46.434  -13.459  56.465 0.0000000000
62165  -47.407  -12.803  56.315 0.0000000000
63093  -47.509  -12.064  55.676 0.0000000000
62199  -46.384  -12.805  54.545 0.0000000000
63106  -47.690  -11.916  55.193 0.0000000000
64049  -48.083  -10.849  55.975 0.0000000000
65031  -48.725  -10.222  55.359 0.0000000000
65987  -49.622  -9.774  55.481 0.0000000000
65989  -50.977  -9.068  55.345 0.0000000000
65990  -52.098  -8.471  55.247 0.0000000000
64071  -51.078  -10.459  54.506 0.0000000000
63140  -51.151  -11.307  52.673 0.0000000000
63151  -50.669  -11.240  51.886 0.0000000000
64118  -50.692  -10.233  50.527 0.0000000000
37982  -12.530  -36.553  83.528 0.0000000000
37981  -12.157  -37.298  83.795 0.0000000000
37120  -11.000  -38.284  84.537 0.0000000000
38911  -11.744  -36.809  86.347 0.0000000000
37107  -11.001  -37.827  85.970 0.0000000000
36334  -10.581  -38.770  85.067 0.0000000000
35562  -9.646  -40.021  85.393 0.0000000000
35561  -9.151  -40.559  85.645 0.0000000000
34765  -8.799  -41.043  85.886 0.0000000000
33929  -8.731  -41.604  86.926 0.0000000000
58145  -43.615  -16.661  73.078 0.0000000000
57043  -40.499  -18.997  75.555 0.0000000000
56032  -37.971  -19.769  73.286 0.0000000000
56022  -39.352  -18.890  74.627 0.0000000000
58143  -41.942  -17.593  74.333 0.0000000000
58144  -42.810  -17.369  73.475 0.0000000000
57100  -42.480  -18.682  72.325 0.0000000000
108928  -41.666  -20.472  70.815 0.0000000000
52885  -41.690  -20.472  69.219 0.0000000000
108934  -40.475  -21.332  68.200 0.0000000000
53902  -39.225  -21.760  68.672 0.0000000000
108938  -39.629  -21.693  67.571 0.0000000000
52947  -40.444  -21.286  66.365 0.0000000000
52002  -39.900  -21.921  65.279 0.0000000000
52027  -39.585  -22.494  63.434 0.0000000000
53025  -38.893  -22.109  61.612 0.0000000000
54011  -33.366  -20.793  65.178 0.0000000000
108945  -34.790  -20.797  65.007 0.0000000000
52034  -35.223  -21.632  64.359 0.0000000000
52035  -36.439  -22.856  63.153 0.0000000000
52050  -36.387  -23.015  61.480 0.0000000000
52069  -37.264  -22.258  60.146 0.0000000000
53066  -37.629  -21.663  59.582 0.0000000000
45849  -23.034  -29.923  81.435 0.0000000000
46040  -22.283  -30.674  73.281 0.0000000000
44960  -23.345  -31.300  72.804 0.0000000000
44935  -23.727  -30.717  73.804 0.0000000000
43806  -24.385  -30.947  74.957 0.0000000000
42804  -25.138  -32.230  76.948 0.0000000000
40847  -26.136  -33.498  78.459 0.0000000000
40988  -28.074  -33.584  70.788 0.0000000000
40946  -28.258  -33.516  72.140 0.0000000000
41909  -27.674  -33.393  74.036 0.0000000000
41874  -30.687  -33.019  75.683 0.0000000000
41888  -28.447  -33.316  75.163 0.0000000000
40913  -27.386  -33.542  74.960 0.0000000000
40881  -27.524  -33.762  76.832 0.0000000000
40848  -27.234  -33.772  78.688 0.0000000000
40833  -26.784  -33.698  79.706 0.0000000000
40804  -28.159  -33.450  81.676 0.0000000000
41765  -29.426  -33.289  82.457 0.0000000000
37156  -12.283  -37.555  78.024 0.0000000000
38044  -13.069  -36.945  78.608 0.0000000000
39058  -14.203  -35.863  75.641 0.0000000000
39045  -13.825  -36.237  76.341 0.0000000000
38084  -13.415  -36.644  76.969 0.0000000000
38045  -13.594  -36.152  79.003 0.0000000000
38994  -13.673  -35.502  80.392 0.0000000000
39879  -13.816  -34.642  81.157 0.0000000000
42738  -14.836  -32.019  81.302 0.0000000000
55125  -40.906  -20.075  60.960 0.0000000000
55104  -42.293  -20.041  61.732 0.0000000000
55106  -43.917  -19.552  61.930 0.0000000000
56165  -43.822  -18.482  60.506 0.0000000000
55129  -44.549  -19.096  61.348 0.0000000000
55107  -44.726  -19.520  62.173 0.0000000000
55109  -46.510  -19.277  62.486 0.0000000000
60274  -46.745  -14.756  60.551 0.0000000000
60239  -46.798  -14.552  62.130 0.0000000000
58283  -47.613  -15.605  62.217 0.0000000000
65991  -53.169  -8.403  54.669 0.0000000000
66944  -53.626  -7.491  54.530 0.0000000000
67941  -53.988  -6.444  54.260 0.0000000000
65059  -54.021  -9.598  52.021 0.0000000000
66952  -54.649  -7.573  52.811 0.0000000000
68936  -55.042  -5.763  53.157 0.0000000000
68937  -55.548  -5.424  52.589 0.0000000000
69873  -56.264  -4.595  52.264 0.0000000000
66989  -55.544  -7.123  48.656 0.0000000000
68955  -56.172  -5.606  50.419 0.0000000000
69884  -57.088  -4.416  51.148 0.0000000000
69909  -58.493  -3.321  48.020 0.0000000000
47119  -36.785  -28.408  68.892 0.0000000000
47135  -37.178  -27.779  68.491 0.0000000000
46098  -35.986  -28.768  69.341 0.0000000000
53045  -39.173  -21.545  60.953 0.0000000000
54047  -39.966  -21.150  61.641 0.0000000000
54066  -39.791  -21.120  61.150 0.0000000000
65972  -51.850  -8.682  56.471 0.0000000000
66925  -52.149  -8.290  56.267 0.0000000000
66926  -52.591  -7.698  56.206 0.0000000000
65981  -52.105  -8.110  55.834 0.0000000000
37140  -12.527  -37.435  80.301 0.0000000000
55035  -34.295  -20.221  67.543 0.0000000000
55015  -35.139  -19.794  68.522 0.0000000000
55036  -34.759  -19.871  67.647 0.0000000000
53952  -35.026  -19.853  67.268 0.0000000000
53977  -34.613  -20.123  66.765 0.0000000000
45909  -17.387  -28.990  79.156 0.0000000000
44850  -17.503  -29.352  78.561 0.0000000000
41808  -25.204  -32.621  79.810 0.0000000000
41793  -25.017  -32.337  80.584 0.0000000000
40802  -26.293  -33.429  81.974 0.0000000000
43773  -34.724  -30.783  78.850 0.0000000000
44842  -34.996  -30.369  79.612 0.0000000000
45883  -35.561  -29.969  80.165 0.0000000000
59339  -46.037  -15.990  58.023 0.0000000000
59330  -46.289  -15.658  58.851 0.0000000000
49946  -38.381  -24.192  74.309 0.0000000000
50041  -36.441  -24.509  68.026 0.0000000000
50025  -36.367  -24.133  69.023 0.0000000000
44909  -19.055  -30.451  74.903 0.0000000000
43817  -19.581  -30.710  73.942 0.0000000000
46015  -21.994  -30.137  74.200 0.0000000000
45997  -23.132  -29.843  74.968 0.0000000000
43841  -35.612  -30.507  73.261 0.0000000000
44920  -36.332  -29.767  74.736 0.0000000000
44921  -36.780  -28.985  74.896 0.0000000000
48989  -38.481  -25.632  73.625 0.0000000000
48988  -38.378  -25.431  74.237 0.0000000000
49933  -38.177  -24.269  75.614 0.0000000000
42848  -18.569  -31.690  73.579 0.0000000000
42832  -18.442  -31.477  74.063 0.0000000000
53933  -41.497  -20.466  67.953 0.0000000000
53956  -41.693  -20.202  67.333 0.0000000000
55074  -43.934  -19.763  64.081 0.0000000000
55090  -44.902  -19.594  63.240 0.0000000000
63094  -48.291  -11.817  56.313 0.0000000000
62167  -49.370  -12.773  57.096 0.0000000000
62197  -44.371  -13.006  54.574 0.0000000000
62213  -48.786  -12.232  53.704 0.0000000000
63137  -48.236  -12.121  52.293 0.0000000000
63138  -49.267  -11.951  52.763 0.0000000000
36353  -10.457  -39.080  81.934 0.0000000000
35582  -10.142  -39.411  82.641 0.0000000000
35581  -9.564  -39.924  82.470 0.0000000000
39810  -12.346  -35.740  85.836 0.0000000000
39803  -12.990  -35.954  86.492 0.0000000000
35545  -10.177  -39.262  87.470 0.0000000000
53886  -37.210  -20.927  73.217 0.0000000000
54941  -38.072  -20.539  74.288 0.0000000000
54951  -37.215  -20.553  73.196 0.0000000000
54964  -39.615  -20.447  71.695 0.0000000000
46963  -21.920  -28.326  78.751 0.0000000000
41907  -25.259  -32.929  73.391 0.0000000000
40911  -25.806  -33.368  74.602 0.0000000000
41912  -31.284  -33.017  73.539 0.0000000000
41827  -30.896  -33.079  78.873 0.0000000000
41826  -30.389  -33.156  79.181 0.0000000000
40851  -29.764  -33.317  79.072 0.0000000000
41809  -30.294  -33.162  79.840 0.0000000000
41794  -30.160  -33.268  80.678 0.0000000000
41795  -30.999  -32.945  80.542 0.0000000000
48921  -38.305  -26.111  78.915 0.0000000000
40829  -14.722  -33.371  79.802 0.0000000000
56197  -42.044  -19.021  58.945 0.0000000000
56198  -42.761  -18.717  59.393 0.0000000000
58309  -46.261  -16.496  61.456 0.0000000000
57247  -45.787  -17.426  61.140 0.0000000000
57248  -46.833  -17.404  61.184 0.0000000000
56169  -47.465  -18.275  61.321 0.0000000000
57249  -48.052  -17.302  61.214 0.0000000000
62113  -49.114  -13.143  62.356 0.0000000000
61174  -48.788  -13.445  62.673 0.0000000000
64092  -52.764  -10.448  52.407 0.0000000000
66024  -55.019  -8.176  50.305 0.0000000000
66981  -55.291  -7.797  49.710 0.0000000000
68970  -57.209  -4.351  48.000 0.0000000000
69897  -57.831  -3.949  49.081 0.0000000000
48066  -38.682  -26.188  71.081 0.0000000000
49033  -38.732  -25.494  71.608 0.0000000000
48075  -38.519  -26.148  70.349 0.0000000000
49091  -37.103  -26.224  67.756 0.0000000000
49075  -37.724  -25.976  69.002 0.0000000000
43914  -34.773  -31.150  68.876 0.0000000000
46080  -36.120  -29.110  70.612 0.0000000000
46046  -37.187  -28.874  72.982 0.0000000000
46065  -37.068  -28.776  71.844 0.0000000000
47101  -38.043  -27.389  70.608 0.0000000000
47086  -38.008  -27.552  71.660 0.0000000000
47087  -38.448  -26.946  71.354 0.0000000000
48050  -38.632  -26.420  72.122 0.0000000000
52967  -41.174  -21.083  64.888 0.0000000000
52987  -40.939  -21.456  64.059 0.0000000000
53009  -41.240  -21.252  63.424 0.0000000000
54028  -42.711  -20.495  63.510 0.0000000000
65023  -49.644  -9.728  55.925 0.0000000000
64051  -50.386  -10.127  56.342 0.0000000000
64990  -52.518  -9.466  59.839 0.0000000000
64991  -53.199  -8.762  59.673 0.0000000000
68920  -53.751  -5.575  55.421 0.0000000000
67940  -53.487  -6.766  54.961 0.0000000000
36354  -10.992  -38.525  81.697 0.0000000000
37126  -11.508  -38.045  82.809 0.0000000000
53909  -35.762  -20.964  70.498 0.0000000000
54971  -35.893  -20.215  71.947 0.0000000000
54984  -35.971  -20.673  70.344 0.0000000000
54985  -36.501  -20.181  70.139 0.0000000000
54986  -37.094  -20.156  69.645 0.0000000000
54987  -37.597  -20.705  69.357 0.0000000000
53932  -36.750  -21.045  67.421 0.0000000000
52897  -36.324  -21.148  66.433 0.0000000000
44824  -24.127  -30.549  79.872 0.0000000000
41763  -25.046  -32.699  82.428 0.0000000000
41762  -24.893  -32.280  81.937 0.0000000000
41953  -26.105  -33.103  71.339 0.0000000000
41954  -26.945  -33.407  71.607 0.0000000000
41846  -32.960  -32.679  76.726 0.0000000000
42792  -32.927  -32.458  78.187 0.0000000000
42776  -32.266  -32.393  79.100 0.0000000000
42762  -32.985  -31.661  80.246 0.0000000000
41870  -16.645  -32.638  75.601 0.0000000000
41853  -16.451  -32.550  76.438 0.0000000000
42799  -16.387  -32.020  77.455 0.0000000000
43766  -15.922  -30.794  79.451 0.0000000000
44836  -16.725  -29.896  79.953 0.0000000000
43750  -16.083  -30.228  79.813 0.0000000000
57296  -44.017  -17.902  57.686 0.0000000000
57287  -44.125  -17.961  58.808 0.0000000000
58347  -44.499  -17.327  58.945 0.0000000000
59321  -45.046  -15.751  59.867 0.0000000000
59320  -44.640  -16.206  60.213 0.0000000000
60256  -44.989  -15.381  60.682 0.0000000000
59304  -45.301  -15.569  61.303 0.0000000000
59284  -45.915  -15.402  61.614 0.0000000000
68002  -55.375  -5.441  46.839 0.0000000000
68999  -55.493  -4.807  46.443 0.0000000000
69948  -55.974  -4.243  45.811 0.0000000000
39865  -13.305  -35.050  82.487 0.0000000000
40724  -13.666  -34.990  85.294 0.0000000000
51863  -38.884  -22.573  77.304 0.0000000000
51871  -38.968  -21.840  76.545 0.0000000000
51884  -38.017  -22.301  73.992 0.0000000000
51897  -37.626  -22.345  73.463 0.0000000000
52848  -37.541  -21.774  73.546 0.0000000000
51896  -37.260  -22.247  72.912 0.0000000000
49997  -37.895  -24.396  71.143 0.0000000000
49979  -38.092  -24.291  71.922 0.0000000000
49996  -37.210  -24.113  70.896 0.0000000000
50974  -36.249  -22.937  70.752 0.0000000000
50965  -36.408  -22.736  71.158 0.0000000000
51918  -36.390  -22.417  71.788 0.0000000000
51917  -36.016  -22.369  71.320 0.0000000000
52871  -35.688  -21.426  70.594 0.0000000000
51938  -34.856  -22.095  69.029 0.0000000000
44875  -18.150  -29.575  76.934 0.0000000000
44890  -18.334  -29.984  76.337 0.0000000000
44892  -19.924  -29.481  75.514 0.0000000000
45953  -19.839  -28.975  76.451 0.0000000000
45954  -20.493  -28.894  76.442 0.0000000000
45935  -20.672  -28.736  76.980 0.0000000000
45955  -21.000  -28.881  76.456 0.0000000000
45994  -21.109  -29.495  74.905 0.0000000000
47029  -21.961  -29.510  75.564 0.0000000000
47012  -21.716  -29.290  75.910 0.0000000000
47013  -22.040  -29.350  75.976 0.0000000000
46997  -22.044  -29.051  76.560 0.0000000000
45937  -23.264  -28.965  77.861 0.0000000000
45957  -23.369  -29.067  76.858 0.0000000000
44878  -24.388  -30.325  76.513 0.0000000000
44864  -24.300  -30.053  77.489 0.0000000000
44865  -24.994  -30.584  77.380 0.0000000000
43771  -25.034  -31.195  78.156 0.0000000000
43783  -25.128  -31.370  77.228 0.0000000000
41973  -32.220  -33.442  70.235 0.0000000000
41972  -31.357  -33.709  70.535 0.0000000000
42897  -34.481  -31.718  70.469 0.0000000000
42914  -33.760  -32.204  70.051 0.0000000000
42880  -34.448  -31.592  71.460 0.0000000000
42853  -34.527  -31.614  73.305 0.0000000000
42867  -33.963  -31.841  72.934 0.0000000000
42852  -34.068  -31.871  73.564 0.0000000000
41915  -33.613  -32.107  73.476 0.0000000000
42834  -33.859  -32.003  73.990 0.0000000000
42824  -33.889  -32.054  74.642 0.0000000000
42825  -34.565  -31.743  74.984 0.0000000000
43785  -35.740  -30.302  77.688 0.0000000000
44866  -36.246  -29.640  77.609 0.0000000000
45965  -36.971  -28.100  76.770 0.0000000000
45945  -36.886  -28.339  77.437 0.0000000000
46987  -37.069  -27.632  77.252 0.0000000000
47971  -37.539  -27.339  78.606 0.0000000000
47051  -37.297  -27.594  74.204 0.0000000000
46002  -37.141  -28.133  75.085 0.0000000000
47035  -37.433  -27.407  74.952 0.0000000000
47020  -37.612  -26.822  75.324 0.0000000000
47985  -37.698  -26.115  77.029 0.0000000000
49895  -38.539  -24.753  78.350 0.0000000000
49908  -38.299  -24.430  77.529 0.0000000000
50884  -38.478  -23.368  77.125 0.0000000000
51862  -38.645  -22.823  77.005 0.0000000000
41884  -17.560  -32.473  74.219 0.0000000000
54988  -43.503  -18.227  70.142 0.0000000000
56094  -43.415  -18.545  68.097 0.0000000000
56073  -43.924  -17.965  69.061 0.0000000000
56087  -43.873  -18.059  68.365 0.0000000000
56088  -44.131  -17.903  67.918 0.0000000000
54002  -41.958  -20.420  65.588 0.0000000000
53981  -42.299  -19.874  66.052 0.0000000000
56114  -44.738  -18.498  65.742 0.0000000000
56113  -44.151  -18.598  66.093 0.0000000000
56105  -45.114  -17.982  66.178 0.0000000000
57174  -44.993  -17.878  66.611 0.0000000000
56106  -45.735  -17.859  66.125 0.0000000000
56116  -46.398  -18.023  65.664 0.0000000000
56128  -46.891  -18.482  64.883 0.0000000000
60322  -47.279  -14.437  57.027 0.0000000000
60304  -48.057  -14.713  57.990 0.0000000000
61230  -48.591  -14.081  57.645 0.0000000000
62140  -49.641  -13.184  58.984 0.0000000000
61221  -49.136  -13.699  58.844 0.0000000000
62133  -49.882  -13.107  59.982 0.0000000000
62134  -50.188  -12.314  60.228 0.0000000000
64036  -51.085  -10.508  57.466 0.0000000000
64025  -51.054  -10.880  58.920 0.0000000000
64006  -50.928  -11.056  60.886 0.0000000000
33120  -8.331  -42.550  86.365 0.0000000000
33119  -7.864  -42.653  85.852 0.0000000000
32227  -8.521  -43.184  86.270 0.0000000000
56218  -40.329  -18.833  57.153 0.0000000000
55191  -40.820  -19.324  57.770 0.0000000000
57309  -41.538  -17.458  56.398 0.0000000000
58369  -42.175  -16.385  56.041 0.0000000000
58370  -43.427  -16.369  56.278 0.0000000000
59366  -43.830  -15.274  56.065 0.0000000000
60320  -45.754  -14.085  56.554 0.0000000000
61246  -45.370  -13.406  56.040 0.0000000000
62164  -46.278  -12.856  55.829 0.0000000000
63092  -46.863  -12.597  55.476 0.0000000000
63105  -47.144  -12.442  55.286 0.0000000000
62201  -47.946  -12.260  54.554 0.0000000000
62200  -47.344  -12.484  54.633 0.0000000000
63113  -47.974  -11.633  55.001 0.0000000000
64048  -47.925  -11.152  55.497 0.0000000000
64059  -48.100  -10.975  55.243 0.0000000000
65021  -48.224  -10.491  55.486 0.0000000000
65030  -48.350  -10.507  55.265 0.0000000000
63116  -49.520  -11.403  54.524 0.0000000000
65039  -49.393  -9.980  55.243 0.0000000000
65988  -50.150  -9.625  55.472 0.0000000000
65040  -50.471  -9.809  55.017 0.0000000000
63126  -50.775  -11.388  53.356 0.0000000000
34782  -9.335  -40.408  83.104 0.0000000000
38947  -12.863  -35.719  83.362 0.0000000000
37975  -11.907  -36.967  84.793 0.0000000000
37121  -11.571  -37.868  84.151 0.0000000000
37116  -11.353  -37.652  85.047 0.0000000000
38900  -12.586  -36.644  86.649 0.0000000000
37096  -10.623  -38.284  86.853 0.0000000000
37101  -10.884  -38.060  86.573 0.0000000000
36319  -10.647  -38.276  86.257 0.0000000000
36325  -10.060  -39.086  85.709 0.0000000000
36333  -10.108  -39.371  84.808 0.0000000000
35550  -9.162  -39.922  86.995 0.0000000000
35554  -9.126  -40.280  86.260 0.0000000000
34759  -8.885  -40.818  86.871 0.0000000000
33931  -10.212  -41.536  87.275 0.0000000000
58127  -43.862  -16.095  74.181 0.0000000000
53857  -39.348  -20.941  76.137 0.0000000000
54898  -39.829  -20.545  76.272 0.0000000000
54915  -39.405  -20.247  75.758 0.0000000000
54928  -38.929  -19.640  75.216 0.0000000000
55986  -39.365  -19.425  75.553 0.0000000000
55987  -40.149  -19.314  75.699 0.0000000000
56003  -39.520  -18.965  75.350 0.0000000000
54952  -37.582  -19.995  73.139 0.0000000000
54953  -37.822  -19.760  72.806 0.0000000000
56034  -39.111  -19.186  73.623 0.0000000000
56023  -39.626  -18.821  74.086 0.0000000000
57083  -40.276  -18.622  74.477 0.0000000000
57084  -41.309  -18.200  74.729 0.0000000000
57098  -40.573  -18.819  73.755 0.0000000000
56046  -41.170  -19.676  72.527 0.0000000000
57099  -41.431  -18.519  73.554 0.0000000000
57107  -41.862  -19.246  72.670 0.0000000000
108929  -40.363  -21.528  69.777 0.0000000000
108930  -41.279  -21.016  69.618 0.0000000000
52898  -41.095  -20.816  68.448 0.0000000000
108932  -40.769  -21.168  68.808 0.0000000000
53912  -38.141  -21.747  68.302 0.0000000000
52000  -38.587  -22.156  66.292 0.0000000000
51988  -39.179  -21.878  67.019 0.0000000000
51989  -39.805  -21.619  66.509 0.0000000000
53006  -39.298  -22.424  62.512 0.0000000000
53024  -38.145  -22.499  61.376 0.0000000000
54012  -34.137  -20.676  65.031 0.0000000000
54026  -33.866  -20.991  64.364 0.0000000000
52049  -35.148  -22.896  61.869 0.0000000000
53043  -37.867  -22.071  60.494 0.0000000000
45912  -19.265  -28.549  77.960 0.0000000000
45911  -18.747  -28.584  78.385 0.0000000000
46960  -19.552  -28.245  78.371 0.0000000000
46916  -21.464  -28.150  80.319 0.0000000000
44808  -23.441  -30.071  81.204 0.0000000000
44791  -23.706  -30.420  81.901 0.0000000000
42850  -24.072  -31.680  73.336 0.0000000000
43855  -23.717  -31.661  72.662 0.0000000000
43836  -24.003  -31.346  73.387 0.0000000000
43818  -24.194  -30.958  74.127 0.0000000000
43819  -24.429  -31.501  74.362 0.0000000000
41858  -25.288  -33.040  76.559 0.0000000000
42815  -25.049  -32.332  75.968 0.0000000000
41841  -25.298  -33.031  77.649 0.0000000000
40989  -28.879  -33.723  70.580 0.0000000000
41933  -28.487  -33.335  72.946 0.0000000000
41932  -27.403  -33.451  72.619 0.0000000000
41862  -31.534  -32.969  76.445 0.0000000000
41873  -29.649  -33.222  76.016 0.0000000000
41872  -28.858  -33.414  76.432 0.0000000000
40914  -27.802  -33.568  75.525 0.0000000000
40898  -28.088  -33.640  76.142 0.0000000000
40897  -27.315  -33.665  75.898 0.0000000000
40849  -28.195  -33.770  78.849 0.0000000000
40834  -27.785  -33.817  79.756 0.0000000000
40819  -27.461  -33.687  80.769 0.0000000000
40820  -28.396  -33.635  80.731 0.0000000000
43723  -32.630  -32.484  81.550 0.0000000000
43705  -32.455  -32.639  82.035 0.0000000000
46947  -36.593  -28.743  79.255 0.0000000000
39963  -15.308  -34.607  75.427 0.0000000000
39948  -15.069  -34.530  76.311 0.0000000000
39962  -14.759  -35.200  75.914 0.0000000000
39046  -14.352  -35.593  76.610 0.0000000000
39032  -13.926  -35.947  77.295 0.0000000000
39005  -13.887  -35.390  79.440 0.0000000000
38026  -13.612  -35.924  79.693 0.0000000000
42756  -15.345  -31.287  80.785 0.0000000000
59206  -45.774  -15.861  71.196 0.0000000000
55149  -40.732  -20.167  60.176 0.0000000000
55126  -41.887  -19.880  60.869 0.0000000000
55105  -43.153  -19.670  61.775 0.0000000000
57265  -43.866  -18.185  60.051 0.0000000000
57244  -44.220  -17.949  60.302 0.0000000000
56166  -44.458  -18.368  60.829 0.0000000000
55130  -45.404  -19.120  61.569 0.0000000000
55108  -45.601  -19.433  62.393 0.0000000000
55111  -48.686  -18.983  62.368 0.0000000000
55110  -47.488  -19.156  62.459 0.0000000000
60286  -47.539  -14.820  59.443 0.0000000000
60275  -47.828  -14.495  60.246 0.0000000000
60240  -47.775  -14.378  62.664 0.0000000000
61188  -46.978  -14.058  61.705 0.0000000000
59286  -47.113  -15.054  62.518 0.0000000000
65042  -52.797  -9.511  54.267 0.0000000000
65051  -53.831  -9.378  53.202 0.0000000000
65043  -53.459  -8.951  54.081 0.0000000000
65999  -53.849  -8.374  53.955 0.0000000000
66945  -54.246  -7.482  53.706 0.0000000000
64108  -53.590  -9.811  51.641 0.0000000000
65067  -53.991  -9.573  51.264 0.0000000000
66960  -54.954  -7.659  51.807 0.0000000000
66007  -54.597  -8.359  52.410 0.0000000000
67950  -54.678  -6.570  53.286 0.0000000000
67951  -55.131  -6.244  52.677 0.0000000000
70864  -56.687  -4.202  52.267 0.0000000000
69883  -56.514  -4.712  51.554 0.0000000000
66995  -55.606  -6.629  48.101 0.0000000000
67976  -55.961  -6.400  49.496 0.0000000000
68956  -56.744  -4.845  50.250 0.0000000000
69885  -58.184  -4.333  51.037 0.0000000000
47121  -37.871  -27.102  69.693 0.0000000000
48074  -38.287  -26.668  70.113 0.0000000000
47136  -37.526  -27.270  69.115 0.0000000000
45024  -35.189  -30.650  69.168 0.0000000000
45025  -35.589  -29.995  69.142 0.0000000000
46081  -36.832  -28.758  70.829 0.0000000000
53007  -39.990  -21.957  62.836 0.0000000000
53027  -40.265  -21.514  62.353 0.0000000000
54036  -41.019  -21.125  62.509 0.0000000000
65970  -50.330  -9.374  55.971 0.0000000000
65971  -51.015  -9.027  56.068 0.0000000000
67911  -53.445  -7.220  57.366 0.0000000000
67912  -53.571  -6.649  57.125 0.0000000000
67919  -53.231  -7.219  56.761 0.0000000000
66927  -53.072  -7.088  55.962 0.0000000000
66936  -53.012  -7.546  55.449 0.0000000000
37147  -11.776  -37.886  79.624 0.0000000000
36377  -11.307  -38.210  79.282 0.0000000000
53919  -34.644  -20.640  69.023 0.0000000000
54983  -35.213  -20.364  69.955 0.0000000000
54995  -34.973  -20.026  69.558 0.0000000000
55016  -35.763  -19.886  68.209 0.0000000000
55017  -36.301  -20.256  68.198 0.0000000000
53930  -35.948  -20.194  67.573 0.0000000000
53953  -35.424  -20.139  67.018 0.0000000000
108937  -35.333  -20.491  66.408 0.0000000000
45891  -16.996  -28.914  79.844 0.0000000000
42744  -24.816  -31.601  80.739 0.0000000000
40801  -25.516  -33.136  82.152 0.0000000000
40784  -26.254  -33.340  82.970 0.0000000000
40803  -27.273  -33.490  81.847 0.0000000000
42807  -34.644  -31.483  77.463 0.0000000000
43772  -34.058  -30.972  79.260 0.0000000000
43757  -33.798  -30.919  79.895 0.0000000000
43742  -33.578  -31.061  80.532 0.0000000000
44825  -34.162  -30.678  80.360 0.0000000000
44811  -34.636  -30.651  80.491 0.0000000000
42800  -16.685  -31.205  77.624 0.0000000000
58354  -44.955  -16.722  57.434 0.0000000000
58348  -44.847  -16.897  58.463 0.0000000000
59338  -45.371  -16.361  58.629 0.0000000000
59329  -45.626  -15.890  59.240 0.0000000000
60273  -45.596  -15.250  60.077 0.0000000000
50896  -38.402  -23.372  76.046 0.0000000000
50920  -38.262  -23.054  74.363 0.0000000000
50938  -37.795  -23.063  73.310 0.0000000000
50026  -37.198  -24.596  69.250 0.0000000000
50009  -37.195  -24.275  70.068 0.0000000000
50985  -36.646  -24.029  69.725 0.0000000000
50984  -35.956  -23.403  69.788 0.0000000000
51939  -35.435  -22.583  69.351 0.0000000000
45977  -23.284  -29.625  75.877 0.0000000000
45978  -23.873  -29.897  75.950 0.0000000000
44895  -24.121  -30.399  75.520 0.0000000000
43840  -34.938  -30.986  72.838 0.0000000000
43820  -35.055  -31.244  74.030 0.0000000000
43809  -35.999  -30.392  75.640 0.0000000000
44883  -36.614  -29.487  76.892 0.0000000000
45986  -37.201  -28.196  76.081 0.0000000000
47036  -37.723  -26.898  74.432 0.0000000000
48008  -37.991  -26.137  74.806 0.0000000000
48969  -37.943  -25.162  76.244 0.0000000000
42831  -17.962  -31.731  74.260 0.0000000000
43815  -18.048  -31.071  74.717 0.0000000000
53922  -41.763  -20.260  68.789 0.0000000000
54999  -42.932  -18.801  69.367 0.0000000000
55018  -42.606  -19.290  68.591 0.0000000000
55039  -42.897  -18.983  67.718 0.0000000000
55061  -43.279  -19.757  65.002 0.0000000000
56126  -45.193  -18.683  65.226 0.0000000000
55076  -46.355  -18.931  64.209 0.0000000000
62149  -48.922  -13.503  57.388 0.0000000000
62151  -49.882  -12.739  58.432 0.0000000000
64017  -51.697  -10.263  59.961 0.0000000000
69858  -55.522  -3.978  54.355 0.0000000000
62184  -44.020  -13.349  55.135 0.0000000000
62185  -45.209  -13.270  55.326 0.0000000000
63114  -48.377  -11.667  54.824 0.0000000000
64068  -48.529  -10.832  55.007 0.0000000000
63123  -48.758  -12.075  54.298 0.0000000000
63124  -49.269  -12.009  53.909 0.0000000000
63125  -50.034  -11.580  53.742 0.0000000000
34775  -9.546  -40.439  84.025 0.0000000000
39818  -12.914  -35.367  85.238 0.0000000000
38921  -12.381  -35.812  85.112 0.0000000000
38920  -11.994  -36.115  85.430 0.0000000000
38912  -11.916  -36.197  86.022 0.0000000000
37949  -11.849  -37.733  86.996 0.0000000000
36312  -11.064  -38.295  87.036 0.0000000000
36315  -10.244  -38.624  87.070 0.0000000000
35544  -9.561  -39.836  87.298 0.0000000000
34752  -9.651  -40.358  87.579 0.0000000000
33923  -9.680  -40.825  87.614 0.0000000000
33925  -10.831  -40.802  87.428 0.0000000000
53879  -38.073  -21.027  74.681 0.0000000000
54914  -38.969  -20.299  75.382 0.0000000000
54926  -38.221  -20.453  74.713 0.0000000000
56001  -38.571  -19.680  74.627 0.0000000000
54962  -37.995  -19.710  72.009 0.0000000000
56045  -40.216  -19.808  72.643 0.0000000000
108926  -41.324  -20.433  71.614 0.0000000000
51999  -38.139  -22.064  67.203 0.0000000000
52012  -38.562  -22.561  64.927 0.0000000000
52036  -37.583  -22.993  62.384 0.0000000000
46961  -20.317  -28.245  78.090 0.0000000000
46939  -21.320  -28.006  79.451 0.0000000000
46917  -22.046  -28.492  80.475 0.0000000000
42714  -24.327  -32.084  82.819 0.0000000000
43691  -23.915  -31.286  82.662 0.0000000000
42878  -24.616  -32.387  71.601 0.0000000000
42877  -23.959  -32.103  72.177 0.0000000000
42866  -24.550  -32.382  72.612 0.0000000000
42851  -24.334  -31.943  73.552 0.0000000000
42833  -24.738  -32.296  74.390 0.0000000000
41871  -25.288  -33.037  75.580 0.0000000000
40879  -25.882  -33.402  76.067 0.0000000000
40949  -30.450  -33.587  71.870 0.0000000000
40948  -29.937  -33.604  71.990 0.0000000000
41861  -30.605  -33.191  76.783 0.0000000000
40883  -28.965  -33.400  77.674 0.0000000000
40867  -29.306  -33.357  78.236 0.0000000000
40850  -29.003  -33.473  78.971 0.0000000000
40821  -29.275  -33.410  80.714 0.0000000000
40859  -14.956  -34.053  77.532 0.0000000000
40873  -15.061  -34.283  76.814 0.0000000000
39933  -14.608  -34.698  77.698 0.0000000000
39919  -14.316  -34.913  78.486 0.0000000000
39904  -14.251  -34.788  79.037 0.0000000000
44800  -15.885  -30.053  81.652 0.0000000000
55165  -41.423  -19.565  59.216 0.0000000000
55150  -41.392  -19.659  60.138 0.0000000000
56184  -42.081  -19.069  59.730 0.0000000000
56164  -43.324  -18.801  60.378 0.0000000000
58307  -44.815  -16.623  60.730 0.0000000000
57245  -44.501  -17.699  60.535 0.0000000000
57246  -45.017  -17.457  60.947 0.0000000000
55132  -46.959  -18.941  61.756 0.0000000000
56142  -48.987  -18.651  61.998 0.0000000000
61202  -48.491  -13.977  60.663 0.0000000000
61173  -48.153  -13.871  62.463 0.0000000000
60225  -48.515  -14.257  63.103 0.0000000000
64083  -52.571  -10.448  53.429 0.0000000000
64084  -53.218  -10.124  52.992 0.0000000000
66970  -54.952  -8.237  51.229 0.0000000000
66961  -55.271  -7.184  51.295 0.0000000000
68001  -54.926  -5.839  46.956 0.0000000000
67977  -56.331  -5.620  48.982 0.0000000000
69950  -57.676  -4.342  46.193 0.0000000000
69928  -58.315  -3.747  47.188 0.0000000000
49001  -38.583  -25.529  73.150 0.0000000000
49961  -38.654  -25.007  72.859 0.0000000000
49998  -38.454  -24.771  71.341 0.0000000000
49043  -38.112  -25.013  70.095 0.0000000000
48089  -38.081  -26.233  69.578 0.0000000000
49058  -37.861  -25.227  69.556 0.0000000000
49057  -37.458  -25.013  69.058 0.0000000000
50042  -36.861  -24.575  68.641 0.0000000000
46037  -21.161  -30.221  72.557 0.0000000000
46038  -21.314  -30.343  72.789 0.0000000000
46039  -21.680  -30.517  72.975 0.0000000000
42922  -33.701  -32.231  68.954 0.0000000000
42915  -34.372  -31.727  69.439 0.0000000000
43875  -34.803  -30.976  70.852 0.0000000000
45006  -35.488  -30.532  69.729 0.0000000000
43893  -35.400  -30.700  70.369 0.0000000000
43876  -35.498  -30.594  71.115 0.0000000000
44968  -36.061  -29.761  72.506 0.0000000000
44943  -36.682  -29.249  73.902 0.0000000000
47068  -37.405  -27.889  73.263 0.0000000000
48032  -38.286  -26.720  72.912 0.0000000000
48033  -38.548  -26.086  72.985 0.0000000000
52948  -41.005  -20.899  65.890 0.0000000000
53979  -41.398  -20.593  66.647 0.0000000000
52949  -41.490  -20.822  65.451 0.0000000000
54014  -42.278  -20.558  64.890 0.0000000000
52988  -41.505  -21.101  63.996 0.0000000000
54015  -42.830  -20.346  64.471 0.0000000000
54016  -43.252  -20.201  63.943 0.0000000000
54029  -43.372  -20.089  63.244 0.0000000000
64037  -51.773  -9.631  57.603 0.0000000000
68903  -53.861  -5.928  56.870 0.0000000000
69856  -53.953  -4.870  55.252 0.0000000000
68921  -53.970  -5.431  54.683 0.0000000000
36371  -11.215  -38.277  79.876 0.0000000000
36370  -10.503  -38.696  79.933 0.0000000000
36361  -10.270  -39.007  80.861 0.0000000000
36346  -10.737  -38.862  82.948 0.0000000000
53893  -35.799  -20.815  72.414 0.0000000000
54959  -36.046  -20.294  72.920 0.0000000000
53911  -37.551  -21.305  68.402 0.0000000000
53920  -36.722  -20.653  68.112 0.0000000000
53921  -37.123  -20.988  68.046 0.0000000000
45915  -23.138  -28.989  78.807 0.0000000000
45895  -23.143  -28.945  79.670 0.0000000000
45882  -23.665  -29.249  80.053 0.0000000000
44823  -23.650  -30.172  80.442 0.0000000000
43721  -24.146  -30.759  81.443 0.0000000000
42743  -24.634  -31.525  81.457 0.0000000000
42729  -24.480  -31.646  82.164 0.0000000000
40765  -26.970  -33.552  83.789 0.0000000000
42895  -24.555  -32.238  70.574 0.0000000000
41908  -26.500  -33.428  73.591 0.0000000000
41876  -32.497  -32.632  75.207 0.0000000000
41863  -32.359  -32.763  76.156 0.0000000000
41845  -32.392  -32.889  77.188 0.0000000000
41829  -32.182  -32.895  77.982 0.0000000000
41828  -31.648  -32.939  78.490 0.0000000000
41811  -31.617  -32.771  79.496 0.0000000000
41796  -31.518  -32.767  80.187 0.0000000000
42760  -31.667  -32.770  80.610 0.0000000000
43740  -32.763  -32.233  81.052 0.0000000000
43724  -33.196  -31.846  81.097 0.0000000000
43725  -33.406  -31.243  80.792 0.0000000000
44809  -33.496  -31.294  80.970 0.0000000000
44792  -33.387  -31.722  81.206 0.0000000000
40889  -15.971  -33.540  75.103 0.0000000000
41852  -15.941  -32.687  76.979 0.0000000000
40860  -15.519  -33.211  77.717 0.0000000000
41820  -15.413  -32.696  79.039 0.0000000000
41804  -15.156  -32.686  79.660 0.0000000000
41805  -15.501  -32.292  79.417 0.0000000000
43749  -15.756  -30.559  80.345 0.0000000000
44818  -15.903  -29.949  80.996 0.0000000000
57286  -43.379  -18.366  59.080 0.0000000000
58327  -44.280  -17.166  59.958 0.0000000000
59327  -44.572  -16.698  59.764 0.0000000000
59319  -44.421  -16.790  59.948 0.0000000000
58328  -44.528  -16.797  60.323 0.0000000000
64119  -51.624  -10.214  50.754 0.0000000000
65078  -52.146  -9.632  50.345 0.0000000000
65079  -52.981  -9.605  50.657 0.0000000000
38993  -13.275  -36.004  80.911 0.0000000000
38979  -13.123  -35.906  81.731 0.0000000000
38963  -13.073  -35.541  82.523 0.0000000000
40723  -13.217  -34.998  85.061 0.0000000000
52814  -39.200  -21.505  76.766 0.0000000000
52829  -38.303  -21.357  74.966 0.0000000000
52837  -37.480  -21.240  73.617 0.0000000000
52846  -36.220  -21.184  73.116 0.0000000000
50955  -37.580  -23.612  72.313 0.0000000000
50954  -37.230  -22.872  72.550 0.0000000000
51909  -36.795  -22.317  72.174 0.0000000000
51908  -36.023  -22.117  72.221 0.0000000000
52854  -35.959  -21.461  72.827 0.0000000000
52870  -34.981  -21.281  70.108 0.0000000000
52883  -34.785  -21.314  69.447 0.0000000000
53929  -34.146  -20.596  68.150 0.0000000000
44862  -17.820  -29.469  77.727 0.0000000000
44863  -18.342  -29.222  77.317 0.0000000000
45932  -18.859  -28.902  77.463 0.0000000000
44877  -19.342  -29.372  76.214 0.0000000000
45952  -19.227  -29.025  76.793 0.0000000000
45933  -19.521  -28.778  77.288 0.0000000000
46979  -20.560  -28.545  77.414 0.0000000000
46981  -21.871  -28.545  77.539 0.0000000000
44893  -20.618  -29.331  75.350 0.0000000000
45974  -20.828  -29.090  75.770 0.0000000000
46996  -21.508  -28.937  76.585 0.0000000000
45936  -22.574  -28.666  78.205 0.0000000000
45916  -23.674  -29.312  78.570 0.0000000000
44851  -24.029  -30.021  78.414 0.0000000000
43755  -24.967  -30.994  79.114 0.0000000000
42775  -25.076  -31.897  78.947 0.0000000000
41825  -25.310  -32.857  78.767 0.0000000000
40991  -30.708  -33.870  70.232 0.0000000000
40968  -30.427  -33.716  71.241 0.0000000000
41955  -30.737  -33.573  71.755 0.0000000000
41913  -32.235  -32.754  73.475 0.0000000000
41974  -33.143  -32.729  70.732 0.0000000000
41958  -33.286  -32.537  71.814 0.0000000000
42879  -33.878  -31.953  72.080 0.0000000000
41937  -32.702  -32.688  72.597 0.0000000000
41914  -33.014  -32.436  73.458 0.0000000000
41892  -32.717  -32.541  74.288 0.0000000000
41877  -33.268  -32.393  74.981 0.0000000000
42817  -34.642  -31.687  76.192 0.0000000000
43784  -35.087  -30.849  77.904 0.0000000000
43774  -35.396  -30.393  78.454 0.0000000000
44853  -35.339  -30.181  79.011 0.0000000000
44843  -35.650  -29.757  79.416 0.0000000000
45922  -36.341  -29.067  78.687 0.0000000000
45901  -36.559  -28.770  78.977 0.0000000000
44867  -36.682  -29.045  77.524 0.0000000000
45923  -36.777  -28.670  78.323 0.0000000000
46948  -37.028  -28.297  79.010 0.0000000000
47972  -37.881  -26.379  78.194 0.0000000000
46988  -37.330  -27.036  76.955 0.0000000000
49882  -38.586  -25.084  78.707 0.0000000000
50870  -38.638  -23.882  77.903 0.0000000000
40907  -16.668  -33.291  74.311 0.0000000000
42830  -17.553  -32.194  74.669 0.0000000000
42821  -17.415  -31.802  75.313 0.0000000000
108923  -44.370  -16.873  71.326 0.0000000000
56059  -43.723  -18.080  69.669 0.0000000000
57123  -44.327  -17.587  69.619 0.0000000000
58202  -45.140  -16.856  69.660 0.0000000000
57140  -45.510  -16.723  68.912 0.0000000000
53980  -41.849  -20.077  66.478 0.0000000000
55052  -42.354  -19.736  66.547 0.0000000000
56102  -43.396  -18.784  67.326 0.0000000000
55054  -43.721  -18.832  66.118 0.0000000000
56103  -43.864  -18.627  66.785 0.0000000000
56096  -44.306  -18.039  67.334 0.0000000000
57160  -44.930  -17.738  67.107 0.0000000000
57161  -45.673  -17.160  67.470 0.0000000000
59349  -46.633  -15.254  57.283 0.0000000000
59340  -46.905  -15.421  58.237 0.0000000000
59341  -47.335  -15.083  57.921 0.0000000000
60295  -48.152  -14.609  58.592 0.0000000000
60287  -48.270  -14.510  59.443 0.0000000000
61231  -48.950  -13.776  58.234 0.0000000000
61213  -48.814  -14.191  59.597 0.0000000000
61203  -49.402  -13.464  60.781 0.0000000000
61191  -49.468  -13.164  61.378 0.0000000000
62114  -49.719  -12.894  61.978 0.0000000000
64016  -51.008  -10.976  60.156 0.0000000000
62124  -50.227  -12.133  61.271 0.0000000000
33946  -7.850  -42.239  85.536 0.0000000000
54087  -39.281  -21.079  59.946 0.0000000000
54104  -39.733  -20.378  58.781 0.0000000000
54105  -40.330  -20.188  59.103 0.0000000000
55176  -39.935  -20.006  58.288 0.0000000000
55177  -40.554  -19.865  58.563 0.0000000000
55192  -41.493  -19.076  57.795 0.0000000000
56207  -42.065  -19.003  58.132 0.0000000000
56231  -40.868  -18.133  56.779 0.0000000000
56232  -41.780  -18.248  56.947 0.0000000000
56221  -42.567  -18.568  57.696 0.0000000000
57311  -44.108  -17.225  56.838 0.0000000000
57312  -44.615  -16.916  57.047 0.0000000000
58355  -45.409  -16.165  57.215 0.0000000000
59367  -44.652  -15.025  56.311 0.0000000000
59368  -45.413  -14.841  56.549 0.0000000000
59369  -46.094  -14.829  56.773 0.0000000000
60321  -46.701  -14.396  56.804 0.0000000000
61248  -47.568  -13.875  56.798 0.0000000000
62187  -47.006  -12.528  54.998 0.0000000000
65022  -48.712  -10.070  55.781 0.0000000000
65032  -49.270  -9.845  55.560 0.0000000000
65038  -48.637  -10.343  55.102 0.0000000000
65978  -49.942  -9.714  55.648 0.0000000000
65041  -51.497  -9.511  54.769 0.0000000000
64081  -50.745  -11.149  54.064 0.0000000000
64082  -51.532  -10.986  53.599 0.0000000000
63152  -51.418  -11.031  51.995 0.0000000000
64105  -51.117  -10.742  51.285 0.0000000000
37127  -12.225  -37.554  82.228 0.0000000000
37976  -12.314  -36.569  84.288 0.0000000000
37125  -10.999  -38.356  83.668 0.0000000000
38904  -12.752  -36.224  86.656 0.0000000000
38903  -12.172  -36.458  86.493 0.0000000000
37962  -11.479  -36.966  86.055 0.0000000000
37956  -11.416  -37.463  86.666 0.0000000000
37968  -10.863  -37.256  86.053 0.0000000000
37108  -11.184  -37.621  85.535 0.0000000000
37115  -10.965  -38.086  85.348 0.0000000000
36340  -10.541  -39.067  84.006 0.0000000000
36339  -10.126  -39.516  84.195 0.0000000000
35569  -9.873  -39.895  84.439 0.0000000000
35555  -9.670  -39.550  86.399 0.0000000000
33938  -8.339  -41.923  86.214 0.0000000000
33115  -8.736  -42.424  86.934 0.0000000000
33930  -9.357  -41.286  87.390 0.0000000000
33116  -9.579  -42.361  87.072 0.0000000000
54885  -40.591  -20.583  77.029 0.0000000000
56020  -38.251  -19.799  73.804 0.0000000000
56021  -38.693  -19.311  74.255 0.0000000000
56033  -38.358  -19.594  73.254 0.0000000000
57082  -39.774  -18.761  75.029 0.0000000000
57062  -40.740  -18.609  75.320 0.0000000000
52907  -41.024  -20.747  67.582 0.0000000000
108936  -39.949  -21.636  68.174 0.0000000000
51972  -40.070  -21.445  67.463 0.0000000000
52923  -40.560  -21.097  67.401 0.0000000000
51990  -40.171  -21.605  65.824 0.0000000000
52013  -39.415  -22.485  64.477 0.0000000000
53044  -38.546  -21.878  60.813 0.0000000000
53975  -33.401  -21.041  66.459 0.0000000000
53998  -33.959  -20.491  65.885 0.0000000000
53999  -34.661  -20.531  65.792 0.0000000000
108939  -35.099  -20.680  65.673 0.0000000000
52964  -34.440  -21.010  64.523 0.0000000000
52068  -36.579  -22.648  60.252 0.0000000000
52051  -37.293  -22.625  61.013 0.0000000000
53067  -38.397  -21.581  60.087 0.0000000000
45910  -17.964  -28.832  78.658 0.0000000000
45893  -18.549  -28.383  79.291 0.0000000000
46937  -19.739  -27.941  79.038 0.0000000000
45881  -23.162  -28.974  80.469 0.0000000000
45880  -22.517  -28.856  80.759 0.0000000000
44912  -23.406  -30.228  74.404 0.0000000000
44913  -23.984  -30.399  74.611 0.0000000000
43795  -24.759  -30.878  75.851 0.0000000000
43807  -24.754  -31.673  75.292 0.0000000000
43796  -25.066  -31.507  76.308 0.0000000000
40987  -27.427  -33.458  70.987 0.0000000000
40947  -29.045  -33.498  72.105 0.0000000000
40929  -26.920  -33.509  74.127 0.0000000000
41890  -30.915  -32.959  74.605 0.0000000000
41889  -29.802  -33.003  74.846 0.0000000000
40912  -26.457  -33.520  74.548 0.0000000000
40896  -26.551  -33.582  75.510 0.0000000000
40880  -26.633  -33.666  76.493 0.0000000000
40865  -27.820  -33.822  77.847 0.0000000000
40864  -26.829  -33.776  77.567 0.0000000000
40805  -28.972  -33.339  81.597 0.0000000000
40787  -28.711  -33.289  82.277 0.0000000000
41764  -28.829  -33.286  82.695 0.0000000000
42745  -31.594  -32.799  81.123 0.0000000000
42731  -31.377  -32.807  81.897 0.0000000000
41767  -31.330  -33.024  82.460 0.0000000000
38025  -13.260  -36.612  79.917 0.0000000000
38064  -13.553  -36.430  77.967 0.0000000000
42739  -15.364  -31.222  81.675 0.0000000000
54067  -40.288  -20.697  60.596 0.0000000000
54049  -41.424  -20.339  61.626 0.0000000000
54039  -43.448  -19.888  62.468 0.0000000000
57275  -43.482  -18.486  59.701 0.0000000000
56186  -43.540  -18.600  60.216 0.0000000000
55128  -43.757  -19.090  61.159 0.0000000000
55092  -46.927  -19.102  63.314 0.0000000000
55093  -47.977  -19.190  63.292 0.0000000000
60285  -46.713  -15.241  59.244 0.0000000000
61200  -46.843  -14.277  61.249 0.0000000000
60258  -46.469  -14.547  61.424 0.0000000000
60238  -46.106  -15.055  61.556 0.0000000000
59285  -46.416  -15.247  61.905 0.0000000000
58282  -46.680  -15.739  61.995 0.0000000000
58311  -48.493  -16.192  61.840 0.0000000000
64107  -52.946  -10.010  51.538 0.0000000000
65052  -54.327  -8.813  52.768 0.0000000000
65068  -54.406  -9.189  51.456 0.0000000000
65060  -54.382  -9.034  52.256 0.0000000000
68929  -54.706  -5.544  53.931 0.0000000000
69864  -55.243  -4.763  53.966 0.0000000000
68930  -55.225  -5.131  53.361 0.0000000000
69865  -55.792  -4.423  53.297 0.0000000000
70857  -56.565  -4.054  52.791 0.0000000000
68946  -56.480  -4.963  50.965 0.0000000000
32220  -8.779  -42.945  86.783 0.0000000000
33937  -7.916  -42.251  85.956 0.0000000000
34751  -9.175  -40.271  87.337 0.0000000000
36305  -11.021  -38.497  87.139 0.0000000000
36311  -10.684  -38.468  87.061 0.0000000000
36326  -10.585  -38.467  85.876 0.0000000000
37092  -10.849  -38.126  86.886 0.0000000000
37097  -10.988  -37.850  86.705 0.0000000000
37100  -10.450  -38.412  86.874 0.0000000000
37948  -11.629  -37.795  86.930 0.0000000000
37950  -12.138  -37.599  86.973 0.0000000000
37952  -11.780  -37.571  87.146 0.0000000000
37953  -12.060  -37.345  86.773 0.0000000000
37961  -11.226  -37.324  86.466 0.0000000000
37993  -12.273  -37.232  82.949 0.0000000000
38898  -12.169  -37.138  87.004 0.0000000000
38902  -11.722  -37.028  86.485 0.0000000000
38964  -13.302  -35.284  82.071 0.0000000000
39019  -14.383  -34.956  78.100 0.0000000000
39811  -12.893  -35.718  85.969 0.0000000000
39817  -12.422  -35.741  85.483 0.0000000000
40930  -27.096  -33.529  74.406 0.0000000000
40965  -27.780  -33.526  71.592 0.0000000000
40966  -28.580  -33.611  71.417 0.0000000000
40969  -30.972  -33.749  70.872 0.0000000000
41743  -24.746  -32.807  83.431 0.0000000000
41778  -24.636  -31.953  81.843 0.0000000000
41859  -28.952  -33.415  76.937 0.0000000000
41887  -27.834  -33.416  74.709 0.0000000000
42715  -24.663  -32.454  82.956 0.0000000000
42770  -15.416  -32.182  79.788 0.0000000000
42778  -33.707  -31.194  79.320 0.0000000000
43707  -33.458  -31.979  81.512 0.0000000000
43722  -24.561  -31.073  80.853 0.0000000000
43739  -24.783  -30.885  80.062 0.0000000000
43756  -33.183  -31.174  80.193 0.0000000000
44807  -23.266  -30.105  81.452 0.0000000000
45864  -23.025  -29.403  81.179 0.0000000000
45894  -22.569  -28.696  80.079 0.0000000000
45896  -23.587  -29.181  79.323 0.0000000000
46045  -36.734  -29.329  72.385 0.0000000000
46898  -22.080  -28.736  80.846 0.0000000000
46924  -36.614  -28.803  79.561 0.0000000000
46959  -19.160  -28.342  78.409 0.0000000000
47030  -22.195  -29.482  75.717 0.0000000000
47070  -38.371  -27.108  72.037 0.0000000000
48018  -38.498  -25.892  73.392 0.0000000000
48049  -38.349  -26.930  72.426 0.0000000000
48090  -38.347  -26.212  69.965 0.0000000000
48103  -37.476  -26.614  68.470 0.0000000000
49059  -38.329  -25.800  69.941 0.0000000000
49883  -38.821  -24.911  78.945 0.0000000000
50011  -38.226  -24.727  70.801 0.0000000000
50027  -37.566  -24.657  69.776 0.0000000000
50871  -38.904  -23.400  78.083 0.0000000000
50885  -38.738  -23.298  77.653 0.0000000000
52822  -39.081  -21.279  76.152 0.0000000000
52855  -36.591  -21.803  72.549 0.0000000000
52872  -37.450  -21.512  67.892 0.0000000000
52884  -37.196  -21.417  67.543 0.0000000000
52906  -35.474  -20.463  66.628 0.0000000000
52945  -34.836  -20.652  65.446 0.0000000000
52946  -40.169  -21.323  66.925 0.0000000000
53830  -39.969  -21.245  77.023 0.0000000000
53845  -39.748  -20.973  76.566 0.0000000000
53867  -38.124  -20.607  74.652 0.0000000000
53868  -38.409  -20.829  75.061 0.0000000000
53954  -35.814  -20.413  67.097 0.0000000000
53955  -41.302  -20.609  67.271 0.0000000000
54000  -34.953  -20.515  65.900 0.0000000000
54013  -34.624  -20.657  65.312 0.0000000000
54025  -33.347  -20.974  64.470 0.0000000000
54117  -39.096  -20.196  58.028 0.0000000000
54899  -40.159  -20.494  76.533 0.0000000000
54950  -36.372  -20.563  73.040 0.0000000000
54998  -36.690  -20.387  68.798 0.0000000000
55000  -43.421  -18.429  69.341 0.0000000000
55050  -34.303  -20.140  67.072 0.0000000000
55051  -34.482  -20.005  67.250 0.0000000000
55063  -44.753  -18.831  65.195 0.0000000000
56060  -43.894  -17.927  69.479 0.0000000000
56072  -43.691  -18.165  69.287 0.0000000000
56086  -43.559  -18.336  68.813 0.0000000000
56220  -41.913  -18.732  57.463 0.0000000000
57061  -40.130  -18.852  75.300 0.0000000000
57122  -43.946  -17.841  69.704 0.0000000000
57124  -44.800  -17.112  69.726 0.0000000000
57138  -44.329  -17.673  68.743 0.0000000000
57150  -44.236  -17.783  68.265 0.0000000000
57151  -44.691  -17.484  68.020 0.0000000000
57175  -45.458  -17.700  66.679 0.0000000000
57264  -43.515  -18.536  59.956 0.0000000000
57288  -44.519  -17.600  58.316 0.0000000000
58338  -44.619  -16.902  59.279 0.0000000000
59207  -46.470  -15.710  71.079 0.0000000000
59229  -46.005  -15.887  70.539 0.0000000000
59350  -47.150  -15.065  57.605 0.0000000000
60224  -48.221  -14.125  62.860 0.0000000000
60272  -44.985  -15.570  60.273 0.0000000000
60294  -47.432  -14.975  58.437 0.0000000000
60303  -47.667  -14.639  57.480 0.0000000000
61154  -48.531  -13.867  62.947 0.0000000000
61172  -47.348  -13.977  62.274 0.0000000000
61201  -47.341  -14.062  61.040 0.0000000000
61229  -48.067  -14.169  57.162 0.0000000000
62223  -48.583  -12.313  53.132 0.0000000000
63079  -49.722  -12.541  57.298 0.0000000000
63115  -48.932  -11.482  54.711 0.0000000000
65037  -48.366  -10.538  55.082 0.0000000000
65066  -53.486  -9.700  51.116 0.0000000000
66034  -54.903  -8.310  50.067 0.0000000000
66980  -54.838  -8.100  49.325 0.0000000000
68978  -54.414  -5.793  46.964 0.0000000000
69874  -56.769  -4.350  51.907 0.0000000000
69929  -58.914  -4.084  47.347 0.0000000000
70903  -58.756  -2.997  47.806 0.0000000000
70922  -58.566  -3.249  47.624 0.0000000000
70923  -58.808  -3.384  47.411 0.0000000000
