#!ascii label  , from subject 3969 vox2ras=TkReg
873
39906  -17.310  -34.553  78.859 0.0000000000
53819  -40.395  -21.790  77.567 0.0000000000
108922  -44.254  -16.189  72.804 0.0000000000
55064  -50.567  -19.231  65.224 0.0000000000
48922  -38.789  -25.711  79.321 0.0000000000
58230  -46.374  -16.707  67.978 0.0000000000
62099  -50.082  -12.782  62.813 0.0000000000
64982  -53.309  -8.967  61.311 0.0000000000
51886  -44.561  -22.196  74.151 0.0000000000
55951  -48.559  -19.209  76.980 0.0000000000
58090  -42.039  -18.127  75.879 0.0000000000
44802  -16.651  -30.220  80.686 0.0000000000
44787  -21.325  -29.604  81.104 0.0000000000
40731  -25.549  -33.953  83.823 0.0000000000
39828  -30.360  -34.429  84.509 0.0000000000
41769  -34.830  -32.379  81.705 0.0000000000
43745  -39.549  -30.363  79.304 0.0000000000
47005  -42.054  -26.241  77.236 0.0000000000
56054  -48.270  -18.255  71.480 0.0000000000
65938  -54.599  -8.120  59.935 0.0000000000
50897  -41.934  -22.071  75.948 0.0000000000
53858  -43.740  -19.785  76.277 0.0000000000
55948  -40.939  -19.998  76.946 0.0000000000
45876  -16.946  -29.364  80.421 0.0000000000
44804  -19.006  -29.085  80.483 0.0000000000
44795  -35.300  -30.549  80.767 0.0000000000
42748  -37.303  -31.358  80.480 0.0000000000
45869  -37.085  -29.041  80.294 0.0000000000
51836  -39.767  -23.754  78.560 0.0000000000
48925  -40.776  -25.253  78.885 0.0000000000
108874  -42.020  -23.964  78.753 0.0000000000
49948  -41.652  -23.820  74.483 0.0000000000
58109  -45.590  -16.664  75.105 0.0000000000
53887  -47.176  -19.431  74.038 0.0000000000
58162  -47.268  -15.661  73.262 0.0000000000
57190  -48.973  -17.831  66.209 0.0000000000
57153  -49.095  -17.990  68.036 0.0000000000
55043  -51.363  -19.779  66.713 0.0000000000
52958  -52.034  -20.733  64.943 0.0000000000
61159  -52.715  -13.165  62.924 0.0000000000
59290  -51.384  -15.288  63.165 0.0000000000
46948  -37.028  -28.297  79.010 0.0000000000
55077  -47.400  -18.849  64.108 0.0000000000
63989  -51.930  -10.939  62.642 0.0000000000
62116  -54.045  -12.017  62.790 0.0000000000
64028  -55.935  -10.535  59.395 0.0000000000
108885  -46.705  -22.518  73.268 0.0000000000
108886  -46.518  -21.446  74.998 0.0000000000
56005  -45.068  -18.659  75.550 0.0000000000
41776  -17.443  -31.985  80.748 0.0000000000
41760  -22.447  -32.484  81.818 0.0000000000
43683  -22.935  -31.904  82.906 0.0000000000
38951  -23.611  -34.492  82.429 0.0000000000
37986  -26.847  -35.612  82.993 0.0000000000
37989  -29.606  -35.540  82.913 0.0000000000
38985  -31.738  -35.089  82.197 0.0000000000
40771  -32.829  -33.422  83.120 0.0000000000
39899  -37.217  -33.258  79.618 0.0000000000
46906  -39.028  -27.508  79.690 0.0000000000
45924  -40.707  -27.895  78.333 0.0000000000
45987  -40.673  -28.515  75.927 0.0000000000
48035  -41.173  -26.546  73.464 0.0000000000
49964  -44.396  -24.321  72.753 0.0000000000
59210  -48.331  -16.549  70.300 0.0000000000
57251  -50.206  -17.101  62.092 0.0000000000
55098  -52.681  -19.367  63.703 0.0000000000
40814  -17.273  -33.307  80.824 0.0000000000
108878  -41.852  -21.722  77.883 0.0000000000
54917  -41.667  -20.459  76.798 0.0000000000
54886  -40.916  -20.477  77.347 0.0000000000
45866  -35.177  -30.268  80.270 0.0000000000
44796  -36.173  -30.190  80.689 0.0000000000
45867  -35.838  -29.693  80.186 0.0000000000
51847  -40.448  -23.011  78.298 0.0000000000
51838  -40.985  -23.388  78.649 0.0000000000
53821  -41.294  -22.438  78.299 0.0000000000
50898  -42.103  -22.410  77.823 0.0000000000
59158  -47.157  -15.845  74.123 0.0000000000
108920  -45.735  -15.808  73.283 0.0000000000
56119  -49.655  -18.509  65.969 0.0000000000
56108  -50.039  -18.676  66.817 0.0000000000
56120  -50.838  -18.989  66.029 0.0000000000
53989  -51.659  -20.146  66.318 0.0000000000
55066  -51.849  -19.951  65.692 0.0000000000
61175  -52.888  -13.380  62.406 0.0000000000
60243  -52.241  -14.295  62.584 0.0000000000
60259  -52.225  -14.943  61.590 0.0000000000
64007  -51.556  -10.641  61.191 0.0000000000
64972  -52.898  -9.608  62.370 0.0000000000
63991  -53.307  -10.425  63.560 0.0000000000
63997  -53.999  -10.015  63.770 0.0000000000
63055  -54.208  -11.071  62.277 0.0000000000
64974  -54.530  -9.042  62.553 0.0000000000
64992  -55.736  -9.014  60.940 0.0000000000
52840  -45.460  -21.976  73.807 0.0000000000
51864  -46.589  -21.931  73.814 0.0000000000
108879  -44.952  -21.544  74.809 0.0000000000
55989  -42.973  -18.935  76.645 0.0000000000
54929  -44.061  -19.281  76.262 0.0000000000
57047  -43.244  -17.997  76.249 0.0000000000
58107  -43.357  -17.034  75.556 0.0000000000
58125  -42.253  -18.069  74.967 0.0000000000
42757  -18.037  -31.089  79.729 0.0000000000
43734  -18.051  -30.316  80.191 0.0000000000
44805  -20.651  -29.319  80.738 0.0000000000
41728  -24.520  -32.812  83.387 0.0000000000
41716  -23.753  -32.698  83.410 0.0000000000
40742  -23.372  -33.240  83.709 0.0000000000
39838  -24.646  -34.448  83.339 0.0000000000
38970  -25.432  -35.737  82.648 0.0000000000
38938  -26.184  -34.854  83.600 0.0000000000
38971  -30.169  -35.332  83.161 0.0000000000
38004  -31.042  -35.307  82.218 0.0000000000
38959  -31.176  -34.818  83.321 0.0000000000
42719  -33.919  -32.077  82.010 0.0000000000
42717  -32.783  -32.723  82.471 0.0000000000
40789  -34.019  -33.332  82.541 0.0000000000
39872  -33.301  -34.220  82.356 0.0000000000
39874  -34.799  -33.376  81.651 0.0000000000
39897  -35.588  -33.882  80.318 0.0000000000
40823  -36.235  -33.211  80.489 0.0000000000
42765  -38.522  -31.318  79.616 0.0000000000
41799  -38.536  -31.845  79.490 0.0000000000
42766  -39.578  -31.246  78.947 0.0000000000
43759  -40.009  -30.538  78.766 0.0000000000
47920  -37.962  -27.612  79.727 0.0000000000
47922  -39.014  -26.982  79.722 0.0000000000
47973  -41.389  -25.648  78.429 0.0000000000
46949  -40.829  -26.810  78.476 0.0000000000
46989  -41.266  -27.338  77.358 0.0000000000
45967  -41.003  -28.071  76.769 0.0000000000
47022  -41.186  -27.133  76.017 0.0000000000
48020  -41.147  -26.072  74.485 0.0000000000
50921  -42.480  -22.732  74.520 0.0000000000
50939  -42.479  -23.338  73.851 0.0000000000
50923  -44.146  -22.943  73.591 0.0000000000
51899  -45.815  -23.863  72.937 0.0000000000
44801  -16.262  -29.975  81.402 0.0000000000
43702  -16.258  -30.905  81.979 0.0000000000
42740  -17.063  -31.562  81.104 0.0000000000
53849  -49.969  -21.786  76.137 0.0000000000
108918  -49.918  -20.646  73.865 0.0000000000
54966  -47.607  -19.031  72.620 0.0000000000
58204  -46.610  -15.945  69.512 0.0000000000
59231  -47.468  -15.839  70.077 0.0000000000
59243  -47.647  -16.042  69.270 0.0000000000
55025  -49.515  -19.233  67.803 0.0000000000
56077  -48.838  -18.448  68.453 0.0000000000
58287  -51.985  -16.477  62.810 0.0000000000
59289  -50.345  -15.318  63.026 0.0000000000
57224  -52.608  -17.526  62.940 0.0000000000
56145  -52.187  -18.055  62.951 0.0000000000
56138  -53.004  -18.715  63.193 0.0000000000
54031  -53.480  -20.348  63.215 0.0000000000
64991  -53.199  -8.762  59.673 0.0000000000
64983  -54.298  -8.370  61.977 0.0000000000
65937  -53.700  -8.142  59.266 0.0000000000
66896  -54.161  -7.371  58.900 0.0000000000
51872  -42.597  -21.692  75.536 0.0000000000
108876  -43.527  -21.061  75.453 0.0000000000
54918  -42.637  -20.373  76.600 0.0000000000
55970  -42.102  -19.276  76.499 0.0000000000
57028  -41.337  -19.144  76.246 0.0000000000
45857  -16.728  -29.964  80.464 0.0000000000
44803  -17.796  -29.670  80.517 0.0000000000
45861  -20.717  -28.705  80.771 0.0000000000
42733  -35.115  -31.559  81.452 0.0000000000
41783  -35.910  -32.177  81.242 0.0000000000
43726  -36.220  -30.850  81.160 0.0000000000
43728  -37.545  -30.438  80.443 0.0000000000
44829  -38.520  -29.763  80.129 0.0000000000
50839  -39.158  -24.528  79.104 0.0000000000
48923  -39.542  -25.262  79.369 0.0000000000
49873  -40.799  -24.682  78.836 0.0000000000
49884  -41.594  -24.454  79.423 0.0000000000
48950  -41.725  -24.855  78.570 0.0000000000
48970  -42.010  -25.246  75.929 0.0000000000
49922  -42.054  -23.429  76.592 0.0000000000
49921  -41.852  -22.935  76.075 0.0000000000
44835  -16.044  -29.931  80.345 0.0000000000
54943  -46.655  -19.386  74.858 0.0000000000
53880  -48.060  -19.532  74.831 0.0000000000
108898  -46.861  -18.351  74.157 0.0000000000
108916  -47.385  -17.350  73.315 0.0000000000
57109  -48.356  -17.513  72.020 0.0000000000
58245  -47.815  -16.855  67.180 0.0000000000
58218  -48.636  -16.656  68.468 0.0000000000
57164  -48.952  -17.151  67.297 0.0000000000
56097  -49.823  -18.869  67.394 0.0000000000
62080  -51.387  -12.477  63.309 0.0000000000
61156  -49.873  -13.541  63.575 0.0000000000
60229  -52.009  -13.923  63.210 0.0000000000
59291  -52.064  -15.533  62.687 0.0000000000
52804  -39.599  -21.851  77.274 0.0000000000
50885  -38.738  -23.298  77.653 0.0000000000
59184  -44.914  -16.206  71.671 0.0000000000
57176  -46.323  -17.437  66.535 0.0000000000
57188  -47.091  -17.566  66.042 0.0000000000
56129  -47.920  -18.579  64.869 0.0000000000
56130  -48.932  -18.840  64.984 0.0000000000
63044  -51.141  -11.691  62.582 0.0000000000
63027  -52.048  -11.899  63.153 0.0000000000
62083  -53.594  -12.539  63.194 0.0000000000
61193  -53.706  -12.965  62.466 0.0000000000
64984  -55.099  -8.781  61.786 0.0000000000
64027  -55.553  -10.576  60.182 0.0000000000
49970  -48.337  -23.304  73.339 0.0000000000
50872  -48.105  -22.124  76.102 0.0000000000
52799  -48.033  -20.861  77.688 0.0000000000
108883  -45.751  -20.702  75.220 0.0000000000
108888  -46.111  -19.978  75.292 0.0000000000
54931  -45.963  -19.509  75.287 0.0000000000
57065  -45.262  -17.570  75.380 0.0000000000
58108  -44.597  -16.671  75.276 0.0000000000
54899  -40.159  -20.494  76.533 0.0000000000
55988  -40.614  -19.431  76.004 0.0000000000
57084  -41.309  -18.200  74.729 0.0000000000
40815  -17.627  -33.015  80.057 0.0000000000
40830  -17.979  -32.697  79.257 0.0000000000
39881  -23.031  -33.748  80.761 0.0000000000
46895  -20.182  -28.193  80.560 0.0000000000
45862  -21.471  -28.917  81.000 0.0000000000
44778  -22.091  -30.877  82.517 0.0000000000
39869  -23.083  -34.396  82.065 0.0000000000
38016  -27.665  -36.355  81.598 0.0000000000
38018  -29.448  -36.441  81.266 0.0000000000
40768  -30.622  -33.747  83.504 0.0000000000
41748  -31.728  -33.198  82.823 0.0000000000
39845  -31.580  -34.313  83.718 0.0000000000
39871  -32.260  -34.605  82.704 0.0000000000
38987  -32.936  -34.785  81.649 0.0000000000
40824  -37.139  -32.847  80.105 0.0000000000
46903  -37.118  -28.590  80.006 0.0000000000
45870  -37.885  -28.627  80.196 0.0000000000
45872  -39.100  -28.320  79.776 0.0000000000
47943  -39.787  -26.539  79.413 0.0000000000
45886  -40.205  -28.045  79.183 0.0000000000
44831  -39.950  -29.117  79.366 0.0000000000
43776  -40.509  -29.776  77.898 0.0000000000
44885  -40.499  -29.458  76.636 0.0000000000
48052  -42.762  -26.464  72.448 0.0000000000
49002  -41.292  -25.138  73.782 0.0000000000
49982  -42.877  -24.887  72.624 0.0000000000
49020  -44.630  -25.562  72.571 0.0000000000
49966  -45.801  -25.026  72.813 0.0000000000
41775  -17.219  -32.500  81.426 0.0000000000
59186  -46.900  -15.657  71.677 0.0000000000
59187  -47.818  -15.658  71.951 0.0000000000
57116  -48.468  -17.432  70.938 0.0000000000
58205  -49.227  -16.967  69.522 0.0000000000
57126  -49.194  -17.545  70.190 0.0000000000
56074  -47.671  -18.426  70.335 0.0000000000
55093  -47.977  -19.190  63.292 0.0000000000
55095  -50.013  -19.225  63.508 0.0000000000
59271  -49.752  -14.624  63.384 0.0000000000
59306  -49.214  -15.817  62.237 0.0000000000
56171  -49.921  -17.956  61.862 0.0000000000
56135  -51.218  -18.713  63.124 0.0000000000
55081  -51.280  -19.502  64.469 0.0000000000
55083  -52.848  -19.961  64.147 0.0000000000
39892  -17.218  -34.056  79.915 0.0000000000
53833  -41.275  -21.428  77.662 0.0000000000
53832  -40.657  -21.196  77.446 0.0000000000
44841  -34.378  -30.544  79.989 0.0000000000
44827  -35.436  -29.974  79.873 0.0000000000
52797  -40.631  -22.459  77.987 0.0000000000
51848  -40.941  -22.993  78.427 0.0000000000
53820  -40.854  -22.003  77.827 0.0000000000
53834  -41.810  -22.216  78.191 0.0000000000
56121  -51.360  -19.440  65.953 0.0000000000
55065  -51.389  -19.567  65.401 0.0000000000
60278  -52.524  -14.070  61.481 0.0000000000
60260  -52.412  -14.231  61.987 0.0000000000
64965  -53.406  -9.725  63.306 0.0000000000
64973  -53.803  -8.914  63.025 0.0000000000
63998  -54.379  -9.570  63.102 0.0000000000
52839  -45.715  -21.558  74.216 0.0000000000
57046  -42.389  -18.347  76.407 0.0000000000
58091  -42.230  -17.970  75.935 0.0000000000
58092  -42.753  -17.796  75.896 0.0000000000
58105  -42.154  -18.162  75.629 0.0000000000
43718  -16.970  -30.711  80.340 0.0000000000
41718  -24.836  -33.217  83.723 0.0000000000
41717  -24.265  -33.014  83.274 0.0000000000
40729  -24.281  -33.369  83.293 0.0000000000
39823  -23.828  -33.836  82.923 0.0000000000
39839  -25.133  -34.451  83.668 0.0000000000
38937  -25.396  -34.770  83.573 0.0000000000
38925  -25.915  -34.608  83.665 0.0000000000
39843  -29.989  -34.514  84.391 0.0000000000
38957  -29.622  -34.901  83.603 0.0000000000
38942  -30.356  -34.695  84.005 0.0000000000
38958  -30.524  -35.029  83.515 0.0000000000
38943  -30.904  -34.682  83.752 0.0000000000
41752  -34.245  -32.195  81.973 0.0000000000
41751  -33.962  -32.573  82.472 0.0000000000
41768  -34.363  -32.839  82.229 0.0000000000
40790  -34.593  -33.110  81.934 0.0000000000
40806  -35.183  -33.053  81.450 0.0000000000
40822  -35.560  -33.315  80.884 0.0000000000
41782  -35.436  -32.615  81.366 0.0000000000
43744  -38.758  -30.657  79.685 0.0000000000
42750  -38.814  -31.277  79.435 0.0000000000
47942  -38.563  -26.500  79.464 0.0000000000
48905  -38.899  -25.999  79.534 0.0000000000
47986  -42.042  -25.722  77.953 0.0000000000
46972  -41.432  -26.409  78.146 0.0000000000
46990  -41.801  -26.720  77.617 0.0000000000
47004  -41.783  -27.015  76.913 0.0000000000
47038  -41.097  -26.768  75.108 0.0000000000
47996  -42.012  -26.033  76.438 0.0000000000
51885  -43.536  -22.054  74.708 0.0000000000
50922  -43.349  -22.741  74.010 0.0000000000
51887  -44.975  -22.619  73.624 0.0000000000
44786  -16.358  -30.400  81.581 0.0000000000
43717  -16.574  -30.973  81.330 0.0000000000
54906  -49.329  -20.397  76.634 0.0000000000
53869  -49.931  -20.919  74.700 0.0000000000
55971  -48.912  -19.798  75.773 0.0000000000
54967  -48.234  -18.791  71.951 0.0000000000
54977  -47.994  -19.304  71.682 0.0000000000
56061  -47.765  -18.566  71.060 0.0000000000
58216  -46.850  -16.199  68.805 0.0000000000
58217  -47.959  -16.186  68.426 0.0000000000
62098  -49.313  -13.053  62.837 0.0000000000
58289  -52.972  -17.452  62.470 0.0000000000
57209  -52.988  -17.976  63.241 0.0000000000
55949  -41.076  -20.029  77.168 0.0000000000
54902  -41.870  -20.140  76.837 0.0000000000
55969  -41.338  -19.602  76.717 0.0000000000
55968  -40.888  -19.495  76.396 0.0000000000
45879  -19.456  -28.150  80.326 0.0000000000
44794  -34.444  -30.911  80.892 0.0000000000
43708  -34.032  -31.506  81.405 0.0000000000
43709  -34.658  -31.202  81.285 0.0000000000
42734  -35.825  -31.424  81.362 0.0000000000
43710  -35.629  -30.812  81.181 0.0000000000
45853  -36.759  -29.492  80.458 0.0000000000
44797  -36.548  -29.903  80.620 0.0000000000
44812  -36.925  -29.628  80.555 0.0000000000
44828  -37.953  -29.875  80.345 0.0000000000
44813  -37.452  -29.557  80.428 0.0000000000
49872  -39.918  -24.826  79.055 0.0000000000
50840  -39.656  -24.197  78.782 0.0000000000
51839  -41.580  -23.267  79.538 0.0000000000
108872  -41.827  -23.822  79.690 0.0000000000
48961  -42.112  -24.358  77.698 0.0000000000
44819  -16.485  -29.965  80.616 0.0000000000
57066  -46.024  -17.392  75.044 0.0000000000
56024  -46.428  -18.150  74.431 0.0000000000
58147  -47.373  -16.548  73.790 0.0000000000
58160  -47.736  -17.340  72.766 0.0000000000
58161  -47.784  -16.835  72.717 0.0000000000
57178  -48.463  -17.260  66.829 0.0000000000
57179  -49.431  -17.892  66.766 0.0000000000
56098  -50.611  -19.261  66.912 0.0000000000
55042  -50.424  -19.588  67.121 0.0000000000
53964  -51.022  -20.230  66.814 0.0000000000
61158  -51.740  -13.260  63.361 0.0000000000
51863  -38.884  -22.573  77.304 0.0000000000
56128  -46.891  -18.482  64.883 0.0000000000
55078  -48.429  -19.031  64.143 0.0000000000
63053  -50.923  -11.354  61.622 0.0000000000
63038  -51.395  -11.954  63.082 0.0000000000
63039  -51.892  -11.452  62.930 0.0000000000
63041  -53.707  -11.064  63.964 0.0000000000
62101  -53.551  -11.609  63.588 0.0000000000
62102  -53.854  -11.975  63.545 0.0000000000
61194  -53.952  -13.001  62.992 0.0000000000
62117  -54.029  -12.519  63.042 0.0000000000
61206  -53.411  -13.045  61.754 0.0000000000
63056  -55.103  -10.960  61.567 0.0000000000
65928  -54.912  -7.842  61.289 0.0000000000
65929  -55.350  -8.248  61.235 0.0000000000
64993  -56.228  -9.296  59.966 0.0000000000
64019  -56.062  -10.076  60.428 0.0000000000
108897  -47.453  -23.617  73.118 0.0000000000
108889  -47.246  -22.751  73.322 0.0000000000
50886  -47.383  -22.058  75.323 0.0000000000
108881  -47.630  -22.005  76.475 0.0000000000
52806  -48.407  -21.679  77.540 0.0000000000
108880  -47.402  -20.879  76.280 0.0000000000
108884  -43.689  -20.218  76.099 0.0000000000
56004  -44.422  -18.815  76.059 0.0000000000
54930  -44.705  -19.786  75.724 0.0000000000
58126  -42.636  -17.013  74.732 0.0000000000
41790  -17.463  -32.559  80.634 0.0000000000
41791  -17.696  -32.054  80.008 0.0000000000
44820  -18.518  -29.524  80.223 0.0000000000
42742  -21.907  -31.737  80.906 0.0000000000
41777  -22.399  -32.584  80.965 0.0000000000
40816  -22.585  -33.169  80.457 0.0000000000
40799  -22.910  -33.084  81.377 0.0000000000
46896  -20.997  -28.335  80.724 0.0000000000
44779  -22.587  -30.962  82.369 0.0000000000
43688  -22.046  -31.195  82.702 0.0000000000
42713  -22.695  -32.149  82.931 0.0000000000
39836  -23.187  -34.020  83.547 0.0000000000
40760  -22.895  -33.533  83.404 0.0000000000
38950  -22.994  -34.619  82.544 0.0000000000
38967  -23.302  -34.733  82.435 0.0000000000
38984  -24.378  -35.195  81.589 0.0000000000
37999  -26.056  -35.873  82.511 0.0000000000
38015  -26.605  -36.276  81.620 0.0000000000
38000  -27.164  -35.990  82.420 0.0000000000
37988  -28.731  -35.558  82.984 0.0000000000
38001  -28.185  -36.096  82.372 0.0000000000
38002  -29.286  -36.102  82.180 0.0000000000
38003  -30.260  -35.718  82.395 0.0000000000
38005  -31.469  -35.153  82.204 0.0000000000
38021  -31.640  -35.362  81.633 0.0000000000
38039  -32.319  -35.398  80.723 0.0000000000
38997  -32.507  -35.116  81.326 0.0000000000
41749  -32.336  -33.254  83.036 0.0000000000
41731  -32.051  -33.426  83.603 0.0000000000
40752  -31.883  -33.710  83.869 0.0000000000
39846  -32.130  -33.961  83.825 0.0000000000
39860  -32.398  -34.087  83.239 0.0000000000
39884  -34.336  -34.322  81.215 0.0000000000
39883  -33.549  -34.541  81.624 0.0000000000
38999  -33.970  -34.785  80.511 0.0000000000
39898  -36.683  -33.491  79.792 0.0000000000
39912  -36.341  -34.108  79.151 0.0000000000
39913  -37.402  -33.504  79.049 0.0000000000
41784  -36.782  -32.125  80.664 0.0000000000
41797  -37.355  -32.137  80.281 0.0000000000
46902  -36.565  -28.989  79.938 0.0000000000
46925  -37.288  -28.242  79.633 0.0000000000
46905  -38.361  -27.735  79.770 0.0000000000
46904  -37.813  -28.031  79.858 0.0000000000
45871  -38.503  -28.374  79.970 0.0000000000
48924  -39.971  -25.578  79.245 0.0000000000
48907  -39.536  -26.111  79.467 0.0000000000
47944  -40.407  -26.270  79.167 0.0000000000
45902  -40.500  -27.712  78.804 0.0000000000
46928  -40.468  -27.080  79.020 0.0000000000
44844  -40.395  -28.757  78.850 0.0000000000
43760  -40.322  -29.742  78.524 0.0000000000
44856  -40.616  -28.903  78.165 0.0000000000
44886  -40.742  -28.843  76.843 0.0000000000
48051  -41.800  -26.428  72.556 0.0000000000
48980  -41.717  -24.613  75.471 0.0000000000
48990  -41.354  -25.090  74.748 0.0000000000
49963  -43.422  -24.141  72.801 0.0000000000
49962  -42.206  -24.301  73.182 0.0000000000
49983  -43.904  -24.878  72.610 0.0000000000
49019  -43.396  -25.646  72.497 0.0000000000
49984  -44.562  -24.867  72.637 0.0000000000
49004  -45.415  -25.557  72.667 0.0000000000
49965  -45.132  -24.826  72.702 0.0000000000
51889  -46.435  -23.288  73.082 0.0000000000
108900  -46.704  -24.529  73.370 0.0000000000
108902  -47.005  -24.331  73.773 0.0000000000
54954  -48.661  -19.592  74.225 0.0000000000
52856  -48.285  -20.356  73.619 0.0000000000
58185  -45.430  -16.315  70.714 0.0000000000
59206  -45.774  -15.861  71.196 0.0000000000
59209  -47.964  -15.889  70.675 0.0000000000
58186  -48.272  -16.388  70.917 0.0000000000
58174  -48.350  -16.683  71.606 0.0000000000
58175  -48.526  -16.836  70.843 0.0000000000
58219  -48.938  -17.300  68.535 0.0000000000
59245  -48.959  -16.611  69.101 0.0000000000
56076  -49.002  -18.269  69.415 0.0000000000
56063  -49.009  -18.121  70.289 0.0000000000
56075  -48.362  -18.240  69.834 0.0000000000
55094  -49.040  -19.248  63.364 0.0000000000
60227  -50.242  -14.057  63.645 0.0000000000
59272  -50.626  -14.656  63.425 0.0000000000
58286  -50.900  -16.402  62.679 0.0000000000
58285  -49.952  -15.911  62.465 0.0000000000
58313  -50.185  -16.462  62.290 0.0000000000
58312  -49.591  -16.421  61.967 0.0000000000
57250  -49.218  -17.222  61.598 0.0000000000
56172  -50.518  -17.744  62.172 0.0000000000
56137  -52.696  -18.433  63.278 0.0000000000
56136  -51.714  -18.644  63.235 0.0000000000
55097  -52.001  -19.224  63.772 0.0000000000
55096  -51.021  -19.066  63.484 0.0000000000
55082  -52.118  -19.867  64.649 0.0000000000
53847  -41.613  -21.204  77.196 0.0000000000
54901  -41.260  -20.333  77.207 0.0000000000
45850  -35.230  -30.397  80.436 0.0000000000
45851  -35.935  -29.900  80.430 0.0000000000
45852  -36.487  -29.585  80.421 0.0000000000
45868  -36.486  -29.256  80.181 0.0000000000
51846  -39.599  -23.330  78.368 0.0000000000
51837  -40.206  -23.667  78.507 0.0000000000
52790  -41.309  -23.229  78.791 0.0000000000
52791  -41.504  -23.089  78.769 0.0000000000
108875  -42.008  -22.464  78.439 0.0000000000
58128  -45.258  -15.999  74.593 0.0000000000
58129  -46.427  -16.528  74.339 0.0000000000
59169  -46.693  -15.666  73.939 0.0000000000
57191  -49.384  -18.052  66.316 0.0000000000
56109  -51.070  -19.317  66.504 0.0000000000
55044  -51.832  -19.957  66.703 0.0000000000
55055  -51.644  -19.758  66.289 0.0000000000
55067  -51.887  -19.988  66.097 0.0000000000
54017  -52.069  -20.164  65.287 0.0000000000
59307  -52.386  -15.454  61.626 0.0000000000
64971  -52.194  -10.120  61.887 0.0000000000
63996  -52.483  -10.209  62.480 0.0000000000
63990  -52.525  -10.719  62.845 0.0000000000
64964  -52.926  -10.093  62.999 0.0000000000
63046  -54.156  -11.079  63.490 0.0000000000
64008  -54.414  -10.312  63.115 0.0000000000
64009  -54.973  -9.977  62.385 0.0000000000
65939  -55.471  -7.936  60.392 0.0000000000
65003  -56.538  -9.990  59.248 0.0000000000
51879  -46.015  -22.625  73.358 0.0000000000
108887  -46.297  -21.524  74.300 0.0000000000
54919  -43.444  -19.379  76.406 0.0000000000
55990  -43.742  -18.661  76.312 0.0000000000
57064  -44.319  -17.779  76.030 0.0000000000
42741  -17.435  -31.292  80.266 0.0000000000
42728  -21.904  -31.595  81.986 0.0000000000
42702  -22.990  -32.072  83.524 0.0000000000
40727  -23.236  -33.228  84.129 0.0000000000
39837  -24.004  -33.992  83.004 0.0000000000
39856  -24.284  -34.407  82.886 0.0000000000
38969  -24.929  -35.557  82.631 0.0000000000
38952  -24.587  -34.871  82.992 0.0000000000
38953  -25.672  -35.414  83.128 0.0000000000
37985  -26.299  -35.560  83.015 0.0000000000
38972  -30.756  -35.167  82.899 0.0000000000
38973  -31.451  -34.955  82.645 0.0000000000
43694  -33.236  -32.381  81.960 0.0000000000
43693  -32.664  -32.623  82.142 0.0000000000
42718  -33.383  -32.430  82.263 0.0000000000
41750  -33.102  -32.826  82.832 0.0000000000
40772  -33.488  -33.113  82.909 0.0000000000
40788  -33.365  -33.603  82.876 0.0000000000
39885  -34.993  -33.621  81.248 0.0000000000
42764  -38.013  -31.365  79.924 0.0000000000
42763  -37.618  -31.827  80.143 0.0000000000
41800  -39.088  -31.781  79.150 0.0000000000
42779  -39.928  -31.406  78.470 0.0000000000
43775  -40.370  -30.620  78.210 0.0000000000
47957  -37.640  -27.670  79.335 0.0000000000
47940  -37.714  -27.834  79.662 0.0000000000
47941  -37.963  -27.403  79.589 0.0000000000
47921  -38.364  -27.151  79.635 0.0000000000
47960  -41.023  -25.795  78.683 0.0000000000
47959  -40.696  -26.342  78.869 0.0000000000
46950  -41.166  -26.184  78.416 0.0000000000
46971  -41.109  -27.165  77.888 0.0000000000
45946  -40.894  -28.068  77.677 0.0000000000
45988  -41.031  -27.932  76.110 0.0000000000
47021  -40.940  -27.840  75.810 0.0000000000
47037  -40.742  -27.672  75.202 0.0000000000
48019  -40.912  -27.032  74.379 0.0000000000
50909  -41.935  -22.743  75.124 0.0000000000
50940  -43.219  -23.399  73.312 0.0000000000
50941  -44.155  -23.592  73.053 0.0000000000
50942  -44.998  -23.899  72.943 0.0000000000
50924  -44.736  -23.240  73.298 0.0000000000
51888  -45.477  -23.211  73.215 0.0000000000
43716  -16.007  -30.074  82.061 0.0000000000
44785  -16.193  -30.287  81.981 0.0000000000
53894  -47.645  -19.925  72.673 0.0000000000
58203  -45.814  -16.393  69.619 0.0000000000
59230  -46.681  -15.740  70.164 0.0000000000
59232  -47.924  -16.552  69.828 0.0000000000
56089  -49.234  -18.801  68.148 0.0000000000
57141  -48.903  -17.884  68.765 0.0000000000
57223  -51.676  -17.369  62.711 0.0000000000
57222  -50.885  -17.413  62.429 0.0000000000
56146  -52.843  -17.864  63.207 0.0000000000
55099  -53.164  -19.745  63.483 0.0000000000
65927  -54.124  -8.581  60.534 0.0000000000
66881  -54.174  -7.722  59.160 0.0000000000
66882  -54.646  -7.427  59.305 0.0000000000
57029  -41.792  -18.915  76.399 0.0000000000
57045  -41.786  -18.465  76.015 0.0000000000
45858  -17.338  -29.457  80.562 0.0000000000
45859  -18.293  -28.999  80.623 0.0000000000
45860  -19.558  -28.650  80.532 0.0000000000
40749  -29.921  -34.074  84.798 0.0000000000
43695  -33.658  -32.108  81.811 0.0000000000
42720  -34.431  -31.805  81.693 0.0000000000
41770  -35.427  -31.877  81.469 0.0000000000
42747  -36.497  -31.390  81.031 0.0000000000
43711  -36.251  -30.403  80.886 0.0000000000
43727  -36.824  -30.410  80.749 0.0000000000
43743  -38.089  -30.522  80.159 0.0000000000
49870  -38.978  -25.209  79.739 0.0000000000
49856  -38.727  -25.578  79.856 0.0000000000
49871  -39.285  -25.013  79.392 0.0000000000
50842  -41.558  -23.873  79.209 0.0000000000
49874  -41.530  -24.442  79.184 0.0000000000
48926  -41.023  -25.015  78.828 0.0000000000
48939  -41.267  -24.953  78.804 0.0000000000
47997  -42.103  -25.447  77.198 0.0000000000
48971  -42.126  -24.791  76.564 0.0000000000
49935  -42.033  -24.186  76.045 0.0000000000
49934  -41.828  -23.376  75.672 0.0000000000
51878  -42.585  -22.038  75.220 0.0000000000
44818  -15.903  -29.949  80.996 0.0000000000
57014  -47.564  -19.032  76.044 0.0000000000
57030  -48.423  -18.791  75.931 0.0000000000
108910  -47.023  -19.643  74.857 0.0000000000
108891  -46.946  -19.485  74.613 0.0000000000
108899  -47.064  -18.560  74.039 0.0000000000
58130  -47.078  -17.792  73.934 0.0000000000
56037  -47.295  -18.283  73.224 0.0000000000
56047  -47.677  -18.355  72.654 0.0000000000
56048  -48.174  -18.304  72.284 0.0000000000
58231  -47.339  -16.655  67.700 0.0000000000
58232  -48.351  -16.747  67.659 0.0000000000
58233  -48.825  -17.037  67.924 0.0000000000
57165  -49.223  -17.711  67.642 0.0000000000
57180  -49.825  -17.897  67.028 0.0000000000
57166  -49.591  -18.272  67.528 0.0000000000
57154  -49.326  -18.276  67.765 0.0000000000
62079  -50.426  -12.933  63.347 0.0000000000
62078  -49.716  -13.193  63.253 0.0000000000
61157  -50.806  -13.403  63.521 0.0000000000
60228  -51.282  -14.175  63.491 0.0000000000
60242  -51.886  -14.651  63.193 0.0000000000
58288  -52.655  -16.868  62.492 0.0000000000
53818  -40.172  -21.742  77.463 0.0000000000
53831  -40.176  -21.309  77.213 0.0000000000
53830  -39.969  -21.245  77.023 0.0000000000
48937  -38.364  -25.632  78.630 0.0000000000
49895  -38.539  -24.753  78.350 0.0000000000
50855  -39.106  -23.772  78.615 0.0000000000
51845  -39.216  -23.329  78.394 0.0000000000
51854  -39.240  -22.927  78.089 0.0000000000
51855  -39.661  -22.474  77.773 0.0000000000
58159  -43.571  -17.339  71.739 0.0000000000
59183  -44.646  -16.746  71.153 0.0000000000
58184  -44.997  -16.831  70.189 0.0000000000
58215  -45.928  -16.556  68.601 0.0000000000
58229  -45.816  -16.797  68.082 0.0000000000
57162  -46.688  -16.919  67.230 0.0000000000
57163  -47.181  -16.848  67.189 0.0000000000
57177  -47.369  -17.099  66.737 0.0000000000
57189  -47.961  -17.733  66.197 0.0000000000
56117  -47.451  -18.068  65.513 0.0000000000
56118  -48.482  -18.268  65.624 0.0000000000
56131  -49.796  -19.039  64.939 0.0000000000
62115  -50.456  -12.157  62.230 0.0000000000
62100  -50.798  -12.296  62.981 0.0000000000
62081  -52.248  -12.459  63.143 0.0000000000
63040  -52.932  -11.346  63.126 0.0000000000
63028  -52.591  -11.932  62.940 0.0000000000
61176  -53.531  -13.085  62.864 0.0000000000
61192  -52.989  -13.454  61.870 0.0000000000
64018  -55.478  -10.096  61.175 0.0000000000
51865  -48.588  -22.250  74.946 0.0000000000
52807  -49.090  -22.141  76.872 0.0000000000
53837  -49.168  -21.059  77.404 0.0000000000
53836  -48.704  -20.414  78.007 0.0000000000
108890  -46.860  -20.342  75.444 0.0000000000
108877  -47.997  -20.082  77.347 0.0000000000
55932  -48.031  -19.165  77.420 0.0000000000
54905  -46.644  -19.910  75.347 0.0000000000
56006  -45.934  -18.443  75.167 0.0000000000
58145  -43.615  -16.661  73.078 0.0000000000
54884  -40.390  -20.769  76.935 0.0000000000
54900  -40.622  -20.073  76.642 0.0000000000
54916  -39.877  -19.826  75.919 0.0000000000
55967  -40.389  -19.771  76.192 0.0000000000
57044  -40.976  -19.051  75.851 0.0000000000
57063  -41.527  -18.400  75.460 0.0000000000
39893  -17.677  -33.365  79.551 0.0000000000
45846  -21.379  -29.346  81.073 0.0000000000
44788  -21.799  -30.109  81.557 0.0000000000
41740  -22.340  -32.186  82.495 0.0000000000
41726  -22.886  -32.758  83.609 0.0000000000
40781  -22.863  -32.884  81.862 0.0000000000
40800  -23.069  -33.827  81.565 0.0000000000
37998  -25.190  -35.883  82.216 0.0000000000
38954  -26.557  -35.288  83.344 0.0000000000
38020  -30.818  -35.755  81.484 0.0000000000
40767  -29.681  -34.141  83.726 0.0000000000
40750  -30.434  -34.144  84.009 0.0000000000
40769  -31.293  -33.530  83.272 0.0000000000
40751  -31.228  -33.884  83.730 0.0000000000
39844  -30.804  -34.366  83.961 0.0000000000
39859  -31.766  -34.615  83.089 0.0000000000
38974  -31.971  -34.912  82.428 0.0000000000
38975  -32.506  -34.769  82.245 0.0000000000
38998  -33.103  -35.066  80.837 0.0000000000
40808  -36.382  -32.656  80.695 0.0000000000
41798  -37.789  -32.230  79.839 0.0000000000
40825  -37.750  -32.781  79.584 0.0000000000
40837  -37.544  -33.117  79.500 0.0000000000
45884  -35.991  -29.420  79.844 0.0000000000
44814  -38.177  -29.167  80.292 0.0000000000
44815  -38.750  -28.988  80.131 0.0000000000
44830  -39.258  -29.370  79.805 0.0000000000
48906  -39.263  -25.812  79.528 0.0000000000
47923  -39.284  -26.663  79.574 0.0000000000
46907  -39.480  -27.416  79.543 0.0000000000
46927  -40.050  -27.277  79.345 0.0000000000
45885  -39.697  -28.271  79.512 0.0000000000
43746  -40.082  -29.726  79.013 0.0000000000
44869  -40.689  -29.082  77.368 0.0000000000
44868  -40.539  -29.692  77.231 0.0000000000
48009  -41.448  -25.853  75.477 0.0000000000
49981  -42.210  -25.028  72.735 0.0000000000
49017  -41.660  -25.440  72.872 0.0000000000
49006  -46.327  -25.928  73.375 0.0000000000
50943  -45.596  -24.346  72.825 0.0000000000
49968  -46.426  -25.134  73.535 0.0000000000
56025  -49.545  -18.812  74.504 0.0000000000
59185  -46.073  -15.551  71.911 0.0000000000
108919  -46.875  -15.574  72.479 0.0000000000
59208  -47.299  -15.593  70.947 0.0000000000
59244  -48.439  -16.266  69.131 0.0000000000
59233  -48.924  -16.251  69.772 0.0000000000
58187  -49.027  -16.657  70.418 0.0000000000
57117  -49.027  -17.062  70.721 0.0000000000
56062  -48.263  -18.027  70.633 0.0000000000
55079  -49.414  -19.228  64.211 0.0000000000
55080  -50.359  -19.326  64.295 0.0000000000
61155  -49.049  -13.574  63.342 0.0000000000
60226  -49.284  -14.097  63.664 0.0000000000
59270  -48.870  -14.592  63.285 0.0000000000
59288  -49.257  -15.269  62.897 0.0000000000
59287  -48.227  -14.885  62.806 0.0000000000
56170  -48.740  -18.284  61.663 0.0000000000
56143  -49.512  -18.576  62.158 0.0000000000
56144  -50.857  -18.374  62.655 0.0000000000
55113  -50.437  -18.984  63.066 0.0000000000
54018  -52.390  -20.337  64.656 0.0000000000
55084  -52.933  -20.042  63.990 0.0000000000
52977  -53.087  -20.813  63.705 0.0000000000
52976  -52.763  -20.775  63.985 0.0000000000
38022  -32.136  -35.244  81.428 0.0000000000
38924  -25.692  -34.599  83.658 0.0000000000
38926  -30.215  -34.787  84.986 0.0000000000
38927  -30.312  -34.732  84.737 0.0000000000
38936  -24.875  -34.776  83.439 0.0000000000
38941  -30.084  -34.794  84.622 0.0000000000
38968  -24.352  -34.867  82.101 0.0000000000
38986  -32.190  -35.079  81.891 0.0000000000
38988  -33.590  -34.732  81.187 0.0000000000
39822  -23.395  -33.650  83.695 0.0000000000
39824  -24.807  -34.099  83.595 0.0000000000
39825  -25.513  -34.332  83.734 0.0000000000
39827  -30.169  -34.550  85.068 0.0000000000
39854  -22.959  -34.523  82.994 0.0000000000
39855  -23.752  -34.274  82.742 0.0000000000
39858  -29.662  -34.528  83.680 0.0000000000
39861  -33.006  -33.853  82.890 0.0000000000
39870  -31.826  -34.792  82.722 0.0000000000
40728  -23.671  -33.162  83.516 0.0000000000
40730  -24.999  -33.601  83.670 0.0000000000
40732  -30.062  -34.275  85.083 0.0000000000
40733  -30.337  -34.176  84.912 0.0000000000
40770  -32.299  -33.569  83.617 0.0000000000
40782  -22.936  -33.347  82.300 0.0000000000
40807  -35.786  -32.837  81.007 0.0000000000
41715  -23.132  -32.634  84.145 0.0000000000
41729  -24.727  -32.993  83.728 0.0000000000
41730  -31.802  -33.487  83.414 0.0000000000
41761  -22.718  -32.611  82.363 0.0000000000
41785  -38.671  -31.614  79.449 0.0000000000
41786  -38.874  -31.578  79.327 0.0000000000
42749  -37.722  -30.943  80.259 0.0000000000
42751  -39.191  -31.212  79.237 0.0000000000
43689  -22.556  -31.599  82.748 0.0000000000
43692  -32.436  -32.748  82.254 0.0000000000
43696  -34.081  -31.685  81.634 0.0000000000
43729  -38.885  -30.940  79.476 0.0000000000
43730  -39.092  -30.892  79.387 0.0000000000
43787  -40.535  -29.753  77.491 0.0000000000
44772  -22.885  -31.664  82.641 0.0000000000
44826  -34.958  -30.403  80.192 0.0000000000
45883  -35.561  -29.969  80.165 0.0000000000
45966  -40.723  -28.727  76.553 0.0000000000
46926  -37.563  -28.104  79.751 0.0000000000
47945  -40.779  -25.728  78.888 0.0000000000
48938  -38.525  -25.603  78.840 0.0000000000
48981  -42.085  -24.725  75.968 0.0000000000
49003  -45.098  -25.275  72.608 0.0000000000
49021  -45.137  -26.135  72.595 0.0000000000
49857  -38.923  -25.476  79.611 0.0000000000
49896  -38.808  -24.107  78.447 0.0000000000
49967  -46.082  -25.188  73.061 0.0000000000
50841  -40.604  -24.157  78.687 0.0000000000
50856  -39.268  -23.996  78.721 0.0000000000
50887  -47.880  -22.192  75.848 0.0000000000
50944  -46.212  -24.519  72.962 0.0000000000
51856  -48.351  -22.149  76.596 0.0000000000
51898  -45.452  -23.842  72.929 0.0000000000
52796  -40.107  -22.259  77.720 0.0000000000
52798  -40.927  -22.651  78.278 0.0000000000
52805  -39.886  -21.959  77.469 0.0000000000
52815  -49.692  -22.194  76.166 0.0000000000
52816  -50.007  -22.035  75.880 0.0000000000
52841  -45.667  -22.376  73.534 0.0000000000
53822  -47.987  -19.586  78.210 0.0000000000
53823  -48.176  -20.205  78.194 0.0000000000
53835  -48.485  -19.676  78.106 0.0000000000
53848  -49.606  -21.374  76.502 0.0000000000
53859  -49.844  -20.972  76.171 0.0000000000
53860  -50.033  -21.343  75.680 0.0000000000
53965  -51.556  -20.046  66.588 0.0000000000
54004  -52.008  -20.082  65.537 0.0000000000
54005  -51.871  -20.225  65.685 0.0000000000
54019  -52.892  -20.444  64.008 0.0000000000
54030  -53.244  -20.452  63.570 0.0000000000
54869  -47.794  -19.407  77.106 0.0000000000
54870  -47.984  -19.409  77.510 0.0000000000
54871  -47.999  -19.163  77.802 0.0000000000
54872  -47.837  -19.054  78.171 0.0000000000
54887  -48.338  -19.085  78.168 0.0000000000
54888  -48.920  -19.362  78.026 0.0000000000
54889  -49.226  -19.933  77.491 0.0000000000
54903  -47.315  -19.554  75.919 0.0000000000
54904  -47.166  -19.802  75.540 0.0000000000
54907  -49.116  -20.517  75.948 0.0000000000
54920  -49.469  -20.778  76.246 0.0000000000
54921  -49.669  -20.585  75.826 0.0000000000
54932  -49.849  -20.298  75.251 0.0000000000
54944  -49.595  -19.152  74.225 0.0000000000
54945  -49.789  -19.662  74.483 0.0000000000
54978  -48.153  -18.746  71.662 0.0000000000
55056  -51.797  -19.969  66.396 0.0000000000
55112  -49.786  -19.018  62.776 0.0000000000
55933  -48.095  -18.703  78.050 0.0000000000
55950  -48.329  -18.749  77.583 0.0000000000
55952  -48.915  -19.446  76.509 0.0000000000
55972  -49.196  -20.282  75.722 0.0000000000
55991  -49.443  -19.218  75.409 0.0000000000
55992  -49.460  -19.944  75.488 0.0000000000
56007  -49.669  -18.891  75.136 0.0000000000
56008  -49.782  -19.410  75.174 0.0000000000
56026  -49.936  -19.048  74.885 0.0000000000
56038  -48.964  -18.842  74.354 0.0000000000
56039  -49.287  -18.732  74.104 0.0000000000
56053  -48.062  -18.694  71.437 0.0000000000
56107  -49.741  -18.352  66.563 0.0000000000
57015  -48.339  -18.871  76.421 0.0000000000
57027  -40.869  -19.011  76.031 0.0000000000
57048  -49.040  -18.746  75.257 0.0000000000
57108  -47.807  -17.726  72.634 0.0000000000
57115  -44.633  -17.236  70.053 0.0000000000
57125  -48.822  -17.805  70.572 0.0000000000
57142  -48.963  -18.255  68.091 0.0000000000
57152  -45.392  -16.921  68.348 0.0000000000
57208  -53.042  -17.755  63.279 0.0000000000
58106  -42.565  -17.621  75.467 0.0000000000
58146  -47.568  -17.494  72.909 0.0000000000
58172  -44.334  -17.280  70.595 0.0000000000
58173  -44.864  -16.649  70.882 0.0000000000
58244  -47.429  -16.843  67.181 0.0000000000
59242  -47.072  -15.827  69.542 0.0000000000
59269  -48.539  -14.541  63.080 0.0000000000
61160  -53.418  -12.855  63.052 0.0000000000
61161  -53.533  -12.979  63.223 0.0000000000
61177  -53.757  -13.004  63.138 0.0000000000
62082  -53.188  -12.170  63.029 0.0000000000
62084  -53.680  -12.819  63.213 0.0000000000
62103  -53.841  -12.642  63.212 0.0000000000
63026  -51.672  -11.945  63.166 0.0000000000
63045  -51.524  -11.135  62.328 0.0000000000
63054  -51.453  -10.917  61.831 0.0000000000
63995  -51.917  -10.632  62.196 0.0000000000
108873  -41.594  -24.369  79.132 0.0000000000
108882  -48.247  -21.312  76.900 0.0000000000
108894  -47.200  -19.727  76.248 0.0000000000
108895  -46.830  -18.821  74.301 0.0000000000
108903  -50.111  -22.125  75.411 0.0000000000
108904  -47.366  -19.598  74.951 0.0000000000
108905  -47.113  -18.600  73.768 0.0000000000
108906  -47.082  -18.316  73.933 0.0000000000
108911  -47.140  -18.241  73.702 0.0000000000
108921  -47.298  -15.685  72.582 0.0000000000
