#!ascii label  , from subject 3969 vox2ras=TkReg
952
47134  -36.381  -28.190  68.319 0.0000000000
45015  -19.491  -29.138  68.786 0.0000000000
42009  -26.883  -33.296  67.534 0.0000000000
66949  -43.702  -7.295  52.576 0.0000000000
67968  -49.529  -6.001  50.377 0.0000000000
42820  -12.999  -31.391  74.683 0.0000000000
65977  -39.414  -8.255  54.976 0.0000000000
51004  -35.821  -23.857  67.486 0.0000000000
41998  -32.700  -33.086  68.039 0.0000000000
43852  -15.749  -30.291  71.765 0.0000000000
40906  -16.032  -33.834  73.839 0.0000000000
45088  -31.449  -29.431  64.189 0.0000000000
48164  -31.396  -26.575  63.416 0.0000000000
46095  -23.086  -30.049  68.551 0.0000000000
43976  -28.671  -30.466  64.744 0.0000000000
57304  -36.490  -17.249  56.271 0.0000000000
60330  -40.254  -13.978  55.794 0.0000000000
62207  -43.579  -12.603  53.686 0.0000000000
38062  -9.052  -36.277  77.728 0.0000000000
37137  -7.130  -37.990  81.152 0.0000000000
51055  -29.406  -23.612  62.486 0.0000000000
53023  -31.869  -21.693  61.736 0.0000000000
54099  -34.427  -20.723  57.959 0.0000000000
38122  -11.967  -36.572  75.173 0.0000000000
42876  -20.030  -31.440  70.667 0.0000000000
44980  -21.612  -29.972  70.581 0.0000000000
45043  -34.901  -30.365  68.332 0.0000000000
47081  -18.246  -26.909  70.736 0.0000000000
44997  -17.779  -29.636  70.120 0.0000000000
41968  -17.623  -32.656  70.939 0.0000000000
46135  -30.646  -27.764  66.771 0.0000000000
43978  -30.186  -30.338  64.557 0.0000000000
60311  -35.928  -14.398  56.386 0.0000000000
59362  -38.622  -15.484  56.004 0.0000000000
62177  -37.541  -12.501  55.680 0.0000000000
64079  -41.365  -10.811  53.299 0.0000000000
64090  -43.249  -10.605  52.257 0.0000000000
62220  -45.905  -12.702  52.930 0.0000000000
64099  -44.936  -10.311  51.037 0.0000000000
64114  -46.637  -9.993  50.453 0.0000000000
51011  -29.252  -23.856  67.126 0.0000000000
49142  -30.940  -25.173  62.786 0.0000000000
51984  -28.022  -22.782  65.300 0.0000000000
54044  -29.451  -19.641  61.395 0.0000000000
55124  -30.479  -18.001  60.120 0.0000000000
52065  -32.939  -22.235  59.781 0.0000000000
56195  -32.693  -17.975  59.057 0.0000000000
57285  -33.847  -17.236  58.179 0.0000000000
42929  -24.336  -31.644  67.504 0.0000000000
39946  -10.598  -34.094  76.488 0.0000000000
40888  -11.634  -33.384  74.926 0.0000000000
34787  -7.111  -40.495  82.138 0.0000000000
34773  -6.177  -40.670  83.772 0.0000000000
65020  -37.260  -9.627  56.389 0.0000000000
51951  -34.082  -22.053  67.662 0.0000000000
41022  -30.294  -34.249  68.386 0.0000000000
43813  -14.306  -30.164  73.710 0.0000000000
40924  -13.629  -33.459  72.837 0.0000000000
41948  -15.305  -32.622  71.615 0.0000000000
69894  -50.879  -4.970  49.918 0.0000000000
43971  -33.981  -29.734  65.703 0.0000000000
46159  -34.597  -27.936  65.288 0.0000000000
46166  -32.394  -28.396  63.870 0.0000000000
48083  -19.688  -26.393  69.007 0.0000000000
46112  -21.374  -28.601  68.404 0.0000000000
48114  -22.161  -25.953  67.280 0.0000000000
46144  -23.987  -28.379  66.059 0.0000000000
42945  -25.201  -30.809  65.192 0.0000000000
45078  -27.096  -29.282  65.601 0.0000000000
42027  -27.817  -32.567  64.783 0.0000000000
41063  -30.707  -33.030  65.672 0.0000000000
42949  -32.610  -31.727  65.700 0.0000000000
54116  -38.061  -20.370  57.860 0.0000000000
63110  -39.123  -11.625  54.728 0.0000000000
62182  -41.989  -13.242  55.033 0.0000000000
65075  -49.203  -9.389  50.039 0.0000000000
37146  -7.763  -37.787  79.797 0.0000000000
35596  -8.459  -39.733  80.791 0.0000000000
49127  -33.956  -25.813  63.907 0.0000000000
51039  -33.501  -23.863  64.310 0.0000000000
51998  -32.576  -22.471  64.504 0.0000000000
54034  -28.214  -20.820  62.822 0.0000000000
52981  -31.211  -22.303  62.380 0.0000000000
52983  -32.732  -21.672  63.836 0.0000000000
52048  -33.602  -22.350  61.588 0.0000000000
52067  -35.458  -22.888  60.163 0.0000000000
53086  -36.644  -21.681  58.911 0.0000000000
55186  -35.539  -19.500  57.132 0.0000000000
58361  -34.652  -16.270  57.072 0.0000000000
44981  -22.909  -30.726  71.366 0.0000000000
39917  -10.097  -34.187  77.801 0.0000000000
38102  -10.519  -36.616  76.138 0.0000000000
39976  -14.362  -35.381  74.544 0.0000000000
33954  -4.997  -42.002  84.118 0.0000000000
42912  -19.750  -30.514  69.283 0.0000000000
43868  -20.710  -30.800  70.313 0.0000000000
44998  -21.067  -30.047  69.732 0.0000000000
45044  -35.604  -29.500  68.193 0.0000000000
46089  -18.825  -28.414  69.261 0.0000000000
46073  -18.248  -28.579  69.989 0.0000000000
45014  -18.596  -29.393  69.334 0.0000000000
42910  -18.590  -31.275  69.716 0.0000000000
62160  -35.694  -12.517  56.743 0.0000000000
61240  -36.673  -13.559  56.173 0.0000000000
63101  -36.593  -11.913  56.074 0.0000000000
65998  -42.617  -7.959  52.933 0.0000000000
66004  -42.400  -8.999  52.709 0.0000000000
66005  -42.899  -8.529  52.538 0.0000000000
64098  -43.947  -10.461  51.657 0.0000000000
66010  -44.384  -8.443  51.501 0.0000000000
65065  -44.810  -9.130  50.995 0.0000000000
51985  -28.294  -23.056  66.074 0.0000000000
55163  -31.737  -17.957  59.468 0.0000000000
57273  -32.598  -16.779  59.592 0.0000000000
57274  -32.935  -16.747  59.279 0.0000000000
41996  -26.103  -32.829  68.205 0.0000000000
41982  -25.372  -32.467  68.919 0.0000000000
41984  -26.831  -33.259  69.777 0.0000000000
41867  -11.890  -32.319  75.380 0.0000000000
41868  -12.486  -31.831  74.983 0.0000000000
66976  -49.632  -7.305  49.906 0.0000000000
34780  -6.515  -40.698  82.917 0.0000000000
50042  -36.861  -24.575  68.641 0.0000000000
51003  -35.165  -23.183  67.418 0.0000000000
41023  -31.247  -33.947  68.225 0.0000000000
41986  -33.145  -32.838  69.578 0.0000000000
46034  -16.306  -28.641  72.463 0.0000000000
44931  -15.826  -28.797  72.842 0.0000000000
44907  -15.047  -28.808  73.645 0.0000000000
43832  -15.062  -30.218  72.814 0.0000000000
42860  -14.398  -31.568  72.373 0.0000000000
43865  -15.495  -31.272  71.413 0.0000000000
42862  -18.691  -32.008  72.634 0.0000000000
41928  -17.565  -32.910  72.233 0.0000000000
43981  -33.063  -29.770  64.666 0.0000000000
45090  -33.448  -28.825  64.491 0.0000000000
45089  -32.487  -29.160  64.162 0.0000000000
49052  -20.121  -25.351  69.244 0.0000000000
48099  -21.237  -26.172  67.832 0.0000000000
49069  -21.538  -25.057  67.999 0.0000000000
48132  -23.651  -26.363  66.427 0.0000000000
47164  -24.894  -27.527  65.777 0.0000000000
45075  -24.451  -29.189  65.445 0.0000000000
46156  -25.620  -28.427  65.561 0.0000000000
43953  -28.388  -29.345  65.985 0.0000000000
43952  -27.907  -29.060  66.203 0.0000000000
42947  -27.362  -31.213  64.640 0.0000000000
42955  -28.155  -31.315  64.472 0.0000000000
41061  -28.916  -33.531  65.566 0.0000000000
42039  -28.996  -32.037  64.465 0.0000000000
45087  -30.714  -29.692  64.474 0.0000000000
42959  -31.662  -31.534  64.948 0.0000000000
43980  -32.293  -30.453  64.629 0.0000000000
43970  -33.319  -30.577  65.465 0.0000000000
55198  -37.056  -19.211  56.687 0.0000000000
55189  -38.602  -19.581  57.217 0.0000000000
56228  -38.036  -18.203  56.322 0.0000000000
60314  -39.079  -14.659  56.025 0.0000000000
58380  -39.936  -16.026  55.630 0.0000000000
65967  -38.097  -9.085  55.709 0.0000000000
65029  -38.402  -9.967  54.940 0.0000000000
65035  -38.985  -9.963  54.477 0.0000000000
63121  -42.035  -11.710  53.385 0.0000000000
63120  -41.134  -11.711  53.728 0.0000000000
62195  -42.375  -12.800  54.559 0.0000000000
62183  -43.014  -13.324  55.103 0.0000000000
65073  -47.179  -9.143  50.210 0.0000000000
66019  -47.768  -8.218  50.082 0.0000000000
66968  -48.404  -7.254  50.132 0.0000000000
39016  -9.050  -35.641  78.316 0.0000000000
39002  -8.383  -35.869  79.822 0.0000000000
38061  -8.632  -36.821  78.165 0.0000000000
35602  -9.096  -39.356  80.301 0.0000000000
34790  -9.027  -40.354  82.307 0.0000000000
46175  -33.363  -27.567  63.838 0.0000000000
47187  -34.453  -27.064  64.423 0.0000000000
48165  -32.400  -26.427  63.223 0.0000000000
50104  -30.130  -24.599  62.711 0.0000000000
50097  -32.414  -24.542  63.133 0.0000000000
51057  -31.200  -23.870  62.806 0.0000000000
51038  -32.758  -23.168  64.185 0.0000000000
51037  -32.212  -23.061  63.749 0.0000000000
55072  -28.612  -18.906  64.384 0.0000000000
53021  -30.318  -20.565  61.274 0.0000000000
53001  -29.587  -21.124  61.669 0.0000000000
53003  -31.483  -21.903  62.030 0.0000000000
52982  -32.009  -22.199  63.113 0.0000000000
53004  -32.250  -21.954  62.747 0.0000000000
52985  -34.012  -21.364  64.026 0.0000000000
53005  -33.061  -21.893  62.857 0.0000000000
53082  -33.234  -21.411  58.607 0.0000000000
52066  -34.140  -22.840  60.285 0.0000000000
52083  -34.527  -22.581  59.153 0.0000000000
53064  -36.149  -22.349  59.346 0.0000000000
54100  -35.435  -21.063  57.961 0.0000000000
54114  -35.998  -20.383  57.513 0.0000000000
55185  -34.609  -19.505  57.403 0.0000000000
58346  -33.616  -16.106  58.703 0.0000000000
58353  -34.201  -16.239  57.908 0.0000000000
59337  -33.945  -15.138  58.431 0.0000000000
47114  -22.088  -29.030  68.365 0.0000000000
46093  -21.790  -29.355  68.845 0.0000000000
45018  -22.602  -30.285  69.786 0.0000000000
39056  -11.078  -35.335  75.017 0.0000000000
39959  -10.425  -34.836  76.053 0.0000000000
38103  -11.549  -36.864  75.815 0.0000000000
40925  -14.859  -33.847  72.721 0.0000000000
39992  -13.529  -34.596  73.462 0.0000000000
39977  -15.393  -34.490  74.246 0.0000000000
42863  -19.406  -31.772  72.157 0.0000000000
43835  -20.564  -30.649  72.651 0.0000000000
46037  -21.161  -30.221  72.557 0.0000000000
46039  -21.680  -30.517  72.975 0.0000000000
42923  -34.121  -31.602  68.484 0.0000000000
42914  -33.760  -32.204  70.051 0.0000000000
47080  -17.619  -27.095  71.100 0.0000000000
46055  -17.147  -28.962  71.245 0.0000000000
44977  -17.052  -29.859  70.951 0.0000000000
43881  -16.596  -31.395  70.634 0.0000000000
43883  -17.839  -30.847  69.879 0.0000000000
42875  -19.311  -31.973  70.993 0.0000000000
45080  -30.829  -28.913  65.096 0.0000000000
46158  -31.116  -28.315  64.933 0.0000000000
43954  -29.047  -29.519  66.184 0.0000000000
43977  -29.372  -30.409  64.703 0.0000000000
45079  -30.340  -29.384  65.238 0.0000000000
59360  -36.521  -15.428  56.133 0.0000000000
58364  -37.014  -16.379  56.095 0.0000000000
60312  -37.070  -14.497  56.048 0.0000000000
61241  -37.711  -13.511  55.907 0.0000000000
61260  -38.560  -13.182  55.621 0.0000000000
65995  -40.433  -9.341  53.694 0.0000000000
65996  -40.953  -8.834  53.583 0.0000000000
65049  -42.275  -10.283  52.865 0.0000000000
63132  -43.359  -11.684  52.785 0.0000000000
62218  -44.149  -12.403  53.134 0.0000000000
63144  -43.865  -11.243  52.137 0.0000000000
63146  -45.590  -11.476  51.449 0.0000000000
63147  -46.655  -11.587  51.406 0.0000000000
64113  -45.730  -9.790  50.648 0.0000000000
66016  -45.467  -8.391  50.895 0.0000000000
37165  -9.497  -37.740  77.721 0.0000000000
37153  -9.295  -38.202  78.487 0.0000000000
36376  -10.774  -38.442  79.152 0.0000000000
49118  -29.556  -25.675  65.311 0.0000000000
49133  -30.401  -25.665  63.164 0.0000000000
50086  -28.884  -25.035  64.353 0.0000000000
50085  -28.293  -24.407  63.964 0.0000000000
51044  -28.259  -23.660  63.218 0.0000000000
55103  -29.079  -18.542  61.953 0.0000000000
55123  -29.751  -18.113  61.082 0.0000000000
54045  -30.169  -19.493  60.993 0.0000000000
108961  -31.210  -20.588  60.464 0.0000000000
54084  -31.699  -21.171  60.234 0.0000000000
55148  -30.965  -19.781  60.145 0.0000000000
55173  -32.229  -19.505  58.915 0.0000000000
55174  -33.000  -19.728  58.511 0.0000000000
55175  -33.750  -19.600  57.964 0.0000000000
56205  -33.333  -18.312  58.513 0.0000000000
43924  -23.710  -30.711  68.681 0.0000000000
43907  -23.688  -31.045  69.517 0.0000000000
43908  -24.087  -31.753  69.445 0.0000000000
40887  -11.219  -33.909  75.245 0.0000000000
39974  -11.870  -34.560  74.129 0.0000000000
36352  -6.818  -38.824  81.762 0.0000000000
37124  -6.900  -37.521  82.788 0.0000000000
36344  -6.423  -39.150  82.538 0.0000000000
35574  -6.246  -39.770  83.217 0.0000000000
35568  -6.031  -39.290  84.203 0.0000000000
53928  -33.738  -21.092  67.768 0.0000000000
41035  -28.562  -33.943  67.840 0.0000000000
41004  -28.266  -33.656  69.912 0.0000000000
44888  -14.030  -28.715  75.102 0.0000000000
43812  -13.752  -30.677  73.974 0.0000000000
41882  -12.889  -32.217  74.056 0.0000000000
42846  -13.986  -31.326  73.227 0.0000000000
40942  -14.498  -33.207  72.272 0.0000000000
40926  -15.819  -33.859  72.838 0.0000000000
41949  -16.355  -32.620  71.151 0.0000000000
40945  -17.015  -33.340  72.213 0.0000000000
40907  -16.668  -33.291  74.311 0.0000000000
68960  -50.576  -5.573  49.990 0.0000000000
46137  -34.941  -28.936  66.921 0.0000000000
46149  -35.572  -27.788  66.642 0.0000000000
45082  -34.247  -28.918  65.339 0.0000000000
45097  -33.250  -28.170  64.034 0.0000000000
47185  -31.565  -27.501  63.739 0.0000000000
47167  -30.950  -27.362  65.988 0.0000000000
48148  -30.923  -26.657  65.338 0.0000000000
48147  -30.562  -26.454  65.239 0.0000000000
51012  -29.664  -24.643  67.287 0.0000000000
46090  -19.428  -28.177  68.804 0.0000000000
46111  -20.643  -28.384  68.462 0.0000000000
47128  -20.291  -27.420  68.304 0.0000000000
47129  -21.193  -27.353  67.921 0.0000000000
47131  -22.464  -28.746  67.957 0.0000000000
49085  -22.858  -25.157  67.277 0.0000000000
47150  -23.012  -27.612  67.171 0.0000000000
46132  -23.319  -28.340  66.817 0.0000000000
45065  -23.924  -29.480  66.245 0.0000000000
42937  -24.599  -31.437  66.071 0.0000000000
42008  -26.046  -32.778  66.916 0.0000000000
47166  -26.513  -27.607  66.358 0.0000000000
43964  -25.922  -29.927  65.030 0.0000000000
42018  -26.164  -32.269  65.522 0.0000000000
42019  -26.974  -33.274  66.115 0.0000000000
41048  -28.733  -33.917  66.693 0.0000000000
41049  -29.771  -33.821  66.477 0.0000000000
41051  -31.627  -33.293  66.461 0.0000000000
42041  -30.817  -32.075  64.941 0.0000000000
42031  -31.791  -32.251  65.558 0.0000000000
42930  -33.110  -32.354  67.251 0.0000000000
43943  -33.773  -31.373  67.186 0.0000000000
45058  -34.818  -29.729  67.283 0.0000000000
48071  -19.220  -26.464  70.055 0.0000000000
57307  -39.546  -17.380  56.098 0.0000000000
64057  -37.261  -10.698  55.674 0.0000000000
63104  -38.571  -11.919  55.140 0.0000000000
62180  -40.055  -13.006  55.061 0.0000000000
64066  -40.036  -11.035  53.969 0.0000000000
62193  -40.436  -12.493  54.561 0.0000000000
62181  -41.010  -13.088  55.072 0.0000000000
61264  -42.555  -13.835  55.332 0.0000000000
66021  -49.550  -8.846  49.833 0.0000000000
66975  -49.082  -7.573  49.946 0.0000000000
67967  -48.866  -6.277  50.434 0.0000000000
38991  -8.293  -35.730  80.811 0.0000000000
37138  -7.417  -37.324  80.667 0.0000000000
37152  -8.510  -37.875  78.878 0.0000000000
36367  -7.712  -38.594  80.207 0.0000000000
36358  -7.271  -38.881  80.785 0.0000000000
34796  -7.673  -40.083  81.404 0.0000000000
47169  -35.307  -27.220  65.951 0.0000000000
48138  -35.694  -26.243  65.868 0.0000000000
50065  -35.083  -24.603  65.825 0.0000000000
49135  -32.770  -25.549  63.176 0.0000000000
50088  -33.746  -24.806  64.012 0.0000000000
51030  -34.509  -23.892  65.285 0.0000000000
51013  -33.891  -23.072  65.890 0.0000000000
51969  -33.173  -22.175  65.890 0.0000000000
52944  -33.213  -21.299  66.132 0.0000000000
52961  -27.784  -21.649  64.419 0.0000000000
52021  -28.269  -22.550  62.624 0.0000000000
54035  -28.737  -20.119  62.228 0.0000000000
53000  -28.511  -21.478  62.285 0.0000000000
52023  -30.343  -22.569  62.164 0.0000000000
52010  -31.549  -22.659  62.990 0.0000000000
52962  -32.385  -22.040  63.905 0.0000000000
52049  -35.148  -22.896  61.869 0.0000000000
54102  -37.480  -21.108  58.753 0.0000000000
55187  -36.530  -19.608  57.054 0.0000000000
56226  -35.889  -17.924  56.505 0.0000000000
56206  -34.091  -18.399  57.623 0.0000000000
57302  -35.019  -17.156  56.764 0.0000000000
58362  -35.278  -16.283  56.558 0.0000000000
60310  -35.314  -14.850  56.564 0.0000000000
61227  -35.058  -13.320  57.328 0.0000000000
46092  -21.493  -29.394  69.044 0.0000000000
46059  -21.642  -30.480  71.552 0.0000000000
44982  -23.262  -31.124  71.564 0.0000000000
39017  -9.626  -34.846  78.066 0.0000000000
39932  -10.448  -33.798  77.317 0.0000000000
39031  -9.880  -34.860  77.172 0.0000000000
39043  -9.723  -36.351  76.659 0.0000000000
37180  -10.528  -37.444  76.784 0.0000000000
40904  -12.420  -33.376  73.639 0.0000000000
39991  -12.681  -34.389  73.572 0.0000000000
39068  -13.225  -35.975  74.724 0.0000000000
33138  -6.617  -42.533  84.634 0.0000000000
33955  -5.531  -41.780  84.158 0.0000000000
35567  -5.314  -39.432  84.512 0.0000000000
47154  -36.650  -27.745  67.921 0.0000000000
43906  -19.879  -29.972  68.943 0.0000000000
43884  -20.365  -30.348  69.406 0.0000000000
46119  -35.844  -28.539  67.995 0.0000000000
43905  -19.220  -30.083  69.133 0.0000000000
63090  -35.537  -11.624  57.088 0.0000000000
63091  -36.080  -11.723  56.474 0.0000000000
66948  -42.963  -7.729  52.864 0.0000000000
66006  -43.699  -8.509  51.916 0.0000000000
66956  -44.070  -7.936  51.915 0.0000000000
41997  -26.876  -33.238  68.732 0.0000000000
42812  -12.628  -30.965  75.593 0.0000000000
67973  -50.073  -6.389  50.003 0.0000000000
66977  -50.431  -7.361  49.669 0.0000000000
50995  -35.617  -23.303  68.437 0.0000000000
50053  -35.482  -23.937  66.655 0.0000000000
41024  -32.089  -33.586  68.162 0.0000000000
41985  -32.597  -33.354  68.943 0.0000000000
44956  -16.276  -29.571  71.929 0.0000000000
44930  -15.478  -29.534  72.803 0.0000000000
44955  -15.552  -30.080  72.244 0.0000000000
43851  -15.152  -30.808  71.905 0.0000000000
50034  -20.860  -25.138  68.497 0.0000000000
48116  -25.918  -26.113  66.929 0.0000000000
49104  -25.172  -25.973  66.516 0.0000000000
48134  -25.495  -26.664  66.237 0.0000000000
47176  -25.211  -28.066  65.616 0.0000000000
47165  -25.855  -27.358  66.051 0.0000000000
43966  -28.443  -30.003  65.449 0.0000000000
43975  -27.991  -30.488  64.747 0.0000000000
42038  -28.429  -31.831  64.447 0.0000000000
42956  -28.879  -31.226  64.468 0.0000000000
43979  -31.169  -30.533  64.389 0.0000000000
56227  -36.909  -18.379  56.404 0.0000000000
57305  -37.495  -17.336  56.160 0.0000000000
60315  -39.922  -14.453  55.876 0.0000000000
59364  -40.145  -14.932  55.805 0.0000000000
60331  -40.866  -14.355  55.673 0.0000000000
65976  -38.827  -9.101  54.895 0.0000000000
65984  -39.298  -9.430  54.382 0.0000000000
63122  -42.820  -12.007  53.339 0.0000000000
62206  -42.640  -12.473  53.877 0.0000000000
62196  -43.343  -12.898  54.587 0.0000000000
66967  -47.329  -7.165  50.488 0.0000000000
39015  -8.567  -36.041  78.942 0.0000000000
47193  -32.199  -27.267  63.487 0.0000000000
47194  -32.940  -27.134  63.495 0.0000000000
50105  -31.095  -24.470  62.759 0.0000000000
51056  -30.715  -23.648  62.649 0.0000000000
51047  -31.786  -23.517  63.134 0.0000000000
53022  -30.953  -20.847  60.963 0.0000000000
54098  -33.441  -20.758  58.329 0.0000000000
53083  -33.855  -21.764  58.522 0.0000000000
53084  -34.888  -21.860  58.373 0.0000000000
54113  -35.168  -20.265  57.525 0.0000000000
46094  -22.456  -29.747  68.835 0.0000000000
45019  -23.133  -30.449  69.324 0.0000000000
38135  -11.359  -35.724  74.875 0.0000000000
38121  -11.111  -36.105  75.308 0.0000000000
38104  -12.392  -36.886  75.841 0.0000000000
39994  -15.368  -34.159  73.392 0.0000000000
39993  -14.566  -34.516  73.380 0.0000000000
37132  -7.272  -37.192  81.399 0.0000000000
38007  -7.407  -36.788  81.881 0.0000000000
49073  -36.799  -25.058  67.896 0.0000000000
42864  -19.893  -31.552  71.533 0.0000000000
43853  -19.949  -31.361  72.143 0.0000000000
43854  -20.565  -31.013  71.736 0.0000000000
44979  -21.329  -30.299  70.978 0.0000000000
46057  -21.292  -30.195  71.813 0.0000000000
46038  -21.314  -30.343  72.789 0.0000000000
46058  -21.389  -30.325  71.294 0.0000000000
43931  -34.472  -31.082  68.147 0.0000000000
42915  -34.372  -31.727  69.439 0.0000000000
48044  -18.669  -25.814  72.076 0.0000000000
48060  -18.097  -26.546  71.082 0.0000000000
46056  -17.658  -28.423  70.990 0.0000000000
44978  -17.390  -29.214  70.792 0.0000000000
44996  -17.380  -30.340  70.225 0.0000000000
42892  -19.267  -31.618  70.030 0.0000000000
46146  -30.891  -28.147  65.946 0.0000000000
43955  -29.587  -29.302  66.062 0.0000000000
45057  -30.488  -28.146  66.951 0.0000000000
45069  -30.746  -28.718  66.070 0.0000000000
62162  -37.027  -12.920  55.949 0.0000000000
61242  -38.735  -13.935  55.966 0.0000000000
61259  -38.017  -12.910  55.671 0.0000000000
66940  -40.861  -8.214  53.892 0.0000000000
66941  -41.421  -7.859  53.736 0.0000000000
65057  -42.569  -9.733  52.588 0.0000000000
65056  -42.197  -9.249  52.860 0.0000000000
64089  -42.646  -10.788  52.703 0.0000000000
65064  -44.113  -9.415  51.410 0.0000000000
63145  -44.602  -11.331  51.738 0.0000000000
64100  -46.082  -10.740  50.859 0.0000000000
64112  -45.209  -9.554  50.810 0.0000000000
66011  -45.171  -8.134  51.167 0.0000000000
65071  -45.453  -8.887  50.742 0.0000000000
50077  -29.205  -25.165  65.456 0.0000000000
49125  -29.476  -25.658  64.780 0.0000000000
51035  -28.028  -23.688  64.652 0.0000000000
51996  -27.647  -22.752  63.976 0.0000000000
54065  -30.524  -19.697  60.577 0.0000000000
56204  -32.821  -18.906  58.749 0.0000000000
56196  -33.039  -17.508  58.899 0.0000000000
58335  -33.116  -16.322  59.184 0.0000000000
43936  -23.978  -30.837  67.693 0.0000000000
43925  -24.029  -31.328  68.483 0.0000000000
42921  -24.688  -31.906  68.639 0.0000000000
41970  -26.116  -32.927  70.347 0.0000000000
41969  -25.352  -32.599  69.946 0.0000000000
39961  -11.314  -34.214  74.824 0.0000000000
35586  -6.866  -39.731  81.853 0.0000000000
36351  -6.646  -39.415  82.127 0.0000000000
35580  -6.521  -39.929  82.399 0.0000000000
34772  -5.656  -40.647  84.163 0.0000000000
51952  -34.850  -22.549  68.105 0.0000000000
52895  -33.871  -21.558  67.824 0.0000000000
52905  -33.700  -21.608  67.297 0.0000000000
41021  -29.321  -34.064  68.631 0.0000000000
41006  -30.025  -34.129  69.439 0.0000000000
43814  -15.057  -29.731  73.308 0.0000000000
44906  -14.307  -29.105  74.293 0.0000000000
43802  -13.863  -29.542  74.576 0.0000000000
42829  -13.934  -30.904  73.740 0.0000000000
41947  -14.843  -32.163  71.771 0.0000000000
41926  -14.458  -32.450  72.115 0.0000000000
41927  -14.864  -32.946  71.941 0.0000000000
40943  -15.342  -33.370  72.036 0.0000000000
42890  -16.949  -31.920  70.431 0.0000000000
42889  -16.367  -31.821  70.798 0.0000000000
41967  -17.173  -32.532  70.751 0.0000000000
41905  -17.669  -32.597  73.295 0.0000000000
40928  -17.241  -33.049  72.716 0.0000000000
40927  -16.782  -33.381  73.172 0.0000000000
45070  -34.576  -29.356  66.266 0.0000000000
45096  -32.873  -28.515  64.005 0.0000000000
46174  -32.739  -27.873  63.741 0.0000000000
46173  -32.129  -27.913  63.708 0.0000000000
47168  -30.888  -27.147  66.952 0.0000000000
49106  -30.564  -26.197  67.083 0.0000000000
49120  -30.750  -26.361  66.052 0.0000000000
49105  -30.263  -25.878  66.501 0.0000000000
49119  -30.103  -26.073  65.665 0.0000000000
47127  -19.689  -27.396  68.680 0.0000000000
46110  -19.969  -28.126  68.511 0.0000000000
48097  -19.955  -26.876  68.468 0.0000000000
47148  -21.689  -26.454  67.585 0.0000000000
47149  -22.135  -26.988  67.418 0.0000000000
47163  -23.870  -27.338  66.207 0.0000000000
46143  -23.494  -27.890  66.501 0.0000000000
46133  -23.420  -29.106  66.918 0.0000000000
43963  -24.857  -29.936  65.154 0.0000000000
43962  -24.235  -29.946  65.629 0.0000000000
42007  -25.252  -32.127  66.567 0.0000000000
42017  -25.351  -31.884  65.847 0.0000000000
45055  -27.742  -28.430  66.486 0.0000000000
45054  -27.617  -27.802  66.939 0.0000000000
45066  -27.234  -28.421  66.338 0.0000000000
46134  -27.126  -27.789  66.776 0.0000000000
46145  -26.756  -28.199  66.184 0.0000000000
45077  -26.553  -28.932  65.626 0.0000000000
42026  -26.868  -31.841  64.878 0.0000000000
42946  -26.286  -31.093  64.938 0.0000000000
41060  -27.967  -33.612  65.896 0.0000000000
41062  -29.996  -33.338  65.605 0.0000000000
41050  -30.841  -33.563  66.327 0.0000000000
43968  -29.774  -29.749  65.376 0.0000000000
42957  -29.662  -31.268  64.468 0.0000000000
42958  -30.579  -31.347  64.567 0.0000000000
42948  -32.020  -31.842  65.379 0.0000000000
42042  -31.333  -32.119  65.185 0.0000000000
42032  -32.226  -32.324  65.969 0.0000000000
42022  -32.513  -32.520  66.429 0.0000000000
42939  -32.998  -32.196  66.816 0.0000000000
42940  -33.365  -31.659  66.613 0.0000000000
43957  -34.174  -30.223  66.391 0.0000000000
49051  -19.610  -25.725  69.803 0.0000000000
47112  -19.164  -27.415  69.418 0.0000000000
56217  -39.369  -18.891  56.910 0.0000000000
55190  -39.814  -19.667  57.698 0.0000000000
58365  -38.067  -16.405  56.043 0.0000000000
58366  -39.201  -16.392  55.831 0.0000000000
64047  -36.729  -10.415  56.327 0.0000000000
64064  -38.713  -10.724  54.715 0.0000000000
64058  -38.080  -10.699  55.174 0.0000000000
63109  -38.469  -11.312  55.016 0.0000000000
62179  -39.107  -12.605  55.160 0.0000000000
65047  -40.847  -9.888  53.465 0.0000000000
65046  -40.153  -9.852  53.749 0.0000000000
64078  -40.514  -10.765  53.627 0.0000000000
62194  -41.341  -12.575  54.409 0.0000000000
63112  -40.645  -12.008  54.143 0.0000000000
61263  -41.525  -13.730  55.395 0.0000000000
61265  -43.644  -13.913  55.391 0.0000000000
62219  -44.952  -12.617  53.015 0.0000000000
64115  -47.652  -10.105  50.393 0.0000000000
65074  -48.219  -9.263  50.082 0.0000000000
64116  -48.681  -10.201  50.368 0.0000000000
66969  -49.088  -7.010  50.107 0.0000000000
38043  -8.140  -36.846  79.220 0.0000000000
38024  -7.936  -36.661  80.261 0.0000000000
36375  -9.910  -38.619  79.135 0.0000000000
36374  -9.094  -38.562  79.198 0.0000000000
36368  -8.459  -38.812  79.874 0.0000000000
36359  -7.847  -39.195  80.397 0.0000000000
35595  -7.684  -39.604  80.875 0.0000000000
34803  -8.108  -40.016  81.123 0.0000000000
34781  -8.745  -40.764  82.797 0.0000000000
48157  -34.536  -26.350  64.414 0.0000000000
48149  -34.980  -26.351  65.385 0.0000000000
49108  -35.423  -25.595  65.585 0.0000000000
49121  -34.847  -25.496  65.091 0.0000000000
49134  -31.653  -25.404  62.902 0.0000000000
50087  -33.064  -24.153  63.670 0.0000000000
50098  -33.151  -24.898  63.381 0.0000000000
50079  -34.044  -24.183  64.689 0.0000000000
50089  -34.234  -24.727  64.466 0.0000000000
51014  -34.539  -23.223  66.174 0.0000000000
51029  -33.643  -23.183  65.218 0.0000000000
51028  -33.000  -23.007  64.930 0.0000000000
51986  -32.912  -22.512  65.155 0.0000000000
52921  -33.120  -21.855  66.054 0.0000000000
52943  -32.962  -21.662  65.747 0.0000000000
54022  -27.963  -20.638  63.621 0.0000000000
54009  -28.064  -20.619  64.694 0.0000000000
52980  -27.827  -21.777  63.194 0.0000000000
55088  -28.569  -19.062  63.156 0.0000000000
53002  -30.617  -21.580  61.676 0.0000000000
52009  -31.060  -22.649  62.560 0.0000000000
54024  -32.859  -21.102  64.672 0.0000000000
54025  -33.347  -20.974  64.470 0.0000000000
52068  -36.579  -22.648  60.252 0.0000000000
53065  -36.899  -22.047  59.553 0.0000000000
53087  -37.157  -21.619  59.187 0.0000000000
56215  -36.057  -18.805  56.721 0.0000000000
57294  -34.453  -17.286  57.372 0.0000000000
59358  -34.952  -15.379  56.746 0.0000000000
61219  -34.752  -13.456  57.717 0.0000000000
46091  -21.022  -29.106  68.749 0.0000000000
46076  -22.219  -30.267  70.450 0.0000000000
46075  -21.794  -29.980  70.158 0.0000000000
46060  -22.240  -30.678  71.798 0.0000000000
43885  -23.774  -31.591  70.589 0.0000000000
45001  -23.305  -30.806  70.500 0.0000000000
40857  -10.781  -32.903  77.033 0.0000000000
38120  -10.481  -35.944  75.746 0.0000000000
39044  -10.053  -35.548  76.327 0.0000000000
38101  -9.886  -36.981  76.695 0.0000000000
41902  -13.469  -32.129  73.179 0.0000000000
40905  -13.019  -32.768  73.340 0.0000000000
39975  -12.996  -35.192  74.010 0.0000000000
39069  -13.880  -35.953  75.056 0.0000000000
34771  -4.855  -40.699  84.175 0.0000000000
42893  -19.979  -31.080  69.731 0.0000000000
47095  -18.722  -27.137  70.299 0.0000000000
47094  -18.188  -27.694  70.517 0.0000000000
43904  -18.502  -30.395  69.490 0.0000000000
42911  -19.235  -30.908  69.453 0.0000000000
46117  -30.833  -27.309  67.784 0.0000000000
61239  -35.929  -13.371  56.539 0.0000000000
62161  -36.410  -12.627  56.264 0.0000000000
62176  -36.908  -12.345  55.897 0.0000000000
65997  -42.055  -8.506  53.024 0.0000000000
65058  -43.366  -9.556  52.008 0.0000000000
66957  -44.589  -7.562  51.825 0.0000000000
51027  -28.474  -23.889  65.846 0.0000000000
51968  -28.632  -23.130  66.733 0.0000000000
51967  -28.339  -22.377  66.286 0.0000000000
52942  -28.139  -21.441  65.611 0.0000000000
41995  -25.272  -32.338  67.793 0.0000000000
41983  -26.138  -32.843  69.324 0.0000000000
41881  -12.115  -32.523  74.505 0.0000000000
66028  -49.914  -8.254  49.752 0.0000000000
33976  -7.655  -41.065  82.626 0.0000000000
33975  -7.014  -41.199  82.827 0.0000000000
33966  -6.717  -41.459  83.547 0.0000000000
33956  -6.274  -41.783  84.106 0.0000000000
50994  -35.167  -23.041  68.009 0.0000000000
51961  -34.480  -22.597  67.113 0.0000000000
41007  -30.927  -33.984  69.213 0.0000000000
41008  -31.804  -33.789  69.115 0.0000000000
41973  -32.220  -33.442  70.235 0.0000000000
46035  -16.732  -28.101  71.955 0.0000000000
46012  -16.454  -27.328  72.780 0.0000000000
46011  -16.011  -27.910  72.844 0.0000000000
45992  -15.587  -27.537  73.827 0.0000000000
43831  -14.567  -30.853  72.694 0.0000000000
43850  -14.706  -31.154  72.232 0.0000000000
42872  -15.088  -31.700  71.615 0.0000000000
41951  -17.946  -32.729  71.432 0.0000000000
41929  -18.173  -32.524  72.388 0.0000000000
41906  -18.174  -32.087  73.057 0.0000000000
45081  -33.611  -29.576  65.114 0.0000000000
46165  -31.682  -28.420  63.889 0.0000000000
48084  -20.128  -25.860  68.718 0.0000000000
48098  -20.427  -26.354  68.248 0.0000000000
49067  -20.506  -25.473  68.582 0.0000000000
49068  -21.026  -25.487  68.169 0.0000000000
48113  -21.705  -25.853  67.582 0.0000000000
49086  -24.135  -24.706  67.666 0.0000000000
49103  -24.406  -25.592  66.597 0.0000000000
48133  -24.567  -26.533  66.197 0.0000000000
46155  -24.878  -28.419  65.468 0.0000000000
45076  -25.345  -29.120  65.226 0.0000000000
43938  -28.038  -28.338  66.500 0.0000000000
43965  -27.362  -29.785  65.257 0.0000000000
42028  -29.316  -32.788  64.927 0.0000000000
42960  -32.314  -31.207  65.061 0.0000000000
42950  -33.269  -31.255  66.046 0.0000000000
43969  -32.646  -31.007  65.166 0.0000000000
55188  -37.501  -19.748  57.140 0.0000000000
55199  -37.773  -19.039  56.646 0.0000000000
55200  -38.553  -18.805  56.645 0.0000000000
56229  -38.993  -18.158  56.383 0.0000000000
59363  -39.703  -15.349  55.801 0.0000000000
65028  -37.848  -9.907  55.476 0.0000000000
65975  -38.287  -9.511  55.253 0.0000000000
64065  -39.437  -10.777  54.257 0.0000000000
62205  -41.880  -12.308  53.950 0.0000000000
62184  -44.020  -13.349  55.135 0.0000000000
66020  -48.923  -8.351  49.875 0.0000000000
39003  -8.978  -35.156  79.359 0.0000000000
35588  -8.640  -39.986  81.264 0.0000000000
46168  -34.322  -27.608  64.563 0.0000000000
47186  -33.979  -27.090  63.985 0.0000000000
48156  -33.993  -26.435  63.905 0.0000000000
48166  -33.406  -26.405  63.506 0.0000000000
49141  -30.627  -25.004  62.762 0.0000000000
50096  -31.740  -24.486  62.904 0.0000000000
51048  -32.544  -23.802  63.458 0.0000000000
51997  -32.179  -22.567  63.841 0.0000000000
55087  -28.278  -19.906  63.449 0.0000000000
53020  -29.946  -20.207  61.368 0.0000000000
52984  -33.404  -21.418  63.965 0.0000000000
53063  -33.160  -21.898  58.902 0.0000000000
52082  -33.662  -22.407  59.264 0.0000000000
52084  -35.377  -22.455  59.011 0.0000000000
53085  -35.824  -21.824  58.550 0.0000000000
54101  -36.391  -21.109  58.186 0.0000000000
59347  -34.415  -15.239  57.463 0.0000000000
47113  -21.897  -28.863  68.350 0.0000000000
45000  -22.766  -30.473  70.551 0.0000000000
39960  -10.886  -34.501  75.428 0.0000000000
39055  -10.607  -35.383  75.583 0.0000000000
37181  -11.357  -37.349  76.482 0.0000000000
50041  -36.441  -24.509  68.026 0.0000000000
50054  -36.012  -24.632  67.047 0.0000000000
42849  -19.076  -31.516  72.977 0.0000000000
43834  -19.773  -31.007  73.076 0.0000000000
44958  -20.959  -30.263  72.208 0.0000000000
42922  -33.701  -32.231  68.954 0.0000000000
41999  -33.152  -32.756  68.507 0.0000000000
47064  -17.202  -26.804  72.042 0.0000000000
46036  -17.191  -27.597  71.456 0.0000000000
44957  -16.887  -29.170  71.584 0.0000000000
44976  -16.538  -30.179  71.207 0.0000000000
43866  -16.119  -30.835  71.132 0.0000000000
43867  -16.666  -30.452  70.860 0.0000000000
43882  -17.018  -30.996  70.371 0.0000000000
42891  -18.086  -32.177  70.315 0.0000000000
42874  -18.705  -32.386  71.625 0.0000000000
46147  -30.818  -27.317  66.776 0.0000000000
43967  -29.164  -29.958  65.495 0.0000000000
45068  -30.167  -29.006  66.031 0.0000000000
58363  -36.078  -16.320  56.273 0.0000000000
59361  -37.550  -15.475  56.032 0.0000000000
60313  -38.126  -14.595  56.044 0.0000000000
61261  -39.570  -13.620  55.659 0.0000000000
65985  -39.901  -8.858  54.142 0.0000000000
65986  -40.549  -8.409  53.966 0.0000000000
65048  -41.799  -9.765  53.110 0.0000000000
64080  -42.100  -10.822  53.042 0.0000000000
63131  -42.576  -11.423  53.033 0.0000000000
63133  -44.344  -11.927  52.493 0.0000000000
63134  -45.249  -12.103  52.245 0.0000000000
64101  -47.134  -10.878  50.840 0.0000000000
65072  -46.225  -9.026  50.448 0.0000000000
66017  -45.802  -8.086  50.808 0.0000000000
37164  -8.940  -37.603  78.154 0.0000000000
48163  -30.562  -26.541  63.849 0.0000000000
49126  -29.915  -26.228  64.263 0.0000000000
49132  -29.370  -25.532  63.756 0.0000000000
51036  -28.551  -24.461  64.864 0.0000000000
50095  -29.508  -25.088  63.062 0.0000000000
50103  -29.290  -24.469  62.823 0.0000000000
51045  -28.858  -24.141  62.879 0.0000000000
54046  -30.493  -20.166  60.954 0.0000000000
54097  -32.598  -21.092  58.828 0.0000000000
57284  -33.276  -16.945  58.799 0.0000000000
59326  -33.800  -15.047  59.483 0.0000000000
45038  -23.542  -30.205  68.266 0.0000000000
43886  -24.192  -32.051  70.027 0.0000000000
42913  -24.739  -32.143  69.595 0.0000000000
40871  -11.119  -33.582  75.865 0.0000000000
40872  -11.713  -32.881  76.148 0.0000000000
39066  -11.556  -35.376  74.563 0.0000000000
38136  -11.733  -36.004  74.741 0.0000000000
37131  -7.076  -37.623  82.042 0.0000000000
36345  -6.649  -38.256  82.625 0.0000000000
36337  -6.261  -38.696  83.307 0.0000000000
35560  -6.030  -38.410  84.466 0.0000000000
65010  -37.434  -9.020  57.406 0.0000000000
65968  -38.942  -8.200  55.946 0.0000000000
65969  -39.508  -7.956  55.537 0.0000000000
53951  -33.869  -20.633  67.471 0.0000000000
41034  -27.661  -33.663  68.232 0.0000000000
41020  -28.409  -33.835  68.930 0.0000000000
41005  -29.121  -33.845  69.646 0.0000000000
43792  -13.492  -29.431  75.216 0.0000000000
43801  -13.292  -30.353  74.628 0.0000000000
42828  -13.423  -31.280  73.826 0.0000000000
42845  -13.591  -31.560  73.390 0.0000000000
41903  -14.013  -32.018  72.678 0.0000000000
40941  -14.084  -32.947  72.410 0.0000000000
42873  -15.741  -31.818  71.194 0.0000000000
40963  -15.880  -33.171  71.657 0.0000000000
41950  -17.219  -32.983  71.428 0.0000000000
40964  -16.580  -33.248  71.678 0.0000000000
40944  -16.270  -33.552  72.212 0.0000000000
68954  -49.948  -5.406  50.380 0.0000000000
46138  -35.572  -28.431  67.052 0.0000000000
46148  -34.913  -28.355  66.232 0.0000000000
45091  -34.116  -28.287  64.738 0.0000000000
46167  -33.768  -27.950  64.248 0.0000000000
48155  -31.038  -26.930  64.221 0.0000000000
47179  -31.196  -27.545  64.640 0.0000000000
48136  -30.781  -26.711  66.283 0.0000000000
48154  -30.530  -26.557  64.762 0.0000000000
50078  -29.644  -25.409  66.134 0.0000000000
50062  -29.342  -24.769  66.488 0.0000000000
45036  -19.748  -28.559  68.656 0.0000000000
45037  -20.074  -28.750  68.580 0.0000000000
47130  -21.983  -28.376  68.087 0.0000000000
46114  -22.950  -28.830  67.614 0.0000000000
50036  -22.065  -24.482  68.239 0.0000000000
50047  -22.479  -24.795  67.718 0.0000000000
49102  -23.552  -25.462  66.787 0.0000000000
48115  -22.869  -26.217  66.965 0.0000000000
46115  -23.180  -29.655  67.879 0.0000000000
45053  -23.738  -29.905  67.276 0.0000000000
42928  -24.074  -31.261  67.430 0.0000000000
43950  -24.058  -30.494  66.460 0.0000000000
47178  -26.048  -27.758  66.024 0.0000000000
46157  -26.186  -28.143  65.914 0.0000000000
42938  -25.479  -31.554  65.439 0.0000000000
41047  -27.758  -33.728  67.033 0.0000000000
41036  -29.537  -34.138  67.543 0.0000000000
41037  -30.565  -33.957  67.344 0.0000000000
41038  -31.620  -33.685  67.212 0.0000000000
41039  -32.323  -33.293  67.487 0.0000000000
42040  -29.951  -32.074  64.672 0.0000000000
42029  -30.306  -32.667  65.172 0.0000000000
42020  -31.333  -32.928  65.930 0.0000000000
42010  -32.181  -33.101  66.820 0.0000000000
42012  -33.048  -32.677  67.873 0.0000000000
42931  -33.457  -32.123  67.663 0.0000000000
42932  -33.995  -31.361  67.784 0.0000000000
43956  -33.686  -30.962  66.516 0.0000000000
43944  -34.316  -30.760  67.354 0.0000000000
45059  -35.422  -29.065  67.448 0.0000000000
48061  -18.833  -26.365  71.120 0.0000000000
49038  -19.322  -25.583  70.588 0.0000000000
54117  -39.096  -20.196  58.028 0.0000000000
57306  -38.545  -17.329  56.098 0.0000000000
64056  -36.555  -11.147  56.117 0.0000000000
63102  -37.073  -11.710  55.710 0.0000000000
63103  -37.875  -11.617  55.356 0.0000000000
62178  -38.272  -12.462  55.423 0.0000000000
65036  -39.578  -9.874  54.104 0.0000000000
63119  -40.436  -11.459  53.907 0.0000000000
63111  -39.945  -11.699  54.267 0.0000000000
62192  -39.715  -12.308  54.714 0.0000000000
61262  -40.561  -13.629  55.481 0.0000000000
60332  -41.993  -14.363  55.469 0.0000000000
66027  -49.383  -7.885  49.838 0.0000000000
67972  -49.445  -6.604  50.168 0.0000000000
68953  -49.213  -5.220  50.711 0.0000000000
38008  -7.757  -36.460  81.273 0.0000000000
37145  -7.362  -38.122  80.455 0.0000000000
35587  -7.209  -39.552  81.340 0.0000000000
34795  -7.203  -39.989  81.660 0.0000000000
34789  -8.525  -40.538  82.146 0.0000000000
34788  -7.920  -40.614  81.995 0.0000000000
47153  -35.992  -27.497  67.490 0.0000000000
47180  -34.705  -27.104  64.995 0.0000000000
49109  -35.968  -25.358  66.281 0.0000000000
50066  -35.785  -24.560  66.339 0.0000000000
49136  -33.457  -25.503  63.502 0.0000000000
49128  -34.397  -25.305  64.408 0.0000000000
50080  -34.623  -24.663  64.902 0.0000000000
51971  -34.116  -22.684  66.592 0.0000000000
51970  -33.707  -22.641  66.117 0.0000000000
51960  -33.845  -22.260  66.912 0.0000000000
52922  -33.392  -21.721  66.420 0.0000000000
53975  -33.401  -21.041  66.459 0.0000000000
53995  -28.228  -20.474  65.471 0.0000000000
52008  -27.864  -22.711  63.190 0.0000000000
51054  -28.717  -23.105  62.510 0.0000000000
54023  -28.295  -20.102  63.004 0.0000000000
52022  -29.130  -22.429  62.175 0.0000000000
51046  -31.058  -22.963  62.759 0.0000000000
52963  -32.625  -21.746  64.720 0.0000000000
53996  -32.868  -21.279  65.381 0.0000000000
53997  -33.278  -20.958  65.838 0.0000000000
53998  -33.959  -20.491  65.885 0.0000000000
54026  -33.866  -20.991  64.364 0.0000000000
54115  -36.997  -20.467  57.652 0.0000000000
56214  -35.016  -18.320  56.820 0.0000000000
56225  -35.374  -17.631  56.618 0.0000000000
57303  -35.657  -17.101  56.456 0.0000000000
59359  -35.633  -15.445  56.389 0.0000000000
60300  -34.957  -14.192  56.985 0.0000000000
60301  -35.522  -13.813  56.687 0.0000000000
61228  -35.351  -13.289  56.912 0.0000000000
45016  -20.492  -29.444  68.865 0.0000000000
45017  -21.174  -29.560  69.245 0.0000000000
44999  -21.491  -29.825  69.945 0.0000000000
46074  -21.648  -29.840  69.989 0.0000000000
43869  -23.534  -31.679  71.839 0.0000000000
44959  -22.758  -31.003  72.406 0.0000000000
41019  -27.578  -33.572  69.306 0.0000000000
41003  -27.499  -33.485  70.246 0.0000000000
39004  -9.349  -34.756  78.793 0.0000000000
39945  -10.215  -34.719  76.610 0.0000000000
39931  -10.220  -34.303  77.071 0.0000000000
39030  -9.374  -35.736  77.273 0.0000000000
38082  -9.242  -36.852  77.275 0.0000000000
37179  -9.836  -37.454  77.107 0.0000000000
37166  -10.452  -37.912  77.565 0.0000000000
37167  -11.384  -37.759  77.352 0.0000000000
40923  -12.983  -34.009  73.216 0.0000000000
39067  -12.278  -35.619  74.378 0.0000000000
38137  -12.400  -36.215  74.777 0.0000000000
39963  -15.308  -34.607  75.427 0.0000000000
39057  -13.569  -36.307  75.475 0.0000000000
38123  -12.805  -36.529  75.282 0.0000000000
67974  -50.946  -6.497  49.626 0.0000000000
33137  -6.073  -42.576  84.306 0.0000000000
33965  -4.738  -41.733  83.573 0.0000000000
34779  -4.289  -40.729  83.388 0.0000000000
35566  -4.748  -39.177  84.545 0.0000000000
34797  -8.397  -40.198  81.485 0.0000000000
34798  -8.762  -40.285  81.867 0.0000000000
34802  -7.947  -39.893  80.980 0.0000000000
38081  -9.012  -37.281  77.764 0.0000000000
39973  -11.274  -34.808  74.716 0.0000000000
40962  -15.500  -33.079  71.741 0.0000000000
41925  -13.880  -32.611  72.590 0.0000000000
41966  -16.707  -32.261  70.735 0.0000000000
42011  -32.823  -32.699  67.286 0.0000000000
42021  -31.950  -32.749  66.200 0.0000000000
42030  -31.057  -32.545  65.379 0.0000000000
42861  -14.772  -31.408  71.986 0.0000000000
42871  -14.661  -31.854  71.922 0.0000000000
42895  -24.555  -32.238  70.574 0.0000000000
42936  -24.104  -31.186  67.006 0.0000000000
43937  -24.059  -31.273  67.886 0.0000000000
43939  -28.378  -28.583  66.391 0.0000000000
43951  -24.460  -30.583  65.554 0.0000000000
44889  -14.521  -28.406  74.540 0.0000000000
44908  -15.580  -28.227  73.256 0.0000000000
45067  -27.354  -29.028  65.921 0.0000000000
46113  -21.681  -28.951  68.555 0.0000000000
47111  -18.583  -27.840  69.862 0.0000000000
47177  -25.623  -27.884  65.813 0.0000000000
47195  -33.436  -27.067  63.674 0.0000000000
49083  -21.502  -25.543  67.824 0.0000000000
49084  -22.013  -25.213  67.627 0.0000000000
50018  -20.731  -24.862  68.878 0.0000000000
50035  -21.223  -24.815  68.421 0.0000000000
50093  -28.443  -24.245  63.522 0.0000000000
50094  -28.779  -24.651  63.390 0.0000000000
51026  -28.116  -23.452  65.303 0.0000000000
51987  -33.350  -22.608  65.603 0.0000000000
53950  -33.560  -21.030  67.057 0.0000000000
54010  -32.869  -21.056  65.174 0.0000000000
54085  -37.762  -21.325  59.226 0.0000000000
56216  -36.622  -19.025  56.661 0.0000000000
61243  -39.338  -14.148  56.005 0.0000000000
64077  -39.926  -10.458  53.920 0.0000000000
