#!ascii label  , from subject 3969 vox2ras=TkReg
263
65593  -28.288  -9.478  5.581 0.0000000000
69476  -25.906  -5.681  3.726 0.0000000000
80318  -25.919  6.284  5.699 0.0000000000
77708  -27.562  3.223  5.080 0.0000000000
74021  -29.071  -0.756  5.313 0.0000000000
70398  -30.407  -4.214  6.543 0.0000000000
81848  -25.312  7.988  5.998 0.0000000000
75890  -28.186  1.434  4.819 0.0000000000
74047  -26.016  -0.746  3.759 0.0000000000
67514  -27.008  -7.123  4.367 0.0000000000
69446  -28.635  -5.091  5.057 0.0000000000
67499  -29.449  -7.130  5.900 0.0000000000
61752  -25.901  -13.017  6.419 0.0000000000
64675  -25.964  -9.701  4.608 0.0000000000
84768  -22.220  11.918  4.812 0.0000000000
84770  -24.836  11.577  5.259 0.0000000000
84057  -26.596  10.736  5.466 0.0000000000
82572  -27.703  9.178  5.817 0.0000000000
81089  -28.416  7.549  6.242 0.0000000000
78594  -26.998  4.600  5.584 0.0000000000
79460  -28.931  5.777  5.718 0.0000000000
77690  -29.461  3.570  5.798 0.0000000000
75860  -29.917  1.442  6.280 0.0000000000
73986  -30.940  -0.517  6.990 0.0000000000
72270  -27.143  -2.450  4.170 0.0000000000
71359  -29.819  -2.737  6.139 0.0000000000
74982  -25.850  0.330  3.841 0.0000000000
73140  -24.531  -1.406  3.279 0.0000000000
66527  -27.551  -7.908  4.821 0.0000000000
67516  -28.255  -6.843  5.054 0.0000000000
66511  -29.247  -7.891  5.872 0.0000000000
57913  -26.926  -17.336  8.764 0.0000000000
58932  -26.416  -16.381  8.196 0.0000000000
59936  -26.686  -15.351  7.871 0.0000000000
66524  -24.844  -8.323  3.797 0.0000000000
64674  -25.249  -9.928  4.459 0.0000000000
84061  -26.390  11.755  4.973 0.0000000000
81104  -25.649  7.118  5.841 0.0000000000
82571  -26.709  9.056  6.177 0.0000000000
81105  -26.670  7.091  6.394 0.0000000000
81840  -28.066  8.349  6.181 0.0000000000
81106  -27.723  6.827  6.291 0.0000000000
78615  -27.250  3.836  5.379 0.0000000000
78595  -27.780  4.490  5.565 0.0000000000
78596  -28.534  4.347  5.545 0.0000000000
78597  -29.163  4.342  5.685 0.0000000000
77689  -28.822  3.543  5.456 0.0000000000
75875  -28.479  0.628  5.030 0.0000000000
75877  -29.428  1.423  5.795 0.0000000000
74933  -29.716  0.426  5.987 0.0000000000
74934  -30.361  0.711  6.435 0.0000000000
74004  -29.841  -0.648  6.021 0.0000000000
70438  -24.723  -4.463  3.334 0.0000000000
71403  -26.121  -3.521  3.678 0.0000000000
70422  -26.492  -4.189  3.815 0.0000000000
70411  -29.840  -4.804  5.968 0.0000000000
71388  -28.833  -3.710  5.232 0.0000000000
70397  -29.780  -3.747  6.020 0.0000000000
72242  -30.409  -2.210  6.608 0.0000000000
71361  -30.950  -3.592  7.134 0.0000000000
61753  -26.817  -12.957  7.013 0.0000000000
62700  -25.480  -12.315  5.593 0.0000000000
62701  -26.449  -12.182  6.307 0.0000000000
63665  -27.107  -11.392  6.196 0.0000000000
76790  -26.324  2.172  4.432 0.0000000000
76791  -27.662  2.461  4.755 0.0000000000
75888  -26.317  1.012  4.192 0.0000000000
74964  -26.774  0.239  4.066 0.0000000000
74032  -28.051  -0.786  4.579 0.0000000000
68514  -26.556  -6.200  3.979 0.0000000000
69461  -27.342  -5.346  4.231 0.0000000000
68516  -28.063  -6.408  4.755 0.0000000000
68499  -28.607  -6.139  5.214 0.0000000000
69448  -29.915  -5.774  5.993 0.0000000000
61736  -26.864  -13.765  7.319 0.0000000000
68529  -25.503  -6.475  3.645 0.0000000000
67513  -26.039  -7.186  3.926 0.0000000000
66526  -26.656  -8.034  4.411 0.0000000000
65592  -27.264  -9.428  5.063 0.0000000000
85469  -22.189  13.183  4.512 0.0000000000
84054  -22.480  10.726  5.245 0.0000000000
84769  -23.923  12.087  5.072 0.0000000000
85482  -26.283  12.737  4.428 0.0000000000
84780  -27.520  11.687  4.430 0.0000000000
83325  -27.804  10.741  4.810 0.0000000000
83307  -26.444  9.631  5.936 0.0000000000
83321  -27.405  10.165  5.429 0.0000000000
83322  -28.202  9.889  5.044 0.0000000000
82582  -28.765  9.348  5.032 0.0000000000
81850  -29.356  8.802  5.204 0.0000000000
81842  -29.543  7.905  5.649 0.0000000000
79476  -26.250  5.303  5.681 0.0000000000
80320  -27.956  6.065  5.851 0.0000000000
80321  -28.634  6.048  5.768 0.0000000000
81091  -30.027  7.420  5.550 0.0000000000
80305  -30.180  6.296  5.855 0.0000000000
78582  -30.748  4.350  6.254 0.0000000000
76778  -29.174  2.454  5.572 0.0000000000
76757  -29.683  3.049  5.966 0.0000000000
72286  -24.852  -2.455  3.471 0.0000000000
73126  -27.055  -1.757  4.142 0.0000000000
73128  -28.280  -1.608  4.725 0.0000000000
71386  -27.605  -3.411  4.398 0.0000000000
71374  -28.781  -2.736  5.240 0.0000000000
73115  -29.318  -1.503  5.498 0.0000000000
73098  -30.226  -1.296  6.418 0.0000000000
73076  -31.129  -1.313  7.283 0.0000000000
64658  -26.093  -10.579  4.981 0.0000000000
64659  -27.042  -10.218  5.249 0.0000000000
65577  -28.620  -10.137  6.077 0.0000000000
66509  -27.730  -8.752  5.116 0.0000000000
66510  -28.405  -8.220  5.386 0.0000000000
65594  -29.047  -8.787  5.891 0.0000000000
66498  -29.731  -8.513  6.402 0.0000000000
58933  -27.541  -16.595  8.544 0.0000000000
81088  -27.599  7.626  6.435 0.0000000000
77707  -26.852  3.230  4.850 0.0000000000
77706  -25.819  3.383  4.637 0.0000000000
77688  -28.041  3.600  5.380 0.0000000000
76776  -27.923  3.035  5.093 0.0000000000
74949  -28.516  -0.225  4.971 0.0000000000
74950  -29.082  0.278  5.394 0.0000000000
74932  -29.489  -0.334  5.633 0.0000000000
70439  -25.750  -4.565  3.580 0.0000000000
71360  -30.389  -3.209  6.570 0.0000000000
70378  -31.641  -3.839  7.690 0.0000000000
70399  -31.032  -4.593  7.135 0.0000000000
75906  -25.737  1.160  4.064 0.0000000000
76806  -25.959  1.522  4.247 0.0000000000
74983  -26.364  -0.214  3.836 0.0000000000
74048  -26.676  -0.720  3.972 0.0000000000
74031  -27.337  -0.632  4.249 0.0000000000
68515  -27.483  -6.304  4.415 0.0000000000
67515  -27.748  -7.016  4.741 0.0000000000
67498  -28.774  -7.159  5.475 0.0000000000
68500  -29.419  -6.392  5.713 0.0000000000
68501  -29.900  -6.313  6.061 0.0000000000
68488  -30.448  -6.372  6.440 0.0000000000
68487  -29.821  -6.726  6.117 0.0000000000
57912  -25.852  -17.377  8.571 0.0000000000
56837  -25.292  -18.243  8.943 0.0000000000
60833  -26.230  -14.387  7.395 0.0000000000
60834  -27.365  -14.459  7.726 0.0000000000
67529  -25.442  -7.113  3.658 0.0000000000
65610  -25.464  -9.070  4.290 0.0000000000
66525  -25.792  -8.230  4.079 0.0000000000
65611  -26.418  -9.013  4.549 0.0000000000
65612  -27.131  -8.647  4.771 0.0000000000
65591  -26.561  -9.805  4.878 0.0000000000
84767  -21.101  12.017  4.717 0.0000000000
85479  -23.132  13.871  4.439 0.0000000000
85470  -23.087  12.698  4.707 0.0000000000
84777  -24.898  12.789  4.739 0.0000000000
85481  -25.645  13.134  4.381 0.0000000000
84778  -25.626  12.222  4.883 0.0000000000
84062  -27.112  11.279  5.019 0.0000000000
82570  -25.844  9.086  6.211 0.0000000000
81839  -27.010  8.260  6.453 0.0000000000
83308  -27.077  9.536  5.885 0.0000000000
82581  -28.036  9.657  5.348 0.0000000000
82573  -28.407  8.840  5.724 0.0000000000
81841  -28.994  8.358  5.726 0.0000000000
81090  -29.164  7.387  5.878 0.0000000000
78614  -26.300  4.136  5.372 0.0000000000
79493  -25.830  4.794  5.614 0.0000000000
80319  -26.987  6.162  5.902 0.0000000000
79477  -27.398  5.326  5.689 0.0000000000
79478  -28.440  5.281  5.681 0.0000000000
80304  -29.273  6.415  5.773 0.0000000000
79461  -29.392  5.335  5.809 0.0000000000
78581  -29.875  4.416  5.991 0.0000000000
77669  -30.106  3.578  6.147 0.0000000000
76792  -28.439  2.161  5.118 0.0000000000
75891  -28.537  1.731  5.143 0.0000000000
76779  -29.622  1.975  6.008 0.0000000000
76758  -30.093  2.541  6.274 0.0000000000
77670  -30.866  3.484  6.436 0.0000000000
76759  -31.018  2.670  6.756 0.0000000000
74918  -30.986  0.428  6.816 0.0000000000
73987  -31.463  -0.431  7.494 0.0000000000
72285  -23.908  -2.214  3.061 0.0000000000
72288  -26.462  -2.764  3.914 0.0000000000
73127  -27.565  -1.564  4.349 0.0000000000
72271  -27.959  -2.440  4.558 0.0000000000
70424  -28.101  -4.471  4.616 0.0000000000
70423  -27.160  -4.328  4.133 0.0000000000
71375  -29.184  -3.120  5.487 0.0000000000
71387  -28.451  -3.289  4.948 0.0000000000
72257  -29.025  -2.226  5.375 0.0000000000
72258  -29.497  -2.153  5.752 0.0000000000
73097  -29.724  -1.410  5.900 0.0000000000
72241  -29.899  -1.956  6.189 0.0000000000
72221  -31.380  -2.137  7.541 0.0000000000
72220  -30.881  -1.984  7.102 0.0000000000
73077  -31.933  -1.555  8.075 0.0000000000
63666  -28.219  -11.477  6.741 0.0000000000
64640  -26.766  -10.860  5.507 0.0000000000
64641  -27.841  -10.556  5.859 0.0000000000
64642  -28.826  -10.719  6.575 0.0000000000
74981  -24.641  0.376  3.647 0.0000000000
74046  -25.134  -0.587  3.598 0.0000000000
66528  -28.139  -7.442  5.093 0.0000000000
67487  -29.983  -7.433  6.384 0.0000000000
59935  -25.788  -15.236  7.610 0.0000000000
59917  -27.255  -15.896  8.239 0.0000000000
84053  -21.648  11.337  4.881 0.0000000000
84056  -25.685  11.104  5.410 0.0000000000
83320  -26.066  10.223  5.754 0.0000000000
81838  -26.139  8.464  6.441 0.0000000000
81849  -26.072  7.756  6.474 0.0000000000
79479  -28.888  4.827  5.654 0.0000000000
75876  -28.847  1.350  5.349 0.0000000000
74951  -29.274  0.869  5.627 0.0000000000
75861  -30.613  1.581  6.588 0.0000000000
74005  -30.422  -0.276  6.491 0.0000000000
71402  -25.262  -3.509  3.477 0.0000000000
71385  -26.829  -3.451  4.003 0.0000000000
70409  -28.614  -4.498  5.025 0.0000000000
70410  -29.126  -4.320  5.379 0.0000000000
71340  -30.893  -2.686  7.119 0.0000000000
71341  -31.481  -2.927  7.649 0.0000000000
72222  -31.888  -2.331  8.024 0.0000000000
63664  -26.172  -11.422  5.499 0.0000000000
75889  -27.215  1.276  4.417 0.0000000000
74963  -26.330  0.515  4.027 0.0000000000
74965  -27.838  0.286  4.518 0.0000000000
69460  -26.537  -5.058  3.896 0.0000000000
69462  -28.085  -5.644  4.632 0.0000000000
69447  -29.283  -5.430  5.517 0.0000000000
69436  -30.453  -5.251  6.519 0.0000000000
60846  -25.535  -13.862  6.665 0.0000000000
60847  -26.265  -13.598  6.970 0.0000000000
61737  -27.631  -13.434  7.424 0.0000000000
68530  -25.996  -6.237  3.787 0.0000000000
68513  -26.025  -6.540  3.820 0.0000000000
85468  -20.903  13.293  4.977 0.0000000000
85480  -24.196  13.550  4.423 0.0000000000
84779  -26.966  12.257  4.426 0.0000000000
84785  -27.518  12.639  3.253 0.0000000000
84786  -27.833  11.847  3.768 0.0000000000
84063  -27.930  11.182  4.305 0.0000000000
83306  -25.549  9.543  5.928 0.0000000000
83326  -28.475  10.206  4.216 0.0000000000
79492  -25.037  5.209  5.398 0.0000000000
79475  -25.592  5.700  5.548 0.0000000000
80303  -28.556  6.697  6.025 0.0000000000
79462  -30.474  5.297  6.111 0.0000000000
79463  -31.548  5.167  6.616 0.0000000000
76777  -28.355  2.878  5.218 0.0000000000
76793  -28.738  1.936  5.299 0.0000000000
73141  -25.449  -1.590  3.687 0.0000000000
72287  -25.763  -2.608  3.732 0.0000000000
73142  -26.445  -1.738  3.969 0.0000000000
73143  -27.026  -1.278  4.124 0.0000000000
74020  -28.555  -0.988  4.949 0.0000000000
70425  -28.616  -4.069  5.045 0.0000000000
72272  -28.551  -2.308  5.003 0.0000000000
73114  -28.795  -1.562  5.171 0.0000000000
74003  -29.546  -0.934  5.618 0.0000000000
73099  -30.670  -0.992  6.828 0.0000000000
73075  -30.660  -1.562  6.853 0.0000000000
64660  -27.637  -9.951  5.384 0.0000000000
64639  -26.348  -10.968  5.312 0.0000000000
