#!ascii label  , from subject 3969 vox2ras=TkReg
514
55684  23.187  -23.689  11.283 0.1428571492
55686  21.376  -23.601  10.878 0.1428571492
56690  23.147  -22.501  10.406 0.1428571492
54668  23.666  -24.361  11.744 0.1428571492
56667  23.597  -23.033  10.986 0.2857142985
56669  22.272  -23.225  10.607 0.1428571492
57609  23.809  -21.706  10.000 0.5714285970
56688  24.618  -22.244  10.742 0.1428571492
57607  25.801  -21.522  10.536 0.2857142985
58475  26.815  -20.605  10.332 0.1428571492
57606  26.883  -21.400  10.545 0.2857142985
60370  28.135  -18.659  9.249 0.2857142985
59453  27.780  -19.371  9.678 0.1428571492
59454  26.718  -19.349  9.622 0.2857142985
61326  29.529  -17.131  8.568 0.2857142985
60369  29.135  -18.499  9.321 0.2857142985
62297  29.868  -16.401  8.286 0.2857142985
62298  28.950  -16.544  8.192 0.2857142985
63367  30.388  -14.922  7.718 0.2857142985
66208  30.926  -12.240  7.277 0.8571428657
65343  30.536  -13.279  7.349 0.4285714328
62312  30.680  -15.437  8.006 0.2857142985
67992  31.548  -10.144  6.750 0.7142857313
67977  31.778  -10.633  7.184 0.7142857313
67081  31.834  -11.401  7.436 0.7142857313
66209  30.306  -12.731  7.112 0.7142857313
69749  32.718  -8.833  7.275 0.8571428657
68897  32.471  -9.718  7.308 0.5714285970
68912  32.035  -9.438  6.884 0.8571428657
67092  31.078  -11.060  6.876 0.7142857313
70564  33.405  -7.386  7.516 0.4285714328
73040  34.365  -5.143  8.020 0.2857142985
72157  34.188  -5.357  7.912 0.5714285970
71353  33.266  -6.627  7.284 0.8571428657
70565  32.750  -7.616  7.001 0.8571428657
73056  34.834  -3.888  8.713 0.1428571492
73039  34.708  -4.795  8.366 0.1428571492
72188  33.187  -5.591  7.094 0.5714285970
71354  32.577  -6.483  6.635 0.8571428657
74882  35.687  -1.907  7.832 0.1428571492
73055  35.081  -3.778  8.080 0.1428571492
73955  35.237  -3.018  8.131 0.1428571492
75737  36.237  -1.265  7.651 0.1428571492
75738  35.479  -0.905  7.586 0.1428571492
74883  34.939  -2.470  7.891 0.1428571492
74884  33.950  -2.856  7.539 0.4285714328
73974  33.567  -3.525  7.279 0.5714285970
73071  33.018  -4.487  6.837 0.7142857313
72189  32.429  -5.406  6.390 0.8571428657
76573  35.476  -0.256  7.341 0.1428571492
77369  35.829  0.021  7.289 0.1428571492
75757  34.600  -0.822  7.130 0.1428571492
74902  34.171  -2.133  7.598 0.5714285970
73975  32.827  -3.377  6.537 0.8571428657
73072  32.123  -4.355  6.032 0.8571428657
77368  36.245  0.120  7.138 0.1428571492
77387  35.379  0.569  6.910 0.2857142985
76574  34.563  -0.176  6.894 0.1428571492
76575  33.634  -0.053  6.501 0.8571428657
74903  33.448  -2.357  6.935 0.8571428657
74904  32.695  -2.325  6.266 0.8571428657
78205  34.629  1.427  6.500 0.1428571492
79009  35.615  2.472  5.703 0.1428571492
77388  34.206  0.601  6.558 0.4285714328
77390  32.739  -0.085  5.901 0.8571428657
76576  32.906  -0.468  6.178 0.8571428657
74920  32.056  -2.274  5.726 0.8571428657
76594  32.395  -0.615  5.747 0.8571428657
75760  32.523  -1.403  5.998 0.8571428657
75779  31.941  -1.409  5.548 0.8571428657
79010  34.790  2.286  6.245 0.1428571492
79812  34.770  2.984  5.800 0.2857142985
79011  33.993  2.054  6.287 0.5714285970
79023  33.156  1.913  6.197 0.8571428657
78206  33.741  1.275  6.300 0.8571428657
77389  33.194  0.457  6.152 0.8571428657
77413  32.383  0.297  5.649 0.8571428657
76595  31.758  -0.593  5.367 0.8571428657
79827  35.150  3.597  5.160 0.2857142985
79813  34.042  2.763  6.009 0.7142857313
79814  33.553  2.474  6.116 0.8571428657
78228  31.733  1.097  5.489 0.8571428657
79829  33.005  3.122  5.965 0.8571428657
79025  30.998  2.088  5.231 0.7142857313
78248  30.852  0.899  4.994 0.7142857313
79830  31.593  3.184  5.595 0.8571428657
80647  32.182  4.258  5.565 0.8571428657
79831  30.776  3.072  4.732 0.7142857313
81607  33.458  5.738  4.632 0.7142857313
81596  32.624  5.176  5.274 0.8571428657
82480  32.598  5.664  4.956 0.8571428657
81597  31.736  5.108  5.048 0.8571428657
83411  31.842  6.773  4.122 0.7142857313
83449  33.829  7.724  1.094 0.1428571492
82490  32.601  6.158  4.607 0.8571428657
83410  32.677  6.849  4.006 0.7142857313
83420  32.210  7.329  3.500 0.7142857313
82491  31.512  5.962  4.564 0.8571428657
84312  33.146  8.323  -0.361 0.1428571492
83428  32.677  7.556  3.069 0.5714285970
84289  32.486  7.888  2.474 0.5714285970
84290  31.408  8.012  2.206 0.5714285970
84295  32.293  8.328  1.544 0.1428571492
84323  32.547  9.143  -1.517 0.1428571492
84291  30.438  8.166  1.993 0.5714285970
85096  31.126  10.241  -1.050 0.1428571492
85102  31.130  10.459  -2.518 0.1428571492
84305  31.422  8.887  0.574 0.1428571492
85831  30.090  10.735  -2.652 0.1428571492
84296  31.278  8.557  1.336 0.5714285970
85097  30.136  10.542  -0.839 0.1428571492
85832  29.499  11.392  -2.664 0.1428571492
85820  29.475  10.669  -0.180 0.1428571492
54669  22.741  -24.398  11.543 0.1428571492
54670  21.735  -24.599  11.381 0.1428571492
56689  23.926  -22.459  10.676 0.2857142985
56666  24.437  -22.894  11.162 0.1428571492
56687  25.487  -22.195  10.838 0.2857142985
58493  27.396  -20.100  10.160 0.1428571492
63368  29.555  -15.088  7.468 0.2857142985
64386  29.840  -14.087  7.257 0.5714285970
69748  33.534  -8.800  7.801 0.2857142985
66224  30.536  -11.677  6.763 0.7142857313
72171  34.144  -6.318  8.020 0.1428571492
70566  31.966  -7.395  6.295 0.8571428657
75758  33.901  -1.014  6.869 0.8571428657
73995  32.159  -3.211  5.904 0.8571428657
79828  34.108  3.588  5.641 0.8571428657
81595  33.444  5.143  5.099 0.8571428657
82489  33.538  6.416  3.981 0.8571428657
83419  33.129  7.145  3.461 0.7142857313
84288  33.168  7.829  2.269 0.2857142985
85095  31.940  9.489  -0.805 0.1428571492
85113  30.807  10.802  -4.252 0.1428571492
53624  21.511  -25.054  11.556 0.1428571492
57608  24.870  -21.616  10.434 0.4285714328
58476  26.011  -20.749  10.303 0.2857142985
58478  24.488  -21.263  9.990 0.2857142985
60386  29.320  -17.758  8.906 0.2857142985
60387  28.426  -17.950  8.844 0.2857142985
60388  27.486  -18.076  8.731 0.2857142985
61327  28.675  -17.243  8.516 0.2857142985
65360  29.888  -13.164  7.021 0.7142857313
74881  36.507  -2.178  7.866 0.1428571492
76553  36.748  -0.636  7.247 0.1428571492
77386  36.383  0.816  6.419 0.1428571492
78204  35.511  1.579  6.357 0.2857142985
79022  35.757  2.938  5.183 0.1428571492
80644  34.752  4.310  4.751 0.2857142985
80645  34.221  4.501  5.108 0.5714285970
81594  33.965  5.219  4.721 0.5714285970
82488  34.128  6.052  3.802 0.5714285970
83427  33.298  7.521  2.737 0.4285714328
83426  34.056  7.094  2.508 0.2857142985
83437  33.690  7.621  2.011 0.1428571492
84303  33.118  8.223  0.773 0.1428571492
84304  32.245  8.648  0.496 0.1428571492
84297  30.401  8.697  1.419 0.2857142985
84313  32.533  8.893  -0.604 0.1428571492
85090  31.026  9.395  0.097 0.1428571492
85091  30.190  10.029  -0.039 0.1428571492
85101  31.977  9.631  -2.220 0.1428571492
85826  29.550  11.195  -1.389 0.1428571492
85821  28.859  11.539  -0.283 0.1428571492
86526  29.159  12.267  -2.584 0.1428571492
80656  34.507  4.902  4.372 0.4285714328
81622  34.464  5.504  3.618 0.4285714328
82498  34.182  6.416  3.214 0.4285714328
83418  33.695  7.029  3.098 0.5714285970
56668  22.775  -23.152  10.735 0.1428571492
55685  22.282  -23.716  10.977 0.1428571492
56691  22.145  -22.718  10.256 0.2857142985
55702  25.149  -22.705  11.174 0.1428571492
58477  25.076  -20.967  10.151 0.1428571492
67993  30.877  -10.258  6.279 0.7142857313
70545  33.257  -8.085  7.522 0.8571428657
69765  32.018  -8.476  6.634 0.8571428657
72172  33.845  -5.870  7.746 0.5714285970
73057  34.045  -4.679  7.732 0.5714285970
74901  35.143  -1.720  7.706 0.2857142985
73954  36.140  -2.968  8.569 0.1428571492
73956  34.407  -3.405  7.879 0.1428571492
75759  33.155  -1.252  6.508 0.8571428657
78226  33.159  1.116  6.030 0.8571428657
77414  31.400  0.207  5.224 0.8571428657
79024  32.135  2.095  5.874 0.8571428657
80646  33.289  4.355  5.544 0.8571428657
84283  31.663  7.605  2.940 0.5714285970
85083  30.785  8.916  0.874 0.4285714328
85089  31.831  9.040  -0.020 0.1428571492
85107  30.746  10.398  -3.637 0.1428571492
85825  30.416  10.658  -1.672 0.1428571492
58492  28.437  -20.019  10.161 0.1428571492
85084  29.953  9.361  0.994 0.1428571492
61329  26.864  -17.507  8.180 0.5714285970
61344  26.344  -17.271  7.721 0.5714285970
61331  25.089  -17.875  7.789 0.2857142985
62316  27.495  -16.318  7.457 0.5714285970
62317  26.449  -16.656  7.321 0.5714285970
60391  24.642  -18.645  8.332 0.4285714328
62300  27.230  -16.960  7.846 0.5714285970
61346  24.635  -17.144  7.341 0.2857142985
62318  25.242  -16.504  7.025 0.4285714328
63369  28.680  -15.314  7.237 0.4285714328
63370  27.864  -15.616  7.104 0.5714285970
63371  26.964  -15.804  6.875 0.5714285970
63372  25.883  -15.806  6.705 0.4285714328
64387  29.025  -14.650  6.926 0.5714285970
64406  28.235  -14.396  6.443 0.5714285970
63390  27.491  -15.091  6.588 0.4285714328
64405  29.135  -13.905  6.638 0.7142857313
65363  27.638  -13.559  5.812 0.4285714328
65361  29.367  -13.117  6.526 0.4285714328
62319  24.157  -16.343  7.081 0.2857142985
63391  26.489  -15.068  6.423 0.4285714328
66226  29.092  -12.357  5.827 0.7142857313
66243  28.288  -12.027  5.369 0.4285714328
67108  29.409  -11.263  5.540 0.7142857313
68009  28.222  -10.711  4.756 0.5714285970
68008  29.020  -10.610  4.926 0.7142857313
68025  28.653  -9.962  4.568 0.2857142985
66225  29.970  -12.265  6.637 0.5714285970
67094  29.696  -11.786  6.016 0.5714285970
68006  30.302  -10.213  5.740 0.7142857313
68937  29.173  -9.153  4.511 0.7142857313
68936  29.813  -8.880  4.737 0.7142857313
69785  29.584  -8.224  4.442 0.7142857313
70591  29.249  -7.360  4.217 0.4285714328
68913  31.329  -9.300  6.336 0.5714285970
69776  30.726  -8.197  5.458 0.5714285970
69777  30.235  -8.225  4.803 0.7142857313
70590  30.058  -7.356  4.432 0.7142857313
71370  30.449  -6.415  4.657 0.7142857313
71379  29.730  -6.438  4.216 0.5714285970
72223  29.349  -5.460  3.932 0.5714285970
70580  31.262  -7.293  5.649 0.5714285970
70581  30.614  -7.306  5.038 0.7142857313
72210  30.879  -5.461  4.917 0.8571428657
73093  30.606  -4.556  4.634 0.7142857313
73107  29.876  -4.539  4.139 0.5714285970
73073  31.709  -4.881  5.656 0.8571428657
73092  31.413  -4.431  5.255 0.8571428657
74015  30.311  -3.574  4.347 0.7142857313
74016  29.584  -3.637  3.894 0.5714285970
74954  29.353  -2.706  3.673 0.2857142985
72190  31.890  -5.269  5.894 0.7142857313
73997  30.969  -3.758  4.806 0.7142857313
75797  29.985  -1.531  3.803 0.7142857313
73091  31.802  -3.783  5.595 0.7142857313
74014  30.904  -3.050  4.648 0.8571428657
76609  31.091  -0.605  4.820 0.8571428657
74953  29.862  -2.349  3.834 0.5714285970
75796  30.797  -1.482  4.418 0.8571428657
76610  30.404  -0.592  4.248 0.8571428657
75798  29.518  -1.102  3.591 0.7142857313
73996  31.554  -3.125  5.193 0.8571428657
75780  31.409  -1.420  5.016 0.8571428657
77429  30.648  0.222  4.728 0.8571428657
77430  29.957  0.313  4.225 0.7142857313
79844  30.100  3.158  4.234 0.7142857313
80649  30.704  3.726  4.611 0.5714285970
80658  30.438  4.072  4.393 0.7142857313
80657  30.671  4.630  4.506 0.7142857313
81609  30.949  5.162  4.572 0.8571428657
81610  30.136  5.042  4.284 0.7142857313
80659  29.659  4.168  4.230 0.7142857313
81611  29.196  5.100  4.452 0.7142857313
82493  29.383  6.114  4.395 0.7142857313
82494  28.830  5.712  4.599 0.5714285970
82492  30.485  5.970  4.270 0.7142857313
83412  30.928  6.663  4.023 0.7142857313
83413  30.004  6.854  3.974 0.4285714328
82482  28.935  6.701  4.773 0.5714285970
82483  28.435  6.332  4.932 0.5714285970
84277  30.135  7.344  3.638 0.5714285970
83414  29.302  7.106  4.595 0.5714285970
82484  27.700  6.507  5.379 0.5714285970
81598  27.824  5.823  4.974 0.4285714328
83404  28.645  7.266  5.202 0.5714285970
84278  29.668  7.882  4.126 0.5714285970
83406  27.415  7.169  5.705 0.4285714328
81614  26.817  5.101  4.923 0.4285714328
83405  27.887  7.268  5.499 0.5714285970
84265  27.133  9.217  6.343 0.4285714328
66207  32.051  -12.407  7.734 0.2857142985
69766  31.319  -8.252  6.065 0.5714285970
84272  27.944  8.500  5.753 0.2857142985
84273  27.317  7.837  5.856 0.4285714328
83399  27.075  7.470  6.044 0.2857142985
61330  26.018  -17.731  8.034 0.5714285970
60373  25.424  -18.842  8.793 0.5714285970
62315  28.385  -16.067  7.635 0.2857142985
62299  28.076  -16.743  8.026 0.4285714328
62314  29.252  -15.833  7.814 0.2857142985
61332  23.884  -17.742  7.687 0.2857142985
64407  27.101  -14.367  6.117 0.4285714328
63373  24.645  -15.558  6.664 0.2857142985
63392  25.430  -14.969  6.311 0.2857142985
66227  28.093  -12.811  5.613 0.5714285970
67080  32.730  -11.538  7.906 0.2857142985
68010  27.413  -10.750  4.676 0.2857142985
74940  30.428  -2.464  4.236 0.7142857313
79040  30.540  2.002  4.803 0.7142857313
79843  30.396  2.604  4.507 0.7142857313
79041  30.036  2.107  4.448 0.7142857313
81612  28.314  5.269  4.593 0.5714285970
83422  30.540  7.161  3.652 0.5714285970
83421  31.249  7.164  3.504 0.5714285970
84271  29.143  7.883  5.177 0.5714285970
67093  30.267  -11.190  6.134 0.5714285970
72209  31.486  -5.449  5.447 0.7142857313
71355  31.836  -6.243  5.898 0.7142857313
74921  31.620  -2.112  5.253 0.7142857313
64404  29.546  -13.579  6.874 0.5714285970
78249  30.230  1.139  4.658 0.7142857313
68914  30.725  -9.593  5.884 0.5714285970
62301  26.724  -17.111  7.748 0.5714285970
61345  25.641  -17.240  7.477 0.5714285970
63389  28.179  -15.089  6.805 0.5714285970
65362  28.608  -13.382  6.120 0.5714285970
67109  28.607  -11.319  5.160 0.5714285970
67110  27.735  -11.432  4.968 0.4285714328
66244  27.232  -12.340  5.292 0.4285714328
67107  29.919  -10.728  5.668 0.7142857313
68007  29.667  -10.198  5.293 0.7142857313
68927  29.639  -9.478  4.914 0.7142857313
68926  30.271  -9.229  5.290 0.7142857313
68925  30.844  -8.912  5.826 0.5714285970
71369  31.087  -6.363  5.253 0.5714285970
72222  30.178  -5.493  4.372 0.7142857313
74941  29.902  -2.952  3.987 0.5714285970
64409  24.947  -14.155  6.032 0.1428571492
65364  26.626  -13.589  5.732 0.4285714328
57610  22.610  -21.958  9.827 0.4285714328
61325  30.429  -17.177  8.726 0.1428571492
64385  30.874  -14.146  7.663 0.1428571492
65342  31.426  -13.278  7.667 0.1428571492
62296  30.942  -16.097  8.349 0.1428571492
64384  31.777  -14.170  8.008 0.1428571492
63366  31.244  -15.065  8.029 0.1428571492
67975  33.454  -10.623  8.071 0.2857142985
87136  29.209  13.791  -0.583 0.1428571492
77431  29.127  0.325  3.758 0.4285714328
87133  28.930  13.629  0.443 0.1428571492
78251  28.826  1.423  3.925 0.4285714328
79042  29.370  2.310  4.214 0.5714285970
79845  29.163  3.305  4.099 0.4285714328
86508  29.558  10.946  3.438 0.2857142985
85072  29.532  9.144  4.201 0.2857142985
85076  29.672  9.270  3.049 0.2857142985
78254  26.401  2.243  3.796 0.1428571492
85796  29.142  10.145  5.125 0.2857142985
84284  30.424  7.603  2.984 0.4285714328
79847  27.584  3.368  4.517 0.4285714328
80661  27.885  4.317  4.465 0.5714285970
79848  26.565  3.478  4.584 0.4285714328
80662  27.042  4.317  4.601 0.2857142985
85068  28.296  9.789  5.820 0.1428571492
85067  29.191  8.873  5.233 0.1428571492
80663  26.164  4.325  4.960 0.1428571492
85056  27.462  9.633  6.254 0.1428571492
84255  26.486  8.591  7.316 0.1428571492
85797  28.369  10.970  5.854 0.1428571492
85057  26.680  10.058  6.771 0.1428571492
85778  27.460  10.599  6.386 0.1428571492
85779  26.609  11.286  6.870 0.1428571492
57627  22.855  -21.282  9.433 0.4285714328
59458  22.239  -19.738  8.983 0.2857142985
60385  29.893  -17.583  8.834 0.1428571492
84282  32.252  7.638  3.019 0.4285714328
85075  29.907  8.327  2.618 0.2857142985
58498  22.125  -20.626  9.317 0.2857142985
57624  28.230  -20.703  10.414 0.1428571492
57625  27.476  -20.853  10.433 0.1428571492
60368  30.243  -18.179  9.257 0.1428571492
68896  33.105  -9.696  7.654 0.1428571492
79046  25.921  2.903  4.157 0.2857142985
86504  29.609  10.829  3.798 0.2857142985
85808  29.515  10.403  3.020 0.2857142985
85079  29.763  8.745  1.946 0.2857142985
85080  29.435  9.689  2.056 0.2857142985
85811  29.237  10.689  1.987 0.2857142985
86512  29.284  11.889  1.770 0.1428571492
86483  29.230  11.690  5.268 0.2857142985
85816  29.105  10.987  0.846 0.1428571492
86516  28.942  12.295  0.636 0.1428571492
85815  29.583  10.196  0.607 0.1428571492
69747  34.315  -8.749  8.294 0.2857142985
86505  29.570  11.591  3.842 0.2857142985
85085  29.367  10.128  1.312 0.1428571492
57626  23.484  -21.134  9.392 0.4285714328
67976  32.483  -10.528  7.542 0.4285714328
79043  28.638  2.432  4.104 0.4285714328
80660  28.765  4.264  4.355 0.5714285970
84266  26.820  8.668  6.512 0.2857142985
78250  29.532  1.271  4.315 0.5714285970
65341  32.323  -13.350  8.087 0.1428571492
78252  28.121  1.716  3.916 0.2857142985
85804  29.577  10.420  4.067 0.2857142985
84285  29.769  8.393  3.378 0.2857142985
79045  26.969  2.634  4.307 0.2857142985
79846  28.339  3.346  4.363 0.4285714328
81613  27.466  5.158  4.704 0.4285714328
66206  32.962  -12.548  8.234 0.1428571492
77432  28.641  0.758  3.696 0.2857142985
71380  28.873  -6.460  3.957 0.4285714328
74026  28.903  -3.564  3.535 0.2857142985
87098  28.785  13.163  5.620 0.1428571492
86467  26.733  11.942  6.997 0.1428571492
87115  29.222  12.982  4.367 0.1428571492
86466  27.607  11.800  6.598 0.1428571492
87095  27.924  12.852  7.121 0.1428571492
86484  28.489  11.719  6.041 0.1428571492
87094  28.595  13.403  6.742 0.1428571492
87728  28.500  14.224  4.718 0.1428571492
86465  28.535  12.434  6.302 0.1428571492
87703  28.684  14.205  7.264 0.1428571492
87712  28.500  14.267  6.082 0.1428571492
73108  29.176  -4.441  3.749 0.2857142985
87125  29.408  12.852  2.874 0.1428571492
87087  28.522  13.597  7.776 0.1428571492
59455  25.603  -19.358  9.331 0.2857142985
60389  26.548  -18.172  8.619 0.2857142985
60372  26.153  -18.720  9.092 0.1428571492
58495  25.269  -20.221  9.691 0.2857142985
61328  27.785  -17.401  8.377 0.2857142985
60374  25.048  -19.127  8.790 0.4285714328
60371  27.132  -18.692  9.209 0.1428571492
58494  26.291  -20.018  9.997 0.1428571492
60390  25.647  -18.336  8.438 0.4285714328
79044  27.969  2.349  4.255 0.2857142985
59457  23.348  -19.925  8.728 0.2857142985
58497  23.044  -20.650  9.049 0.2857142985
59456  24.450  -19.539  8.861 0.2857142985
59472  23.424  -19.152  8.488 0.2857142985
59471  24.011  -18.968  8.450 0.2857142985
65383  27.092  -13.079  5.569 0.2857142985
68938  28.259  -9.179  4.332 0.1428571492
69786  28.756  -8.277  4.256 0.2857142985
74027  28.154  -3.545  3.270 0.1428571492
74955  28.608  -2.676  3.310 0.1428571492
75813  29.099  -1.674  3.490 0.1428571492
75814  28.135  -1.788  3.041 0.1428571492
76626  29.141  -0.675  3.527 0.1428571492
76627  28.485  -0.809  3.281 0.1428571492
78273  27.665  1.089  3.575 0.1428571492
78253  27.306  1.896  3.891 0.1428571492
81599  27.266  5.845  5.255 0.1428571492
81589  27.028  6.164  5.621 0.1428571492
81615  26.528  5.134  5.239 0.1428571492
82475  27.260  6.658  5.679 0.1428571492
82476  27.030  6.707  5.910 0.1428571492
57628  22.000  -21.342  9.551 0.2857142985
76611  29.745  -0.529  3.753 0.2857142985
76628  27.884  -0.425  3.143 0.1428571492
57629  21.351  -21.300  9.758 0.2857142985
64408  26.017  -14.252  6.030 0.2857142985
65384  26.378  -12.835  5.486 0.2857142985
69787  27.781  -8.313  4.124 0.1428571492
72224  28.579  -5.719  3.780 0.1428571492
72235  27.988  -5.256  3.615 0.1428571492
72234  28.739  -5.047  3.701 0.1428571492
74028  27.246  -3.524  3.055 0.1428571492
74956  27.904  -2.745  3.032 0.1428571492
77448  28.284  0.258  3.416 0.1428571492
78274  26.710  1.301  3.502 0.1428571492
81600  26.754  5.572  5.376 0.1428571492
58496  24.161  -20.742  9.372 0.2857142985
70592  28.302  -7.359  4.068 0.1428571492
75812  29.573  -2.067  3.686 0.1428571492
77447  28.768  -0.238  3.483 0.1428571492
78272  28.318  1.053  3.683 0.1428571492
66245  26.067  -12.100  5.192 0.1428571492
74040  26.936  -3.024  2.851 0.1428571492
58499  21.480  -20.775  9.619 0.1428571492
58479  20.886  -20.728  10.017 0.1428571492
59459  21.278  -19.886  9.609 0.1428571492
70544  33.942  -7.790  7.991 0.1428571492
70543  34.934  -7.873  8.494 0.1428571492
80671  34.791  4.748  3.697 0.1428571492
56692  21.279  -22.425  10.209 0.1428571492
59473  22.705  -19.284  8.620 0.1428571492
80655  35.080  4.138  4.190 0.1428571492
81621  34.759  4.965  3.110 0.1428571492
61347  23.765  -16.922  7.361 0.1428571492
57611  21.678  -21.942  9.836 0.1428571492
71333  34.486  -6.863  8.256 0.1428571492
57612  20.923  -21.658  10.115 0.1428571492
60392  23.518  -18.484  8.190 0.1428571492
55703  21.913  -23.282  10.569 0.1428571492
64388  28.540  -14.880  6.833 0.5714285970
66228  27.525  -12.960  5.584 0.2857142985
66242  28.872  -11.765  5.453 0.5714285970
67991  32.058  -10.091  7.136 0.7142857313
68024  29.256  -9.904  4.791 0.7142857313
71334  33.836  -6.807  7.810 0.1428571492
72156  34.482  -5.755  8.173 0.5714285970
74939  31.174  -2.285  4.733 0.7142857313
75815  27.705  -2.232  2.903 0.1428571492
76554  36.032  -0.470  7.460 0.1428571492
76643  27.957  -1.035  3.031 0.1428571492
77412  32.886  0.754  5.868 0.8571428657
78203  36.159  1.676  5.978 0.1428571492
78227  32.679  1.143  5.808 0.8571428657
79832  30.507  3.527  4.469 0.7142857313
80648  31.109  4.181  4.912 0.5714285970
81606  34.069  5.684  4.233 0.5714285970
81608  32.961  5.629  4.985 0.7142857313
82481  32.199  5.652  4.944 0.8571428657
82499  33.659  6.778  3.458 0.5714285970
84294  33.137  8.042  1.728 0.2857142985
85803  29.601  10.605  3.893 0.2857142985
85807  29.579  10.625  3.657 0.2857142985
86522  29.192  11.938  -1.858 0.1428571492
