#!ascii label  , from subject 3000 vox2ras=TkReg
1101
80903  -26.047  -25.454  -22.899 0.5555555820
80924  -26.552  -24.820  -23.261 0.6666666865
83690  -26.706  -23.254  -23.841 0.7777777910
83691  -27.640  -23.662  -23.980 0.7777777910
84920  -26.537  -22.273  -24.588 0.8888888955
84939  -28.415  -21.923  -25.293 0.8888888955
80902  -24.709  -25.552  -22.304 0.5555555820
82336  -25.151  -24.618  -22.985 0.5555555820
83689  -25.284  -23.490  -23.381 0.6666666865
83712  -27.505  -23.046  -24.538 0.8888888955
84938  -27.699  -21.930  -25.299 0.8888888955
86116  -28.040  -21.281  -25.725 1.0000000000
86118  -29.102  -21.181  -25.294 0.8888888955
87353  -28.680  -19.843  -26.052 1.0000000000
83666  -24.019  -23.563  -23.062 0.7777777910
86085  -25.182  -21.500  -24.235 1.0000000000
87319  -25.142  -20.723  -24.994 1.0000000000
87320  -25.956  -20.951  -25.365 1.0000000000
87334  -26.616  -20.563  -25.855 1.0000000000
88498  -27.807  -19.858  -26.227 1.0000000000
88496  -26.083  -19.578  -25.911 1.0000000000
88497  -27.227  -19.485  -26.236 1.0000000000
88505  -27.682  -18.893  -26.303 1.0000000000
88507  -28.831  -19.093  -26.104 1.0000000000
89663  -27.340  -18.400  -26.380 1.0000000000
89664  -27.977  -18.334  -26.391 1.0000000000
89666  -29.081  -18.391  -25.790 1.0000000000
90894  -28.367  -17.475  -26.489 1.0000000000
92176  -29.411  -16.473  -26.052 0.7777777910
88482  -24.111  -19.739  -24.288 0.8888888955
88489  -25.295  -19.731  -25.418 1.0000000000
89657  -26.463  -18.555  -26.181 1.0000000000
89646  -24.912  -19.251  -25.220 1.0000000000
90893  -27.703  -17.495  -26.550 1.0000000000
92187  -28.088  -16.602  -26.774 1.0000000000
92188  -28.907  -16.429  -26.617 1.0000000000
93352  -29.385  -15.540  -25.947 0.8888888955
93364  -28.960  -15.278  -26.821 1.0000000000
94509  -29.822  -14.563  -25.125 0.7777777910
89644  -24.101  -17.848  -24.695 0.5555555820
92174  -25.294  -16.429  -25.029 0.7777777910
90884  -25.244  -17.421  -25.507 0.8888888955
90885  -26.038  -17.573  -25.971 1.0000000000
90892  -26.905  -17.521  -26.383 1.0000000000
92175  -25.879  -16.817  -25.613 0.8888888955
92185  -26.490  -16.406  -26.280 1.0000000000
92186  -27.352  -16.620  -26.656 1.0000000000
93373  -28.368  -15.013  -27.221 1.0000000000
94531  -28.630  -14.405  -27.121 1.0000000000
94522  -29.004  -14.577  -26.381 0.8888888955
96768  -29.495  -12.913  -25.908 0.7777777910
95593  -30.488  -13.651  -24.730 0.6666666865
96769  -29.941  -12.825  -25.342 0.6666666865
93335  -23.109  -16.190  -23.677 0.4444444478
92173  -24.201  -16.401  -24.971 0.7777777910
93337  -23.924  -15.608  -24.788 0.6666666865
94521  -25.944  -14.865  -26.844 0.7777777910
93362  -26.071  -15.377  -26.213 0.8888888955
93363  -26.491  -15.385  -26.883 0.8888888955
92198  -27.668  -15.817  -26.964 1.0000000000
94529  -27.305  -14.384  -27.987 1.0000000000
94530  -28.111  -14.275  -27.756 1.0000000000
95635  -28.415  -13.397  -27.616 0.8888888955
95622  -28.543  -13.171  -26.969 0.7777777910
96783  -28.996  -12.810  -26.401 0.7777777910
96752  -30.432  -12.776  -24.770 0.5555555820
97957  -29.703  -11.804  -26.085 0.7777777910
97943  -29.994  -11.844  -25.645 0.6666666865
94506  -24.305  -14.665  -25.142 0.6666666865
94491  -23.712  -15.064  -24.475 0.6666666865
94520  -25.499  -14.505  -26.229 0.7777777910
94519  -24.934  -14.246  -25.679 0.7777777910
94527  -25.658  -14.330  -27.018 0.8888888955
94528  -26.357  -14.483  -27.461 0.8888888955
95633  -26.643  -13.452  -28.271 1.0000000000
95645  -27.627  -13.178  -28.471 1.0000000000
94542  -28.067  -13.578  -28.083 0.8888888955
97968  -28.326  -11.689  -27.501 0.8888888955
97955  -28.548  -11.973  -26.794 0.8888888955
97956  -29.251  -11.910  -26.328 0.7777777910
99169  -28.270  -11.232  -27.072 0.7777777910
100294  -28.500  -11.101  -26.715 0.7777777910
99158  -29.675  -11.133  -26.158 0.7777777910
99144  -30.508  -10.553  -25.043 0.6666666865
95605  -24.114  -13.623  -25.246 0.6666666865
94505  -23.715  -14.428  -24.616 0.5555555820
95606  -24.629  -13.953  -25.508 0.7777777910
95620  -24.850  -13.466  -26.258 0.8888888955
95632  -25.562  -13.500  -27.366 0.8888888955
96794  -25.916  -12.719  -28.037 1.0000000000
96803  -27.387  -12.210  -28.710 1.0000000000
96804  -28.157  -12.329  -28.096 0.8888888955
100307  -28.367  -10.768  -26.860 0.7777777910
100296  -29.375  -9.955  -26.265 0.7777777910
100281  -30.158  -10.319  -25.556 0.6666666865
100282  -30.792  -9.925  -24.895 0.5555555820
96767  -23.723  -12.864  -24.795 0.6666666865
95619  -24.493  -13.014  -25.655 0.8888888955
96793  -25.225  -12.324  -27.524 1.0000000000
96801  -25.782  -11.978  -28.173 1.0000000000
97982  -27.645  -10.685  -28.854 0.8888888955
97975  -27.797  -11.359  -28.565 0.8888888955
99185  -27.949  -10.161  -28.536 0.8888888955
99177  -28.379  -11.004  -27.577 0.8888888955
100309  -28.645  -9.275  -26.594 0.7777777910
101407  -29.565  -8.779  -26.291 0.7777777910
101393  -30.220  -9.320  -25.634 0.5555555820
101430  -28.120  -8.411  -27.206 0.7777777910
101394  -30.909  -8.825  -24.925 0.5555555820
101421  -28.781  -8.421  -26.477 0.6666666865
96735  -22.677  -13.074  -22.971 0.4444444478
96751  -23.276  -12.997  -23.810 0.5555555820
97939  -23.755  -12.073  -25.392 0.7777777910
96792  -24.574  -12.366  -26.747 1.0000000000
97952  -23.898  -12.208  -25.838 0.8888888955
97967  -25.334  -11.282  -27.897 1.0000000000
97973  -25.963  -11.260  -28.658 0.8888888955
99176  -26.220  -10.289  -28.896 0.8888888955
97981  -27.273  -10.547  -29.052 0.8888888955
100325  -27.636  -9.650  -28.503 0.8888888955
100318  -28.177  -9.440  -27.550 0.8888888955
102488  -30.284  -8.137  -25.546 0.5555555820
99124  -23.209  -9.940  -24.714 0.6666666865
97924  -23.389  -10.686  -24.431 0.6666666865
99155  -23.428  -10.311  -25.898 0.7777777910
99168  -24.803  -10.388  -27.581 0.8888888955
100306  -24.913  -9.464  -28.068 0.7777777910
100314  -25.660  -9.422  -28.539 0.7777777910
100315  -26.576  -9.291  -28.776 0.8888888955
101426  -25.694  -8.230  -28.584 0.7777777910
100316  -27.299  -9.019  -28.531 0.8888888955
101427  -26.909  -8.184  -28.734 0.7777777910
101428  -27.681  -8.211  -28.355 0.7777777910
101429  -28.138  -8.366  -27.837 0.6666666865
103605  -27.690  -6.753  -28.020 0.6666666865
102523  -28.189  -7.031  -27.220 0.6666666865
102524  -28.351  -7.370  -26.821 0.6666666865
102534  -28.267  -7.895  -26.906 0.5555555820
103597  -27.963  -6.229  -27.424 0.6666666865
103580  -28.336  -6.591  -27.060 0.5555555820
103582  -29.573  -6.345  -26.332 0.5555555820
102510  -29.456  -7.600  -26.173 0.4444444478
101345  -21.614  -8.600  -22.018 0.3333333433
145989  -21.868  -9.179  -22.409 0.3333333433
99123  -22.996  -9.418  -24.045 0.5555555820
99141  -23.252  -9.368  -24.773 0.6666666865
100263  -23.265  -8.544  -24.437 0.5555555820
101406  -23.704  -8.452  -27.001 0.7777777910
101419  -24.433  -8.241  -27.994 0.7777777910
102528  -24.665  -7.055  -28.190 0.6666666865
101425  -25.044  -7.648  -28.363 0.6666666865
102530  -26.487  -7.137  -28.637 0.6666666865
103604  -27.248  -6.096  -28.140 0.6666666865
103596  -27.610  -5.911  -27.717 0.6666666865
103598  -28.659  -5.562  -27.174 0.6666666865
103581  -28.743  -6.249  -26.848 0.5555555820
104627  -29.370  -5.200  -26.837 0.5555555820
101338  -22.012  -7.822  -21.909 0.4444444478
101336  -20.933  -7.829  -20.931 0.4444444478
100246  -22.968  -8.254  -23.630 0.4444444478
100247  -22.674  -7.145  -23.034 0.5555555820
101373  -23.431  -7.694  -24.905 0.5555555820
102484  -23.613  -7.575  -26.434 0.6666666865
101405  -23.496  -7.726  -26.733 0.6666666865
102522  -24.072  -7.093  -27.369 0.6666666865
102529  -25.501  -7.057  -28.484 0.6666666865
103603  -26.091  -6.117  -28.427 0.6666666865
104641  -27.762  -5.361  -27.692 0.6666666865
105739  -28.547  -4.485  -27.654 0.6666666865
104643  -28.857  -4.910  -27.368 0.5555555820
103552  -24.368  -6.499  -26.206 0.6666666865
102507  -24.082  -6.679  -26.653 0.6666666865
104651  -25.080  -5.705  -27.710 0.6666666865
103602  -25.179  -6.194  -28.227 0.6666666865
105738  -28.144  -4.828  -27.649 0.6666666865
83711  -27.054  -22.760  -24.485 0.8888888955
84900  -25.087  -22.366  -23.670 1.0000000000
86099  -25.818  -21.533  -24.824 1.0000000000
86100  -26.535  -21.457  -25.300 1.0000000000
87352  -28.146  -20.036  -26.170 1.0000000000
95646  -28.105  -13.120  -28.080 0.8888888955
95592  -23.445  -13.877  -24.226 0.5555555820
97903  -22.958  -11.822  -23.631 0.5555555820
96780  -24.077  -12.688  -25.483 0.7777777910
100327  -28.403  -9.712  -28.037 0.8888888955
97869  -21.760  -13.492  -21.852 0.2222222239
101420  -25.137  -8.848  -28.357 0.7777777910
103556  -30.502  -6.758  -25.673 0.4444444478
101374  -23.584  -7.191  -25.345 0.6666666865
102486  -24.230  -6.399  -25.763 0.6666666865
105728  -30.162  -4.227  -26.884 0.5555555820
104629  -31.094  -4.738  -25.864 0.5555555820
79612  -26.437  -26.559  -22.540 0.5555555820
80925  -27.054  -25.103  -23.255 0.5555555820
82359  -27.769  -24.500  -23.601 0.5555555820
84923  -29.063  -22.681  -24.830 0.7777777910
78298  -25.192  -27.196  -22.072 0.5555555820
83713  -28.222  -23.277  -24.587 0.8888888955
86101  -29.472  -21.361  -24.925 0.7777777910
87321  -29.625  -20.787  -24.974 0.7777777910
87354  -29.138  -19.505  -25.879 0.8888888955
80884  -24.398  -26.082  -21.721 0.4444444478
82335  -24.360  -24.543  -22.593 0.5555555820
88508  -29.199  -19.033  -25.920 1.0000000000
84883  -23.363  -22.500  -22.981 0.2222222239
84899  -24.201  -22.446  -23.371 0.6666666865
89658  -29.690  -18.142  -25.550 0.8888888955
92177  -29.848  -16.540  -25.495 0.6666666865
93353  -30.077  -15.742  -25.015 0.6666666865
87310  -23.936  -20.784  -24.038 0.5555555820
94492  -30.498  -14.461  -24.730 0.6666666865
88481  -23.633  -19.259  -23.817 0.4444444478
97927  -31.370  -11.823  -24.168 0.5555555820
92124  -22.726  -17.296  -23.066 0.2222222239
93336  -23.418  -15.737  -23.933 0.4444444478
100264  -31.597  -10.248  -24.569 0.5555555820
95580  -22.582  -14.424  -23.127 0.3333333433
102468  -31.646  -8.562  -24.524 0.4444444478
102489  -31.233  -7.608  -24.857 0.5555555820
103557  -31.462  -6.475  -25.248 0.4444444478
100233  -21.241  -9.206  -21.908 0.3333333433
99088  -20.906  -10.162  -21.762 0.3333333433
99091  -22.170  -10.061  -22.566 0.4444444478
104607  -30.960  -5.940  -25.528 0.4444444478
104628  -30.414  -5.268  -25.955 0.4444444478
105729  -30.920  -4.251  -26.399 0.2222222239
101337  -21.759  -7.385  -21.156 0.3333333433
102455  -23.388  -6.146  -24.499 0.6666666865
104624  -24.687  -5.621  -26.744 0.6666666865
104653  -26.584  -5.184  -28.016 0.6666666865
105746  -27.933  -4.154  -27.721 0.6666666865
105740  -29.280  -3.978  -27.537 0.6666666865
106795  -30.631  -3.557  -26.836 0.3333333433
102467  -24.120  -5.815  -25.492 0.5555555820
82357  -26.118  -24.335  -23.312 0.6666666865
82358  -26.983  -24.295  -23.548 0.7777777910
84937  -27.070  -21.921  -25.199 1.0000000000
84921  -27.289  -22.516  -24.975 0.8888888955
84922  -28.031  -22.654  -25.067 0.8888888955
79611  -25.452  -26.501  -22.403 0.5555555820
79596  -24.663  -26.651  -22.009 0.4444444478
83667  -24.668  -24.082  -23.032 0.5555555820
84901  -25.911  -22.663  -23.866 0.8888888955
87336  -28.423  -20.561  -25.906 1.0000000000
86115  -27.267  -21.315  -25.662 1.0000000000
87335  -27.657  -20.490  -26.104 1.0000000000
87337  -29.306  -20.395  -25.437 1.0000000000
83688  -24.641  -22.974  -23.362 0.8888888955
84919  -25.798  -21.976  -24.115 1.0000000000
86084  -24.460  -21.605  -23.799 0.8888888955
87311  -24.651  -20.998  -24.291 0.8888888955
87318  -24.562  -20.389  -24.434 1.0000000000
87333  -25.803  -20.323  -25.548 1.0000000000
89656  -25.304  -18.624  -25.655 1.0000000000
88506  -28.123  -19.273  -26.245 1.0000000000
89665  -28.525  -18.367  -26.166 1.0000000000
90895  -28.811  -17.577  -26.134 1.0000000000
90886  -29.381  -17.293  -25.813 0.8888888955
89645  -24.413  -18.828  -24.801 1.0000000000
89637  -23.880  -19.071  -24.322 0.5555555820
88472  -23.679  -20.034  -23.695 0.6666666865
88488  -24.738  -19.777  -24.862 1.0000000000
92199  -28.283  -15.733  -27.003 1.0000000000
92200  -28.634  -15.498  -26.941 1.0000000000
94508  -29.280  -14.610  -25.788 0.7777777910
95608  -29.890  -13.667  -25.239 0.6666666865
89636  -23.673  -18.397  -24.138 0.5555555820
90874  -23.520  -17.346  -24.257 0.6666666865
89654  -24.307  -17.511  -24.989 0.6666666865
89655  -24.646  -17.897  -25.150 0.7777777910
90883  -24.595  -17.140  -25.091 0.7777777910
93350  -24.780  -15.512  -24.917 0.6666666865
93351  -25.571  -15.370  -25.466 0.8888888955
92184  -25.975  -16.055  -25.636 0.8888888955
92197  -27.057  -15.868  -26.822 1.0000000000
93372  -27.838  -15.083  -27.429 1.0000000000
95636  -28.559  -13.707  -27.103 0.8888888955
95623  -28.760  -13.757  -26.613 0.8888888955
95607  -29.320  -13.705  -25.804 0.7777777910
97942  -29.615  -12.345  -25.993 0.6666666865
96753  -30.873  -12.755  -24.207 0.5555555820
97926  -30.522  -11.898  -24.833 0.6666666865
92160  -23.766  -16.197  -24.448 0.5555555820
92158  -22.913  -16.473  -23.567 0.3333333433
92146  -22.930  -17.019  -23.671 0.3333333433
92172  -23.708  -16.723  -24.585 0.4444444478
90882  -23.957  -17.180  -24.919 0.6666666865
94507  -25.084  -14.795  -25.418 0.7777777910
93371  -27.125  -15.200  -27.331 1.0000000000
96795  -28.413  -12.544  -27.317 0.7777777910
99157  -28.861  -11.382  -26.528 0.7777777910
99125  -30.600  -11.290  -24.902 0.5555555820
95621  -25.272  -14.020  -26.824 0.8888888955
95644  -27.024  -12.830  -28.695 1.0000000000
94490  -23.148  -14.931  -23.854 0.4444444478
95631  -24.872  -12.987  -27.126 0.8888888955
96802  -26.498  -12.256  -28.604 1.0000000000
100308  -28.363  -10.163  -26.867 0.7777777910
101375  -31.606  -9.444  -24.594 0.5555555820
97974  -26.972  -11.159  -29.109 1.0000000000
97984  -28.418  -10.589  -28.150 0.8888888955
100319  -28.250  -8.795  -26.812 0.8888888955
100317  -27.846  -9.067  -28.158 0.8888888955
97923  -23.546  -11.946  -24.545 0.5555555820
97966  -24.625  -11.380  -27.150 1.0000000000
97953  -23.812  -11.429  -26.200 0.7777777910
97940  -23.617  -11.263  -25.263 0.7777777910
99175  -25.478  -10.360  -28.303 0.8888888955
97904  -22.765  -10.435  -23.364 0.5555555820
97925  -23.365  -10.265  -24.926 0.6666666865
100280  -23.348  -9.722  -25.802 0.6666666865
97954  -23.536  -10.905  -25.678 0.7777777910
100305  -24.240  -9.421  -27.306 0.7777777910
99167  -24.136  -10.426  -26.801 0.7777777910
102531  -27.399  -7.285  -28.400 0.6666666865
102532  -27.992  -7.371  -27.887 0.6666666865
102508  -28.443  -6.835  -26.818 0.5555555820
102509  -28.811  -7.003  -26.458 0.5555555820
100234  -21.540  -9.618  -22.216 0.4444444478
100279  -23.355  -8.960  -25.377 0.6666666865
101358  -23.164  -7.437  -23.954 0.5555555820
102465  -23.421  -6.845  -24.888 0.6666666865
104654  -27.278  -4.966  -27.850 0.6666666865
97883  -22.161  -11.816  -22.536 0.3333333433
93323  -22.894  -15.544  -23.534 0.4444444478
105730  -31.618  -4.278  -25.815 0.3333333433
88499  -29.626  -19.070  -25.595 0.7777777910
79595  -24.334  -26.752  -21.224 0.3333333433
80901  -24.198  -24.943  -22.048 0.4444444478
86077  -23.707  -21.608  -23.409 0.7777777910
90868  -23.166  -17.767  -23.541 0.3333333433
90851  -22.832  -17.999  -22.836 0.1111111119
92145  -22.675  -16.673  -23.109 0.1111111119
94475  -22.523  -15.532  -23.009 0.4444444478
97882  -21.724  -11.434  -22.072 0.3333333433
105747  -28.696  -3.642  -27.891 0.6666666865
106805  -30.069  -2.997  -27.301 0.4444444478
78303  -29.098  -26.499  -22.299 0.4444444478
79599  -30.928  -26.202  -21.252 0.2222222239
78300  -26.835  -27.343  -22.274 0.4444444478
78301  -27.663  -27.314  -22.295 0.4444444478
79613  -27.290  -26.629  -22.633 0.4444444478
79614  -28.104  -26.312  -22.785 0.4444444478
79615  -28.889  -26.105  -22.636 0.4444444478
80907  -29.645  -25.429  -22.742 0.4444444478
82339  -31.076  -24.883  -22.390 0.2222222239
80926  -27.906  -25.503  -23.223 0.4444444478
80927  -28.736  -25.367  -23.202 0.4444444478
82361  -29.471  -24.740  -23.377 0.4444444478
82310  -31.704  -24.435  -22.004 0.1111111119
83668  -30.815  -24.127  -23.302 0.3333333433
82360  -28.583  -24.595  -23.585 0.4444444478
82362  -30.055  -24.555  -23.281 0.3333333433
83695  -30.921  -23.769  -23.382 0.3333333433
83669  -31.363  -23.994  -22.954 0.2222222239
83693  -29.240  -23.692  -24.136 0.4444444478
83694  -30.258  -23.922  -23.525 0.3333333433
83692  -28.371  -23.854  -24.081 0.5555555820
86087  -31.331  -21.539  -23.373 0.2222222239
87306  -32.654  -20.749  -22.861 0.1111111119
86086  -30.466  -21.641  -24.069 0.3333333433
86102  -29.949  -21.416  -24.508 0.4444444478
87322  -30.199  -20.604  -24.589 0.5555555820
87338  -30.044  -19.663  -25.147 0.6666666865
88491  -31.336  -19.177  -24.216 0.4444444478
90877  -32.141  -17.748  -23.963 0.3333333433
88500  -30.254  -18.913  -25.169 0.6666666865
90876  -31.398  -17.357  -24.754 0.5555555820
89659  -30.151  -18.379  -25.374 0.6666666865
90888  -30.883  -17.257  -25.043 0.5555555820
92161  -31.469  -16.563  -24.623 0.5555555820
90887  -30.317  -17.503  -25.316 0.5555555820
94494  -31.837  -14.666  -23.789 0.4444444478
94493  -31.060  -14.543  -24.444 0.5555555820
93339  -31.325  -15.709  -24.404 0.4444444478
95594  -31.345  -13.689  -24.101 0.4444444478
104652  -25.731  -5.369  -27.876 0.5555555820
104640  -25.376  -5.230  -27.310 0.5555555820
105744  -26.381  -4.750  -27.519 0.5555555820
105745  -27.013  -3.926  -27.606 0.5555555820
105757  -28.425  -2.891  -27.721 0.5555555820
106821  -28.532  -2.193  -28.359 0.5555555820
78302  -28.509  -26.890  -22.335 0.4444444478
79598  -30.443  -26.182  -21.562 0.2222222239
80904  -27.057  -25.918  -22.912 0.4444444478
84904  -31.022  -22.881  -23.447 0.2222222239
86078  -31.639  -22.020  -22.830 0.1111111119
87313  -31.031  -20.678  -23.867 0.4444444478
87312  -30.548  -20.981  -24.150 0.4444444478
88490  -30.700  -19.245  -24.646 0.6666666865
89648  -31.437  -18.389  -24.380 0.4444444478
93340  -31.876  -15.656  -23.834 0.3333333433
95595  -31.882  -13.711  -23.732 0.4444444478
97928  -32.001  -11.838  -23.891 0.4444444478
105737  -26.455  -4.013  -27.166 0.5555555820
105726  -26.156  -4.323  -26.680 0.5555555820
89638  -31.719  -18.795  -24.006 0.2222222239
105758  -28.919  -2.900  -28.240 0.5555555820
77044  -27.764  -28.679  -21.336 0.4444444478
77045  -28.597  -27.960  -21.400 0.4444444478
79576  -30.418  -26.773  -20.969 0.2222222239
79549  -30.839  -26.965  -20.342 0.2222222239
79550  -31.577  -26.825  -20.123 0.1111111119
77058  -26.476  -28.049  -21.811 0.4444444478
78284  -27.474  -28.016  -21.726 0.4444444478
80887  -31.407  -25.554  -21.585 0.1111111119
79577  -31.448  -26.334  -20.920 0.1111111119
83642  -32.503  -23.792  -21.515 0.1111111119
84875  -31.767  -23.112  -22.195 0.1111111119
86069  -32.630  -21.944  -22.024 0.1111111119
87307  -33.121  -20.707  -22.426 0.1111111119
88477  -32.766  -20.261  -22.940 0.1111111119
89640  -32.817  -18.671  -23.355 0.2222222239
92163  -32.520  -17.263  -23.769 0.1111111119
89639  -32.268  -18.543  -23.725 0.2222222239
93324  -32.490  -15.594  -23.495 0.2222222239
96754  -31.859  -12.757  -23.725 0.4444444478
99106  -32.542  -11.254  -23.817 0.3333333433
99127  -32.124  -11.019  -24.135 0.4444444478
101359  -23.049  -6.039  -23.466 0.4444444478
105748  -29.024  -3.178  -28.156 0.5555555820
103554  -25.228  -5.139  -25.724 0.5555555820
104626  -26.017  -4.976  -26.348 0.5555555820
106811  -27.052  -2.172  -27.974 0.5555555820
106820  -27.798  -2.033  -28.234 0.5555555820
105715  -26.381  -4.704  -26.184 0.5555555820
83714  -28.724  -23.414  -24.474 0.5555555820
84924  -29.775  -22.018  -24.526 0.6666666865
92178  -30.815  -16.572  -24.990 0.5555555820
93354  -30.732  -15.808  -24.789 0.5555555820
93338  -30.575  -15.144  -24.692 0.4444444478
100265  -32.202  -9.992  -24.296 0.4444444478
104608  -31.514  -5.353  -25.451 0.3333333433
84903  -29.878  -22.857  -24.128 0.3333333433
84902  -29.407  -23.108  -24.413 0.3333333433
79597  -29.701  -26.148  -22.065 0.4444444478
79575  -29.761  -26.742  -21.457 0.3333333433
79616  -29.313  -26.047  -22.431 0.4444444478
78286  -29.060  -27.131  -21.842 0.4444444478
77059  -27.080  -27.893  -21.909 0.4444444478
78285  -28.185  -27.692  -21.857 0.4444444478
79631  -28.604  -25.839  -22.907 0.4444444478
79630  -28.333  -25.771  -23.034 0.4444444478
80928  -29.226  -25.318  -23.102 0.4444444478
80885  -30.038  -25.587  -22.287 0.4444444478
80908  -30.438  -25.252  -22.439 0.4444444478
82337  -29.927  -24.848  -23.114 0.4444444478
80886  -30.458  -25.637  -21.977 0.2222222239
82338  -30.500  -24.675  -23.042 0.4444444478
83641  -31.811  -23.530  -22.186 0.1111111119
82311  -32.222  -24.966  -21.525 0.1111111119
84884  -31.648  -22.947  -22.566 0.2222222239
86088  -31.868  -21.372  -23.001 0.1111111119
87314  -32.082  -20.627  -23.221 0.1111111119
86079  -32.410  -21.363  -22.655 0.1111111119
87323  -31.022  -19.865  -24.241 0.4444444478
89649  -31.889  -18.342  -24.015 0.3333333433
88483  -31.742  -19.599  -23.803 0.3333333433
90878  -32.477  -17.586  -23.770 0.1111111119
90875  -30.841  -17.558  -24.994 0.5555555820
89647  -30.714  -18.178  -24.922 0.5555555820
92162  -32.024  -16.566  -23.922 0.3333333433
105736  -25.933  -4.784  -27.256 0.5555555820
105725  -25.587  -4.786  -27.018 0.5555555820
105756  -27.629  -2.941  -27.576 0.5555555820
84885  -32.030  -22.184  -22.363 0.1111111119
105727  -26.511  -3.829  -26.328 0.5555555820
88484  -32.590  -19.501  -23.301 0.2222222239
78266  -29.470  -27.645  -21.024 0.4444444478
78267  -30.299  -27.602  -20.511 0.2222222239
77043  -26.850  -28.690  -21.675 0.4444444478
80888  -32.042  -25.459  -21.419 0.1111111119
80864  -31.782  -25.926  -21.221 0.1111111119
84876  -32.103  -22.854  -21.938 0.1111111119
69504  -29.239  -34.206  -17.782 0.1111111119
70731  -26.995  -33.142  -19.392 0.3333333433
69529  -28.850  -34.061  -18.797 0.2222222239
69505  -30.297  -34.323  -17.791 0.1111111119
69530  -29.999  -34.305  -18.942 0.1111111119
73168  -24.858  -31.707  -20.561 0.3333333433
71924  -25.454  -32.516  -19.776 0.3333333433
70730  -26.056  -33.155  -19.373 0.3333333433
71926  -27.507  -32.541  -19.826 0.3333333433
71927  -28.327  -32.437  -19.626 0.3333333433
70733  -28.847  -33.308  -19.464 0.2222222239
71928  -29.025  -32.322  -19.453 0.2222222239
70734  -29.617  -33.742  -19.430 0.2222222239
70708  -30.223  -33.546  -19.307 0.1111111119
75736  -24.042  -29.708  -21.140 0.2222222239
74437  -24.648  -30.742  -21.151 0.2222222239
73169  -26.126  -31.965  -20.531 0.3333333433
73170  -27.147  -31.943  -20.375 0.3333333433
71929  -29.817  -32.663  -19.312 0.1111111119
75756  -24.723  -29.093  -21.467 0.2222222239
75737  -24.869  -30.171  -21.513 0.3333333433
75757  -25.332  -29.573  -21.710 0.3333333433
74438  -25.564  -30.544  -21.671 0.3333333433
75758  -26.263  -29.502  -21.775 0.3333333433
74463  -26.362  -30.110  -21.749 0.3333333433
74439  -26.500  -30.704  -21.547 0.3333333433
74464  -26.826  -30.200  -21.578 0.3333333433
74441  -28.333  -30.468  -20.578 0.3333333433
74440  -27.373  -30.347  -21.231 0.3333333433
74420  -28.713  -30.841  -20.120 0.3333333433
74442  -28.921  -30.444  -20.263 0.3333333433
74421  -29.326  -30.636  -19.833 0.3333333433
74422  -29.989  -31.021  -19.276 0.1111111119
77040  -24.307  -28.523  -21.242 0.2222222239
77041  -25.212  -28.514  -21.660 0.3333333433
77042  -26.029  -28.805  -21.790 0.3333333433
75759  -27.036  -29.588  -21.540 0.3333333433
75760  -27.507  -29.344  -21.258 0.3333333433
75739  -28.022  -29.480  -20.988 0.3333333433
77026  -28.099  -28.942  -21.041 0.3333333433
75716  -29.523  -30.050  -19.914 0.3333333433
78281  -24.263  -27.728  -21.029 0.3333333433
78282  -24.729  -27.597  -21.630 0.3333333433
78299  -25.954  -27.363  -22.094 0.3333333433
77027  -28.667  -28.712  -20.882 0.3333333433
77028  -29.909  -28.742  -20.326 0.3333333433
95581  -32.459  -13.727  -23.382 0.2222222239
96736  -32.505  -12.780  -23.453 0.2222222239
101376  -32.250  -9.078  -24.205 0.3333333433
70732  -27.886  -33.103  -19.333 0.3333333433
69552  -29.428  -34.134  -19.249 0.2222222239
73188  -25.196  -31.157  -21.260 0.3333333433
73191  -27.702  -31.211  -20.646 0.3333333433
73172  -28.707  -31.531  -19.753 0.3333333433
73173  -29.464  -31.658  -19.415 0.3333333433
74462  -25.898  -29.970  -21.831 0.3333333433
77057  -25.857  -28.118  -21.751 0.3333333433
69477  -28.448  -34.738  -16.657 0.1111111119
69478  -29.553  -34.485  -16.880 0.1111111119
70729  -25.283  -33.104  -19.176 0.3333333433
70705  -26.460  -33.679  -18.880 0.3333333433
70706  -27.372  -33.588  -18.856 0.3333333433
69528  -27.776  -33.956  -18.360 0.3333333433
69531  -31.080  -34.236  -18.552 0.1111111119
70709  -30.887  -33.659  -19.081 0.1111111119
73174  -29.994  -31.794  -19.231 0.1111111119
74392  -30.547  -30.497  -18.992 0.1111111119
75691  -30.510  -29.987  -19.137 0.1111111119
75741  -29.726  -29.430  -20.095 0.1111111119
78265  -24.118  -27.555  -20.499 0.1111111119
97907  -32.578  -11.880  -23.668 0.2222222239
101377  -32.958  -8.740  -23.801 0.2222222239
80883  -24.082  -25.371  -21.374 0.3333333433
78283  -25.403  -27.743  -21.804 0.4444444478
99107  -32.879  -10.911  -23.649 0.2222222239
69479  -30.496  -34.511  -16.797 0.1111111119
71925  -26.562  -32.566  -19.896 0.3333333433
70707  -28.167  -33.622  -18.977 0.3333333433
71923  -24.512  -32.426  -19.783 0.2222222239
73171  -27.971  -31.823  -20.095 0.3333333433
73189  -25.846  -31.354  -21.245 0.3333333433
71903  -30.590  -32.929  -19.094 0.1111111119
77025  -23.621  -28.814  -20.808 0.2222222239
73190  -26.824  -31.311  -21.008 0.3333333433
73192  -28.279  -31.164  -20.216 0.3333333433
75738  -27.464  -29.687  -21.279 0.3333333433
75740  -29.187  -29.758  -20.324 0.3333333433
77039  -23.890  -28.217  -20.719 0.2222222239
69503  -28.149  -34.261  -17.677 0.2222222239
70704  -25.528  -33.731  -18.915 0.3333333433
69526  -25.885  -34.282  -18.413 0.3333333433
69527  -26.827  -34.154  -18.363 0.3333333433
73140  -23.849  -31.893  -19.747 0.2222222239
96737  -33.034  -12.811  -23.048 0.1111111119
97889  -33.680  -12.231  -22.825 0.1111111119
99108  -33.714  -11.018  -23.058 0.1111111119
99094  -34.281  -10.817  -22.663 0.1111111119
99128  -32.529  -10.413  -24.009 0.1111111119
100250  -33.866  -10.117  -22.708 0.1111111119
100249  -33.345  -10.249  -23.326 0.1111111119
102490  -32.027  -7.029  -24.814 0.2222222239
100266  -32.837  -9.822  -23.859 0.1111111119
101360  -33.481  -9.431  -23.339 0.1111111119
103558  -32.331  -6.191  -24.970 0.1111111119
103544  -32.598  -6.985  -24.379 0.1111111119
103559  -32.683  -5.777  -24.774 0.1111111119
103578  -24.934  -5.441  -26.287 0.4444444478
105717  -31.955  -4.826  -25.410 0.1111111119
145996  -23.829  -4.347  -22.949 0.4444444478
103536  -24.211  -4.933  -24.697 0.4444444478
105718  -32.356  -4.417  -25.266 0.1111111119
106802  -26.703  -2.960  -27.503 0.4444444478
106796  -31.103  -3.248  -26.366 0.1111111119
105731  -32.042  -3.976  -25.695 0.1111111119
107909  -32.182  -3.042  -25.606 0.1111111119
107914  -26.035  -2.221  -26.942 0.4444444478
109021  -26.648  -1.230  -28.394 0.4444444478
107932  -27.114  -1.535  -29.367 0.4444444478
107933  -27.952  -1.608  -28.962 0.4444444478
107943  -28.127  -1.325  -29.313 0.4444444478
107935  -28.683  -1.826  -28.684 0.4444444478
109024  -29.494  -1.865  -28.294 0.2222222239
107917  -30.075  -1.799  -27.546 0.2222222239
107918  -30.532  -2.306  -26.828 0.2222222239
107907  -30.867  -2.299  -26.067 0.2222222239
113015  -31.491  2.451  -26.118 0.1111111119
111110  -31.561  0.469  -25.459 0.1111111119
110078  -32.490  -1.078  -24.976 0.1111111119
146004  -24.036  -3.816  -22.994 0.4444444478
105693  -24.935  -3.521  -23.473 0.4444444478
105695  -25.196  -4.009  -24.481 0.4444444478
106786  -26.559  -3.313  -26.038 0.3333333433
107905  -25.851  -2.433  -26.955 0.4444444478
109020  -26.163  -0.822  -29.242 0.4444444478
110155  -26.294  0.293  -29.964 0.4444444478
109054  -26.794  -0.495  -30.099 0.4444444478
107942  -27.687  -1.312  -29.711 0.4444444478
109057  -28.324  -0.963  -29.298 0.4444444478
112133  -26.108  2.097  -28.565 0.3333333433
109038  -28.740  -0.270  -28.759 0.3333333433
110118  -29.355  -0.074  -27.591 0.1111111119
109008  -29.856  -0.963  -27.549 0.1111111119
110088  -30.693  -0.855  -26.164 0.1111111119
108999  -30.544  -1.474  -26.408 0.2222222239
110089  -31.166  -0.526  -25.805 0.1111111119
146006  -24.054  -3.344  -22.645 0.2222222239
108997  -26.089  -1.957  -26.857 0.3333333433
108998  -26.693  -1.471  -26.496 0.3333333433
111169  -25.835  1.036  -29.389 0.3333333433
111192  -27.633  0.881  -30.618 0.4444444478
113066  -27.927  3.276  -29.349 0.2222222239
112144  -28.470  1.805  -29.593 0.2222222239
110136  -29.047  0.060  -28.242 0.2222222239
110104  -29.616  0.123  -26.946 0.1111111119
112121  -28.087  2.323  -27.804 0.1111111119
111141  -28.349  1.752  -28.298 0.1111111119
111127  -29.306  1.052  -27.279 0.1111111119
111129  -30.434  0.212  -26.449 0.1111111119
112122  -28.784  2.270  -27.407 0.1111111119
111108  -30.263  1.341  -26.406 0.1111111119
111128  -29.957  0.874  -26.648 0.1111111119
106777  -26.371  -3.337  -24.569 0.3333333433
107895  -26.777  -2.359  -25.689 0.3333333433
107882  -26.976  -2.182  -24.309 0.3333333433
107896  -27.305  -1.919  -25.311 0.3333333433
110117  -26.824  -0.239  -27.013 0.3333333433
111155  -26.389  1.027  -28.254 0.3333333433
111156  -26.826  1.006  -27.480 0.2222222239
112134  -27.191  2.160  -28.190 0.2222222239
112092  -30.485  1.633  -26.223 0.1111111119
113995  -31.255  3.585  -26.598 0.1111111119
108958  -26.829  -2.248  -22.526 0.1111111119
110056  -27.046  -1.608  -22.956 0.1111111119
110076  -27.366  -1.447  -24.126 0.2222222239
110077  -28.012  -0.830  -24.515 0.2222222239
110086  -27.661  -0.676  -25.700 0.3333333433
110087  -27.976  -0.424  -25.325 0.2222222239
110103  -27.934  -0.052  -25.860 0.3333333433
111125  -27.852  0.846  -26.071 0.2222222239
112106  -27.598  1.699  -26.495 0.1111111119
113013  -27.777  2.175  -26.235 0.1111111119
113027  -27.630  2.392  -26.731 0.1111111119
113028  -27.916  2.940  -26.560 0.1111111119
113044  -28.699  3.007  -27.320 0.1111111119
113029  -29.118  2.902  -27.045 0.1111111119
112108  -29.803  2.087  -26.477 0.1111111119
146436  -32.181  2.762  -26.516 0.1111111119
107873  -27.213  -2.668  -22.153 0.1111111119
108971  -28.280  -1.339  -23.245 0.1111111119
110057  -27.791  -1.405  -23.289 0.1111111119
111088  -28.847  -0.114  -23.854 0.1111111119
111094  -28.665  0.327  -24.359 0.1111111119
111126  -28.077  0.369  -25.665 0.2222222239
112082  -28.877  1.292  -24.942 0.1111111119
111107  -28.380  1.039  -25.439 0.1111111119
146444  -28.842  2.238  -25.460 0.1111111119
146443  -28.208  2.207  -25.872 0.1111111119
146442  -29.209  2.982  -25.535 0.1111111119
146441  -28.512  2.957  -26.172 0.1111111119
108973  -29.496  -1.121  -23.244 0.1111111119
108961  -30.141  -1.253  -22.668 0.1111111119
110071  -29.842  -0.335  -23.207 0.1111111119
111089  -29.288  0.597  -23.783 0.1111111119
112072  -29.825  1.820  -23.703 0.1111111119
112071  -29.242  1.697  -24.526 0.1111111119
110058  -30.717  -0.303  -22.755 0.1111111119
111090  -30.203  0.693  -23.118 0.1111111119
96720  -33.554  -12.863  -22.674 0.1111111119
97908  -33.305  -11.744  -23.246 0.1111111119
97909  -33.772  -11.652  -22.945 0.1111111119
97890  -34.346  -11.661  -22.568 0.1111111119
102457  -33.679  -8.627  -23.455 0.1111111119
102470  -33.286  -7.673  -23.760 0.1111111119
104609  -32.304  -5.308  -25.120 0.1111111119
104564  -24.463  -4.365  -24.442 0.4444444478
105760  -29.070  -3.021  -28.940 0.4444444478
107927  -29.680  -2.166  -27.907 0.3333333433
106806  -30.627  -3.026  -26.879 0.1111111119
107908  -31.526  -2.763  -25.870 0.1111111119
106787  -32.726  -3.544  -25.066 0.1111111119
107925  -26.974  -2.059  -28.217 0.4444444478
108989  -30.909  -1.497  -25.818 0.2222222239
110105  -30.252  -0.424  -26.634 0.1111111119
110106  -30.713  -0.208  -26.295 0.1111111119
111111  -32.637  0.278  -24.962 0.1111111119
110134  -26.588  -0.179  -27.898 0.3333333433
112093  -31.122  1.534  -25.885 0.1111111119
111106  -28.021  1.328  -25.867 0.1111111119
110070  -29.128  -0.555  -23.568 0.1111111119
111080  -31.134  0.676  -22.621 0.1111111119
97891  -35.206  -11.441  -21.874 0.1111111119
102469  -32.271  -7.916  -24.286 0.2222222239
102456  -23.672  -5.243  -24.087 0.4444444478
104590  -25.642  -4.450  -25.095 0.4444444478
109037  -26.291  -1.067  -29.738 0.4444444478
109007  -26.604  -1.538  -27.332 0.4444444478
110157  -28.029  -0.041  -30.091 0.4444444478
111170  -28.677  0.690  -29.529 0.2222222239
108960  -29.193  -1.787  -22.796 0.1111111119
108944  -29.507  -1.915  -21.796 0.1111111119
96722  -34.924  -12.572  -21.891 0.1111111119
95582  -32.974  -13.743  -22.949 0.1111111119
95565  -33.599  -13.716  -22.596 0.1111111119
96721  -34.058  -12.739  -22.409 0.1111111119
97874  -35.803  -12.034  -21.742 0.1111111119
96710  -35.598  -12.652  -21.625 0.1111111119
99096  -35.565  -10.597  -21.727 0.1111111119
100238  -34.419  -10.385  -22.319 0.1111111119
101349  -35.023  -9.362  -22.200 0.1111111119
101361  -34.253  -9.144  -22.860 0.1111111119
102458  -34.325  -8.224  -23.346 0.1111111119
102471  -34.290  -7.202  -23.580 0.1111111119
103546  -34.449  -6.189  -23.827 0.1111111119
104591  -33.640  -5.279  -24.082 0.1111111119
103535  -23.691  -5.615  -24.775 0.4444444478
105707  -34.016  -4.371  -24.229 0.1111111119
105719  -33.118  -4.436  -24.611 0.1111111119
107899  -32.587  -2.480  -25.086 0.1111111119
107900  -33.345  -2.945  -24.686 0.1111111119
105681  -24.681  -4.058  -24.199 0.4444444478
110092  -34.725  -0.418  -24.998 0.1111111119
111097  -33.253  -0.232  -24.769 0.1111111119
107857  -23.991  -3.033  -22.245 0.2222222239
106770  -25.084  -3.253  -23.204 0.3333333433
108954  -24.592  -3.037  -22.528 0.2222222239
107880  -25.872  -2.653  -23.655 0.2222222239
112095  -33.221  1.359  -25.440 0.1111111119
107871  -26.183  -2.823  -21.747 0.1111111119
110067  -26.264  -1.629  -23.251 0.2222222239
113016  -32.707  2.226  -26.073 0.1111111119
146434  -33.319  2.818  -27.268 0.1111111119
107860  -25.903  -3.088  -21.335 0.1111111119
107843  -27.350  -3.257  -20.943 0.1111111119
108943  -28.719  -2.287  -22.187 0.1111111119
108945  -30.474  -1.492  -21.683 0.1111111119
146440  -29.415  3.975  -25.663 0.1111111119
114957  -29.843  4.706  -26.173 0.1111111119
114966  -30.841  4.821  -27.172 0.1111111119
108962  -30.970  -1.019  -22.246 0.1111111119
112990  -29.518  3.218  -24.810 0.1111111119
112062  -30.653  1.669  -22.980 0.1111111119
106797  -31.815  -3.503  -25.875 0.1111111119
106822  -28.883  -2.412  -28.623 0.4444444478
106794  -26.271  -3.430  -26.549 0.4444444478
99095  -34.729  -10.848  -22.129 0.1111111119
101348  -34.433  -9.806  -22.304 0.1111111119
103545  -33.189  -6.294  -24.158 0.1111111119
106788  -33.454  -3.727  -24.554 0.1111111119
109039  -28.689  -0.849  -28.776 0.2222222239
109023  -29.456  -1.097  -28.185 0.2222222239
109009  -30.220  -1.271  -27.047 0.1111111119
108990  -31.553  -1.471  -25.523 0.2222222239
108991  -32.214  -1.613  -25.233 0.1111111119
113014  -30.488  2.381  -26.213 0.1111111119
111109  -30.731  0.666  -26.153 0.1111111119
112094  -32.078  1.473  -25.445 0.1111111119
110080  -33.872  -0.669  -24.711 0.1111111119
108981  -32.779  -1.642  -24.799 0.1111111119
110091  -32.564  -0.538  -24.889 0.2222222239
112154  -26.363  1.617  -30.285 0.3333333433
110090  -32.009  -0.654  -25.255 0.2222222239
111157  -28.629  1.107  -28.778 0.2222222239
112107  -29.429  1.908  -27.034 0.1111111119
106773  -26.365  -3.061  -24.261 0.3333333433
107887  -27.180  -2.523  -24.743 0.3333333433
110066  -25.501  -1.846  -22.994 0.1111111119
108979  -27.367  -1.733  -24.392 0.3333333433
108987  -27.229  -1.330  -25.773 0.3333333433
111140  -27.241  0.887  -26.700 0.2222222239
112120  -27.526  1.911  -27.229 0.1111111119
113042  -27.752  2.701  -27.157 0.1111111119
113043  -28.283  3.057  -27.248 0.1111111119
146438  -30.654  2.982  -26.340 0.1111111119
107861  -26.729  -3.105  -21.331 0.1111111119
108957  -26.122  -2.425  -22.247 0.1111111119
110068  -27.235  -1.416  -23.704 0.1111111119
108980  -27.731  -1.504  -24.861 0.3333333433
110102  -27.446  -0.308  -26.304 0.3333333433
146446  -28.445  1.870  -25.572 0.1111111119
114017  -28.474  3.285  -27.137 0.1111111119
146439  -29.458  3.313  -26.290 0.1111111119
108959  -28.005  -2.036  -22.802 0.1111111119
108972  -28.794  -1.349  -23.339 0.1111111119
110069  -28.351  -0.845  -23.757 0.1111111119
111095  -29.091  0.957  -24.439 0.1111111119
146445  -28.673  1.549  -25.245 0.1111111119
111096  -32.852  -0.338  -24.794 0.1111111119
112096  -34.015  1.184  -25.543 0.1111111119
97892  -36.205  -11.218  -21.715 0.1111111119
108982  -33.576  -1.522  -24.614 0.1111111119
111112  -33.919  0.380  -25.031 0.1111111119
112109  -33.779  1.627  -25.881 0.1111111119
110044  -26.049  -2.152  -22.352 0.1111111119
106757  -25.827  -3.432  -20.759 0.1111111119
113017  -33.358  1.941  -25.999 0.1111111119
107862  -27.912  -2.820  -21.766 0.1111111119
113971  -29.903  4.106  -23.673 0.1111111119
87304  -22.904  -20.599  -22.723 0.2222222239
88471  -23.217  -19.681  -23.139 0.2222222239
82334  -23.729  -24.342  -22.074 0.3333333433
102434  -22.546  -5.400  -21.058 0.2222222239
146005  -24.068  -4.763  -18.507 0.1111111119
107841  -23.602  -3.249  -21.555 0.1111111119
99079  -21.023  -11.240  -21.529 0.2222222239
97868  -21.300  -12.712  -21.586 0.1111111119
86076  -23.012  -21.541  -22.954 0.2222222239
97867  -20.672  -11.969  -21.292 0.1111111119
100215  -19.729  -9.078  -19.596 0.1111111119
101320  -19.843  -7.626  -18.942 0.1111111119
102420  -22.493  -5.471  -19.012 0.1111111119
102428  -24.304  -5.646  -18.457 0.1111111119
146011  -23.502  -3.127  -19.789 0.1111111119
101328  -20.569  -7.267  -20.144 0.1111111119
84882  -22.824  -22.282  -22.413 0.2222222239
93322  -22.750  -16.052  -23.244 0.2222222239
101329  -21.814  -6.453  -20.479 0.1111111119
93303  -22.508  -16.400  -22.475 0.1111111119
102427  -21.967  -5.798  -19.703 0.1111111119
102411  -20.391  -6.735  -18.053 0.1111111119
103484  -21.668  -5.596  -17.852 0.1111111119
103497  -22.630  -5.230  -18.491 0.1111111119
102419  -21.188  -6.017  -19.012 0.1111111119
88485  -32.982  -19.060  -23.068 0.1111111119
69500  -25.294  -34.642  -17.755 0.1111111119
69501  -26.186  -34.605  -17.736 0.1111111119
69476  -27.376  -34.713  -16.878 0.1111111119
69499  -24.375  -34.781  -17.575 0.1111111119
69525  -24.919  -34.308  -18.401 0.1111111119
70703  -24.563  -33.507  -18.838 0.1111111119
71902  -24.738  -32.850  -19.323 0.1111111119
80863  -23.814  -25.047  -20.472 0.1111111119
88470  -22.822  -19.690  -22.398 0.1111111119
87305  -23.397  -20.712  -23.322 0.1111111119
96719  -22.139  -14.324  -22.005 0.2222222239
145934  -21.965  -14.808  -21.068 0.2222222239
69524  -24.035  -34.142  -18.184 0.1111111119
89623  -22.952  -18.844  -22.668 0.1111111119
89624  -23.292  -18.641  -23.323 0.1111111119
68232  -23.848  -35.059  -17.374 0.1111111119
69474  -25.460  -34.744  -16.990 0.1111111119
69475  -26.400  -34.753  -16.901 0.1111111119
69502  -27.137  -34.459  -17.688 0.1111111119
69498  -23.469  -34.460  -17.355 0.1111111119
71901  -23.894  -32.763  -19.135 0.1111111119
74391  -23.341  -31.482  -19.614 0.1111111119
74419  -23.637  -30.908  -20.260 0.1111111119
75735  -23.107  -29.293  -20.462 0.1111111119
82309  -23.000  -24.259  -21.333 0.1111111119
87303  -22.748  -20.532  -22.019 0.1111111119
95550  -20.938  -15.022  -20.644 0.2222222239
95531  -19.886  -14.161  -20.659 0.1111111119
69473  -24.885  -34.776  -17.224 0.1111111119
83665  -22.976  -23.329  -22.176 0.1111111119
75715  -23.045  -30.065  -20.458 0.1111111119
86075  -22.800  -21.408  -22.273 0.1111111119
68233  -24.076  -35.307  -17.299 0.1111111119
69523  -23.484  -33.956  -18.046 0.1111111119
70702  -23.684  -33.478  -18.465 0.1111111119
73139  -23.195  -31.917  -18.900 0.1111111119
79574  -24.201  -26.407  -20.486 0.1111111119
83640  -22.740  -23.558  -21.567 0.1111111119
94413  -19.902  -14.924  -20.472 0.1111111119
99078  -20.534  -10.651  -21.221 0.1111111119
145933  -22.962  -16.187  -20.832 0.1111111119
97862  -19.720  -12.023  -20.406 0.1111111119
100223  -20.196  -9.348  -20.655 0.1111111119
69551  -29.156  -33.945  -19.406 0.2222222239
75717  -30.051  -29.778  -19.562 0.1111111119
80905  -27.594  -26.114  -22.883 0.4444444478
80906  -29.020  -25.635  -22.944 0.4444444478
80909  -30.841  -25.299  -22.085 0.2222222239
84940  -28.976  -21.711  -25.255 0.8888888955
86117  -28.699  -21.187  -25.501 0.8888888955
90869  -32.415  -18.003  -23.782 0.2222222239
90870  -32.761  -17.798  -23.615 0.1111111119
92159  -23.358  -16.519  -24.006 0.4444444478
93374  -28.654  -15.067  -27.043 0.8888888955
94397  -20.002  -15.280  -20.009 0.1111111119
94474  -22.473  -16.021  -22.538 0.3333333433
94541  -27.744  -13.879  -28.242 0.8888888955
95530  -19.463  -14.406  -20.075 0.1111111119
95634  -27.327  -13.773  -28.395 1.0000000000
96696  -19.605  -13.259  -20.341 0.1111111119
96697  -19.889  -13.405  -20.709 0.1111111119
96781  -24.304  -12.509  -26.030 0.7777777910
96782  -28.550  -12.650  -26.846 0.7777777910
97866  -20.177  -11.933  -20.918 0.1111111119
97884  -22.442  -10.237  -22.783 0.4444444478
97941  -23.481  -10.551  -25.255 0.6666666865
97976  -28.400  -11.079  -28.052 0.8888888955
97977  -28.624  -10.522  -28.051 0.8888888955
97983  -28.115  -10.664  -28.374 0.8888888955
99077  -19.995  -10.949  -20.649 0.1111111119
99089  -21.387  -10.694  -21.933 0.2222222239
99090  -21.818  -10.461  -22.318 0.4444444478
99103  -22.432  -8.647  -22.790 0.4444444478
99126  -31.013  -10.962  -24.736 0.5555555820
99142  -23.300  -9.890  -25.270 0.6666666865
99143  -30.325  -11.122  -25.249 0.6666666865
99154  -23.677  -10.435  -26.345 0.7777777910
99156  -28.495  -11.423  -26.763 0.8888888955
99170  -28.284  -10.683  -27.283 0.7777777910
99178  -28.528  -10.421  -27.696 0.8888888955
99183  -26.956  -10.178  -29.052 0.8888888955
99184  -27.480  -10.139  -28.903 0.8888888955
99186  -28.450  -10.131  -28.156 0.8888888955
100224  -20.781  -9.032  -21.454 0.3333333433
100239  -34.912  -10.110  -21.838 0.1111111119
100292  -23.538  -9.515  -26.338 0.6666666865
100293  -23.387  -9.865  -26.037 0.6666666865
100295  -28.820  -10.738  -26.532 0.7777777910
100324  -27.207  -9.657  -28.827 0.8888888955
100326  -28.133  -9.698  -28.185 0.8888888955
101390  -23.501  -7.796  -26.415 0.6666666865
101391  -23.481  -7.901  -26.056 0.6666666865
101392  -23.885  -7.071  -25.669 0.6666666865
101418  -23.763  -7.786  -27.285 0.6666666865
101431  -28.336  -8.255  -26.730 0.6666666865
102454  -23.268  -6.841  -24.353 0.6666666865
102466  -23.661  -6.312  -25.274 0.6666666865
102485  -24.041  -7.168  -26.207 0.6666666865
102487  -24.518  -5.672  -25.710 0.5555555820
102506  -23.686  -7.225  -26.744 0.6666666865
102521  -23.613  -7.426  -27.082 0.6666666865
102525  -28.631  -7.757  -26.540 0.5555555820
102533  -28.194  -7.740  -27.353 0.6666666865
103537  -24.712  -4.673  -25.022 0.4444444478
103541  -23.962  -5.550  -25.151 0.5555555820
103542  -24.526  -5.199  -25.319 0.5555555820
103543  -25.128  -4.701  -25.289 0.4444444478
103553  -24.639  -5.888  -26.017 0.4444444478
103555  -25.526  -4.730  -25.366 0.5555555820
103577  -24.459  -6.043  -26.469 0.6666666865
103579  -25.577  -5.193  -26.168 0.5555555820
103595  -24.314  -6.163  -27.045 0.6666666865
103601  -24.630  -6.290  -27.661 0.6666666865
104578  -24.721  -4.388  -24.692 0.4444444478
104579  -25.169  -4.360  -24.909 0.4444444478
104605  -26.109  -4.972  -25.844 0.5555555820
104606  -25.952  -4.641  -25.417 0.5555555820
104610  -32.854  -5.264  -24.674 0.1111111119
104625  -25.302  -5.067  -26.709 0.5555555820
104639  -24.815  -5.627  -27.225 0.6666666865
104642  -28.314  -5.229  -27.459 0.6666666865
105680  -24.522  -3.918  -23.661 0.4444444478
105682  -24.737  -4.172  -24.473 0.4444444478
105692  -24.810  -3.449  -23.212 0.4444444478
105694  -25.181  -3.632  -23.972 0.4444444478
105696  -25.647  -4.167  -24.754 0.4444444478
105704  -25.627  -3.632  -24.274 0.4444444478
105705  -25.861  -3.804  -24.540 0.4444444478
105706  -26.197  -4.056  -25.005 0.4444444478
105716  -26.527  -4.223  -25.815 0.4444444478
105749  -29.085  -3.056  -28.611 0.4444444478
105759  -28.973  -2.988  -28.693 0.4444444478
106766  -24.628  -3.361  -22.965 0.2222222239
106771  -25.412  -3.184  -23.589 0.3333333433
106772  -25.927  -3.223  -24.065 0.3333333433
106776  -25.968  -3.524  -24.331 0.3333333433
106778  -26.795  -3.392  -25.287 0.3333333433
106793  -25.973  -3.185  -27.009 0.5555555820
106798  -32.238  -3.699  -25.555 0.1111111119
106803  -26.696  -2.721  -27.752 0.4444444478
106804  -26.555  -2.740  -27.990 0.4444444478
106812  -26.881  -2.671  -28.142 0.4444444478
106813  -26.857  -2.985  -28.065 0.4444444478
106814  -29.357  -2.909  -27.815 0.5555555820
106815  -29.123  -2.840  -28.398 0.4444444478
106823  -28.987  -2.669  -28.695 0.4444444478
106824  -29.113  -2.870  -28.745 0.4444444478
107820  -23.670  -2.580  -19.524 0.1111111119
107869  -24.606  -3.108  -22.625 0.3333333433
107870  -25.732  -2.708  -21.796 0.1111111119
107872  -26.482  -2.762  -21.961 0.1111111119
107878  -25.049  -3.084  -22.900 0.3333333433
107879  -25.347  -2.803  -23.287 0.3333333433
107881  -26.531  -2.584  -24.108 0.3333333433
107886  -26.611  -2.920  -24.406 0.3333333433
107888  -27.556  -1.889  -25.060 0.3333333433
107889  -33.201  -2.198  -24.642 0.1111111119
107897  -31.295  -2.112  -25.682 0.2222222239
107898  -31.898  -2.262  -25.541 0.1111111119
107906  -26.162  -2.587  -26.468 0.4444444478
107915  -26.888  -2.316  -27.668 0.4444444478
107916  -26.803  -2.701  -27.684 0.4444444478
107924  -26.665  -1.529  -29.012 0.4444444478
107926  -26.769  -2.618  -27.925 0.4444444478
107928  -29.350  -2.355  -28.284 0.2222222239
107934  -28.439  -1.742  -28.735 0.4444444478
107936  -29.099  -2.439  -28.646 0.2222222239
107941  -27.268  -1.126  -29.887 0.4444444478
107944  -28.293  -1.428  -28.936 0.4444444478
108939  -24.228  -2.566  -21.953 0.2222222239
108942  -26.012  -2.449  -22.033 0.1111111119
108956  -25.997  -2.595  -21.985 0.1111111119
108966  -25.055  -3.129  -22.637 0.2222222239
108967  -25.090  -2.698  -22.986 0.2222222239
108968  -25.701  -2.206  -23.317 0.1111111119
108969  -26.397  -2.042  -23.659 0.2222222239
108970  -26.918  -1.861  -24.053 0.2222222239
108988  -27.609  -1.304  -25.319 0.3333333433
109006  -25.962  -2.031  -27.070 0.4444444478
109019  -25.983  -0.495  -29.659 0.4444444478
109022  -28.951  -0.414  -28.543 0.3333333433
109036  -26.175  -0.367  -29.945 0.4444444478
109040  -29.161  -1.777  -28.536 0.4444444478
109053  -26.375  -0.111  -30.109 0.4444444478
109055  -27.480  -0.749  -30.013 0.4444444478
109056  -27.999  -0.753  -29.822 0.4444444478
109070  -27.026  -0.103  -30.600 0.4444444478
109071  -27.309  -0.194  -30.358 0.4444444478
109072  -27.723  -0.332  -30.147 0.4444444478
110043  -25.739  -2.303  -22.149 0.1111111119
110053  -25.143  -2.285  -22.337 0.1111111119
110054  -25.565  -2.128  -22.624 0.1111111119
110055  -26.163  -1.910  -22.697 0.1111111119
110065  -25.045  -2.152  -22.929 0.1111111119
110079  -33.028  -0.866  -24.733 0.1111111119
110119  -29.798  -0.585  -27.116 0.1111111119
110132  -25.905  0.103  -29.279 0.3333333433
110133  -26.120  -0.058  -28.653 0.3333333433
110135  -28.802  0.194  -28.645 0.2222222239
110145  -26.053  0.221  -29.653 0.4444444478
110146  -28.624  0.095  -29.026 0.3333333433
110147  -28.462  -0.159  -29.466 0.3333333433
110156  -26.517  0.263  -30.291 0.4444444478
110158  -28.321  -0.204  -29.825 0.4444444478
110168  -26.839  0.217  -30.640 0.4444444478
110169  -27.262  0.235  -30.749 0.4444444478
110170  -27.682  0.151  -30.443 0.4444444478
111130  -34.550  0.850  -25.561 0.1111111119
111142  -28.625  1.092  -27.912 0.2222222239
111154  -25.827  1.011  -28.848 0.3333333433
111158  -28.782  0.619  -28.404 0.2222222239
111171  -28.565  0.385  -29.904 0.2222222239
111180  -26.024  1.039  -29.751 0.3333333433
111181  -26.309  0.961  -30.106 0.4444444478
111182  -28.021  0.516  -30.352 0.4444444478
111183  -28.325  0.428  -30.095 0.4444444478
111190  -26.667  0.873  -30.425 0.4444444478
111191  -27.070  0.861  -30.705 0.4444444478
112090  -27.818  1.596  -26.088 0.1111111119
112091  -28.006  1.713  -25.876 0.1111111119
112132  -25.497  1.890  -29.103 0.3333333433
112135  -28.245  2.398  -28.594 0.2222222239
112143  -25.565  1.777  -29.644 0.3333333433
112145  -28.608  0.977  -29.968 0.2222222239
112153  -25.831  1.683  -30.049 0.3333333433
112155  -28.206  1.295  -30.294 0.4444444478
112156  -28.473  0.746  -30.075 0.2222222239
112163  -26.860  1.575  -30.536 0.3333333433
112164  -27.326  1.600  -30.672 0.3333333433
112165  -27.745  1.662  -30.606 0.2222222239
113030  -33.742  2.014  -26.481 0.1111111119
113031  -34.203  1.914  -26.725 0.1111111119
113045  -33.272  2.250  -26.428 0.1111111119
113055  -25.457  2.525  -29.513 0.3333333433
113056  -25.735  2.834  -29.003 0.3333333433
113057  -26.840  3.194  -28.910 0.2222222239
113058  -27.599  2.951  -28.633 0.2222222239
113064  -25.541  2.358  -29.936 0.3333333433
113065  -27.273  3.576  -29.318 0.2222222239
113071  -26.048  2.328  -30.239 0.3333333433
113072  -26.644  2.285  -30.494 0.3333333433
113073  -27.841  2.698  -30.660 0.2222222239
113074  -28.166  2.586  -30.268 0.2222222239
113079  -27.103  2.241  -30.696 0.3333333433
113080  -27.535  2.336  -30.739 0.2222222239
113081  -27.933  2.141  -30.567 0.2222222239
114006  -28.581  3.259  -26.849 0.1111111119
114018  -28.656  3.292  -27.187 0.1111111119
114024  -25.538  2.753  -29.563 0.3333333433
114025  -25.680  2.970  -29.522 0.3333333433
114026  -26.163  3.374  -29.387 0.3333333433
114030  -25.633  2.804  -29.739 0.3333333433
114031  -26.001  3.305  -29.890 0.3333333433
114032  -26.973  3.792  -29.838 0.2222222239
114033  -27.805  3.372  -30.234 0.2222222239
114039  -25.858  2.819  -30.070 0.3333333433
114040  -26.506  2.996  -30.376 0.3333333433
114041  -27.380  3.097  -30.693 0.2222222239
114042  -27.879  3.035  -30.562 0.2222222239
114046  -26.958  2.723  -30.762 0.3333333433
114047  -27.250  2.647  -30.808 0.3333333433
145994  -24.156  -4.428  -24.039 0.4444444478
146000  -24.474  -3.685  -23.229 0.4444444478
146012  -23.627  -2.545  -20.546 0.2222222239
