#!ascii label  , from subject 3000 vox2ras=TkReg
666
83832  18.335  -25.898  -25.558 0.0000000000
93208  23.731  -17.333  -28.021 0.0000000000
103337  21.037  -8.851  -34.367 0.0000000000
96700  18.817  -14.418  -29.797 0.0000000000
78851  20.602  -30.056  -24.080 0.0000000000
82595  24.303  -26.309  -24.837 0.0000000000
87566  21.589  -22.714  -28.894 0.0000000000
92111  19.742  -18.414  -29.437 0.0000000000
98932  23.074  -12.978  -31.126 0.0000000000
105745  23.530  -6.593  -30.547 0.0000000000
105815  16.795  -5.771  -35.874 0.0000000000
80149  19.143  -28.316  -25.723 0.0000000000
80123  22.223  -28.433  -24.821 0.0000000000
82629  21.061  -26.328  -26.789 0.0000000000
92073  18.063  -19.347  -26.524 0.0000000000
94346  17.137  -17.031  -26.341 0.0000000000
98979  19.475  -11.986  -34.127 0.0000000000
97844  20.987  -14.400  -33.012 0.0000000000
101058  21.951  -10.320  -33.247 0.0000000000
102103  23.168  -9.681  -30.759 0.0000000000
104597  22.980  -7.427  -33.549 0.0000000000
109943  18.346  -2.676  -32.078 0.0000000000
106876  17.407  -5.442  -32.205 0.0000000000
109969  15.513  -1.930  -34.522 0.0000000000
90923  23.093  -19.584  -28.889 0.0000000000
87550  23.621  -22.387  -27.617 0.0000000000
90898  25.201  -19.424  -26.553 0.0000000000
102121  17.821  -9.975  -32.701 0.0000000000
97793  24.370  -13.220  -26.946 0.0000000000
86270  17.115  -23.005  -25.147 0.0000000000
85079  19.745  -24.478  -27.383 0.0000000000
88691  18.489  -21.736  -26.809 0.0000000000
89797  20.624  -20.498  -29.674 0.0000000000
92109  22.000  -18.278  -29.877 0.0000000000
94404  19.240  -16.163  -30.285 0.0000000000
95539  21.426  -15.645  -31.150 0.0000000000
96679  22.740  -14.524  -29.113 0.0000000000
99955  23.266  -11.506  -28.547 0.0000000000
104571  17.483  -7.595  -32.336 0.0000000000
104602  18.420  -7.729  -34.807 0.0000000000
109988  17.357  -2.491  -38.124 0.0000000000
108981  18.805  -2.995  -36.124 0.0000000000
106930  21.402  -5.375  -35.550 0.0000000000
108943  22.563  -4.199  -32.552 0.0000000000
83867  22.766  -24.926  -27.256 0.0000000000
83822  16.997  -25.322  -24.200 0.0000000000
82597  17.723  -26.183  -24.543 0.0000000000
81394  18.681  -26.981  -25.975 0.0000000000
80170  20.288  -28.055  -26.271 0.0000000000
82631  19.094  -26.538  -26.339 0.0000000000
102141  20.184  -10.026  -34.152 0.0000000000
100021  20.994  -11.514  -34.224 0.0000000000
102139  21.945  -9.737  -34.088 0.0000000000
102126  22.431  -8.726  -33.394 0.0000000000
104599  22.150  -7.330  -34.376 0.0000000000
110986  17.853  -1.078  -32.062 0.0000000000
109952  17.238  -2.466  -32.585 0.0000000000
111004  16.239  -0.497  -33.599 0.0000000000
92083  23.680  -18.449  -27.925 0.0000000000
90910  24.074  -19.463  -27.605 0.0000000000
92082  24.486  -18.450  -27.305 0.0000000000
99992  18.401  -11.564  -31.350 0.0000000000
102113  17.802  -10.069  -31.381 0.0000000000
78852  19.003  -29.474  -24.231 0.0000000000
76257  19.402  -30.607  -23.211 0.0000000000
77478  21.693  -30.766  -23.094 0.0000000000
77497  22.005  -30.170  -23.644 0.0000000000
81347  22.950  -27.566  -24.952 0.0000000000
80097  24.171  -28.099  -23.794 0.0000000000
87542  17.979  -22.744  -26.081 0.0000000000
88681  17.233  -21.549  -25.440 0.0000000000
92097  18.809  -18.905  -28.215 0.0000000000
90925  19.339  -19.936  -28.801 0.0000000000
89811  19.956  -19.496  -29.839 0.0000000000
90939  21.253  -19.303  -29.856 0.0000000000
92126  20.526  -18.104  -30.166 0.0000000000
95501  18.225  -16.023  -27.201 0.0000000000
95540  19.004  -15.244  -30.344 0.0000000000
97843  21.963  -13.628  -32.574 0.0000000000
96712  21.360  -14.699  -31.870 0.0000000000
96698  22.492  -14.618  -30.805 0.0000000000
95523  22.504  -15.449  -30.024 0.0000000000
97819  22.777  -13.393  -30.205 0.0000000000
97807  22.806  -13.194  -29.171 0.0000000000
98912  22.790  -12.494  -29.963 0.0000000000
104562  23.420  -7.691  -30.917 0.0000000000
103292  23.667  -8.691  -29.177 0.0000000000
106890  16.468  -5.229  -33.605 0.0000000000
105771  17.010  -6.429  -32.497 0.0000000000
105782  16.440  -6.177  -34.185 0.0000000000
104603  17.371  -7.903  -34.700 0.0000000000
104618  17.683  -7.353  -35.668 0.0000000000
107987  20.101  -4.571  -35.408 0.0000000000
108988  22.014  -3.715  -35.303 0.0000000000
107977  22.608  -4.580  -34.497 0.0000000000
86302  21.137  -23.504  -28.435 0.0000000000
85077  21.628  -24.636  -27.856 0.0000000000
85087  22.224  -23.763  -28.335 0.0000000000
88689  25.365  -21.492  -26.155 0.0000000000
86277  24.689  -23.196  -26.705 0.0000000000
78875  18.799  -28.858  -24.478 0.0000000000
78891  19.934  -28.988  -25.098 0.0000000000
78872  21.539  -29.187  -24.619 0.0000000000
80124  20.980  -28.858  -25.173 0.0000000000
81367  21.881  -27.629  -26.055 0.0000000000
82610  22.467  -26.741  -26.105 0.0000000000
92061  16.365  -19.059  -25.890 0.0000000000
92074  17.273  -18.578  -26.208 0.0000000000
94360  18.448  -17.754  -27.617 0.0000000000
97857  18.831  -13.700  -32.778 0.0000000000
96715  19.032  -14.551  -31.040 0.0000000000
97856  19.865  -14.008  -33.337 0.0000000000
98951  22.126  -12.586  -33.010 0.0000000000
99990  23.053  -11.724  -32.060 0.0000000000
101029  23.081  -10.631  -31.201 0.0000000000
101037  23.042  -10.523  -32.100 0.0000000000
103315  22.939  -8.535  -32.246 0.0000000000
105769  23.091  -6.647  -32.389 0.0000000000
107942  20.123  -4.509  -31.278 0.0000000000
108947  17.681  -3.986  -32.192 0.0000000000
107958  16.802  -4.274  -33.173 0.0000000000
107980  16.628  -3.929  -34.903 0.0000000000
88723  22.272  -21.495  -28.990 0.0000000000
87564  22.839  -22.285  -28.177 0.0000000000
88711  23.368  -21.367  -28.067 0.0000000000
89760  24.615  -20.808  -26.898 0.0000000000
97821  19.024  -13.435  -28.983 0.0000000000
98955  18.523  -12.306  -32.325 0.0000000000
101062  18.622  -10.806  -33.606 0.0000000000
102129  19.424  -9.777  -34.098 0.0000000000
78848  23.115  -29.317  -23.820 0.0000000000
95497  24.343  -15.345  -27.076 0.0000000000
94345  25.337  -16.545  -26.586 0.0000000000
85045  17.842  -24.415  -25.533 0.0000000000
85059  19.187  -24.981  -26.822 0.0000000000
86279  18.033  -23.554  -26.043 0.0000000000
86292  19.169  -23.537  -27.272 0.0000000000
87552  19.763  -22.492  -28.090 0.0000000000
89770  18.707  -20.926  -27.030 0.0000000000
88714  19.397  -21.148  -28.286 0.0000000000
88725  20.995  -21.287  -29.583 0.0000000000
89795  22.050  -20.536  -29.368 0.0000000000
90937  22.628  -18.977  -29.432 0.0000000000
93209  23.095  -17.279  -28.430 0.0000000000
94374  18.452  -16.510  -27.802 0.0000000000
93244  19.693  -17.268  -29.934 0.0000000000
95554  19.678  -15.506  -31.737 0.0000000000
93263  19.868  -16.304  -31.547 0.0000000000
93243  20.278  -17.162  -30.475 0.0000000000
93241  21.214  -17.196  -30.297 0.0000000000
94372  22.488  -16.233  -29.338 0.0000000000
94359  23.527  -15.872  -27.990 0.0000000000
96677  23.292  -13.762  -27.702 0.0000000000
98900  24.004  -12.269  -27.064 0.0000000000
101020  23.058  -10.688  -30.222 0.0000000000
103316  17.639  -8.901  -32.514 0.0000000000
104584  18.856  -8.411  -34.199 0.0000000000
104601  19.804  -8.060  -34.519 0.0000000000
108999  16.273  -1.975  -35.964 0.0000000000
107995  17.505  -3.707  -36.783 0.0000000000
107998  19.157  -3.198  -37.988 0.0000000000
106941  18.183  -4.957  -37.107 0.0000000000
106932  18.404  -5.284  -35.913 0.0000000000
105812  20.210  -6.095  -35.300 0.0000000000
104616  21.271  -6.771  -35.065 0.0000000000
105792  22.490  -6.348  -34.550 0.0000000000
106900  22.796  -5.470  -33.371 0.0000000000
106871  22.974  -5.196  -31.232 0.0000000000
83849  20.521  -25.857  -26.875 0.0000000000
82647  21.981  -25.860  -27.028 0.0000000000
83846  23.419  -25.141  -26.692 0.0000000000
86288  23.282  -23.281  -27.556 0.0000000000
85057  24.088  -24.105  -26.549 0.0000000000
83821  17.544  -25.394  -24.658 0.0000000000
82612  18.028  -26.269  -25.040 0.0000000000
81370  17.987  -26.807  -25.034 0.0000000000
82611  18.333  -26.436  -25.518 0.0000000000
82632  18.691  -26.436  -25.940 0.0000000000
102140  20.920  -9.899  -34.154 0.0000000000
103336  21.956  -8.442  -34.259 0.0000000000
111002  17.181  -0.910  -32.680 0.0000000000
93196  24.287  -17.422  -27.469 0.0000000000
77515  20.164  -29.989  -24.180 0.0000000000
77500  19.055  -30.054  -23.686 0.0000000000
77499  20.062  -30.494  -23.680 0.0000000000
77479  20.772  -30.908  -23.172 0.0000000000
77498  21.084  -30.420  -23.680 0.0000000000
82596  23.593  -26.714  -25.195 0.0000000000
81345  24.253  -27.263  -24.287 0.0000000000
82580  24.580  -26.864  -24.172 0.0000000000
88667  17.001  -21.112  -25.411 0.0000000000
93211  19.234  -18.518  -28.605 0.0000000000
92096  19.309  -18.922  -28.716 0.0000000000
90950  19.868  -18.906  -29.865 0.0000000000
90949  20.212  -18.938  -30.085 0.0000000000
95513  18.870  -15.231  -28.316 0.0000000000
98933  23.009  -12.704  -31.352 0.0000000000
97833  22.725  -13.595  -31.450 0.0000000000
97832  23.031  -13.219  -30.980 0.0000000000
97820  22.837  -13.851  -30.697 0.0000000000
98922  22.927  -12.737  -30.950 0.0000000000
104553  23.733  -7.659  -29.995 0.0000000000
106901  16.284  -5.078  -34.528 0.0000000000
105797  16.359  -6.007  -35.118 0.0000000000
104604  16.825  -6.950  -34.856 0.0000000000
105814  17.513  -6.248  -36.046 0.0000000000
109974  21.530  -2.947  -35.363 0.0000000000
109973  22.199  -2.867  -34.991 0.0000000000
108979  22.509  -3.691  -34.807 0.0000000000
86301  22.014  -23.319  -28.601 0.0000000000
88680  26.008  -21.494  -25.638 0.0000000000
87533  25.764  -22.374  -26.048 0.0000000000
80150  18.760  -28.261  -25.303 0.0000000000
80127  18.592  -28.305  -24.857 0.0000000000
80126  19.028  -28.591  -25.065 0.0000000000
78874  19.432  -29.165  -24.744 0.0000000000
78892  19.497  -28.760  -25.290 0.0000000000
80125  20.337  -28.958  -25.131 0.0000000000
80148  20.116  -28.665  -25.690 0.0000000000
81392  20.500  -27.296  -26.473 0.0000000000
80169  20.880  -27.767  -26.367 0.0000000000
81391  21.417  -27.265  -26.421 0.0000000000
81390  22.095  -27.083  -26.228 0.0000000000
93186  16.481  -17.708  -26.136 0.0000000000
92075  16.349  -18.416  -26.068 0.0000000000
93185  17.421  -17.676  -26.466 0.0000000000
93198  18.112  -18.092  -26.921 0.0000000000
97868  18.987  -13.098  -33.382 0.0000000000
97867  19.863  -12.963  -33.964 0.0000000000
101059  22.102  -10.816  -33.625 0.0000000000
100007  21.814  -11.661  -34.159 0.0000000000
101049  21.874  -11.265  -32.995 0.0000000000
99997  22.305  -11.792  -32.646 0.0000000000
101048  22.389  -10.711  -32.622 0.0000000000
102120  22.429  -9.975  -32.664 0.0000000000
103334  22.676  -8.036  -33.681 0.0000000000
103322  22.726  -8.262  -33.090 0.0000000000
104582  23.026  -7.549  -32.793 0.0000000000
105781  23.121  -6.735  -33.278 0.0000000000
109942  19.002  -2.520  -31.627 0.0000000000
108944  19.688  -3.498  -31.591 0.0000000000
108945  18.800  -3.568  -31.885 0.0000000000
107943  19.285  -4.474  -31.785 0.0000000000
109953  16.570  -2.312  -32.843 0.0000000000
108960  16.944  -3.335  -32.790 0.0000000000
108970  16.461  -3.159  -33.391 0.0000000000
107968  16.945  -4.092  -34.013 0.0000000000
108983  16.163  -2.947  -34.242 0.0000000000
89781  22.624  -20.572  -28.922 0.0000000000
88712  22.790  -21.381  -28.540 0.0000000000
89780  23.190  -20.507  -28.429 0.0000000000
90909  24.744  -19.398  -27.147 0.0000000000
89768  24.281  -20.411  -27.308 0.0000000000
89767  24.931  -20.142  -27.002 0.0000000000
89759  25.156  -20.543  -26.480 0.0000000000
98913  18.714  -12.437  -28.095 0.0000000000
98924  18.982  -12.439  -29.236 0.0000000000
98934  18.812  -12.445  -30.281 0.0000000000
101053  17.833  -10.727  -32.282 0.0000000000
100002  17.936  -11.355  -32.776 0.0000000000
101063  18.088  -10.816  -33.085 0.0000000000
102130  18.634  -10.025  -33.765 0.0000000000
78871  22.011  -29.022  -24.567 0.0000000000
78849  22.253  -29.392  -24.218 0.0000000000
80099  22.723  -28.964  -24.234 0.0000000000
78846  24.698  -28.743  -23.405 0.0000000000
96665  24.719  -14.315  -26.851 0.0000000000
86256  17.062  -23.579  -24.785 0.0000000000
86269  17.453  -23.643  -25.261 0.0000000000
85061  18.119  -24.323  -25.980 0.0000000000
87541  18.457  -22.707  -26.846 0.0000000000
87553  19.183  -22.615  -27.436 0.0000000000
88701  19.535  -21.941  -28.207 0.0000000000
90900  17.226  -19.831  -25.991 0.0000000000
90899  18.157  -20.343  -26.376 0.0000000000
89798  19.881  -20.371  -29.411 0.0000000000
89782  19.482  -20.729  -28.682 0.0000000000
88726  20.338  -21.346  -29.396 0.0000000000
89796  21.324  -20.332  -29.615 0.0000000000
92110  21.574  -18.841  -29.868 0.0000000000
90938  21.901  -19.469  -29.648 0.0000000000
92108  22.672  -18.121  -29.416 0.0000000000
93225  22.848  -17.605  -29.055 0.0000000000
95514  18.654  -15.905  -27.979 0.0000000000
94388  18.742  -16.413  -28.401 0.0000000000
94373  18.680  -17.180  -28.248 0.0000000000
94387  19.149  -16.554  -29.148 0.0000000000
96729  19.950  -14.508  -32.702 0.0000000000
96714  19.653  -14.746  -32.109 0.0000000000
96713  20.523  -14.803  -32.324 0.0000000000
95552  20.951  -15.727  -31.839 0.0000000000
94414  20.713  -16.475  -31.585 0.0000000000
93253  20.812  -16.541  -31.143 0.0000000000
94401  20.900  -16.465  -30.936 0.0000000000
93242  20.703  -17.112  -30.550 0.0000000000
94400  21.567  -16.432  -30.503 0.0000000000
95512  22.682  -15.270  -29.244 0.0000000000
94371  22.964  -16.042  -28.537 0.0000000000
95511  22.962  -15.006  -28.702 0.0000000000
95499  23.305  -15.120  -28.180 0.0000000000
96678  22.909  -14.117  -28.453 0.0000000000
98911  22.978  -12.330  -28.874 0.0000000000
97806  23.022  -13.077  -28.161 0.0000000000
98901  23.325  -12.248  -27.835 0.0000000000
99947  23.694  -11.490  -27.585 0.0000000000
106875  18.009  -5.459  -31.693 0.0000000000
105757  18.321  -6.425  -31.498 0.0000000000
104564  17.832  -7.436  -31.360 0.0000000000
103311  17.622  -8.495  -31.637 0.0000000000
102105  17.709  -9.001  -31.250 0.0000000000
103339  17.850  -8.315  -34.998 0.0000000000
104585  17.706  -8.229  -33.602 0.0000000000
109984  15.909  -1.684  -37.056 0.0000000000
109983  16.491  -2.390  -37.267 0.0000000000
108998  16.636  -2.689  -36.474 0.0000000000
108000  17.458  -3.282  -37.542 0.0000000000
108982  19.456  -2.592  -36.289 0.0000000000
148930  20.040  -2.741  -36.910 0.0000000000
108992  19.190  -3.482  -36.977 0.0000000000
106950  18.589  -4.297  -37.363 0.0000000000
107988  18.557  -4.161  -36.455 0.0000000000
107979  18.683  -4.288  -35.594 0.0000000000
107986  20.939  -4.575  -35.569 0.0000000000
106915  19.709  -5.413  -35.303 0.0000000000
106931  20.556  -5.370  -35.478 0.0000000000
105811  20.977  -6.153  -35.401 0.0000000000
105793  22.053  -6.636  -34.636 0.0000000000
105809  22.340  -5.813  -35.075 0.0000000000
107967  22.616  -4.631  -33.706 0.0000000000
107956  22.593  -4.712  -32.925 0.0000000000
106888  22.766  -5.515  -32.604 0.0000000000
107941  22.646  -4.691  -32.224 0.0000000000
83850  19.608  -25.726  -26.724 0.0000000000
83870  20.252  -25.176  -27.192 0.0000000000
85076  22.415  -24.279  -27.891 0.0000000000
83868  22.072  -25.395  -27.309 0.0000000000
83847  22.643  -25.511  -26.916 0.0000000000
87551  23.064  -22.732  -27.796 0.0000000000
85056  24.935  -23.711  -26.400 0.0000000000
85043  25.302  -24.152  -25.708 0.0000000000
85044  24.529  -24.625  -26.040 0.0000000000
81369  18.476  -27.653  -25.424 0.0000000000
81368  18.913  -27.921  -25.875 0.0000000000
80171  19.678  -28.252  -26.096 0.0000000000
81393  19.346  -27.585  -26.232 0.0000000000
82630  20.020  -26.578  -26.572 0.0000000000
100022  20.198  -11.461  -34.138 0.0000000000
98977  20.555  -12.061  -34.223 0.0000000000
101072  20.528  -10.725  -34.131 0.0000000000
101071  21.466  -10.750  -34.156 0.0000000000
102128  22.037  -10.140  -33.600 0.0000000000
102127  22.098  -9.668  -33.201 0.0000000000
102138  22.317  -8.865  -33.827 0.0000000000
103335  22.484  -8.089  -33.988 0.0000000000
104598  22.767  -7.326  -34.070 0.0000000000
110984  19.247  -1.460  -31.515 0.0000000000
110993  18.059  -2.007  -32.224 0.0000000000
109951  17.821  -2.496  -32.329 0.0000000000
110994  17.541  -1.465  -32.402 0.0000000000
111003  16.801  -1.111  -32.986 0.0000000000
109963  15.997  -1.870  -33.580 0.0000000000
92084  23.384  -19.009  -28.468 0.0000000000
90911  23.483  -19.581  -28.166 0.0000000000
92072  25.009  -18.460  -26.730 0.0000000000
101041  18.057  -10.780  -31.378 0.0000000000
101042  17.713  -10.327  -31.648 0.0000000000
78853  18.482  -29.180  -23.739 0.0000000000
78829  18.307  -29.457  -23.107 0.0000000000
76237  22.277  -31.119  -22.412 0.0000000000
77477  22.691  -30.577  -23.057 0.0000000000
80098  23.244  -28.642  -24.034 0.0000000000
80122  23.324  -27.902  -24.395 0.0000000000
87535  17.074  -22.612  -25.159 0.0000000000
87534  17.429  -22.669  -25.551 0.0000000000
88692  17.999  -21.969  -26.014 0.0000000000
92085  18.487  -18.869  -27.446 0.0000000000
90912  18.604  -19.924  -27.233 0.0000000000
90926  18.852  -19.538  -28.140 0.0000000000
89810  20.369  -19.707  -29.853 0.0000000000
89809  20.855  -19.785  -29.796 0.0000000000
90948  20.733  -19.050  -30.073 0.0000000000
92125  21.179  -18.228  -30.105 0.0000000000
95524  18.881  -15.428  -29.378 0.0000000000
96711  22.135  -14.294  -31.567 0.0000000000
96699  21.895  -14.955  -31.183 0.0000000000
95538  22.048  -15.607  -30.648 0.0000000000
96688  22.666  -14.416  -29.929 0.0000000000
96687  22.693  -13.899  -29.366 0.0000000000
99956  22.963  -11.578  -29.602 0.0000000000
103310  23.166  -8.655  -31.308 0.0000000000
103302  23.390  -8.691  -30.318 0.0000000000
106889  16.754  -5.346  -32.768 0.0000000000
105772  16.489  -6.334  -33.252 0.0000000000
104572  16.843  -7.301  -33.026 0.0000000000
104586  16.829  -7.223  -33.906 0.0000000000
103350  17.702  -7.977  -35.615 0.0000000000
104617  18.169  -7.426  -35.684 0.0000000000
109968  19.327  -2.867  -35.547 0.0000000000
108980  19.038  -3.549  -35.268 0.0000000000
108990  20.466  -3.810  -35.445 0.0000000000
108989  21.275  -3.779  -35.486 0.0000000000
107985  21.745  -4.543  -35.516 0.0000000000
107984  22.368  -4.526  -35.157 0.0000000000
108969  22.607  -3.698  -34.039 0.0000000000
86290  20.741  -23.830  -28.119 0.0000000000
85078  20.802  -24.356  -27.813 0.0000000000
85089  21.372  -24.142  -28.159 0.0000000000
85088  21.836  -23.995  -28.331 0.0000000000
88690  24.727  -21.519  -26.649 0.0000000000
87540  24.334  -22.378  -26.936 0.0000000000
87539  25.076  -22.380  -26.505 0.0000000000
86276  25.396  -23.215  -26.307 0.0000000000
77516  19.648  -29.823  -24.238 0.0000000000
78873  20.421  -29.445  -24.618 0.0000000000
78850  21.321  -29.808  -24.166 0.0000000000
80147  21.260  -28.194  -25.927 0.0000000000
80146  21.993  -27.957  -25.672 0.0000000000
81366  22.490  -27.348  -25.635 0.0000000000
81365  23.180  -27.030  -25.288 0.0000000000
82609  23.203  -26.254  -25.843 0.0000000000
92086  18.068  -18.688  -26.673 0.0000000000
93212  18.881  -18.271  -28.303 0.0000000000
93228  19.498  -17.671  -29.024 0.0000000000
97834  18.780  -13.443  -30.089 0.0000000000
97846  18.957  -13.966  -31.952 0.0000000000
96730  19.428  -14.200  -32.593 0.0000000000
97855  21.118  -13.351  -33.786 0.0000000000
98962  21.202  -12.335  -34.205 0.0000000000
97854  21.901  -13.097  -33.382 0.0000000000
98943  22.619  -12.682  -32.181 0.0000000000
99980  23.012  -12.117  -31.381 0.0000000000
99979  23.120  -11.351  -31.582 0.0000000000
102112  23.056  -9.598  -31.724 0.0000000000
102119  22.567  -9.412  -32.551 0.0000000000
104570  23.190  -7.661  -31.866 0.0000000000
105754  23.307  -6.823  -31.433 0.0000000000
107945  17.777  -4.567  -31.984 0.0000000000
108959  17.598  -3.343  -32.394 0.0000000000
107957  17.318  -4.348  -32.542 0.0000000000
106917  16.362  -4.949  -35.492 0.0000000000
87579  21.910  -22.156  -29.123 0.0000000000
86311  22.082  -22.724  -28.825 0.0000000000
87565  22.524  -21.910  -28.599 0.0000000000
87563  23.446  -21.961  -27.968 0.0000000000
88710  23.706  -21.690  -27.744 0.0000000000
89769  23.648  -20.418  -27.803 0.0000000000
88700  23.765  -21.101  -27.564 0.0000000000
88699  24.090  -21.482  -27.197 0.0000000000
97847  18.537  -13.383  -31.084 0.0000000000
97858  18.505  -13.169  -32.033 0.0000000000
97869  19.005  -12.823  -32.664 0.0000000000
98954  18.791  -12.108  -31.878 0.0000000000
98966  17.978  -12.005  -32.915 0.0000000000
100009  19.097  -11.469  -34.048 0.0000000000
101061  19.279  -10.677  -34.051 0.0000000000
103338  20.133  -9.248  -34.254 0.0000000000
77496  22.929  -29.953  -23.605 0.0000000000
94358  23.966  -16.338  -27.562 0.0000000000
94357  24.666  -16.444  -27.010 0.0000000000
85031  17.402  -24.494  -24.836 0.0000000000
83833  18.002  -25.531  -25.255 0.0000000000
83851  18.638  -25.669  -26.051 0.0000000000
83852  18.171  -24.891  -25.876 0.0000000000
85060  18.565  -24.382  -26.494 0.0000000000
85080  19.109  -24.375  -27.051 0.0000000000
86278  18.481  -23.568  -26.713 0.0000000000
86291  20.285  -23.574  -27.946 0.0000000000
86303  20.504  -22.858  -28.504 0.0000000000
87567  20.934  -22.562  -28.983 0.0000000000
89762  17.683  -20.892  -25.779 0.0000000000
89761  18.277  -21.204  -26.316 0.0000000000
89783  19.058  -20.576  -28.021 0.0000000000
88702  19.176  -21.743  -27.708 0.0000000000
87568  20.286  -22.180  -28.954 0.0000000000
87580  21.312  -22.056  -29.362 0.0000000000
88724  21.654  -21.340  -29.411 0.0000000000
90924  22.468  -19.848  -29.289 0.0000000000
92095  23.189  -18.371  -28.801 0.0000000000
92094  23.356  -17.879  -28.219 0.0000000000
94361  18.032  -17.033  -27.070 0.0000000000
92112  19.808  -17.826  -29.563 0.0000000000
95555  19.304  -15.640  -30.998 0.0000000000
95553  20.259  -15.351  -32.068 0.0000000000
95570  19.881  -15.875  -31.875 0.0000000000
94417  19.477  -16.156  -30.908 0.0000000000
94403  19.740  -16.615  -30.723 0.0000000000
92128  19.911  -17.921  -29.758 0.0000000000
93240  21.759  -17.238  -30.007 0.0000000000
94386  22.183  -16.413  -30.056 0.0000000000
93226  22.345  -17.285  -29.503 0.0000000000
93210  22.651  -16.921  -28.897 0.0000000000
94370  23.496  -16.583  -28.116 0.0000000000
95498  23.705  -15.241  -27.556 0.0000000000
96666  23.890  -14.197  -27.205 0.0000000000
97794  23.646  -13.087  -27.409 0.0000000000
99967  22.822  -11.773  -30.803 0.0000000000
102093  23.260  -9.711  -29.743 0.0000000000
101011  23.497  -10.693  -28.238 0.0000000000
105758  17.643  -6.456  -31.869 0.0000000000
102114  17.600  -9.641  -31.732 0.0000000000
103325  18.076  -9.420  -33.275 0.0000000000
103324  18.634  -9.124  -33.859 0.0000000000
104583  19.359  -8.425  -34.255 0.0000000000
109964  15.715  -1.051  -34.150 0.0000000000
109979  15.994  -1.281  -35.756 0.0000000000
108993  16.199  -2.597  -35.290 0.0000000000
107989  16.659  -3.826  -35.865 0.0000000000
106933  16.970  -4.839  -36.229 0.0000000000
108007  18.184  -2.906  -38.347 0.0000000000
106951  18.360  -4.151  -37.647 0.0000000000
106942  17.767  -4.884  -36.623 0.0000000000
105826  17.383  -5.553  -36.295 0.0000000000
105825  17.822  -5.765  -36.734 0.0000000000
105813  18.160  -6.301  -36.299 0.0000000000
105796  18.488  -6.453  -35.392 0.0000000000
107978  19.304  -4.482  -35.202 0.0000000000
106916  18.867  -5.385  -35.163 0.0000000000
105795  19.400  -6.576  -35.058 0.0000000000
105794  20.475  -6.912  -35.085 0.0000000000
104600  21.220  -7.598  -34.605 0.0000000000
104615  21.708  -6.874  -34.723 0.0000000000
105791  23.047  -6.592  -33.941 0.0000000000
106928  22.497  -5.358  -34.841 0.0000000000
106914  22.747  -5.597  -34.108 0.0000000000
106913  23.079  -6.096  -33.603 0.0000000000
106899  23.002  -6.110  -33.022 0.0000000000
105755  22.977  -6.161  -31.696 0.0000000000
106862  22.955  -5.717  -31.280 0.0000000000
108942  22.779  -3.703  -32.085 0.0000000000
107940  22.939  -4.586  -31.538 0.0000000000
107930  23.210  -4.748  -30.966 0.0000000000
106856  23.638  -5.614  -29.940 0.0000000000
83869  21.142  -25.444  -27.224 0.0000000000
82648  21.694  -25.869  -27.016 0.0000000000
82628  22.154  -26.242  -26.662 0.0000000000
82627  22.838  -25.794  -26.542 0.0000000000
82608  23.980  -25.828  -25.573 0.0000000000
86309  22.504  -22.910  -28.335 0.0000000000
86289  22.783  -23.652  -27.821 0.0000000000
85075  23.273  -24.230  -27.290 0.0000000000
86287  23.965  -23.190  -27.120 0.0000000000
85074  23.658  -23.716  -27.158 0.0000000000
85058  23.589  -24.503  -26.869 0.0000000000
83831  23.840  -25.474  -25.981 0.0000000000
93195  24.865  -17.479  -26.882 0.0000000000
93184  25.384  -17.560  -26.385 0.0000000000
80121  23.855  -27.623  -24.301 0.0000000000
81331  18.392  -27.998  -24.239 0.0000000000
81346  23.647  -27.211  -24.755 0.0000000000
81348  18.325  -27.910  -24.538 0.0000000000
83845  24.110  -24.941  -26.210 0.0000000000
83848  20.938  -25.878  -26.932 0.0000000000
83871  19.680  -25.109  -27.054 0.0000000000
86255  17.339  -23.879  -24.930 0.0000000000
86299  22.694  -23.038  -27.966 0.0000000000
86300  22.444  -23.426  -28.286 0.0000000000
86310  22.342  -22.936  -28.581 0.0000000000
87577  22.467  -22.678  -28.458 0.0000000000
87578  22.334  -22.354  -28.691 0.0000000000
87581  20.739  -21.955  -29.414 0.0000000000
88713  19.707  -21.527  -28.667 0.0000000000
90940  19.641  -19.367  -29.441 0.0000000000
92124  21.521  -17.762  -30.063 0.0000000000
92127  20.050  -18.122  -29.969 0.0000000000
93197  18.483  -18.238  -27.570 0.0000000000
93227  19.440  -18.356  -28.796 0.0000000000
93252  20.870  -16.726  -31.523 0.0000000000
93254  19.997  -16.684  -31.017 0.0000000000
93261  20.888  -16.542  -31.757 0.0000000000
93262  20.394  -16.411  -31.650 0.0000000000
94402  20.739  -16.830  -31.046 0.0000000000
94415  20.845  -16.546  -31.289 0.0000000000
94416  19.631  -16.095  -31.326 0.0000000000
94427  20.657  -15.951  -32.084 0.0000000000
94428  20.117  -16.004  -31.953 0.0000000000
94429  19.746  -16.023  -31.691 0.0000000000
95525  18.805  -15.912  -28.689 0.0000000000
95568  20.894  -15.897  -32.005 0.0000000000
95569  20.394  -15.762  -32.023 0.0000000000
96667  23.381  -14.484  -27.757 0.0000000000
97845  20.341  -14.493  -32.908 0.0000000000
97866  20.535  -12.609  -34.151 0.0000000000
97876  20.311  -12.311  -34.176 0.0000000000
97877  20.089  -12.477  -34.133 0.0000000000
98923  23.112  -12.546  -31.243 0.0000000000
98944  18.721  -12.000  -31.575 0.0000000000
98945  18.582  -12.070  -31.408 0.0000000000
98946  18.468  -12.387  -31.164 0.0000000000
98952  21.932  -12.568  -33.869 0.0000000000
98953  19.038  -12.067  -31.842 0.0000000000
98956  17.881  -11.771  -32.945 0.0000000000
98963  19.683  -12.377  -34.090 0.0000000000
98964  19.039  -12.297  -33.850 0.0000000000
98965  18.312  -12.344  -33.197 0.0000000000
98978  20.007  -12.056  -34.154 0.0000000000
99968  22.928  -12.376  -31.212 0.0000000000
99989  23.181  -11.182  -32.000 0.0000000000
99991  18.696  -11.814  -31.710 0.0000000000
99993  18.495  -11.363  -30.859 0.0000000000
99998  22.089  -11.792  -33.439 0.0000000000
99999  19.198  -12.051  -31.938 0.0000000000
100000  18.749  -11.959  -32.163 0.0000000000
100001  18.357  -11.710  -32.419 0.0000000000
100008  19.631  -11.241  -34.092 0.0000000000
100010  18.473  -11.553  -33.490 0.0000000000
100011  17.972  -11.492  -33.039 0.0000000000
100023  19.680  -11.649  -34.130 0.0000000000
101038  23.013  -11.047  -32.225 0.0000000000
101039  18.689  -11.723  -31.989 0.0000000000
101040  18.349  -11.480  -31.722 0.0000000000
101047  22.659  -10.155  -32.476 0.0000000000
101050  18.897  -11.836  -32.020 0.0000000000
101051  18.483  -11.601  -32.050 0.0000000000
101052  17.943  -11.100  -32.095 0.0000000000
101060  19.906  -10.915  -34.079 0.0000000000
101073  19.867  -10.433  -34.106 0.0000000000
102131  18.205  -10.226  -33.294 0.0000000000
102137  22.475  -8.413  -33.748 0.0000000000
102142  17.739  -7.883  -35.569 0.0000000000
102143  17.645  -8.092  -35.435 0.0000000000
102151  18.145  -8.497  -35.825 0.0000000000
102152  17.774  -8.221  -35.762 0.0000000000
102163  18.103  -8.239  -36.172 0.0000000000
102164  17.889  -8.339  -36.063 0.0000000000
103323  19.360  -8.839  -34.202 0.0000000000
103340  17.536  -8.036  -35.230 0.0000000000
103349  18.250  -8.124  -35.484 0.0000000000
103358  18.240  -8.011  -36.002 0.0000000000
103359  17.887  -7.917  -36.153 0.0000000000
104619  17.039  -6.490  -35.476 0.0000000000
104631  18.156  -7.637  -36.053 0.0000000000
104632  17.999  -7.508  -36.207 0.0000000000
105746  23.143  -6.193  -31.104 0.0000000000
105770  22.889  -5.983  -32.221 0.0000000000
105810  21.868  -6.200  -35.171 0.0000000000
105824  18.214  -5.723  -36.996 0.0000000000
106861  23.233  -5.533  -30.734 0.0000000000
106872  22.774  -5.421  -31.804 0.0000000000
106887  22.941  -6.084  -32.587 0.0000000000
106929  22.138  -5.314  -35.368 0.0000000000
106940  18.449  -5.053  -36.832 0.0000000000
107922  23.491  -4.635  -30.327 0.0000000000
107993  18.809  -4.031  -37.189 0.0000000000
107994  17.894  -4.337  -37.290 0.0000000000
107999  17.889  -3.581  -38.118 0.0000000000
108006  18.553  -2.871  -38.349 0.0000000000
108946  18.009  -3.648  -31.906 0.0000000000
108958  17.982  -3.048  -32.198 0.0000000000
108991  19.704  -3.783  -35.296 0.0000000000
108994  15.888  -1.939  -35.574 0.0000000000
109004  17.324  -2.911  -37.945 0.0000000000
109005  17.016  -2.861  -37.334 0.0000000000
109012  17.794  -2.747  -38.258 0.0000000000
109967  19.468  -3.293  -35.360 0.0000000000
109975  20.764  -3.083  -35.516 0.0000000000
109976  19.941  -3.068  -35.530 0.0000000000
109977  19.653  -2.595  -35.626 0.0000000000
109978  15.601  -1.765  -35.233 0.0000000000
109989  16.723  -2.135  -38.024 0.0000000000
109997  17.703  -2.065  -38.319 0.0000000000
109998  17.267  -1.842  -38.200 0.0000000000
110985  18.269  -1.494  -31.859 0.0000000000
110995  16.988  -1.833  -32.653 0.0000000000
112059  17.700  -0.796  -32.194 0.0000000000
112067  17.446  -0.574  -32.431 0.0000000000
112075  17.123  -0.375  -32.725 0.0000000000
