#!ascii label  , from subject 3000 vox2ras=TkReg
387
30169  43.643  -68.673  -2.625 0.0000000000
25448  39.362  -72.020  -12.409 0.0000000000
35208  41.813  -64.493  -8.538 0.0000000000
36388  41.829  -63.242  -10.645 0.0000000000
27792  43.090  -70.878  -11.981 0.0000000000
32957  42.042  -66.514  -11.763 0.0000000000
27796  41.166  -70.495  -11.480 0.0000000000
31732  39.982  -67.810  -13.456 0.0000000000
36373  38.834  -63.259  -9.713 0.0000000000
32840  43.685  -66.080  -5.792 0.0000000000
35221  43.285  -63.845  -10.038 0.0000000000
32997  43.340  -66.538  -13.292 0.0000000000
26623  42.272  -71.196  -13.214 0.0000000000
21787  45.081  -75.036  -11.381 0.0000000000
31458  47.863  -68.028  -0.680 0.0000000000
30220  46.058  -68.550  -4.726 0.0000000000
34035  45.038  -66.568  -7.246 0.0000000000
36279  38.449  -63.557  -4.651 0.0000000000
31694  39.675  -67.694  -11.259 0.0000000000
27833  39.951  -70.118  -13.177 0.0000000000
32982  38.505  -67.035  -12.783 0.0000000000
34037  43.735  -65.299  -7.003 0.0000000000
35207  42.491  -64.071  -8.966 0.0000000000
30397  42.738  -68.648  -12.665 0.0000000000
32977  43.555  -66.748  -12.612 0.0000000000
30446  43.692  -68.484  -13.309 0.0000000000
30449  42.548  -68.609  -14.038 0.0000000000
27829  42.744  -70.166  -13.189 0.0000000000
21804  43.446  -75.296  -11.537 0.0000000000
30248  47.563  -68.475  -5.228 0.0000000000
30277  46.013  -67.767  -6.467 0.0000000000
31625  46.765  -67.928  -6.842 0.0000000000
36333  41.405  -63.313  -7.478 0.0000000000
37517  39.914  -63.095  -6.976 0.0000000000
37583  37.902  -62.801  -8.827 0.0000000000
38763  37.537  -61.758  -6.511 0.0000000000
35209  41.281  -64.776  -8.733 0.0000000000
34090  41.391  -64.987  -10.114 0.0000000000
32938  40.924  -66.212  -11.225 0.0000000000
30399  41.296  -68.909  -12.181 0.0000000000
27794  42.424  -70.645  -11.875 0.0000000000
34151  40.892  -65.096  -12.384 0.0000000000
36371  40.428  -62.970  -10.036 0.0000000000
35263  39.449  -64.600  -11.363 0.0000000000
35265  37.726  -64.979  -11.152 0.0000000000
23040  39.520  -74.492  -11.424 0.0000000000
31528  43.575  -67.937  -4.323 0.0000000000
35185  41.948  -64.189  -6.720 0.0000000000
37578  42.710  -62.795  -9.629 0.0000000000
34105  42.792  -64.643  -10.970 0.0000000000
35259  42.766  -64.478  -11.248 0.0000000000
35281  42.239  -64.182  -11.922 0.0000000000
32999  41.432  -67.030  -13.900 0.0000000000
29059  41.072  -69.392  -13.555 0.0000000000
25465  40.998  -71.511  -13.000 0.0000000000
25432  44.616  -72.844  -11.616 0.0000000000
25443  44.230  -72.968  -12.112 0.0000000000
24275  42.856  -72.953  -12.231 0.0000000000
24259  40.786  -73.506  -11.700 0.0000000000
31459  46.542  -68.038  -0.008 0.0000000000
30141  45.326  -68.771  -1.664 0.0000000000
30166  46.882  -68.450  -2.719 0.0000000000
30190  45.421  -68.627  -3.763 0.0000000000
31555  44.883  -67.784  -5.453 0.0000000000
32839  44.641  -66.492  -6.395 0.0000000000
34051  43.585  -65.679  -7.304 0.0000000000
34050  44.790  -66.532  -7.408 0.0000000000
34052  42.434  -65.431  -7.547 0.0000000000
37534  39.112  -62.460  -7.587 0.0000000000
30142  44.190  -68.814  -1.612 0.0000000000
30124  42.616  -68.253  -0.915 0.0000000000
30143  43.044  -68.728  -1.618 0.0000000000
26608  39.560  -71.123  -12.729 0.0000000000
29037  38.755  -69.274  -12.854 0.0000000000
35192  43.283  -64.979  -7.278 0.0000000000
35193  42.517  -64.425  -7.772 0.0000000000
27809  42.946  -70.530  -12.333 0.0000000000
30396  43.235  -68.604  -12.882 0.0000000000
29055  43.231  -69.267  -12.980 0.0000000000
27847  43.020  -69.310  -13.050 0.0000000000
26606  43.567  -71.448  -12.045 0.0000000000
19508  42.690  -77.503  -12.302 0.0000000000
30275  47.328  -68.436  -5.962 0.0000000000
37579  41.797  -62.603  -9.511 0.0000000000
36334  40.788  -63.333  -7.112 0.0000000000
37557  41.184  -62.553  -8.664 0.0000000000
38776  37.272  -61.410  -7.472 0.0000000000
34108  40.695  -65.631  -10.548 0.0000000000
32939  40.113  -66.406  -10.863 0.0000000000
29020  40.155  -69.481  -11.445 0.0000000000
31693  40.699  -67.910  -11.882 0.0000000000
30374  40.988  -69.469  -11.950 0.0000000000
29036  41.814  -69.501  -12.261 0.0000000000
27795  41.798  -70.708  -11.543 0.0000000000
34174  40.651  -66.224  -13.238 0.0000000000
34129  40.047  -65.035  -11.957 0.0000000000
34152  39.738  -65.877  -12.681 0.0000000000
32961  38.100  -66.309  -12.211 0.0000000000
32962  37.345  -66.498  -11.809 0.0000000000
34111  36.975  -65.274  -10.842 0.0000000000
31557  43.353  -67.078  -4.927 0.0000000000
31558  42.721  -66.991  -4.522 0.0000000000
32841  42.956  -65.548  -5.652 0.0000000000
37531  42.498  -63.038  -8.387 0.0000000000
36370  43.181  -63.485  -9.809 0.0000000000
34107  41.632  -65.475  -10.910 0.0000000000
35241  42.071  -64.811  -10.447 0.0000000000
34126  42.255  -65.746  -11.456 0.0000000000
32996  43.848  -66.568  -13.020 0.0000000000
34147  43.578  -65.783  -12.051 0.0000000000
34171  43.476  -65.698  -12.835 0.0000000000
35280  42.697  -64.467  -11.716 0.0000000000
34172  42.726  -65.735  -13.112 0.0000000000
34173  41.721  -65.864  -13.317 0.0000000000
32998  42.565  -66.731  -13.765 0.0000000000
27850  41.872  -69.676  -13.806 0.0000000000
29058  41.734  -69.320  -13.854 0.0000000000
27831  41.696  -70.154  -13.588 0.0000000000
27832  40.817  -70.160  -13.384 0.0000000000
25464  41.810  -71.699  -12.989 0.0000000000
17433  42.344  -78.075  -10.498 0.0000000000
20599  44.487  -75.752  -10.783 0.0000000000
19459  43.915  -76.052  -10.413 0.0000000000
21771  45.335  -74.929  -10.768 0.0000000000
24250  45.594  -73.998  -11.301 0.0000000000
25442  44.292  -72.809  -11.956 0.0000000000
24272  45.167  -74.072  -11.949 0.0000000000
23053  43.263  -74.077  -11.644 0.0000000000
23036  42.635  -74.419  -11.563 0.0000000000
24258  41.674  -73.496  -11.731 0.0000000000
21790  41.817  -74.950  -11.392 0.0000000000
30121  45.876  -68.458  -0.775 0.0000000000
30120  46.829  -68.379  -0.973 0.0000000000
30188  47.352  -68.293  -3.635 0.0000000000
30165  47.763  -68.264  -2.811 0.0000000000
30189  46.451  -68.535  -3.672 0.0000000000
30167  45.899  -68.766  -2.706 0.0000000000
30222  44.423  -68.155  -4.601 0.0000000000
31603  45.871  -67.342  -6.810 0.0000000000
32838  45.064  -66.789  -6.483 0.0000000000
32857  44.791  -66.242  -6.897 0.0000000000
34036  44.386  -66.010  -7.098 0.0000000000
32880  42.852  -66.678  -7.179 0.0000000000
36390  39.526  -63.517  -10.316 0.0000000000
37558  39.926  -62.422  -8.488 0.0000000000
37581  39.388  -62.621  -9.209 0.0000000000
37501  37.696  -62.518  -5.630 0.0000000000
30422  39.653  -68.557  -13.351 0.0000000000
33002  39.101  -67.137  -13.035 0.0000000000
34024  43.326  -65.104  -6.437 0.0000000000
35183  43.169  -64.677  -7.119 0.0000000000
36353  42.719  -63.644  -8.965 0.0000000000
31713  42.525  -67.744  -12.469 0.0000000000
32978  43.013  -66.877  -12.313 0.0000000000
31712  43.160  -67.694  -12.708 0.0000000000
31711  43.577  -67.815  -12.837 0.0000000000
31728  43.688  -67.300  -13.430 0.0000000000
31754  42.826  -67.779  -13.961 0.0000000000
30448  43.114  -68.518  -13.837 0.0000000000
29057  42.706  -69.705  -13.254 0.0000000000
26622  42.880  -71.259  -12.806 0.0000000000
21803  44.292  -75.385  -11.403 0.0000000000
20646  43.842  -76.113  -11.337 0.0000000000
21825  42.856  -76.430  -11.855 0.0000000000
30219  47.016  -68.440  -4.528 0.0000000000
30250  45.728  -68.097  -5.840 0.0000000000
30249  46.724  -68.451  -5.461 0.0000000000
31602  46.299  -67.728  -6.710 0.0000000000
32876  46.146  -67.427  -7.190 0.0000000000
36300  39.866  -63.922  -5.724 0.0000000000
36301  39.056  -63.539  -5.707 0.0000000000
37582  38.359  -62.758  -8.940 0.0000000000
37559  38.623  -62.364  -8.320 0.0000000000
38797  37.730  -61.910  -8.014 0.0000000000
32958  41.265  -66.968  -11.812 0.0000000000
31714  41.577  -67.749  -12.229 0.0000000000
30398  42.072  -68.699  -12.422 0.0000000000
29035  42.355  -69.673  -12.395 0.0000000000
36410  41.393  -63.702  -11.138 0.0000000000
37590  40.932  -62.912  -10.092 0.0000000000
35262  40.723  -64.223  -11.527 0.0000000000
35243  39.941  -63.911  -10.901 0.0000000000
35244  38.830  -64.091  -10.571 0.0000000000
34153  38.851  -66.281  -12.563 0.0000000000
34130  38.881  -65.555  -11.899 0.0000000000
35225  38.687  -63.697  -10.102 0.0000000000
35245  37.609  -64.591  -10.625 0.0000000000
35227  37.095  -64.064  -9.713 0.0000000000
24260  39.840  -73.574  -11.683 0.0000000000
30192  43.136  -68.271  -3.432 0.0000000000
30193  42.600  -68.027  -3.199 0.0000000000
31529  42.476  -67.539  -3.806 0.0000000000
37556  42.247  -62.730  -8.834 0.0000000000
37588  42.193  -62.752  -10.164 0.0000000000
35239  43.018  -64.199  -10.601 0.0000000000
34124  43.358  -65.690  -11.882 0.0000000000
34125  42.902  -65.256  -11.638 0.0000000000
36369  43.265  -63.814  -10.224 0.0000000000
36386  43.105  -63.810  -10.605 0.0000000000
36429  42.517  -64.005  -11.573 0.0000000000
35260  42.104  -63.869  -11.716 0.0000000000
34150  42.003  -64.957  -12.631 0.0000000000
33000  40.358  -67.081  -13.547 0.0000000000
31755  42.167  -68.010  -14.069 0.0000000000
31730  41.608  -67.965  -13.891 0.0000000000
30421  40.507  -68.609  -13.508 0.0000000000
29060  40.213  -69.375  -13.402 0.0000000000
26625  40.565  -70.823  -13.180 0.0000000000
25447  40.411  -71.992  -12.663 0.0000000000
26583  43.207  -71.905  -11.077 0.0000000000
19460  43.565  -76.672  -10.385 0.0000000000
25426  44.311  -72.690  -10.989 0.0000000000
26591  43.936  -72.372  -11.805 0.0000000000
26605  44.110  -72.413  -11.972 0.0000000000
25461  43.771  -72.260  -12.371 0.0000000000
25462  42.907  -71.961  -12.825 0.0000000000
23052  44.230  -74.303  -11.629 0.0000000000
24292  42.929  -72.511  -12.442 0.0000000000
25463  42.422  -71.884  -12.818 0.0000000000
25446  41.445  -72.206  -12.663 0.0000000000
24277  41.091  -72.795  -12.200 0.0000000000
24278  40.117  -72.786  -12.134 0.0000000000
23039  40.504  -74.393  -11.400 0.0000000000
31445  46.010  -67.077  0.765 0.0000000000
31460  45.393  -67.891  0.100 0.0000000000
30122  44.761  -68.459  -0.659 0.0000000000
31480  48.864  -67.921  -1.898 0.0000000000
30139  47.445  -68.380  -1.810 0.0000000000
30140  46.397  -68.649  -1.748 0.0000000000
30168  44.792  -68.807  -2.699 0.0000000000
30191  44.271  -68.409  -3.851 0.0000000000
31527  44.136  -68.097  -4.484 0.0000000000
31582  44.140  -66.831  -5.636 0.0000000000
30251  45.172  -67.858  -5.601 0.0000000000
31581  45.067  -67.263  -6.064 0.0000000000
34023  44.136  -65.823  -6.662 0.0000000000
35194  42.090  -64.793  -7.881 0.0000000000
37580  40.647  -62.681  -9.645 0.0000000000
37518  39.201  -63.006  -6.661 0.0000000000
37500  38.298  -63.153  -5.749 0.0000000000
38762  38.355  -62.411  -6.976 0.0000000000
37485  37.911  -63.036  -5.171 0.0000000000
17423  42.421  -78.046  -9.995 0.0000000000
17424  42.108  -78.686  -10.054 0.0000000000
18437  42.915  -77.423  -10.332 0.0000000000
19469  43.985  -76.143  -10.631 0.0000000000
20586  44.951  -75.287  -10.749 0.0000000000
20587  44.325  -75.762  -10.516 0.0000000000
20598  44.961  -75.363  -11.030 0.0000000000
20605  44.894  -75.356  -11.255 0.0000000000
20606  44.557  -75.694  -11.071 0.0000000000
20623  43.720  -76.471  -11.296 0.0000000000
20647  43.260  -76.711  -11.689 0.0000000000
21772  45.026  -75.083  -10.579 0.0000000000
21782  45.435  -75.211  -10.850 0.0000000000
21788  44.662  -75.465  -11.227 0.0000000000
21802  45.039  -74.873  -11.614 0.0000000000
21824  43.513  -75.989  -11.534 0.0000000000
23019  45.378  -74.732  -10.676 0.0000000000
23030  45.647  -74.552  -10.908 0.0000000000
23035  45.564  -74.580  -11.417 0.0000000000
23037  42.097  -74.264  -11.512 0.0000000000
23038  41.370  -74.274  -11.446 0.0000000000
23050  45.335  -74.596  -11.694 0.0000000000
23051  44.974  -74.535  -11.699 0.0000000000
24251  45.286  -73.374  -11.147 0.0000000000
24252  45.045  -73.131  -10.812 0.0000000000
24255  45.393  -74.103  -11.641 0.0000000000
24256  45.091  -73.457  -11.612 0.0000000000
24257  42.476  -73.622  -11.748 0.0000000000
24273  44.765  -73.664  -11.808 0.0000000000
24274  43.788  -73.080  -12.047 0.0000000000
24276  41.907  -72.931  -12.141 0.0000000000
24279  39.183  -72.804  -11.956 0.0000000000
24291  43.092  -72.257  -12.354 0.0000000000
25425  44.833  -72.885  -11.200 0.0000000000
25433  44.293  -72.615  -11.482 0.0000000000
25444  42.749  -72.311  -12.574 0.0000000000
25445  41.956  -72.305  -12.698 0.0000000000
25460  43.942  -72.185  -12.083 0.0000000000
26592  43.641  -71.833  -11.741 0.0000000000
26594  42.816  -71.338  -11.490 0.0000000000
26607  40.308  -71.253  -12.927 0.0000000000
26620  43.959  -72.457  -12.192 0.0000000000
26621  43.396  -71.838  -12.481 0.0000000000
26624  41.367  -70.972  -13.324 0.0000000000
26626  39.982  -70.755  -12.978 0.0000000000
27808  43.059  -70.612  -12.586 0.0000000000
27810  42.448  -70.520  -11.891 0.0000000000
27811  39.516  -70.409  -12.877 0.0000000000
27812  38.792  -70.192  -12.654 0.0000000000
27828  43.105  -69.975  -12.913 0.0000000000
27830  42.420  -70.117  -13.380 0.0000000000
27834  39.284  -69.853  -12.933 0.0000000000
27848  42.947  -69.698  -12.854 0.0000000000
27849  41.914  -69.455  -14.132 0.0000000000
29017  41.962  -70.128  -12.050 0.0000000000
29018  41.361  -69.952  -11.986 0.0000000000
29019  40.690  -69.938  -11.630 0.0000000000
29033  43.366  -69.525  -12.864 0.0000000000
29034  42.845  -69.559  -12.733 0.0000000000
29056  42.928  -69.404  -13.160 0.0000000000
29061  39.424  -69.297  -13.184 0.0000000000
29081  43.258  -69.038  -13.215 0.0000000000
29082  43.068  -69.022  -13.383 0.0000000000
29083  42.670  -69.250  -13.613 0.0000000000
29084  42.117  -69.125  -14.173 0.0000000000
30170  42.516  -68.301  -2.552 0.0000000000
30221  45.009  -68.254  -4.914 0.0000000000
30276  46.575  -68.155  -6.308 0.0000000000
30305  47.634  -68.460  -6.296 0.0000000000
30306  47.238  -68.291  -6.471 0.0000000000
30375  40.657  -68.992  -11.817 0.0000000000
30400  40.934  -68.514  -12.011 0.0000000000
30418  43.585  -68.528  -12.986 0.0000000000
30419  41.934  -68.658  -14.067 0.0000000000
30420  41.321  -68.646  -13.715 0.0000000000
30447  43.565  -68.495  -13.623 0.0000000000
31504  42.312  -67.876  -3.023 0.0000000000
31556  44.295  -67.721  -5.110 0.0000000000
31579  48.201  -68.312  -5.068 0.0000000000
31580  45.634  -67.502  -6.399 0.0000000000
31583  43.645  -66.609  -5.443 0.0000000000
31604  45.499  -67.176  -6.580 0.0000000000
31626  46.278  -67.553  -6.927 0.0000000000
31692  41.181  -67.526  -11.993 0.0000000000
31715  41.108  -68.262  -12.135 0.0000000000
31716  38.537  -67.861  -12.799 0.0000000000
31727  43.815  -67.601  -13.134 0.0000000000
31729  43.260  -67.260  -13.641 0.0000000000
31731  40.875  -67.847  -13.611 0.0000000000
31733  39.159  -67.706  -13.120 0.0000000000
31752  43.987  -67.956  -13.600 0.0000000000
31753  43.575  -67.877  -13.864 0.0000000000
32823  43.360  -66.519  -5.299 0.0000000000
32824  42.677  -66.383  -4.978 0.0000000000
32855  45.736  -67.155  -6.850 0.0000000000
32856  45.396  -66.835  -6.847 0.0000000000
32955  43.365  -66.125  -11.940 0.0000000000
32956  42.738  -66.250  -11.820 0.0000000000
32979  42.340  -67.013  -12.089 0.0000000000
32980  41.826  -67.041  -11.988 0.0000000000
32981  39.239  -66.673  -12.966 0.0000000000
33001  39.582  -67.149  -13.272 0.0000000000
33022  42.179  -67.400  -14.092 0.0000000000
33023  41.834  -67.594  -14.059 0.0000000000
34106  42.431  -65.043  -10.977 0.0000000000
34110  37.443  -65.061  -11.079 0.0000000000
34127  41.631  -66.156  -11.453 0.0000000000
34128  40.551  -64.758  -11.978 0.0000000000
34131  37.671  -65.581  -11.445 0.0000000000
34148  43.156  -65.243  -12.080 0.0000000000
34149  42.762  -65.032  -12.378 0.0000000000
34170  43.741  -65.937  -12.523 0.0000000000
34175  39.882  -66.586  -13.200 0.0000000000
35146  38.566  -63.935  -3.617 0.0000000000
35161  38.874  -64.157  -4.089 0.0000000000
35222  43.025  -64.044  -9.736 0.0000000000
35224  41.299  -64.758  -9.248 0.0000000000
35226  38.136  -63.853  -9.930 0.0000000000
35242  40.458  -63.822  -10.988 0.0000000000
35261  41.717  -63.947  -11.683 0.0000000000
35264  38.330  -64.862  -11.227 0.0000000000
35282  41.450  -64.434  -12.074 0.0000000000
35283  41.042  -64.563  -12.006 0.0000000000
36278  39.218  -63.877  -5.160 0.0000000000
36316  42.335  -63.681  -7.766 0.0000000000
36318  41.145  -63.782  -6.722 0.0000000000
36319  40.169  -63.401  -6.648 0.0000000000
36320  39.561  -63.464  -6.187 0.0000000000
36332  42.159  -63.329  -7.904 0.0000000000
36372  39.918  -63.004  -9.929 0.0000000000
36374  37.680  -63.185  -9.082 0.0000000000
36387  42.727  -63.277  -10.535 0.0000000000
36389  40.691  -63.351  -10.537 0.0000000000
36391  38.968  -63.633  -10.175 0.0000000000
36408  42.794  -63.887  -11.211 0.0000000000
36409  42.237  -63.740  -11.360 0.0000000000
36411  40.948  -63.743  -11.076 0.0000000000
36430  42.321  -63.908  -11.652 0.0000000000
37519  38.109  -62.641  -6.373 0.0000000000
37532  41.734  -62.898  -8.103 0.0000000000
37533  40.409  -62.874  -7.519 0.0000000000
37555  42.836  -63.116  -8.883 0.0000000000
37560  37.607  -62.490  -8.536 0.0000000000
37589  41.383  -62.821  -10.128 0.0000000000
38775  38.064  -62.080  -7.498 0.0000000000
