#!ascii label  , from subject 3972 vox2ras=TkReg
1380
34338  -37.167  -46.955  61.156 0.0000000000
49348  -52.072  -29.149  46.562 0.0000000000
40875  -45.257  -40.578  51.388 0.0000000000
26258  -15.517  -57.953  52.964 0.0000000000
26219  -28.608  -57.442  56.796 0.0000000000
31245  -15.254  -50.999  58.697 0.0000000000
27973  -15.476  -55.940  65.670 0.0000000000
46247  -47.508  -33.920  49.949 0.0000000000
34424  -12.343  -47.344  52.463 0.0000000000
22799  -11.282  -60.903  58.024 0.0000000000
34405  -38.506  -47.225  54.310 0.0000000000
32749  -32.600  -49.043  60.050 0.0000000000
30372  -33.431  -52.615  62.733 0.0000000000
50827  -53.687  -26.910  44.051 0.0000000000
43126  -46.042  -37.051  51.441 0.0000000000
27214  -23.445  -56.416  53.019 0.0000000000
37075  -11.791  -43.785  58.147 0.0000000000
28044  -17.572  -55.477  56.593 0.0000000000
30502  -16.241  -52.595  52.330 0.0000000000
27262  -17.539  -56.446  49.327 0.0000000000
21882  -18.082  -62.492  60.008 0.0000000000
20937  -14.199  -63.461  64.334 0.0000000000
38092  -44.160  -43.256  53.725 0.0000000000
27097  -32.178  -56.007  63.754 0.0000000000
27167  -30.494  -56.114  55.397 0.0000000000
29585  -16.069  -53.719  62.466 0.0000000000
25257  -17.086  -58.373  59.548 0.0000000000
47846  -49.156  -31.089  48.394 0.0000000000
22801  -20.279  -61.708  57.844 0.0000000000
26246  -21.523  -58.457  54.928 0.0000000000
32791  -13.490  -50.034  55.736 0.0000000000
31363  -12.250  -51.681  49.557 0.0000000000
26109  -16.420  -59.104  69.916 0.0000000000
24335  -13.643  -59.915  63.644 0.0000000000
25302  -12.359  -59.346  56.401 0.0000000000
34340  -38.654  -46.597  60.430 0.0000000000
33500  -36.557  -47.509  59.086 0.0000000000
34368  -37.984  -47.213  57.437 0.0000000000
33480  -34.953  -48.085  61.573 0.0000000000
33510  -34.398  -48.492  58.360 0.0000000000
32735  -34.610  -48.987  63.521 0.0000000000
50811  -52.943  -28.238  45.561 0.0000000000
49344  -48.725  -29.424  45.877 0.0000000000
50056  -50.606  -28.959  44.511 0.0000000000
50825  -51.976  -28.174  43.408 0.0000000000
42370  -45.605  -39.274  51.462 0.0000000000
40050  -42.636  -41.311  49.796 0.0000000000
40905  -43.699  -40.256  48.784 0.0000000000
42412  -44.120  -38.944  49.075 0.0000000000
26245  -17.310  -57.170  54.393 0.0000000000
27211  -17.755  -56.277  52.593 0.0000000000
26268  -16.417  -57.682  51.538 0.0000000000
25376  -15.196  -58.764  48.427 0.0000000000
24497  -14.591  -59.211  50.546 0.0000000000
20991  -18.153  -63.175  56.863 0.0000000000
20970  -16.922  -63.409  58.489 0.0000000000
37126  -42.339  -44.047  55.074 0.0000000000
35301  -39.833  -46.569  55.127 0.0000000000
35306  -39.416  -46.306  53.141 0.0000000000
36198  -40.949  -45.587  54.530 0.0000000000
38108  -40.884  -44.031  52.632 0.0000000000
30348  -33.022  -52.635  66.674 0.0000000000
30440  -31.365  -53.826  57.949 0.0000000000
28035  -31.601  -55.042  58.494 0.0000000000
50846  -54.100  -27.541  40.316 0.0000000000
50855  -55.784  -27.611  39.468 0.0000000000
28820  -15.897  -54.657  63.735 0.0000000000
28014  -17.002  -55.711  60.842 0.0000000000
26124  -16.908  -57.721  63.521 0.0000000000
47040  -48.077  -32.476  49.743 0.0000000000
45443  -44.897  -34.698  49.477 0.0000000000
46262  -45.714  -33.378  48.785 0.0000000000
47855  -47.255  -31.925  47.744 0.0000000000
22777  -20.579  -61.974  60.254 0.0000000000
24425  -21.768  -60.518  58.812 0.0000000000
33492  -14.745  -49.056  59.596 0.0000000000
34350  -14.248  -47.955  58.424 0.0000000000
32020  -14.364  -50.534  57.257 0.0000000000
30572  -16.000  -52.758  48.636 0.0000000000
31351  -14.444  -51.882  50.834 0.0000000000
30591  -12.751  -52.836  47.574 0.0000000000
88842  -19.356  -61.083  68.288 0.0000000000
21878  -12.012  -62.076  60.573 0.0000000000
22762  -12.604  -61.735  64.201 0.0000000000
23584  -11.511  -60.314  61.186 0.0000000000
25254  -12.281  -59.076  59.838 0.0000000000
24431  -11.046  -60.212  58.437 0.0000000000
34384  -38.762  -46.984  56.491 0.0000000000
31191  -34.120  -51.816  65.828 0.0000000000
32717  -34.508  -50.056  64.689 0.0000000000
31217  -32.541  -51.535  61.276 0.0000000000
51588  -54.840  -26.217  42.950 0.0000000000
50836  -52.950  -27.372  41.521 0.0000000000
44664  -46.950  -36.450  50.216 0.0000000000
43909  -43.523  -36.782  49.986 0.0000000000
27200  -27.763  -56.596  53.451 0.0000000000
27180  -26.252  -56.869  54.549 0.0000000000
36179  -12.833  -45.366  55.536 0.0000000000
30436  -16.171  -53.136  57.310 0.0000000000
30448  -15.181  -52.453  56.044 0.0000000000
29682  -17.101  -53.704  54.815 0.0000000000
28949  -17.808  -54.013  50.545 0.0000000000
28975  -16.665  -55.139  46.757 0.0000000000
21864  -19.112  -62.918  63.674 0.0000000000
21857  -16.751  -62.871  65.004 0.0000000000
20951  -16.313  -63.078  61.945 0.0000000000
21893  -14.212  -62.545  59.853 0.0000000000
40014  -44.637  -41.624  52.101 0.0000000000
39099  -41.626  -42.469  51.889 0.0000000000
25247  -31.775  -57.897  59.643 0.0000000000
28833  -33.067  -54.472  62.457 0.0000000000
27126  -31.949  -56.147  59.354 0.0000000000
27153  -29.733  -56.866  56.407 0.0000000000
31993  -14.630  -50.396  61.414 0.0000000000
31979  -14.734  -50.766  62.889 0.0000000000
30401  -15.801  -52.009  60.122 0.0000000000
28865  -16.907  -54.472  59.823 0.0000000000
27132  -17.656  -56.888  58.308 0.0000000000
25296  -15.971  -57.939  56.361 0.0000000000
49326  -50.346  -29.745  47.557 0.0000000000
47863  -48.095  -30.748  46.716 0.0000000000
21876  -19.533  -62.036  62.195 0.0000000000
21908  -19.223  -62.319  58.870 0.0000000000
21936  -19.358  -62.465  56.121 0.0000000000
26234  -25.513  -57.497  56.081 0.0000000000
26214  -23.809  -57.910  57.105 0.0000000000
24438  -23.040  -59.571  58.486 0.0000000000
23630  -20.935  -60.555  56.154 0.0000000000
22831  -20.386  -60.934  54.520 0.0000000000
36150  -12.356  -44.903  59.255 0.0000000000
35273  -13.190  -46.448  56.767 0.0000000000
34401  -13.075  -47.786  54.046 0.0000000000
31301  -14.434  -52.034  54.365 0.0000000000
32075  -12.728  -50.575  52.774 0.0000000000
32824  -11.758  -49.660  51.554 0.0000000000
27065  -16.088  -57.000  67.699 0.0000000000
21840  -15.303  -62.020  67.393 0.0000000000
23552  -14.737  -60.469  67.029 0.0000000000
25199  -15.990  -58.535  64.633 0.0000000000
24366  -15.761  -59.649  61.510 0.0000000000
25284  -14.532  -58.849  57.707 0.0000000000
25314  -13.944  -58.504  54.767 0.0000000000
22813  -10.350  -60.809  55.659 0.0000000000
23635  -10.740  -59.753  54.516 0.0000000000
24485  -13.838  -59.357  51.931 0.0000000000
34339  -38.047  -46.853  60.858 0.0000000000
35225  -37.876  -46.524  62.784 0.0000000000
34346  -36.493  -47.193  60.622 0.0000000000
34347  -37.209  -47.239  59.765 0.0000000000
34337  -36.453  -47.243  61.707 0.0000000000
33499  -35.868  -47.602  59.634 0.0000000000
35224  -37.372  -46.989  63.281 0.0000000000
34327  -36.461  -47.558  62.797 0.0000000000
50045  -52.740  -28.716  46.831 0.0000000000
49346  -50.472  -29.568  46.444 0.0000000000
50049  -49.926  -29.028  45.247 0.0000000000
50051  -51.330  -29.233  45.232 0.0000000000
50057  -51.453  -28.881  44.462 0.0000000000
41651  -45.486  -39.854  51.163 0.0000000000
41640  -46.402  -39.655  52.333 0.0000000000
40863  -45.999  -40.370  52.206 0.0000000000
40897  -43.577  -40.810  49.803 0.0000000000
40889  -44.693  -40.214  50.383 0.0000000000
40899  -44.620  -40.219  50.074 0.0000000000
26244  -16.501  -57.670  53.870 0.0000000000
26260  -17.256  -57.169  53.235 0.0000000000
26259  -16.187  -57.695  52.705 0.0000000000
25344  -15.726  -58.146  50.937 0.0000000000
25343  -14.939  -58.598  51.291 0.0000000000
21001  -18.182  -63.496  56.068 0.0000000000
20990  -17.493  -63.616  56.732 0.0000000000
36186  -40.991  -45.796  56.060 0.0000000000
35303  -40.786  -45.929  54.987 0.0000000000
36187  -41.228  -45.473  55.486 0.0000000000
37125  -41.737  -44.502  54.914 0.0000000000
51610  -54.856  -26.607  41.059 0.0000000000
50847  -54.880  -27.509  40.233 0.0000000000
51615  -56.585  -27.079  40.087 0.0000000000
27981  -15.756  -55.488  64.530 0.0000000000
27081  -16.405  -56.344  63.908 0.0000000000
46248  -48.088  -33.227  50.007 0.0000000000
47814  -49.009  -32.224  50.651 0.0000000000
45444  -45.953  -34.869  49.545 0.0000000000
46261  -44.948  -33.900  49.141 0.0000000000
46246  -46.418  -33.791  49.506 0.0000000000
47038  -46.930  -32.956  49.255 0.0000000000
24391  -22.540  -61.282  61.206 0.0000000000
24413  -22.902  -60.685  60.015 0.0000000000
26174  -29.888  -57.951  59.442 0.0000000000
26202  -28.308  -57.819  57.523 0.0000000000
35304  -12.385  -45.804  53.156 0.0000000000
32001  -15.125  -50.433  59.455 0.0000000000
32760  -14.738  -49.749  58.525 0.0000000000
31262  -14.861  -51.196  57.568 0.0000000000
29746  -15.239  -53.358  47.533 0.0000000000
30571  -14.840  -52.903  48.522 0.0000000000
29755  -13.088  -53.296  46.676 0.0000000000
24325  -20.801  -59.748  68.161 0.0000000000
24326  -20.291  -61.154  67.718 0.0000000000
21890  -10.735  -62.105  59.780 0.0000000000
22774  -11.224  -61.175  60.724 0.0000000000
22790  -9.946  -60.834  59.482 0.0000000000
24405  -10.026  -59.590  59.613 0.0000000000
23610  -10.775  -60.371  58.627 0.0000000000
34358  -38.823  -46.673  59.026 0.0000000000
34369  -39.003  -46.866  57.777 0.0000000000
35281  -39.977  -46.409  56.865 0.0000000000
32742  -33.652  -49.140  61.624 0.0000000000
32733  -33.210  -49.851  62.068 0.0000000000
32000  -32.180  -50.322  60.600 0.0000000000
31238  -31.677  -51.290  59.580 0.0000000000
51575  -54.461  -26.462  43.581 0.0000000000
50826  -52.734  -27.834  43.735 0.0000000000
50830  -51.687  -28.061  42.677 0.0000000000
51574  -53.419  -27.030  43.261 0.0000000000
51587  -53.753  -26.641  42.457 0.0000000000
43896  -46.633  -36.571  50.778 0.0000000000
43898  -48.062  -36.380  51.502 0.0000000000
43884  -47.675  -36.667  51.893 0.0000000000
43124  -44.780  -38.307  50.481 0.0000000000
43137  -43.690  -38.220  49.485 0.0000000000
43894  -44.950  -37.273  50.709 0.0000000000
43911  -45.526  -36.599  50.300 0.0000000000
38035  -11.527  -43.321  57.500 0.0000000000
37110  -11.806  -44.272  55.614 0.0000000000
36168  -12.419  -44.897  56.784 0.0000000000
29650  -17.124  -54.026  57.140 0.0000000000
29661  -16.809  -53.699  56.536 0.0000000000
28915  -17.432  -54.423  55.207 0.0000000000
27244  -17.770  -56.085  50.497 0.0000000000
28091  -17.923  -55.311  51.735 0.0000000000
28131  -17.835  -55.392  49.536 0.0000000000
28962  -17.724  -54.700  48.589 0.0000000000
28169  -17.337  -56.062  47.804 0.0000000000
27288  -16.324  -56.955  47.088 0.0000000000
20953  -18.209  -63.132  62.107 0.0000000000
20947  -18.034  -63.082  62.980 0.0000000000
20957  -16.993  -62.795  60.823 0.0000000000
20969  -16.047  -63.272  58.205 0.0000000000
20960  -16.124  -63.072  59.331 0.0000000000
21906  -15.235  -62.696  58.972 0.0000000000
21905  -14.063  -62.438  58.620 0.0000000000
39086  -44.352  -42.187  52.652 0.0000000000
38090  -42.339  -43.663  53.997 0.0000000000
38124  -41.088  -43.444  52.402 0.0000000000
39084  -42.459  -42.776  52.910 0.0000000000
39100  -43.045  -42.116  51.811 0.0000000000
27087  -32.060  -56.759  63.995 0.0000000000
26142  -31.518  -58.202  62.679 0.0000000000
26143  -31.966  -57.498  62.147 0.0000000000
30366  -33.798  -52.685  64.066 0.0000000000
30360  -34.091  -52.802  65.265 0.0000000000
29583  -33.378  -53.616  63.301 0.0000000000
27145  -31.194  -55.587  57.115 0.0000000000
27127  -31.896  -55.661  59.126 0.0000000000
26206  -31.077  -55.696  57.675 0.0000000000
26205  -30.794  -56.110  57.472 0.0000000000
27154  -30.392  -56.396  56.316 0.0000000000
27183  -29.474  -56.529  54.278 0.0000000000
29584  -15.812  -53.166  62.978 0.0000000000
30376  -15.509  -52.298  62.085 0.0000000000
31213  -15.176  -51.747  61.638 0.0000000000
30377  -15.890  -52.940  61.665 0.0000000000
29609  -16.500  -53.630  60.215 0.0000000000
28850  -16.589  -54.427  60.812 0.0000000000
26159  -17.585  -57.292  60.960 0.0000000000
27123  -17.605  -56.722  59.280 0.0000000000
26180  -17.458  -57.778  58.676 0.0000000000
26196  -17.272  -57.476  57.347 0.0000000000
25286  -17.022  -58.163  57.948 0.0000000000
48595  -49.843  -30.165  47.983 0.0000000000
48596  -50.401  -29.925  48.842 0.0000000000
48583  -49.956  -30.621  49.122 0.0000000000
47845  -48.097  -31.848  48.808 0.0000000000
47856  -48.301  -31.259  47.514 0.0000000000
48606  -49.397  -30.206  47.130 0.0000000000
22767  -20.380  -61.484  62.833 0.0000000000
23613  -20.548  -61.640  59.105 0.0000000000
21898  -19.943  -62.112  59.919 0.0000000000
21919  -19.792  -62.076  58.321 0.0000000000
21926  -19.356  -62.337  57.041 0.0000000000
21927  -19.817  -61.963  57.449 0.0000000000
27198  -25.405  -56.561  53.739 0.0000000000
27162  -25.979  -57.128  55.415 0.0000000000
27179  -24.996  -56.990  54.796 0.0000000000
26247  -21.679  -57.858  54.671 0.0000000000
26248  -22.927  -57.378  55.096 0.0000000000
26231  -22.339  -57.937  55.590 0.0000000000
25289  -23.076  -59.011  57.467 0.0000000000
25298  -22.135  -58.537  56.392 0.0000000000
25287  -21.552  -59.805  56.858 0.0000000000
24460  -21.360  -59.608  54.908 0.0000000000
23645  -20.960  -60.421  54.162 0.0000000000
36140  -11.869  -45.536  59.931 0.0000000000
33527  -14.149  -49.048  56.902 0.0000000000
34359  -13.695  -47.350  57.152 0.0000000000
34387  -14.035  -48.054  55.852 0.0000000000
34386  -13.587  -47.849  55.158 0.0000000000
33539  -13.544  -48.793  55.096 0.0000000000
30473  -15.895  -52.944  54.639 0.0000000000
31289  -14.501  -51.898  55.398 0.0000000000
30472  -15.312  -52.487  53.986 0.0000000000
31364  -13.303  -51.722  49.928 0.0000000000
31336  -13.996  -51.676  51.496 0.0000000000
31334  -12.267  -51.053  50.729 0.0000000000
32074  -12.322  -50.285  52.265 0.0000000000
32093  -11.743  -50.772  50.476 0.0000000000
32843  -10.682  -50.247  49.472 0.0000000000
88847  -15.430  -58.467  68.855 0.0000000000
20934  -15.605  -63.199  64.992 0.0000000000
21851  -16.129  -62.966  66.077 0.0000000000
20928  -14.455  -63.150  65.963 0.0000000000
23568  -12.544  -60.867  63.954 0.0000000000
23555  -13.262  -60.802  66.292 0.0000000000
23563  -13.749  -60.524  65.417 0.0000000000
23565  -15.438  -59.624  66.119 0.0000000000
24336  -14.894  -59.925  63.988 0.0000000000
24337  -15.959  -59.316  63.701 0.0000000000
24349  -14.140  -59.690  62.658 0.0000000000
24433  -12.412  -59.842  57.747 0.0000000000
24422  -13.197  -59.575  58.521 0.0000000000
25283  -13.364  -59.251  57.375 0.0000000000
25304  -13.922  -58.524  55.792 0.0000000000
25313  -12.927  -58.812  55.226 0.0000000000
22822  -9.593  -61.483  54.730 0.0000000000
23628  -10.531  -59.996  55.444 0.0000000000
34349  -38.865  -46.540  59.806 0.0000000000
33526  -36.120  -47.910  57.549 0.0000000000
34367  -37.093  -47.448  57.003 0.0000000000
34356  -36.968  -47.328  58.322 0.0000000000
34357  -38.022  -46.971  58.690 0.0000000000
33479  -34.146  -48.503  61.076 0.0000000000
33498  -34.704  -48.237  59.336 0.0000000000
33511  -35.421  -48.148  58.503 0.0000000000
33471  -34.914  -48.319  62.798 0.0000000000
50820  -53.647  -27.308  44.845 0.0000000000
49360  -49.113  -29.463  44.038 0.0000000000
50069  -49.729  -29.271  42.877 0.0000000000
50070  -50.417  -28.723  42.659 0.0000000000
50064  -50.529  -28.875  43.648 0.0000000000
50058  -52.223  -28.508  44.306 0.0000000000
43115  -45.615  -38.593  51.540 0.0000000000
43116  -46.252  -37.773  51.935 0.0000000000
42371  -46.246  -38.894  52.187 0.0000000000
42353  -47.811  -39.043  53.240 0.0000000000
40049  -41.677  -41.654  49.631 0.0000000000
40055  -41.560  -41.229  48.665 0.0000000000
40904  -42.572  -40.775  48.822 0.0000000000
40913  -43.016  -40.397  47.699 0.0000000000
41693  -43.564  -39.687  47.556 0.0000000000
40906  -44.262  -39.925  49.086 0.0000000000
42395  -44.713  -39.294  50.158 0.0000000000
27160  -17.551  -56.311  55.982 0.0000000000
28067  -17.691  -55.193  54.378 0.0000000000
27194  -17.738  -56.295  53.795 0.0000000000
26269  -17.168  -57.132  52.114 0.0000000000
26289  -17.191  -57.161  50.018 0.0000000000
26298  -16.368  -57.765  48.797 0.0000000000
25355  -15.776  -58.136  50.004 0.0000000000
24522  -15.140  -59.326  48.954 0.0000000000
20972  -18.343  -62.945  58.877 0.0000000000
20961  -16.913  -63.012  59.554 0.0000000000
20980  -17.615  -63.480  57.701 0.0000000000
38075  -43.141  -43.808  54.939 0.0000000000
34406  -39.415  -46.791  54.557 0.0000000000
34417  -38.927  -46.689  53.378 0.0000000000
34407  -39.803  -46.581  54.173 0.0000000000
35307  -39.840  -46.375  53.575 0.0000000000
36212  -40.086  -45.593  52.698 0.0000000000
37147  -40.911  -44.600  53.076 0.0000000000
28813  -32.992  -54.703  65.923 0.0000000000
30395  -32.666  -53.127  60.473 0.0000000000
29601  -32.969  -53.624  60.957 0.0000000000
28893  -31.478  -54.607  58.176 0.0000000000
27156  -31.425  -55.273  56.884 0.0000000000
50099  -53.697  -28.837  39.055 0.0000000000
50100  -54.453  -28.636  39.012 0.0000000000
50111  -55.278  -28.052  38.499 0.0000000000
50860  -55.282  -27.537  37.726 0.0000000000
29578  -16.032  -54.186  63.199 0.0000000000
28837  -16.384  -54.523  61.752 0.0000000000
27999  -16.535  -55.354  62.160 0.0000000000
27090  -17.111  -56.793  62.197 0.0000000000
25222  -17.692  -57.902  61.496 0.0000000000
47834  -49.228  -31.283  49.669 0.0000000000
47833  -48.659  -31.970  50.196 0.0000000000
46269  -44.556  -33.420  48.220 0.0000000000
46270  -45.633  -32.892  48.073 0.0000000000
47852  -45.533  -32.091  47.359 0.0000000000
47060  -46.677  -32.291  47.953 0.0000000000
47844  -47.491  -32.013  48.370 0.0000000000
23585  -21.509  -61.362  61.868 0.0000000000
24390  -22.033  -61.354  61.606 0.0000000000
23605  -21.535  -61.255  59.637 0.0000000000
23619  -21.176  -61.016  57.910 0.0000000000
26270  -22.054  -57.766  52.973 0.0000000000
24461  -21.406  -59.510  54.317 0.0000000000
35230  -13.598  -47.305  60.467 0.0000000000
35242  -13.758  -47.178  59.622 0.0000000000
33491  -14.511  -48.499  59.001 0.0000000000
33513  -14.333  -49.090  57.580 0.0000000000
32779  -13.896  -49.852  56.595 0.0000000000
30534  -16.604  -52.678  50.430 0.0000000000
30501  -15.492  -52.177  52.004 0.0000000000
30533  -15.523  -52.249  50.457 0.0000000000
30552  -14.371  -52.138  49.723 0.0000000000
30569  -12.286  -52.277  48.486 0.0000000000
25193  -20.515  -57.752  68.766 0.0000000000
25190  -19.291  -58.786  69.540 0.0000000000
88845  -17.799  -60.228  69.620 0.0000000000
21867  -13.336  -62.786  62.693 0.0000000000
20942  -13.088  -62.848  64.115 0.0000000000
21866  -12.751  -62.390  63.244 0.0000000000
22765  -12.129  -60.807  62.464 0.0000000000
24347  -12.189  -59.950  62.400 0.0000000000
25221  -12.705  -59.207  61.268 0.0000000000
25233  -11.595  -59.463  60.570 0.0000000000
24420  -11.785  -59.728  58.565 0.0000000000
24443  -11.897  -59.867  56.837 0.0000000000
34396  -37.854  -47.319  55.113 0.0000000000
34383  -37.929  -47.218  56.212 0.0000000000
34397  -38.667  -47.035  55.365 0.0000000000
34398  -39.393  -46.745  55.625 0.0000000000
35282  -40.566  -46.103  56.351 0.0000000000
31204  -33.804  -51.659  63.448 0.0000000000
32727  -34.854  -49.237  64.356 0.0000000000
31985  -33.520  -50.544  62.830 0.0000000000
31218  -32.914  -51.905  61.609 0.0000000000
30394  -32.348  -52.375  60.356 0.0000000000
50843  -51.339  -28.235  40.705 0.0000000000
50845  -53.258  -27.556  40.584 0.0000000000
51598  -53.843  -26.785  41.370 0.0000000000
44679  -47.431  -35.382  49.762 0.0000000000
45432  -48.779  -34.606  50.994 0.0000000000
44666  -48.460  -35.739  51.174 0.0000000000
42423  -43.515  -38.787  48.066 0.0000000000
44675  -43.453  -35.969  49.884 0.0000000000
44677  -45.284  -35.817  49.770 0.0000000000
27164  -27.971  -57.021  55.346 0.0000000000
26237  -28.327  -57.295  56.133 0.0000000000
27181  -27.368  -56.791  54.454 0.0000000000
27216  -25.769  -56.335  52.703 0.0000000000
36199  -12.027  -44.991  54.009 0.0000000000
36200  -12.769  -45.919  53.960 0.0000000000
30418  -15.651  -51.880  58.711 0.0000000000
30435  -15.482  -52.333  57.263 0.0000000000
30449  -15.736  -53.040  56.521 0.0000000000
29681  -16.438  -53.322  55.228 0.0000000000
30487  -17.041  -53.261  53.215 0.0000000000
28930  -17.628  -54.411  53.517 0.0000000000
29704  -17.404  -53.701  52.921 0.0000000000
29721  -17.386  -53.368  50.987 0.0000000000
29729  -17.409  -53.335  49.884 0.0000000000
21853  -18.881  -62.326  65.827 0.0000000000
21859  -19.025  -62.705  64.658 0.0000000000
21862  -17.275  -62.808  63.962 0.0000000000
20945  -15.593  -63.164  63.120 0.0000000000
20956  -15.912  -63.038  60.696 0.0000000000
20955  -15.210  -62.917  61.137 0.0000000000
21874  -14.408  -62.774  61.702 0.0000000000
21879  -13.329  -62.441  60.803 0.0000000000
21892  -12.746  -62.102  59.525 0.0000000000
22792  -11.661  -61.660  58.475 0.0000000000
40029  -44.807  -41.179  51.523 0.0000000000
40016  -45.790  -41.006  52.513 0.0000000000
40002  -46.077  -41.852  53.648 0.0000000000
33586  -38.190  -46.517  52.664 0.0000000000
40039  -41.009  -41.752  50.466 0.0000000000
40027  -43.510  -41.712  51.184 0.0000000000
26163  -31.107  -57.781  60.290 0.0000000000
27133  -30.050  -57.170  58.015 0.0000000000
31183  -33.578  -51.392  66.492 0.0000000000
29570  -33.727  -53.840  65.659 0.0000000000
27994  -32.382  -55.478  62.831 0.0000000000
28021  -32.325  -55.089  60.140 0.0000000000
28020  -32.251  -55.747  60.411 0.0000000000
27993  -31.989  -56.142  62.243 0.0000000000
26164  -32.203  -57.111  59.900 0.0000000000
27134  -30.570  -56.640  58.193 0.0000000000
26221  -29.548  -56.951  56.915 0.0000000000
27165  -28.990  -56.721  55.581 0.0000000000
52306  -55.151  -26.001  37.333 0.0000000000
53006  -55.105  -25.009  37.410 0.0000000000
53721  -54.402  -23.359  36.662 0.0000000000
32737  -14.792  -49.277  60.981 0.0000000000
31233  -15.441  -51.203  59.744 0.0000000000
31987  -14.778  -51.035  61.709 0.0000000000
31223  -15.195  -51.514  60.823 0.0000000000
30402  -16.211  -52.764  59.512 0.0000000000
29622  -16.641  -53.575  59.125 0.0000000000
28880  -17.519  -54.683  58.151 0.0000000000
28024  -16.819  -55.070  60.507 0.0000000000
28032  -17.630  -55.844  58.563 0.0000000000
27149  -17.550  -56.421  56.921 0.0000000000
26212  -17.420  -57.066  56.368 0.0000000000
26228  -16.517  -57.722  55.045 0.0000000000
26227  -15.768  -57.931  54.376 0.0000000000
49339  -50.800  -29.569  47.172 0.0000000000
47861  -46.517  -31.747  46.621 0.0000000000
47862  -47.396  -31.306  46.514 0.0000000000
47869  -47.250  -30.935  45.565 0.0000000000
48610  -48.422  -30.013  46.302 0.0000000000
49338  -50.048  -29.808  47.096 0.0000000000
21870  -19.219  -62.676  62.811 0.0000000000
21875  -18.910  -62.519  61.728 0.0000000000
22776  -20.279  -62.092  60.884 0.0000000000
21884  -19.608  -62.287  60.875 0.0000000000
21896  -18.553  -62.556  59.419 0.0000000000
20992  -18.795  -62.737  56.888 0.0000000000
26236  -27.559  -57.548  56.055 0.0000000000
26216  -26.140  -57.872  56.916 0.0000000000
26199  -25.712  -58.379  57.755 0.0000000000
26249  -24.083  -57.266  55.345 0.0000000000
26233  -24.454  -57.478  56.213 0.0000000000
26198  -24.854  -58.620  57.616 0.0000000000
26182  -24.606  -59.210  58.336 0.0000000000
25277  -23.904  -59.340  58.526 0.0000000000
24427  -23.385  -59.946  59.384 0.0000000000
24426  -22.513  -60.040  59.082 0.0000000000
24436  -21.669  -60.290  57.416 0.0000000000
22809  -20.669  -61.119  56.692 0.0000000000
23646  -21.278  -59.984  54.341 0.0000000000
22817  -20.610  -61.128  55.935 0.0000000000
22816  -20.418  -61.387  56.508 0.0000000000
21951  -19.932  -61.876  55.256 0.0000000000
37076  -12.102  -44.119  58.493 0.0000000000
35252  -13.307  -46.329  59.036 0.0000000000
36151  -12.787  -45.341  58.484 0.0000000000
36160  -12.702  -45.425  57.349 0.0000000000
35283  -13.304  -46.366  55.604 0.0000000000
35295  -13.183  -46.703  54.500 0.0000000000
34411  -12.817  -47.618  53.065 0.0000000000
31276  -14.744  -51.701  56.476 0.0000000000
31288  -14.050  -51.243  55.851 0.0000000000
32049  -13.407  -50.785  55.452 0.0000000000
31324  -14.122  -51.566  52.468 0.0000000000
31311  -13.105  -51.169  53.910 0.0000000000
32059  -12.829  -50.723  54.338 0.0000000000
32809  -12.512  -49.961  53.652 0.0000000000
33560  -12.400  -49.158  53.040 0.0000000000
33594  -11.680  -48.409  51.632 0.0000000000
33593  -11.093  -48.659  50.728 0.0000000000
22753  -18.721  -61.826  67.505 0.0000000000
22746  -16.963  -61.745  68.105 0.0000000000
22740  -16.489  -60.868  68.862 0.0000000000
21844  -13.915  -62.416  66.915 0.0000000000
23546  -14.437  -61.180  67.446 0.0000000000
23545  -15.451  -60.158  68.307 0.0000000000
26114  -15.912  -58.953  67.199 0.0000000000
25196  -15.898  -58.691  65.612 0.0000000000
26117  -16.013  -57.896  65.472 0.0000000000
25203  -16.605  -58.486  63.791 0.0000000000
24352  -17.128  -59.014  62.350 0.0000000000
24388  -16.235  -59.349  60.470 0.0000000000
24386  -13.872  -59.185  60.535 0.0000000000
24410  -14.561  -59.040  59.635 0.0000000000
25273  -15.622  -58.888  58.577 0.0000000000
25295  -14.887  -58.307  56.580 0.0000000000
25305  -15.250  -58.083  55.346 0.0000000000
25315  -14.876  -58.247  54.130 0.0000000000
22800  -11.632  -61.710  57.353 0.0000000000
22814  -10.921  -61.729  55.909 0.0000000000
22806  -10.935  -60.978  56.703 0.0000000000
22805  -10.671  -60.449  56.135 0.0000000000
24442  -11.362  -59.716  56.353 0.0000000000
24451  -11.771  -59.380  56.012 0.0000000000
24466  -11.442  -59.490  54.232 0.0000000000
24458  -11.891  -59.174  55.070 0.0000000000
25322  -13.116  -58.830  54.484 0.0000000000
25323  -13.774  -58.838  53.712 0.0000000000
25332  -14.303  -58.992  52.649 0.0000000000
24486  -14.350  -59.133  51.307 0.0000000000
24508  -14.270  -59.951  49.746 0.0000000000
34329  -37.639  -46.716  61.755 0.0000000000
34328  -37.063  -47.003  62.447 0.0000000000
49341  -52.318  -28.979  47.152 0.0000000000
49347  -51.318  -29.425  46.544 0.0000000000
49355  -50.950  -29.423  45.833 0.0000000000
49356  -51.671  -29.321  45.922 0.0000000000
40876  -45.634  -40.166  51.592 0.0000000000
40862  -45.634  -40.643  52.017 0.0000000000
40874  -44.852  -40.845  51.139 0.0000000000
40888  -44.435  -40.791  50.647 0.0000000000
26243  -15.621  -57.932  53.518 0.0000000000
25325  -15.429  -58.091  52.568 0.0000000000
25334  -15.600  -58.101  51.872 0.0000000000
21000  -17.473  -63.727  55.834 0.0000000000
27073  -15.953  -56.693  64.991 0.0000000000
46229  -48.416  -33.950  50.410 0.0000000000
45445  -46.954  -34.820  49.554 0.0000000000
47039  -47.508  -32.814  49.538 0.0000000000
24392  -23.612  -61.236  61.574 0.0000000000
24414  -23.842  -60.540  60.492 0.0000000000
26188  -29.415  -57.394  58.159 0.0000000000
26187  -28.779  -57.721  58.425 0.0000000000
26203  -28.928  -57.355  57.501 0.0000000000
35312  -12.569  -46.687  52.745 0.0000000000
35311  -11.970  -46.045  52.414 0.0000000000
29745  -14.073  -53.356  47.330 0.0000000000
22754  -20.038  -62.211  66.602 0.0000000000
22784  -10.936  -61.816  59.372 0.0000000000
22783  -10.308  -61.623  59.819 0.0000000000
22791  -10.524  -61.106  58.964 0.0000000000
23609  -10.151  -60.280  59.115 0.0000000000
35270  -39.410  -46.610  58.660 0.0000000000
35271  -39.825  -46.535  57.941 0.0000000000
32741  -32.825  -49.524  61.198 0.0000000000
32748  -31.922  -49.953  59.625 0.0000000000
43883  -46.841  -36.860  51.680 0.0000000000
43125  -45.368  -37.831  51.203 0.0000000000
43895  -45.716  -36.893  50.897 0.0000000000
38020  -11.685  -43.398  58.158 0.0000000000
37089  -11.710  -43.850  57.788 0.0000000000
37099  -11.489  -43.906  57.024 0.0000000000
37090  -12.070  -44.497  57.384 0.0000000000
28892  -17.486  -54.722  57.228 0.0000000000
28902  -17.396  -54.445  56.300 0.0000000000
28056  -17.606  -55.353  55.578 0.0000000000
28150  -17.617  -55.765  48.533 0.0000000000
27274  -17.249  -56.759  48.330 0.0000000000
27289  -16.851  -56.717  47.506 0.0000000000
26324  -16.816  -57.189  47.908 0.0000000000
20958  -17.881  -62.759  61.000 0.0000000000
21916  -15.041  -63.061  57.871 0.0000000000
39072  -43.935  -43.014  53.233 0.0000000000
39073  -44.654  -42.852  53.506 0.0000000000
34404  -37.623  -47.315  54.133 0.0000000000
39085  -43.467  -42.552  52.694 0.0000000000
27979  -32.515  -55.380  65.152 0.0000000000
27088  -32.077  -55.890  64.477 0.0000000000
27096  -31.970  -56.607  62.893 0.0000000000
29589  -33.234  -53.519  62.033 0.0000000000
26223  -31.059  -55.739  56.843 0.0000000000
26222  -30.804  -56.001  56.263 0.0000000000
27166  -30.018  -56.616  55.292 0.0000000000
30368  -15.785  -52.901  62.457 0.0000000000
29596  -16.235  -53.717  61.236 0.0000000000
26168  -17.482  -57.534  59.902 0.0000000000
25274  -16.707  -58.538  58.567 0.0000000000
47857  -49.129  -30.730  47.586 0.0000000000
22795  -20.682  -61.469  58.120 0.0000000000
22794  -20.322  -61.755  58.658 0.0000000000
22808  -20.288  -61.504  57.061 0.0000000000
27215  -24.530  -56.253  52.885 0.0000000000
27197  -24.178  -56.549  53.843 0.0000000000
26230  -21.660  -58.219  55.224 0.0000000000
25307  -21.451  -58.877  55.430 0.0000000000
25297  -21.424  -59.368  56.371 0.0000000000
35240  -12.367  -46.223  60.573 0.0000000000
33540  -13.901  -48.969  55.820 0.0000000000
34372  -14.117  -48.146  56.560 0.0000000000
32790  -13.332  -49.476  55.074 0.0000000000
30486  -16.375  -52.904  53.504 0.0000000000
30485  -15.536  -52.331  52.953 0.0000000000
31349  -12.698  -51.361  50.370 0.0000000000
31348  -11.721  -51.234  49.902 0.0000000000
31347  -11.129  -51.115  49.278 0.0000000000
31362  -11.413  -51.438  49.021 0.0000000000
88840  -15.533  -58.579  69.377 0.0000000000
20938  -15.046  -63.412  64.165 0.0000000000
20933  -14.699  -63.384  65.041 0.0000000000
24334  -12.686  -60.029  63.440 0.0000000000
23569  -13.202  -60.337  64.418 0.0000000000
23570  -14.182  -60.231  64.597 0.0000000000
25293  -12.790  -59.364  56.958 0.0000000000
25282  -12.843  -59.559  57.399 0.0000000000
25303  -12.969  -58.905  56.140 0.0000000000
22827  -8.717  -61.949  54.177 0.0000000000
22821  -8.921  -61.743  54.379 0.0000000000
33512  -36.225  -47.812  58.637 0.0000000000
34348  -38.249  -46.777  59.758 0.0000000000
33488  -33.722  -48.349  60.055 0.0000000000
33489  -34.883  -48.068  60.427 0.0000000000
33481  -35.783  -47.754  62.217 0.0000000000
50812  -53.532  -27.631  45.877 0.0000000000
49352  -48.123  -29.685  45.273 0.0000000000
49358  -47.716  -29.955  44.549 0.0000000000
49353  -49.162  -29.210  45.208 0.0000000000
50055  -49.852  -29.032  44.649 0.0000000000
50063  -49.829  -29.231  43.773 0.0000000000
50052  -52.426  -28.801  45.586 0.0000000000
50819  -52.927  -28.126  44.974 0.0000000000
41641  -47.021  -39.541  52.739 0.0000000000
42362  -46.730  -39.213  52.512 0.0000000000
41630  -47.531  -39.392  53.093 0.0000000000
40056  -42.109  -41.255  49.202 0.0000000000
40914  -43.723  -39.937  48.130 0.0000000000
41664  -45.094  -39.938  50.660 0.0000000000
41677  -44.694  -39.657  50.127 0.0000000000
42380  -45.052  -39.094  50.654 0.0000000000
26229  -17.338  -57.135  55.476 0.0000000000
27175  -17.633  -56.280  54.943 0.0000000000
26278  -17.189  -57.091  51.050 0.0000000000
26277  -16.483  -57.709  50.533 0.0000000000
26288  -16.447  -57.731  49.599 0.0000000000
25354  -15.193  -58.661  50.329 0.0000000000
24509  -14.923  -59.376  49.609 0.0000000000
20981  -18.414  -62.949  57.873 0.0000000000
20971  -17.701  -63.268  58.697 0.0000000000
36197  -40.607  -45.962  54.357 0.0000000000
36206  -40.502  -45.937  53.862 0.0000000000
36207  -40.748  -45.280  53.479 0.0000000000
36213  -40.620  -45.106  52.924 0.0000000000
37137  -41.318  -44.570  53.843 0.0000000000
28805  -32.606  -54.232  66.306 0.0000000000
29563  -33.167  -53.667  66.288 0.0000000000
29630  -31.723  -53.592  59.069 0.0000000000
29631  -31.890  -53.989  59.410 0.0000000000
29642  -31.578  -54.022  58.597 0.0000000000
50852  -53.428  -28.223  39.753 0.0000000000
50853  -54.316  -28.220  39.658 0.0000000000
50854  -55.191  -27.918  39.531 0.0000000000
50857  -55.425  -28.020  38.984 0.0000000000
50110  -54.846  -28.519  38.541 0.0000000000
50121  -55.405  -27.734  38.256 0.0000000000
50858  -55.831  -27.522  38.934 0.0000000000
28828  -16.178  -54.676  62.745 0.0000000000
27988  -16.216  -55.454  63.273 0.0000000000
26133  -16.785  -57.007  63.453 0.0000000000
27089  -16.803  -56.269  62.662 0.0000000000
26134  -17.204  -57.324  62.712 0.0000000000
26147  -17.561  -57.398  62.086 0.0000000000
25211  -17.691  -58.091  62.299 0.0000000000
44697  -44.004  -35.008  49.211 0.0000000000
47052  -46.296  -32.771  48.262 0.0000000000
47055  -47.649  -32.291  49.201 0.0000000000
47054  -47.279  -32.277  48.676 0.0000000000
24412  -22.199  -60.908  59.819 0.0000000000
23595  -21.974  -61.320  60.301 0.0000000000
23614  -20.887  -61.268  58.833 0.0000000000
25326  -21.685  -58.672  53.232 0.0000000000
34332  -14.402  -47.860  60.814 0.0000000000
34342  -14.539  -48.131  59.844 0.0000000000
32007  -14.521  -50.054  57.665 0.0000000000
32759  -14.580  -49.567  58.010 0.0000000000
32768  -14.253  -49.714  57.334 0.0000000000
32036  -13.860  -50.612  56.301 0.0000000000
30554  -16.747  -52.749  49.226 0.0000000000
30553  -15.735  -52.392  49.453 0.0000000000
30592  -13.825  -53.184  47.953 0.0000000000
30570  -13.447  -52.760  48.664 0.0000000000
30551  -12.852  -52.237  49.283 0.0000000000
88844  -19.617  -60.126  68.833 0.0000000000
25194  -20.257  -59.056  68.914 0.0000000000
88839  -18.145  -59.802  69.689 0.0000000000
88837  -18.486  -60.856  68.784 0.0000000000
21872  -12.875  -62.253  61.786 0.0000000000
22775  -12.105  -61.831  61.239 0.0000000000
22769  -11.883  -60.901  61.928 0.0000000000
23578  -12.299  -60.634  62.823 0.0000000000
24346  -11.784  -60.014  61.759 0.0000000000
24362  -11.744  -59.563  61.312 0.0000000000
24384  -11.029  -59.959  60.344 0.0000000000
24419  -10.650  -59.968  58.966 0.0000000000
24406  -10.981  -59.708  59.587 0.0000000000
24432  -11.680  -60.191  57.944 0.0000000000
34395  -37.021  -47.357  54.843 0.0000000000
34385  -39.457  -46.666  56.611 0.0000000000
33509  -33.405  -48.759  58.282 0.0000000000
31971  -34.547  -50.454  65.535 0.0000000000
31970  -34.386  -50.729  64.826 0.0000000000
33459  -35.338  -48.596  63.896 0.0000000000
31984  -33.077  -50.424  62.145 0.0000000000
31209  -32.938  -50.918  62.052 0.0000000000
31210  -33.166  -51.674  62.192 0.0000000000
30381  -32.642  -52.139  60.995 0.0000000000
30426  -30.984  -52.791  58.253 0.0000000000
52255  -55.787  -26.300  43.081 0.0000000000
50071  -51.069  -28.405  42.774 0.0000000000
50829  -50.847  -28.361  42.276 0.0000000000
50835  -51.955  -27.824  41.607 0.0000000000
50844  -52.251  -27.885  40.693 0.0000000000
51599  -54.741  -26.225  42.151 0.0000000000
45431  -48.018  -34.849  50.262 0.0000000000
44665  -47.563  -36.139  50.275 0.0000000000
43885  -48.342  -36.267  52.068 0.0000000000
44656  -48.699  -35.460  52.417 0.0000000000
43108  -47.513  -37.947  52.770 0.0000000000
43117  -47.337  -37.345  52.344 0.0000000000
41694  -43.785  -39.369  48.282 0.0000000000
42424  -43.765  -39.077  48.431 0.0000000000
43136  -43.314  -38.063  49.340 0.0000000000
43930  -42.869  -36.707  49.534 0.0000000000
43912  -46.115  -36.645  50.428 0.0000000000
44678  -46.540  -36.127  49.733 0.0000000000
27199  -26.615  -56.604  53.573 0.0000000000
38059  -11.540  -43.063  55.914 0.0000000000
36188  -12.354  -44.763  55.067 0.0000000000
36189  -12.818  -45.636  54.756 0.0000000000
30419  -16.221  -52.835  58.293 0.0000000000
29672  -17.005  -53.738  55.720 0.0000000000
29671  -16.290  -53.373  56.071 0.0000000000
29692  -16.624  -53.261  54.419 0.0000000000
29693  -17.180  -53.580  53.836 0.0000000000
28079  -17.816  -55.351  53.171 0.0000000000
28950  -17.942  -54.634  50.960 0.0000000000
28937  -17.771  -54.519  52.382 0.0000000000
28944  -17.768  -54.111  51.423 0.0000000000
29713  -17.395  -53.584  51.986 0.0000000000
28967  -17.022  -54.608  47.166 0.0000000000
29748  -17.375  -54.264  47.792 0.0000000000
25377  -15.855  -58.022  48.371 0.0000000000
25392  -15.432  -58.112  47.893 0.0000000000
25391  -14.731  -58.308  47.505 0.0000000000
21863  -18.253  -62.973  63.695 0.0000000000
20946  -16.903  -62.842  63.005 0.0000000000
21868  -17.732  -62.925  63.366 0.0000000000
21894  -15.255  -62.898  60.108 0.0000000000
21881  -15.274  -62.917  60.736 0.0000000000
20950  -14.923  -62.931  62.023 0.0000000000
21880  -14.556  -62.773  61.050 0.0000000000
21873  -13.860  -62.686  61.908 0.0000000000
21904  -12.827  -62.371  58.273 0.0000000000
22793  -12.310  -61.795  58.886 0.0000000000
40015  -45.205  -41.667  52.734 0.0000000000
34429  -38.640  -46.348  52.630 0.0000000000
39098  -40.655  -42.505  51.297 0.0000000000
40025  -41.225  -41.940  50.981 0.0000000000
39101  -43.765  -42.105  52.176 0.0000000000
40028  -44.091  -41.674  51.595 0.0000000000
40043  -44.353  -41.212  51.070 0.0000000000
26153  -31.512  -58.017  61.305 0.0000000000
27124  -30.530  -57.130  58.774 0.0000000000
29576  -33.653  -53.751  64.564 0.0000000000
28818  -33.297  -54.725  64.963 0.0000000000
28827  -33.155  -54.620  63.765 0.0000000000
28871  -32.147  -54.513  59.737 0.0000000000
28858  -32.585  -54.414  60.632 0.0000000000
28029  -31.944  -55.171  59.176 0.0000000000
28028  -32.162  -55.591  59.594 0.0000000000
28007  -32.137  -55.928  61.511 0.0000000000
27118  -32.260  -56.558  60.602 0.0000000000
26176  -31.597  -56.785  59.343 0.0000000000
27144  -30.238  -56.661  57.246 0.0000000000
26189  -30.984  -56.433  58.716 0.0000000000
27143  -29.806  -56.919  57.182 0.0000000000
27201  -28.838  -56.358  53.337 0.0000000000
51620  -55.956  -26.463  38.504 0.0000000000
51619  -55.444  -26.714  37.673 0.0000000000
52307  -55.741  -25.658  38.199 0.0000000000
53012  -54.339  -24.361  36.821 0.0000000000
53716  -55.171  -23.716  37.325 0.0000000000
32736  -14.548  -49.667  61.557 0.0000000000
32743  -14.711  -50.157  60.997 0.0000000000
32744  -14.871  -49.750  60.371 0.0000000000
31994  -14.943  -50.660  60.645 0.0000000000
31205  -15.166  -51.573  62.557 0.0000000000
30389  -15.522  -52.250  61.150 0.0000000000
28879  -17.156  -54.185  58.880 0.0000000000
28866  -17.404  -54.926  59.096 0.0000000000
28000  -16.805  -55.662  61.563 0.0000000000
28013  -16.666  -55.104  61.264 0.0000000000
28039  -17.614  -55.602  57.531 0.0000000000
27140  -17.643  -56.466  57.722 0.0000000000
26195  -16.568  -57.819  56.836 0.0000000000
26211  -16.829  -57.650  56.158 0.0000000000
25306  -16.170  -57.850  55.728 0.0000000000
49327  -50.812  -29.551  48.094 0.0000000000
40003  -46.770  -41.227  53.346 0.0000000000
47854  -46.406  -31.997  47.378 0.0000000000
47860  -45.759  -31.809  46.785 0.0000000000
47868  -46.550  -31.421  45.469 0.0000000000
48609  -47.700  -30.537  46.037 0.0000000000
21871  -19.817  -62.035  63.159 0.0000000000
22772  -20.791  -61.715  61.240 0.0000000000
21909  -19.815  -62.067  59.122 0.0000000000
21897  -19.259  -62.248  59.765 0.0000000000
21907  -18.777  -62.604  58.710 0.0000000000
20982  -18.930  -62.618  57.456 0.0000000000
21002  -18.725  -63.044  56.105 0.0000000000
21950  -19.081  -62.765  55.193 0.0000000000
27163  -26.998  -57.137  55.337 0.0000000000
27161  -25.363  -57.236  55.445 0.0000000000
26235  -26.604  -57.501  56.116 0.0000000000
27178  -23.640  -56.983  54.552 0.0000000000
27177  -22.457  -57.085  54.394 0.0000000000
26232  -23.450  -57.643  55.923 0.0000000000
27150  -24.544  -58.162  57.210 0.0000000000
26215  -25.002  -58.059  56.967 0.0000000000
27141  -24.395  -58.347  57.404 0.0000000000
25260  -24.149  -59.842  59.684 0.0000000000
24437  -22.410  -59.893  57.986 0.0000000000
24445  -21.297  -60.131  56.565 0.0000000000
23625  -21.070  -60.759  57.024 0.0000000000
24470  -21.383  -59.585  53.631 0.0000000000
22824  -20.524  -61.147  55.126 0.0000000000
21938  -20.393  -61.413  55.732 0.0000000000
21952  -20.252  -61.565  55.592 0.0000000000
22823  -20.222  -61.349  54.818 0.0000000000
37062  -11.214  -44.667  60.295 0.0000000000
37063  -11.644  -44.427  59.542 0.0000000000
35253  -13.821  -47.167  58.697 0.0000000000
35263  -13.255  -46.531  57.922 0.0000000000
36169  -12.880  -45.510  56.339 0.0000000000
31300  -13.456  -51.389  54.726 0.0000000000
30516  -15.204  -52.169  51.171 0.0000000000
31325  -14.942  -51.981  52.507 0.0000000000
31337  -14.722  -51.924  51.751 0.0000000000
31323  -13.254  -51.005  52.881 0.0000000000
32066  -12.781  -50.632  53.444 0.0000000000
32799  -12.779  -49.704  54.395 0.0000000000
32816  -12.227  -49.751  52.509 0.0000000000
33576  -12.204  -49.086  52.552 0.0000000000
32823  -11.363  -49.088  51.015 0.0000000000
27067  -16.053  -57.056  66.285 0.0000000000
21852  -17.553  -62.490  66.229 0.0000000000
21846  -15.689  -62.526  66.928 0.0000000000
21847  -16.712  -62.477  67.136 0.0000000000
21841  -16.084  -62.091  67.586 0.0000000000
22745  -15.686  -61.355  68.021 0.0000000000
21861  -12.877  -62.314  64.480 0.0000000000
21856  -13.201  -62.630  65.720 0.0000000000
22752  -12.355  -62.208  65.887 0.0000000000
23556  -14.258  -60.509  66.386 0.0000000000
23551  -13.916  -60.960  67.216 0.0000000000
23547  -14.964  -60.685  67.575 0.0000000000
24324  -15.288  -59.846  67.658 0.0000000000
88838  -15.248  -59.965  67.252 0.0000000000
24330  -15.587  -59.429  65.195 0.0000000000
26123  -16.388  -57.519  64.262 0.0000000000
24350  -15.315  -59.671  62.647 0.0000000000
24351  -16.296  -59.464  62.475 0.0000000000
24367  -16.668  -59.331  61.501 0.0000000000
25235  -12.893  -59.111  60.635 0.0000000000
24364  -13.373  -59.438  61.470 0.0000000000
25236  -13.300  -59.052  60.097 0.0000000000
24423  -14.173  -59.094  58.660 0.0000000000
24424  -14.974  -59.046  58.976 0.0000000000
24411  -15.520  -59.170  59.589 0.0000000000
22807  -11.645  -61.923  56.441 0.0000000000
21931  -10.252  -61.941  55.312 0.0000000000
24456  -10.606  -59.767  55.135 0.0000000000
23629  -10.717  -59.779  55.766 0.0000000000
24449  -10.727  -59.629  55.388 0.0000000000
24450  -11.073  -59.447  55.715 0.0000000000
24457  -10.883  -59.485  54.897 0.0000000000
24475  -11.930  -59.657  53.603 0.0000000000
24459  -12.597  -59.019  54.713 0.0000000000
24467  -12.538  -59.228  54.074 0.0000000000
24468  -13.085  -59.241  53.481 0.0000000000
24477  -13.474  -59.357  52.913 0.0000000000
25342  -14.496  -58.937  51.874 0.0000000000
35238  -38.870  -46.263  61.415 0.0000000000
35237  -38.224  -46.490  61.856 0.0000000000
33490  -35.679  -47.449  61.018 0.0000000000
34316  -36.452  -47.726  63.298 0.0000000000
50053  -53.004  -28.242  45.863 0.0000000000
50046  -53.232  -28.185  46.438 0.0000000000
49354  -50.108  -29.285  45.757 0.0000000000
50050  -50.509  -29.136  45.222 0.0000000000
41652  -45.864  -39.734  51.794 0.0000000000
40864  -46.724  -40.080  52.632 0.0000000000
40896  -42.939  -40.879  49.475 0.0000000000
40898  -44.288  -40.258  49.680 0.0000000000
35293  -40.753  -45.991  55.481 0.0000000000
35302  -40.321  -46.283  54.639 0.0000000000
35294  -40.957  -45.786  55.148 0.0000000000
31182  -32.637  -51.595  67.037 0.0000000000
29662  -31.436  -54.062  57.181 0.0000000000
51611  -55.909  -27.036  40.707 0.0000000000
51612  -56.819  -26.790  41.145 0.0000000000
47018  -48.756  -32.780  50.607 0.0000000000
46245  -45.503  -34.075  49.434 0.0000000000
46263  -46.466  -33.047  48.843 0.0000000000
25259  -22.444  -60.648  59.613 0.0000000000
36210  -11.248  -44.989  52.739 0.0000000000
32752  -14.867  -49.771  59.140 0.0000000000
32008  -14.853  -50.330  58.183 0.0000000000
32021  -14.700  -50.700  57.636 0.0000000000
29735  -15.601  -53.068  48.219 0.0000000000
30593  -14.497  -53.244  47.860 0.0000000000
29744  -13.437  -53.184  47.407 0.0000000000
21877  -10.948  -62.054  60.206 0.0000000000
22773  -10.349  -60.548  60.473 0.0000000000
23592  -10.076  -60.008  60.257 0.0000000000
23601  -9.891  -60.154  59.630 0.0000000000
34370  -39.545  -46.621  57.290 0.0000000000
32734  -34.039  -49.324  62.650 0.0000000000
31992  -32.650  -50.398  61.640 0.0000000000
31228  -32.031  -51.362  60.130 0.0000000000
31999  -31.831  -50.780  59.843 0.0000000000
50831  -52.743  -27.484  42.524 0.0000000000
43897  -47.513  -36.402  51.213 0.0000000000
42393  -44.028  -38.738  49.366 0.0000000000
43138  -44.290  -37.712  50.195 0.0000000000
43910  -44.568  -36.586  50.326 0.0000000000
37109  -11.521  -43.752  56.173 0.0000000000
37100  -11.866  -44.408  56.484 0.0000000000
36178  -12.444  -44.784  55.966 0.0000000000
29649  -16.617  -53.580  57.143 0.0000000000
27227  -17.670  -56.399  51.579 0.0000000000
28090  -17.889  -55.380  52.314 0.0000000000
27228  -17.867  -55.731  51.307 0.0000000000
28114  -17.938  -55.209  50.593 0.0000000000
28132  -17.928  -54.984  50.057 0.0000000000
28955  -17.834  -54.318  49.629 0.0000000000
28968  -17.424  -55.180  47.695 0.0000000000
28976  -17.102  -55.162  47.139 0.0000000000
27307  -16.565  -56.424  46.922 0.0000000000
27306  -15.977  -56.723  46.511 0.0000000000
20948  -18.640  -63.066  62.858 0.0000000000
20941  -18.536  -63.017  63.283 0.0000000000
20952  -17.431  -63.150  61.979 0.0000000000
39087  -44.926  -42.258  53.128 0.0000000000
35313  -39.242  -46.028  52.532 0.0000000000
38109  -41.419  -43.594  53.048 0.0000000000
39113  -42.446  -42.089  51.380 0.0000000000
26132  -31.998  -57.573  63.319 0.0000000000
25229  -32.108  -58.042  60.620 0.0000000000
31198  -34.287  -51.217  65.627 0.0000000000
27146  -31.279  -55.428  57.444 0.0000000000
26207  -31.153  -55.588  58.008 0.0000000000
26191  -31.269  -55.767  58.299 0.0000000000
26190  -31.320  -56.046  58.528 0.0000000000
50109  -53.998  -29.010  38.361 0.0000000000
30390  -16.046  -52.877  60.655 0.0000000000
27114  -17.364  -56.546  60.379 0.0000000000
48605  -48.756  -30.554  47.011 0.0000000000
23604  -20.891  -61.667  59.604 0.0000000000
22786  -20.336  -61.886  59.404 0.0000000000
21918  -19.152  -62.476  58.023 0.0000000000
27176  -21.871  -57.442  54.132 0.0000000000
26213  -23.029  -58.184  56.244 0.0000000000
25299  -23.039  -58.429  56.751 0.0000000000
25288  -21.955  -59.418  57.119 0.0000000000
24452  -21.188  -59.828  55.708 0.0000000000
22840  -20.392  -60.699  53.962 0.0000000000
22830  -19.883  -61.410  54.330 0.0000000000
36141  -12.724  -45.650  59.379 0.0000000000
34360  -14.205  -48.243  57.524 0.0000000000
35264  -13.856  -47.433  57.935 0.0000000000
34371  -13.738  -47.326  56.181 0.0000000000
33548  -13.129  -48.774  54.536 0.0000000000
30459  -15.073  -52.593  55.012 0.0000000000
31365  -13.966  -51.777  50.292 0.0000000000
31350  -13.597  -51.573  50.747 0.0000000000
31335  -13.086  -51.234  51.559 0.0000000000
32083  -12.678  -50.795  52.209 0.0000000000
32082  -12.179  -50.605  51.366 0.0000000000
32834  -11.517  -50.264  50.676 0.0000000000
32092  -11.154  -50.616  49.840 0.0000000000
20929  -15.186  -63.169  65.662 0.0000000000
21850  -15.205  -62.945  66.336 0.0000000000
23561  -12.572  -61.458  65.139 0.0000000000
23554  -12.507  -61.242  66.068 0.0000000000
23562  -12.870  -60.823  65.265 0.0000000000
23557  -15.194  -60.018  66.589 0.0000000000
23564  -14.835  -60.131  65.483 0.0000000000
24329  -15.079  -59.945  64.842 0.0000000000
24365  -14.618  -59.613  61.541 0.0000000000
24408  -12.506  -59.500  59.016 0.0000000000
24409  -13.496  -59.116  59.441 0.0000000000
24435  -13.628  -59.372  57.959 0.0000000000
25294  -13.709  -58.795  56.746 0.0000000000
23634  -10.397  -60.219  54.812 0.0000000000
24476  -12.595  -59.577  53.119 0.0000000000
33497  -33.783  -48.674  59.108 0.0000000000
33525  -34.987  -48.393  57.451 0.0000000000
33472  -36.062  -48.033  63.389 0.0000000000
33470  -34.386  -48.735  61.917 0.0000000000
32750  -33.365  -48.880  60.817 0.0000000000
51557  -54.761  -26.620  44.637 0.0000000000
51540  -54.531  -26.838  45.706 0.0000000000
49366  -48.255  -29.589  43.343 0.0000000000
49367  -49.074  -29.515  43.116 0.0000000000
50065  -51.404  -28.462  43.484 0.0000000000
50066  -52.098  -28.288  43.735 0.0000000000
42372  -46.969  -38.153  52.359 0.0000000000
42363  -47.311  -38.753  52.843 0.0000000000
40903  -41.961  -40.928  48.361 0.0000000000
41685  -44.247  -39.447  49.172 0.0000000000
42379  -44.753  -38.826  50.278 0.0000000000
38021  -11.872  -43.290  58.807 0.0000000000
26299  -16.995  -57.287  49.065 0.0000000000
25366  -15.883  -58.259  49.116 0.0000000000
25365  -15.391  -58.792  49.438 0.0000000000
21895  -18.131  -62.689  59.535 0.0000000000
20962  -17.724  -62.787  59.658 0.0000000000
20979  -16.796  -63.662  57.477 0.0000000000
20978  -15.872  -63.587  57.198 0.0000000000
38091  -43.557  -43.490  53.890 0.0000000000
38076  -44.389  -43.358  54.450 0.0000000000
38067  -44.255  -43.531  55.756 0.0000000000
34418  -39.534  -46.695  53.913 0.0000000000
35314  -39.666  -46.116  52.985 0.0000000000
36211  -39.613  -45.671  52.348 0.0000000000
36223  -39.898  -45.302  52.121 0.0000000000
37146  -40.551  -44.690  52.534 0.0000000000
30382  -32.989  -52.486  61.359 0.0000000000
29617  -32.410  -53.843  60.155 0.0000000000
28883  -31.763  -54.573  58.919 0.0000000000
28904  -31.475  -54.569  57.454 0.0000000000
28046  -31.550  -55.034  57.118 0.0000000000
28040  -31.366  -55.078  57.846 0.0000000000
27155  -31.259  -55.428  56.545 0.0000000000
26240  -31.006  -55.698  56.085 0.0000000000
26239  -30.689  -55.908  55.650 0.0000000000
50120  -54.984  -28.242  37.830 0.0000000000
50861  -55.743  -27.143  38.334 0.0000000000
51617  -56.528  -26.811  39.032 0.0000000000
27101  -16.760  -55.911  61.969 0.0000000000
27102  -17.129  -56.395  61.559 0.0000000000
25238  -17.340  -58.271  60.604 0.0000000000
45460  -44.258  -34.253  48.882 0.0000000000
45470  -43.949  -34.139  48.364 0.0000000000
47058  -45.272  -32.368  47.547 0.0000000000
47059  -46.082  -32.396  47.751 0.0000000000
47053  -46.774  -32.531  48.502 0.0000000000
47061  -46.991  -32.214  48.183 0.0000000000
24369  -22.535  -61.847  62.652 0.0000000000
23594  -21.500  -61.561  60.688 0.0000000000
27229  -23.034  -56.723  52.399 0.0000000000
27213  -22.667  -56.975  52.977 0.0000000000
27195  -22.202  -57.239  53.669 0.0000000000
26261  -21.674  -57.933  53.749 0.0000000000
25317  -21.504  -58.785  54.004 0.0000000000
25316  -21.459  -58.883  54.644 0.0000000000
35241  -12.957  -46.429  60.007 0.0000000000
35231  -14.050  -47.664  60.092 0.0000000000
34341  -14.226  -47.744  59.225 0.0000000000
32751  -14.625  -49.262  58.751 0.0000000000
33501  -14.411  -48.788  58.216 0.0000000000
30517  -16.036  -52.395  51.335 0.0000000000
30532  -14.925  -52.088  50.562 0.0000000000
30550  -11.893  -51.793  48.911 0.0000000000
30549  -11.498  -51.555  48.771 0.0000000000
25192  -20.194  -58.130  69.190 0.0000000000
26106  -19.387  -57.530  69.856 0.0000000000
88831  -17.262  -60.343  69.481 0.0000000000
20943  -13.587  -63.089  63.583 0.0000000000
22770  -12.401  -61.571  61.955 0.0000000000
22766  -12.395  -61.300  62.981 0.0000000000
24333  -12.440  -60.387  63.136 0.0000000000
24348  -13.022  -59.651  62.595 0.0000000000
24363  -12.493  -59.448  61.707 0.0000000000
25220  -12.212  -58.980  61.184 0.0000000000
25234  -11.986  -58.923  60.552 0.0000000000
24383  -10.300  -59.618  60.028 0.0000000000
25253  -11.667  -59.396  59.985 0.0000000000
24407  -11.833  -59.355  59.224 0.0000000000
23611  -12.042  -59.587  58.411 0.0000000000
24444  -12.293  -59.837  57.264 0.0000000000
25292  -12.374  -59.601  56.848 0.0000000000
33538  -36.430  -47.665  56.470 0.0000000000
34382  -37.106  -47.350  55.871 0.0000000000
35292  -40.077  -46.408  55.779 0.0000000000
31197  -34.223  -51.549  64.874 0.0000000000
32726  -34.212  -49.786  63.722 0.0000000000
31977  -34.127  -50.739  64.078 0.0000000000
30410  -31.867  -52.916  59.331 0.0000000000
31239  -31.844  -52.047  59.463 0.0000000000
31255  -31.389  -52.641  58.950 0.0000000000
50834  -51.044  -28.235  41.596 0.0000000000
50087  -50.393  -28.466  40.707 0.0000000000
51609  -53.969  -27.070  40.787 0.0000000000
52274  -55.760  -26.358  42.389 0.0000000000
45446  -47.507  -34.742  49.857 0.0000000000
46228  -48.010  -34.252  50.209 0.0000000000
43118  -48.011  -36.769  52.527 0.0000000000
44676  -44.106  -35.730  49.838 0.0000000000
26238  -28.816  -56.993  56.324 0.0000000000
27230  -23.604  -56.274  52.051 0.0000000000
29660  -16.278  -53.370  56.727 0.0000000000
30460  -15.690  -53.035  55.596 0.0000000000
28923  -17.466  -54.241  54.360 0.0000000000
30503  -16.935  -53.105  52.588 0.0000000000
30518  -16.792  -52.940  51.607 0.0000000000
29737  -17.326  -53.458  48.548 0.0000000000
29736  -16.270  -53.147  48.106 0.0000000000
26323  -16.101  -57.545  47.613 0.0000000000
21858  -17.972  -62.720  64.855 0.0000000000
20939  -16.132  -63.069  64.031 0.0000000000
20944  -14.501  -63.240  63.401 0.0000000000
20949  -13.963  -62.959  62.786 0.0000000000
21891  -11.403  -62.145  59.792 0.0000000000
40030  -45.264  -41.084  52.008 0.0000000000
40001  -45.600  -41.959  53.318 0.0000000000
33569  -38.051  -46.726  53.060 0.0000000000
33604  -38.248  -46.362  52.222 0.0000000000
40041  -42.873  -41.723  50.838 0.0000000000
40051  -43.256  -41.226  50.273 0.0000000000
40042  -43.817  -41.227  50.702 0.0000000000
26162  -30.473  -58.451  61.052 0.0000000000
26204  -29.496  -57.134  57.397 0.0000000000
30355  -33.738  -52.742  66.136 0.0000000000
27987  -32.823  -55.490  64.231 0.0000000000
28843  -32.989  -54.257  61.465 0.0000000000
28008  -32.465  -55.034  61.378 0.0000000000
27108  -32.077  -56.719  61.702 0.0000000000
26154  -32.189  -57.466  60.901 0.0000000000
25269  -32.021  -57.492  59.575 0.0000000000
27125  -30.777  -56.753  58.832 0.0000000000
26175  -31.022  -57.127  59.445 0.0000000000
26220  -29.184  -57.053  56.783 0.0000000000
27152  -29.196  -56.869  56.268 0.0000000000
27182  -28.433  -56.626  54.417 0.0000000000
50865  -55.086  -27.297  37.218 0.0000000000
51624  -54.897  -26.706  36.931 0.0000000000
52312  -54.366  -25.710  36.839 0.0000000000
33475  -14.707  -48.702  61.406 0.0000000000
33482  -14.838  -48.786  60.507 0.0000000000
29637  -16.908  -53.691  57.965 0.0000000000
28025  -17.181  -55.641  59.769 0.0000000000
49340  -51.753  -29.221  47.485 0.0000000000
40017  -46.308  -40.790  52.748 0.0000000000
40849  -46.776  -40.591  52.882 0.0000000000
47065  -45.394  -31.881  46.380 0.0000000000
47867  -45.570  -31.852  45.879 0.0000000000
48615  -46.948  -30.785  44.760 0.0000000000
48617  -47.875  -30.052  45.727 0.0000000000
48611  -49.026  -30.110  46.737 0.0000000000
49345  -49.423  -29.618  46.376 0.0000000000
20954  -18.645  -62.912  62.238 0.0000000000
20959  -18.418  -62.816  61.555 0.0000000000
21883  -18.627  -62.505  60.611 0.0000000000
22768  -20.788  -61.368  62.101 0.0000000000
22771  -20.157  -61.768  61.681 0.0000000000
21885  -20.100  -62.150  60.420 0.0000000000
20963  -18.202  -62.807  59.314 0.0000000000
21016  -18.577  -63.203  55.665 0.0000000000
26218  -27.993  -57.866  56.735 0.0000000000
26217  -27.146  -57.900  56.815 0.0000000000
26201  -27.557  -58.087  57.569 0.0000000000
26250  -24.900  -57.319  55.544 0.0000000000
26183  -25.396  -59.061  58.625 0.0000000000
26197  -24.128  -58.805  57.777 0.0000000000
26181  -24.238  -59.197  58.125 0.0000000000
25275  -22.194  -60.327  59.161 0.0000000000
22802  -20.698  -61.292  57.441 0.0000000000
23637  -21.306  -59.898  54.616 0.0000000000
23636  -21.076  -60.360  55.084 0.0000000000
21937  -20.078  -61.767  56.303 0.0000000000
21965  -19.555  -62.115  54.693 0.0000000000
38010  -11.709  -43.593  59.442 0.0000000000
37077  -12.512  -44.791  57.826 0.0000000000
37091  -12.471  -44.871  57.453 0.0000000000
36159  -12.435  -44.903  57.210 0.0000000000
35305  -12.993  -46.722  53.523 0.0000000000
31275  -14.326  -51.094  56.803 0.0000000000
31313  -14.720  -51.952  53.348 0.0000000000
31312  -13.832  -51.536  53.642 0.0000000000
31299  -13.042  -51.169  54.344 0.0000000000
32060  -13.008  -50.897  54.945 0.0000000000
32048  -13.077  -50.311  55.004 0.0000000000
33561  -12.588  -48.873  53.457 0.0000000000
32065  -12.511  -50.128  52.971 0.0000000000
32808  -12.413  -49.502  53.051 0.0000000000
33577  -12.379  -48.181  52.496 0.0000000000
33595  -11.937  -47.681  52.142 0.0000000000
32833  -10.928  -49.583  50.244 0.0000000000
32832  -10.535  -49.269  49.731 0.0000000000
22751  -17.581  -62.039  67.336 0.0000000000
88846  -17.908  -61.329  68.404 0.0000000000
88833  -17.757  -60.854  69.041 0.0000000000
88830  -17.216  -60.813  69.068 0.0000000000
88834  -15.892  -59.929  69.227 0.0000000000
20932  -14.033  -63.275  65.212 0.0000000000
20925  -14.249  -63.025  66.464 0.0000000000
21845  -14.567  -62.397  66.969 0.0000000000
23550  -13.055  -61.420  66.753 0.0000000000
22750  -14.222  -61.615  67.331 0.0000000000
22744  -14.859  -61.595  67.417 0.0000000000
88849  -15.441  -59.491  68.431 0.0000000000
88850  -15.610  -58.558  68.403 0.0000000000
24338  -16.729  -59.083  63.132 0.0000000000
25204  -17.208  -58.337  63.079 0.0000000000
24389  -16.922  -58.961  60.820 0.0000000000
25237  -16.804  -58.804  60.171 0.0000000000
24387  -15.125  -59.452  60.517 0.0000000000
25256  -16.383  -58.945  59.458 0.0000000000
25285  -16.114  -58.296  57.460 0.0000000000
25324  -14.965  -58.412  53.114 0.0000000000
23617  -11.371  -60.486  57.552 0.0000000000
23622  -10.591  -60.150  55.884 0.0000000000
23623  -10.937  -60.074  56.367 0.0000000000
23624  -11.436  -60.148  56.825 0.0000000000
24465  -10.925  -59.591  54.393 0.0000000000
25312  -12.351  -59.092  55.749 0.0000000000
25333  -14.972  -58.534  52.220 0.0000000000
20923  -13.704  -62.992  66.217 0.0000000000
20924  -14.097  -62.990  66.485 0.0000000000
20926  -13.621  -62.983  65.978 0.0000000000
20927  -13.803  -63.019  65.936 0.0000000000
20930  -13.284  -62.560  65.217 0.0000000000
20931  -13.464  -62.782  65.451 0.0000000000
20935  -13.278  -62.627  64.813 0.0000000000
20936  -13.643  -63.049  64.539 0.0000000000
20940  -18.289  -63.019  63.305 0.0000000000
21836  -13.080  -62.887  66.189 0.0000000000
21837  -13.174  -62.549  66.429 0.0000000000
21838  -13.473  -62.428  66.609 0.0000000000
21839  -14.907  -62.033  67.280 0.0000000000
21842  -13.045  -62.592  66.198 0.0000000000
21843  -13.130  -62.884  66.443 0.0000000000
21848  -12.853  -62.511  66.042 0.0000000000
21849  -12.946  -62.879  65.869 0.0000000000
21855  -13.044  -62.408  65.462 0.0000000000
21869  -18.048  -63.001  63.327 0.0000000000
21941  -8.816  -62.161  54.561 0.0000000000
21955  -8.666  -62.500  53.785 0.0000000000
22741  -13.043  -62.366  66.329 0.0000000000
22742  -13.018  -62.044  66.822 0.0000000000
22743  -13.428  -62.036  67.050 0.0000000000
22747  -12.727  -62.184  66.327 0.0000000000
22748  -13.071  -61.875  66.800 0.0000000000
22749  -13.610  -61.891  67.109 0.0000000000
22758  -12.737  -61.894  65.244 0.0000000000
22782  -10.029  -60.769  60.163 0.0000000000
22785  -11.763  -61.828  59.259 0.0000000000
23548  -12.119  -61.975  66.204 0.0000000000
23549  -12.566  -61.770  66.355 0.0000000000
23553  -12.157  -61.776  65.879 0.0000000000
23571  -14.760  -60.073  64.726 0.0000000000
23577  -11.930  -60.397  62.091 0.0000000000
23593  -10.757  -60.402  60.498 0.0000000000
23602  -12.025  -59.479  58.622 0.0000000000
23603  -12.162  -59.608  58.460 0.0000000000
23612  -12.103  -59.646  58.284 0.0000000000
23618  -11.634  -60.232  57.304 0.0000000000
24368  -17.329  -58.688  61.483 0.0000000000
24385  -13.384  -59.266  60.867 0.0000000000
24418  -10.050  -59.845  59.299 0.0000000000
24421  -12.394  -59.726  58.324 0.0000000000
24434  -12.948  -59.634  57.827 0.0000000000
25212  -17.654  -57.632  62.218 0.0000000000
25219  -11.747  -59.029  60.989 0.0000000000
25223  -17.722  -57.626  61.939 0.0000000000
25228  -31.890  -58.248  60.289 0.0000000000
25248  -32.191  -57.840  60.074 0.0000000000
25252  -11.284  -59.640  60.125 0.0000000000
25255  -12.905  -59.256  59.811 0.0000000000
25258  -22.191  -60.536  59.350 0.0000000000
25268  -31.643  -57.349  59.512 0.0000000000
25272  -14.841  -58.946  58.470 0.0000000000
25276  -22.452  -60.440  59.408 0.0000000000
25308  -21.806  -58.311  55.645 0.0000000000
26135  -17.479  -57.475  62.327 0.0000000000
26146  -17.491  -57.197  61.905 0.0000000000
26309  -16.282  -57.737  48.272 0.0000000000
26310  -16.706  -57.452  48.318 0.0000000000
27135  -31.546  -55.893  58.644 0.0000000000
27136  -31.522  -55.578  58.479 0.0000000000
27142  -24.655  -58.381  57.329 0.0000000000
27151  -24.849  -58.301  57.206 0.0000000000
27212  -17.872  -55.831  51.911 0.0000000000
27245  -17.891  -55.551  50.901 0.0000000000
28102  -17.951  -55.195  51.192 0.0000000000
28113  -17.878  -55.417  50.173 0.0000000000
28187  -17.020  -55.800  47.117 0.0000000000
28938  -17.932  -54.983  52.025 0.0000000000
28945  -17.914  -54.777  51.625 0.0000000000
28956  -17.915  -54.621  50.360 0.0000000000
29562  -32.472  -53.549  66.589 0.0000000000
29616  -32.147  -53.318  59.804 0.0000000000
29638  -17.309  -54.241  57.629 0.0000000000
29641  -31.578  -53.714  58.717 0.0000000000
29651  -31.402  -53.914  57.628 0.0000000000
29652  -31.424  -54.176  57.818 0.0000000000
29663  -31.458  -54.293  57.463 0.0000000000
30427  -31.467  -53.460  58.509 0.0000000000
30428  -31.437  -53.899  58.209 0.0000000000
30573  -16.648  -52.947  48.588 0.0000000000
31192  -34.156  -50.954  66.082 0.0000000000
31227  -31.832  -51.136  59.851 0.0000000000
31261  -14.479  -50.983  57.212 0.0000000000
34317  -36.871  -47.519  63.742 0.0000000000
35243  -14.126  -47.692  59.711 0.0000000000
40026  -41.356  -42.154  51.225 0.0000000000
42411  -43.850  -38.943  48.930 0.0000000000
43155  -43.570  -38.529  49.146 0.0000000000
46244  -45.117  -34.210  49.386 0.0000000000
47853  -45.799  -32.048  47.344 0.0000000000
47859  -45.461  -31.948  47.169 0.0000000000
49351  -47.778  -29.944  44.971 0.0000000000
88832  -17.286  -61.145  68.732 0.0000000000
88835  -17.894  -60.473  69.401 0.0000000000
88836  -18.090  -61.048  68.773 0.0000000000
88841  -17.816  -61.676  67.791 0.0000000000
88843  -17.664  -60.564  69.337 0.0000000000
88848  -15.463  -59.012  68.845 0.0000000000
