#!ascii label  , from subject 3972 vox2ras=TkReg
1097
37241  -43.952  -44.556  42.541 0.0000000000
45581  -55.832  -34.224  38.280 0.0000000000
44020  -47.837  -37.009  40.700 0.0000000000
18660  -19.823  -66.856  51.956 0.0000000000
31431  -43.423  -51.186  45.685 0.0000000000
20154  -34.809  -65.299  56.137 0.0000000000
26224  -38.733  -57.508  56.701 0.0000000000
29699  -41.071  -53.171  53.293 0.0000000000
31327  -45.014  -51.970  52.619 0.0000000000
21081  -27.544  -63.064  50.925 0.0000000000
19391  -30.536  -65.614  55.155 0.0000000000
21995  -30.774  -62.774  50.928 0.0000000000
25348  -37.399  -57.936  51.223 0.0000000000
28940  -37.949  -54.558  52.649 0.0000000000
34481  -48.391  -47.609  48.521 0.0000000000
37207  -49.349  -44.390  46.548 0.0000000000
44784  -50.889  -34.952  40.141 0.0000000000
40135  -44.922  -40.774  40.977 0.0000000000
47151  -53.653  -31.992  33.889 0.0000000000
17111  -15.408  -68.367  53.989 0.0000000000
32105  -47.042  -50.421  50.015 0.0000000000
34525  -43.608  -48.036  44.119 0.0000000000
22853  -35.009  -61.681  51.200 0.0000000000
22810  -37.316  -61.953  56.078 0.0000000000
40933  -49.628  -40.609  45.755 0.0000000000
51652  -58.852  -25.965  31.817 0.0000000000
30523  -39.861  -52.938  51.402 0.0000000000
30541  -40.764  -52.786  50.377 0.0000000000
22014  -28.901  -62.667  50.335 0.0000000000
28141  -36.935  -54.846  49.917 0.0000000000
30537  -37.457  -53.326  50.573 0.0000000000
29708  -39.128  -53.274  52.664 0.0000000000
35377  -46.485  -46.498  45.724 0.0000000000
35371  -48.248  -46.153  47.372 0.0000000000
37221  -46.457  -44.452  44.410 0.0000000000
45559  -53.141  -34.950  38.678 0.0000000000
44772  -53.267  -35.077  41.536 0.0000000000
89087  -58.140  -32.642  36.938 0.0000000000
88725  -18.432  -66.233  49.958 0.0000000000
88693  -18.206  -67.715  53.141 0.0000000000
30563  -43.988  -51.885  49.090 0.0000000000
31341  -46.385  -51.192  51.586 0.0000000000
32113  -44.710  -50.349  48.032 0.0000000000
32876  -45.845  -48.975  47.866 0.0000000000
32904  -43.520  -49.636  45.335 0.0000000000
20160  -32.744  -65.233  55.367 0.0000000000
19363  -31.862  -66.496  58.807 0.0000000000
19357  -34.034  -66.281  59.663 0.0000000000
20139  -35.820  -65.270  58.827 0.0000000000
23713  -32.647  -60.347  48.517 0.0000000000
24513  -34.392  -60.013  49.140 0.0000000000
26253  -38.015  -57.622  54.065 0.0000000000
24471  -37.352  -60.343  53.590 0.0000000000
24446  -37.920  -59.913  56.751 0.0000000000
22796  -37.663  -61.553  59.185 0.0000000000
19454  -23.625  -65.384  50.805 0.0000000000
18646  -25.446  -66.696  53.478 0.0000000000
17117  -25.463  -68.722  54.914 0.0000000000
42504  -45.717  -38.576  40.799 0.0000000000
40949  -46.986  -40.440  43.559 0.0000000000
42468  -47.748  -38.594  43.495 0.0000000000
52349  -60.155  -24.769  31.004 0.0000000000
17889  -19.433  -68.262  54.721 0.0000000000
30452  -42.806  -53.000  55.975 0.0000000000
30480  -45.193  -52.358  54.993 0.0000000000
30492  -43.343  -52.724  53.177 0.0000000000
30543  -42.743  -52.469  50.210 0.0000000000
20212  -27.212  -64.277  51.961 0.0000000000
19390  -29.310  -66.186  55.228 0.0000000000
21045  -29.105  -64.079  52.101 0.0000000000
20199  -30.930  -64.286  52.898 0.0000000000
21031  -32.869  -63.846  52.893 0.0000000000
24529  -36.551  -58.854  48.888 0.0000000000
26315  -37.148  -57.001  48.873 0.0000000000
27238  -37.721  -56.045  51.374 0.0000000000
27205  -38.315  -56.011  54.212 0.0000000000
28927  -38.923  -54.307  55.286 0.0000000000
29666  -41.043  -53.534  56.359 0.0000000000
21091  -25.453  -62.860  50.111 0.0000000000
33605  -49.912  -49.002  51.826 0.0000000000
33572  -52.302  -48.229  53.777 0.0000000000
34450  -50.832  -47.039  50.108 0.0000000000
35348  -51.417  -45.805  50.015 0.0000000000
44767  -48.768  -35.624  40.422 0.0000000000
43997  -49.505  -36.944  43.232 0.0000000000
44010  -51.417  -35.101  42.232 0.0000000000
15578  -10.343  -70.598  54.002 0.0000000000
39202  -44.300  -42.553  41.550 0.0000000000
42515  -43.883  -38.411  39.247 0.0000000000
44795  -46.573  -35.735  38.564 0.0000000000
45574  -48.162  -34.758  37.740 0.0000000000
45576  -50.344  -34.820  37.605 0.0000000000
45598  -52.921  -34.265  36.880 0.0000000000
46359  -54.659  -33.187  35.798 0.0000000000
46363  -51.729  -32.939  34.861 0.0000000000
88666  -17.374  -68.675  56.108 0.0000000000
16338  -14.107  -69.231  57.339 0.0000000000
15556  -11.822  -70.021  56.729 0.0000000000
32793  -50.376  -50.204  55.731 0.0000000000
31304  -46.786  -51.498  54.766 0.0000000000
31318  -47.937  -50.902  53.807 0.0000000000
32819  -49.669  -49.878  52.913 0.0000000000
33634  -48.027  -48.965  49.369 0.0000000000
34495  -46.044  -47.768  46.948 0.0000000000
35405  -44.161  -46.382  43.232 0.0000000000
18618  -30.459  -66.947  57.730 0.0000000000
22850  -32.806  -61.880  50.567 0.0000000000
21051  -35.019  -63.328  52.823 0.0000000000
24501  -36.241  -59.712  50.599 0.0000000000
22832  -36.576  -61.990  53.150 0.0000000000
20164  -36.551  -63.987  55.433 0.0000000000
20974  -37.191  -63.265  58.640 0.0000000000
19466  -20.562  -65.537  50.208 0.0000000000
20226  -22.443  -65.180  50.166 0.0000000000
18662  -22.326  -66.875  52.163 0.0000000000
39179  -46.527  -42.509  43.900 0.0000000000
39161  -49.516  -42.473  45.787 0.0000000000
39139  -51.503  -42.420  48.173 0.0000000000
43176  -49.971  -37.772  45.496 0.0000000000
47135  -56.596  -32.466  35.644 0.0000000000
89120  -58.458  -30.837  34.812 0.0000000000
49444  -60.374  -28.466  34.575 0.0000000000
50153  -57.774  -28.274  32.023 0.0000000000
50881  -60.449  -26.450  33.811 0.0000000000
30539  -38.635  -52.823  50.541 0.0000000000
30558  -38.913  -52.701  49.707 0.0000000000
30578  -38.097  -52.712  48.913 0.0000000000
29741  -37.076  -53.349  49.641 0.0000000000
30556  -37.368  -53.125  49.991 0.0000000000
30521  -38.362  -52.974  51.229 0.0000000000
35396  -45.849  -45.908  44.381 0.0000000000
36279  -46.795  -45.584  44.843 0.0000000000
37232  -45.146  -44.468  43.723 0.0000000000
45560  -54.397  -34.910  38.955 0.0000000000
45545  -55.147  -35.261  40.487 0.0000000000
45561  -55.688  -34.688  39.095 0.0000000000
89068  -57.033  -34.300  39.356 0.0000000000
46332  -56.435  -33.854  38.021 0.0000000000
88712  -19.219  -66.097  50.292 0.0000000000
88708  -18.476  -66.866  51.349 0.0000000000
30603  -43.541  -51.558  47.415 0.0000000000
31367  -44.597  -51.297  48.927 0.0000000000
31393  -44.243  -50.812  47.655 0.0000000000
32146  -44.556  -50.046  46.742 0.0000000000
32892  -44.037  -50.110  45.815 0.0000000000
17877  -27.146  -67.247  55.256 0.0000000000
20161  -33.693  -64.975  55.271 0.0000000000
19373  -33.244  -65.704  57.212 0.0000000000
19374  -34.292  -65.597  56.778 0.0000000000
19358  -35.062  -65.832  58.637 0.0000000000
20150  -35.521  -65.298  57.086 0.0000000000
25319  -38.415  -58.091  55.328 0.0000000000
25309  -38.180  -59.103  55.739 0.0000000000
24447  -38.319  -59.279  57.009 0.0000000000
24440  -38.315  -59.270  58.026 0.0000000000
19418  -26.543  -65.321  53.022 0.0000000000
18647  -26.515  -66.637  54.201 0.0000000000
17876  -26.256  -67.837  55.076 0.0000000000
32795  -51.643  -49.951  55.446 0.0000000000
43253  -46.906  -37.832  40.507 0.0000000000
42484  -46.846  -38.686  42.231 0.0000000000
43225  -47.685  -37.749  42.031 0.0000000000
30463  -41.976  -53.239  54.506 0.0000000000
30477  -42.650  -52.970  53.889 0.0000000000
30491  -42.390  -52.968  52.920 0.0000000000
30542  -41.759  -52.696  50.272 0.0000000000
30581  -41.319  -52.386  48.460 0.0000000000
30582  -42.381  -52.244  48.311 0.0000000000
21062  -27.357  -63.695  51.411 0.0000000000
20197  -28.313  -64.756  52.647 0.0000000000
21063  -28.405  -63.644  51.408 0.0000000000
21994  -29.778  -62.942  50.942 0.0000000000
21046  -30.189  -63.921  52.181 0.0000000000
21047  -31.319  -63.772  52.195 0.0000000000
21030  -32.044  -63.906  52.679 0.0000000000
21048  -32.370  -63.239  52.133 0.0000000000
26353  -36.438  -56.904  46.705 0.0000000000
28953  -37.215  -54.621  51.143 0.0000000000
28123  -37.182  -55.222  50.716 0.0000000000
28094  -37.830  -55.324  52.122 0.0000000000
27204  -38.098  -56.477  53.749 0.0000000000
28083  -38.242  -55.621  53.843 0.0000000000
28058  -38.746  -55.425  55.502 0.0000000000
29696  -38.730  -54.110  54.194 0.0000000000
29698  -40.193  -53.259  53.380 0.0000000000
29687  -40.185  -53.464  54.545 0.0000000000
29688  -41.077  -53.253  54.098 0.0000000000
29667  -41.958  -53.423  56.224 0.0000000000
22011  -26.046  -62.848  50.417 0.0000000000
33635  -48.840  -48.286  49.563 0.0000000000
33623  -50.585  -47.886  50.593 0.0000000000
34464  -49.387  -47.505  49.185 0.0000000000
36264  -48.891  -45.665  47.155 0.0000000000
35361  -50.003  -45.800  48.716 0.0000000000
36266  -49.999  -44.895  47.950 0.0000000000
36244  -51.098  -44.811  49.180 0.0000000000
37198  -50.397  -44.189  47.624 0.0000000000
44783  -49.954  -35.035  40.000 0.0000000000
44757  -50.151  -35.482  41.293 0.0000000000
44770  -51.326  -34.923  41.022 0.0000000000
89034  -54.473  -34.869  42.730 0.0000000000
45553  -47.320  -35.086  38.363 0.0000000000
45573  -47.030  -34.914  37.821 0.0000000000
45595  -49.779  -34.556  36.749 0.0000000000
45596  -50.858  -34.546  36.743 0.0000000000
45597  -51.922  -34.485  36.783 0.0000000000
46344  -51.375  -33.941  36.062 0.0000000000
46356  -51.937  -33.458  35.452 0.0000000000
17140  -16.421  -67.612  51.826 0.0000000000
17110  -14.215  -68.327  54.293 0.0000000000
17872  -19.522  -68.907  56.034 0.0000000000
88684  -18.353  -68.823  56.234 0.0000000000
88675  -17.978  -69.676  57.752 0.0000000000
16327  -14.532  -69.834  57.952 0.0000000000
15537  -13.727  -70.356  58.042 0.0000000000
16337  -12.834  -69.389  57.160 0.0000000000
14667  -12.427  -70.640  57.364 0.0000000000
14692  -11.527  -71.676  55.384 0.0000000000
30493  -44.493  -52.390  53.560 0.0000000000
31303  -46.024  -51.947  55.325 0.0000000000
31316  -45.622  -51.975  53.858 0.0000000000
32095  -46.697  -50.789  50.799 0.0000000000
31329  -46.780  -51.113  52.341 0.0000000000
32078  -48.043  -50.558  52.640 0.0000000000
32079  -48.601  -50.353  52.804 0.0000000000
32826  -48.273  -50.283  51.710 0.0000000000
32837  -48.740  -49.524  50.994 0.0000000000
32845  -48.004  -49.921  50.142 0.0000000000
33678  -44.538  -48.564  46.190 0.0000000000
33665  -45.440  -48.506  47.162 0.0000000000
34515  -44.652  -48.012  45.676 0.0000000000
34516  -45.265  -47.344  45.301 0.0000000000
34537  -44.035  -47.204  43.525 0.0000000000
19404  -29.769  -65.466  54.376 0.0000000000
19379  -29.585  -66.482  55.876 0.0000000000
19370  -30.421  -66.775  57.214 0.0000000000
23672  -33.701  -61.058  50.048 0.0000000000
22866  -33.138  -61.449  50.157 0.0000000000
22852  -34.178  -61.857  51.021 0.0000000000
21981  -34.112  -62.770  52.070 0.0000000000
22000  -35.121  -62.207  51.721 0.0000000000
25369  -36.837  -58.385  49.236 0.0000000000
24515  -36.350  -59.066  49.526 0.0000000000
25347  -37.079  -58.963  51.413 0.0000000000
23631  -37.430  -61.029  54.970 0.0000000000
23647  -37.024  -60.961  53.567 0.0000000000
22825  -37.004  -61.862  54.211 0.0000000000
21953  -36.671  -62.765  53.990 0.0000000000
21928  -37.195  -62.477  55.783 0.0000000000
20994  -37.211  -63.442  56.867 0.0000000000
21920  -37.565  -62.530  57.825 0.0000000000
28894  -39.537  -54.592  57.608 0.0000000000
20227  -23.268  -65.028  50.249 0.0000000000
19434  -23.312  -65.833  51.220 0.0000000000
18676  -21.977  -66.468  51.402 0.0000000000
16366  -25.058  -69.674  55.294 0.0000000000
40121  -44.723  -41.499  41.238 0.0000000000
39178  -45.587  -42.706  43.454 0.0000000000
40108  -45.722  -41.150  42.453 0.0000000000
40941  -48.290  -40.528  44.702 0.0000000000
40088  -48.314  -41.575  44.899 0.0000000000
40077  -49.051  -41.413  45.330 0.0000000000
40079  -50.121  -41.871  46.473 0.0000000000
40069  -50.095  -41.201  46.415 0.0000000000
43984  -50.558  -36.659  44.006 0.0000000000
43983  -49.790  -36.998  44.377 0.0000000000
43958  -51.044  -36.956  45.855 0.0000000000
47133  -54.182  -32.868  35.109 0.0000000000
46360  -55.610  -33.031  36.073 0.0000000000
47143  -54.513  -32.293  34.444 0.0000000000
47949  -56.457  -30.824  33.835 0.0000000000
48701  -57.137  -30.243  33.241 0.0000000000
48703  -58.990  -30.150  34.218 0.0000000000
49442  -58.100  -29.600  33.024 0.0000000000
51650  -57.011  -26.269  31.205 0.0000000000
50897  -56.718  -27.020  31.242 0.0000000000
50888  -58.129  -27.328  31.923 0.0000000000
50155  -59.497  -26.976  33.165 0.0000000000
50890  -59.743  -26.181  33.067 0.0000000000
52327  -60.323  -25.277  32.240 0.0000000000
53028  -61.587  -24.849  31.076 0.0000000000
30506  -40.299  -52.999  51.962 0.0000000000
30507  -41.100  -52.983  51.967 0.0000000000
30524  -40.545  -52.902  51.245 0.0000000000
30559  -39.991  -52.736  49.566 0.0000000000
21082  -28.322  -62.984  50.829 0.0000000000
29752  -36.261  -53.804  48.310 0.0000000000
29731  -37.037  -53.978  50.254 0.0000000000
29716  -37.868  -54.068  52.171 0.0000000000
29707  -38.237  -53.943  53.054 0.0000000000
29717  -38.207  -53.491  51.865 0.0000000000
30505  -39.540  -52.996  51.955 0.0000000000
35369  -46.749  -46.925  46.570 0.0000000000
34497  -47.996  -46.780  47.760 0.0000000000
35370  -47.560  -46.339  46.985 0.0000000000
36273  -47.820  -45.593  46.154 0.0000000000
37214  -47.662  -44.349  45.133 0.0000000000
45543  -52.495  -35.146  39.517 0.0000000000
44785  -51.868  -35.062  40.305 0.0000000000
44786  -52.888  -35.405  40.556 0.0000000000
44788  -54.679  -35.302  41.245 0.0000000000
88701  -17.475  -67.526  51.883 0.0000000000
88690  -16.631  -68.064  53.363 0.0000000000
31339  -44.508  -51.972  51.152 0.0000000000
31340  -45.569  -51.615  51.501 0.0000000000
31354  -45.332  -51.537  50.427 0.0000000000
31369  -45.748  -51.199  50.058 0.0000000000
32103  -45.701  -50.629  49.156 0.0000000000
32116  -46.651  -50.415  49.406 0.0000000000
32856  -45.414  -49.904  48.143 0.0000000000
33664  -44.637  -48.969  46.981 0.0000000000
33687  -43.585  -48.798  45.146 0.0000000000
20159  -31.974  -65.428  55.542 0.0000000000
19381  -31.388  -65.825  56.222 0.0000000000
19372  -32.114  -65.813  57.495 0.0000000000
19364  -32.986  -65.944  58.557 0.0000000000
19352  -35.549  -66.115  59.612 0.0000000000
24526  -33.557  -59.940  48.310 0.0000000000
23692  -34.814  -60.221  49.849 0.0000000000
25338  -37.530  -58.366  52.340 0.0000000000
25337  -37.270  -59.337  52.305 0.0000000000
25327  -37.755  -58.513  53.540 0.0000000000
24462  -37.739  -59.921  54.964 0.0000000000
23626  -37.694  -60.532  56.444 0.0000000000
22803  -37.685  -61.601  58.106 0.0000000000
23615  -37.693  -60.724  58.433 0.0000000000
21078  -24.750  -63.842  50.522 0.0000000000
20209  -24.537  -65.088  51.501 0.0000000000
18664  -24.451  -66.651  52.559 0.0000000000
17894  -24.212  -67.832  53.353 0.0000000000
17895  -25.283  -67.910  54.095 0.0000000000
41756  -45.782  -39.566  41.452 0.0000000000
40960  -46.375  -40.484  42.642 0.0000000000
41743  -46.556  -39.341  42.225 0.0000000000
41730  -47.178  -39.289  43.227 0.0000000000
42455  -48.090  -38.918  44.120 0.0000000000
47945  -53.089  -31.492  33.391 0.0000000000
47152  -54.348  -31.672  33.800 0.0000000000
47957  -53.530  -30.983  32.963 0.0000000000
51662  -57.227  -25.706  30.997 0.0000000000
52336  -59.685  -25.394  31.564 0.0000000000
52347  -57.975  -25.290  30.804 0.0000000000
53040  -58.605  -24.696  30.275 0.0000000000
17908  -20.651  -67.436  53.139 0.0000000000
17907  -19.477  -67.738  53.698 0.0000000000
30454  -44.894  -52.063  57.188 0.0000000000
30465  -43.656  -52.794  55.371 0.0000000000
30479  -44.407  -52.567  54.702 0.0000000000
30510  -43.971  -52.431  52.298 0.0000000000
30508  -41.977  -52.900  52.018 0.0000000000
30526  -42.392  -52.720  51.163 0.0000000000
30527  -43.389  -52.432  51.181 0.0000000000
30562  -43.097  -52.324  49.187 0.0000000000
30583  -43.421  -51.838  48.211 0.0000000000
19419  -27.392  -65.240  53.089 0.0000000000
19389  -28.302  -66.098  54.465 0.0000000000
19402  -28.066  -65.608  53.579 0.0000000000
20180  -29.377  -65.114  53.520 0.0000000000
21064  -29.499  -63.550  51.498 0.0000000000
20198  -29.775  -64.535  52.853 0.0000000000
20167  -31.101  -65.225  54.756 0.0000000000
20168  -31.829  -65.015  54.695 0.0000000000
20169  -32.962  -64.799  54.448 0.0000000000
20170  -34.042  -64.636  54.417 0.0000000000
26302  -37.030  -57.694  48.912 0.0000000000
25359  -37.340  -57.658  50.590 0.0000000000
28160  -37.070  -55.461  48.910 0.0000000000
27255  -37.393  -56.193  50.356 0.0000000000
26271  -37.780  -57.196  51.872 0.0000000000
26262  -37.837  -57.405  53.018 0.0000000000
27187  -38.240  -57.044  54.347 0.0000000000
27169  -38.782  -56.496  56.095 0.0000000000
27157  -38.881  -56.604  57.232 0.0000000000
28047  -38.970  -55.491  56.821 0.0000000000
28905  -38.955  -54.860  56.067 0.0000000000
29664  -39.797  -53.996  56.818 0.0000000000
29697  -39.247  -53.601  53.825 0.0000000000
29675  -40.253  -53.631  55.650 0.0000000000
29655  -40.922  -53.678  57.399 0.0000000000
29656  -41.650  -53.462  57.035 0.0000000000
21079  -25.544  -63.416  50.827 0.0000000000
33588  -50.527  -49.256  53.110 0.0000000000
33589  -51.521  -48.353  52.856 0.0000000000
33607  -51.936  -47.912  51.720 0.0000000000
34442  -52.672  -46.613  51.513 0.0000000000
35346  -49.821  -46.535  48.951 0.0000000000
35333  -51.289  -46.291  50.121 0.0000000000
44037  -48.091  -35.931  40.200 0.0000000000
44021  -48.454  -36.705  41.097 0.0000000000
44022  -49.358  -35.873  41.019 0.0000000000
43998  -50.701  -36.331  42.881 0.0000000000
43985  -51.678  -36.113  43.761 0.0000000000
44760  -52.739  -34.659  42.326 0.0000000000
44742  -52.904  -34.760  43.926 0.0000000000
38211  -43.284  -43.863  41.269 0.0000000000
38201  -44.286  -43.637  42.435 0.0000000000
39219  -43.600  -42.305  40.430 0.0000000000
39220  -44.177  -41.726  40.818 0.0000000000
40988  -44.053  -40.289  40.156 0.0000000000
41765  -44.437  -39.683  40.226 0.0000000000
42516  -44.743  -38.594  39.960 0.0000000000
43251  -45.507  -37.951  39.497 0.0000000000
44035  -46.784  -37.107  39.541 0.0000000000
44051  -47.042  -35.988  39.195 0.0000000000
44780  -47.684  -35.684  39.528 0.0000000000
44798  -48.484  -35.112  39.437 0.0000000000
45540  -49.499  -34.966  39.313 0.0000000000
45593  -47.613  -34.345  36.763 0.0000000000
45575  -49.257  -34.768  37.697 0.0000000000
45557  -50.913  -34.931  38.475 0.0000000000
45558  -51.992  -34.921  38.532 0.0000000000
45578  -52.534  -34.755  37.656 0.0000000000
46330  -54.532  -33.957  37.217 0.0000000000
46348  -55.160  -33.512  36.652 0.0000000000
46346  -53.255  -33.745  36.210 0.0000000000
46365  -53.082  -33.182  35.136 0.0000000000
47141  -52.310  -32.573  34.449 0.0000000000
47149  -52.050  -32.063  34.017 0.0000000000
88694  -18.518  -68.290  54.943 0.0000000000
88683  -17.283  -68.326  54.701 0.0000000000
17096  -16.032  -68.569  54.960 0.0000000000
16329  -16.663  -69.772  58.271 0.0000000000
16339  -15.376  -69.393  57.348 0.0000000000
17095  -14.610  -68.616  55.264 0.0000000000
17094  -13.430  -68.423  55.528 0.0000000000
17093  -12.379  -68.370  55.891 0.0000000000
17092  -11.620  -68.505  55.729 0.0000000000
15568  -11.357  -70.253  55.657 0.0000000000
32802  -50.809  -49.846  54.974 0.0000000000
31293  -47.557  -51.037  55.592 0.0000000000
31328  -46.080  -51.573  52.543 0.0000000000
31305  -47.603  -51.048  54.563 0.0000000000
32063  -49.495  -50.344  54.839 0.0000000000
32812  -49.744  -50.052  53.975 0.0000000000
32820  -50.108  -49.743  53.579 0.0000000000
33587  -49.948  -49.518  52.401 0.0000000000
33621  -48.964  -48.807  50.524 0.0000000000
33649  -48.235  -48.367  48.935 0.0000000000
33647  -46.594  -48.904  48.238 0.0000000000
33667  -46.904  -48.287  48.063 0.0000000000
34496  -47.239  -47.584  47.713 0.0000000000
34507  -45.903  -47.148  46.097 0.0000000000
35384  -45.638  -46.561  44.732 0.0000000000
36298  -44.168  -45.395  43.100 0.0000000000
32180  -42.399  -50.583  44.392 0.0000000000
32916  -42.591  -49.644  44.470 0.0000000000
33697  -42.631  -48.852  44.206 0.0000000000
34535  -42.687  -48.292  43.032 0.0000000000
34550  -43.031  -47.334  42.347 0.0000000000
35415  -43.132  -46.379  42.121 0.0000000000
36308  -43.154  -45.439  42.150 0.0000000000
37240  -43.290  -44.595  42.024 0.0000000000
19362  -31.252  -66.766  58.447 0.0000000000
22863  -30.756  -61.944  49.730 0.0000000000
22884  -31.970  -61.398  49.551 0.0000000000
22017  -31.967  -62.077  50.569 0.0000000000
21980  -33.142  -62.759  51.834 0.0000000000
21032  -33.880  -63.766  53.083 0.0000000000
20171  -35.010  -64.459  54.303 0.0000000000
24527  -34.832  -59.433  48.213 0.0000000000
24514  -35.436  -59.727  49.449 0.0000000000
23675  -35.662  -60.557  50.713 0.0000000000
24489  -36.849  -60.008  51.834 0.0000000000
23657  -36.680  -60.960  52.500 0.0000000000
22842  -36.116  -61.870  52.100 0.0000000000
21967  -36.091  -62.967  53.153 0.0000000000
21003  -36.006  -63.760  54.334 0.0000000000
20155  -35.552  -64.976  56.191 0.0000000000
20151  -36.076  -64.800  57.137 0.0000000000
20973  -36.876  -63.986  58.387 0.0000000000
88724  -19.914  -65.369  49.667 0.0000000000
88714  -20.273  -66.097  50.864 0.0000000000
20245  -22.650  -64.744  49.627 0.0000000000
20262  -21.007  -64.327  49.069 0.0000000000
19467  -21.192  -65.426  50.239 0.0000000000
18675  -21.020  -66.316  51.110 0.0000000000
18661  -21.264  -66.905  52.079 0.0000000000
17909  -21.766  -67.375  52.908 0.0000000000
17130  -24.405  -68.607  54.117 0.0000000000
38192  -45.490  -43.649  43.778 0.0000000000
38181  -46.612  -43.587  44.353 0.0000000000
38172  -47.865  -43.515  45.116 0.0000000000
40098  -46.969  -41.186  43.879 0.0000000000
39170  -47.990  -42.149  44.862 0.0000000000
38164  -49.561  -43.413  46.302 0.0000000000
38165  -50.008  -43.320  46.952 0.0000000000
43216  -48.630  -37.379  43.093 0.0000000000
43184  -49.112  -37.924  44.435 0.0000000000
42443  -49.267  -38.887  45.137 0.0000000000
46349  -56.475  -33.311  37.037 0.0000000000
89115  -58.796  -31.809  36.153 0.0000000000
47937  -55.967  -31.348  34.314 0.0000000000
47930  -57.902  -31.387  35.149 0.0000000000
89095  -59.391  -30.972  35.752 0.0000000000
89110  -60.164  -30.224  35.527 0.0000000000
50138  -61.399  -28.440  35.415 0.0000000000
49452  -57.140  -29.302  32.231 0.0000000000
50145  -58.873  -28.753  33.105 0.0000000000
50147  -61.003  -27.384  34.564 0.0000000000
52337  -60.595  -24.871  31.683 0.0000000000
30577  -37.040  -52.987  49.124 0.0000000000
30557  -37.924  -52.798  49.834 0.0000000000
36299  -44.843  -45.285  43.655 0.0000000000
36287  -45.516  -45.263  44.092 0.0000000000
37231  -44.492  -44.487  43.178 0.0000000000
45580  -54.948  -34.353  38.130 0.0000000000
45562  -56.439  -34.556  39.278 0.0000000000
46320  -56.535  -34.221  38.749 0.0000000000
31391  -43.407  -51.605  46.698 0.0000000000
31380  -43.946  -51.190  47.854 0.0000000000
31392  -44.103  -51.043  47.069 0.0000000000
32145  -44.238  -50.472  46.459 0.0000000000
32164  -43.567  -50.632  45.517 0.0000000000
18633  -27.473  -66.614  54.688 0.0000000000
19384  -34.213  -65.249  55.901 0.0000000000
19366  -34.988  -65.631  57.527 0.0000000000
19375  -35.069  -65.430  56.715 0.0000000000
25310  -38.431  -58.509  56.091 0.0000000000
25300  -38.605  -58.454  57.353 0.0000000000
42506  -46.821  -38.134  41.187 0.0000000000
43236  -47.628  -37.553  41.058 0.0000000000
30476  -41.809  -53.228  53.565 0.0000000000
30600  -40.540  -52.251  47.642 0.0000000000
20213  -27.948  -64.089  51.892 0.0000000000
21065  -30.509  -63.362  51.533 0.0000000000
21066  -31.460  -63.057  51.577 0.0000000000
28947  -37.648  -54.578  51.733 0.0000000000
28105  -37.500  -55.146  51.416 0.0000000000
28082  -38.008  -55.389  53.122 0.0000000000
28933  -38.098  -54.777  53.154 0.0000000000
28934  -38.338  -54.781  53.711 0.0000000000
28941  -38.143  -54.479  53.146 0.0000000000
22012  -26.819  -62.674  50.308 0.0000000000
21080  -26.602  -63.178  50.961 0.0000000000
33636  -49.521  -48.000  49.790 0.0000000000
34463  -48.864  -47.802  49.087 0.0000000000
36275  -49.204  -45.110  46.760 0.0000000000
36265  -49.636  -45.025  47.354 0.0000000000
37197  -49.772  -44.387  47.126 0.0000000000
44769  -50.427  -34.995  40.806 0.0000000000
89012  -55.400  -34.946  43.340 0.0000000000
46343  -50.325  -33.956  36.043 0.0000000000
88689  -16.342  -67.876  52.714 0.0000000000
17127  -15.044  -68.018  53.105 0.0000000000
88649  -18.707  -69.942  58.252 0.0000000000
14668  -12.749  -71.039  57.521 0.0000000000
14679  -12.765  -71.894  56.953 0.0000000000
31315  -45.032  -52.108  53.344 0.0000000000
32085  -47.082  -50.761  51.680 0.0000000000
32096  -47.437  -50.363  50.989 0.0000000000
32086  -47.916  -50.431  51.886 0.0000000000
32836  -48.199  -50.160  51.264 0.0000000000
33688  -44.156  -48.469  45.346 0.0000000000
34505  -44.765  -48.155  46.121 0.0000000000
34526  -44.234  -47.807  44.471 0.0000000000
19380  -30.146  -66.471  56.346 0.0000000000
23673  -34.238  -61.118  50.245 0.0000000000
22867  -33.880  -61.521  50.436 0.0000000000
22868  -34.473  -61.444  50.635 0.0000000000
21999  -34.593  -62.305  51.602 0.0000000000
25358  -36.947  -58.340  50.280 0.0000000000
22819  -37.375  -61.472  55.915 0.0000000000
22818  -37.254  -61.656  55.243 0.0000000000
21929  -37.393  -62.700  56.691 0.0000000000
29643  -39.813  -54.066  57.981 0.0000000000
17911  -23.606  -67.388  52.759 0.0000000000
40122  -45.299  -40.986  41.582 0.0000000000
40107  -44.998  -41.802  42.099 0.0000000000
40932  -48.948  -40.565  45.251 0.0000000000
40924  -50.103  -40.677  46.338 0.0000000000
43968  -51.360  -36.566  44.856 0.0000000000
47142  -53.373  -32.756  34.671 0.0000000000
49441  -57.359  -29.790  32.767 0.0000000000
51651  -57.925  -26.000  31.352 0.0000000000
50898  -57.555  -26.813  31.486 0.0000000000
50899  -58.285  -26.554  31.778 0.0000000000
50889  -58.969  -26.651  32.414 0.0000000000
51641  -59.666  -25.790  32.393 0.0000000000
51642  -60.555  -25.526  33.051 0.0000000000
30540  -39.704  -52.840  50.583 0.0000000000
30579  -39.188  -52.591  48.757 0.0000000000
29732  -37.168  -53.555  50.133 0.0000000000
29725  -37.308  -53.864  51.069 0.0000000000
29726  -37.788  -53.279  51.077 0.0000000000
30522  -39.156  -52.910  51.263 0.0000000000
29718  -38.844  -53.043  51.825 0.0000000000
29709  -39.972  -53.106  52.531 0.0000000000
35378  -47.085  -46.046  46.049 0.0000000000
36289  -46.886  -45.045  44.602 0.0000000000
36280  -47.359  -45.297  45.232 0.0000000000
36281  -47.941  -44.915  45.685 0.0000000000
37222  -47.061  -44.394  44.719 0.0000000000
45544  -53.677  -35.286  39.809 0.0000000000
45532  -55.598  -35.210  41.293 0.0000000000
45533  -56.273  -35.030  41.530 0.0000000000
89085  -59.247  -33.068  38.684 0.0000000000
88692  -17.142  -67.925  53.100 0.0000000000
31353  -44.625  -51.738  49.836 0.0000000000
31382  -44.888  -50.834  48.755 0.0000000000
31368  -45.312  -51.066  49.399 0.0000000000
32104  -46.189  -50.805  49.796 0.0000000000
32114  -45.226  -50.323  48.464 0.0000000000
32893  -44.286  -49.564  46.279 0.0000000000
32874  -44.645  -49.701  47.006 0.0000000000
32905  -43.888  -48.956  45.771 0.0000000000
19382  -32.494  -65.589  56.302 0.0000000000
19365  -34.112  -65.889  58.065 0.0000000000
24512  -33.701  -60.327  49.106 0.0000000000
24454  -38.199  -59.335  56.256 0.0000000000
24453  -37.951  -59.785  55.787 0.0000000000
23620  -37.653  -60.684  57.367 0.0000000000
24428  -37.864  -59.931  58.710 0.0000000000
20229  -24.986  -64.059  51.181 0.0000000000
20210  -25.152  -64.758  51.863 0.0000000000
19399  -25.458  -65.931  53.066 0.0000000000
18665  -25.058  -66.183  52.938 0.0000000000
18645  -24.839  -67.250  53.369 0.0000000000
41768  -45.800  -38.924  41.245 0.0000000000
41757  -46.079  -39.039  41.710 0.0000000000
42485  -47.234  -38.403  42.669 0.0000000000
41744  -46.875  -39.059  42.662 0.0000000000
52346  -56.862  -25.262  30.659 0.0000000000
17890  -20.235  -68.156  54.350 0.0000000000
17112  -19.976  -69.818  57.233 0.0000000000
30453  -43.736  -52.715  56.624 0.0000000000
30478  -43.562  -52.749  54.263 0.0000000000
30525  -41.442  -52.852  51.173 0.0000000000
30544  -43.718  -52.127  50.125 0.0000000000
21044  -28.445  -64.130  52.014 0.0000000000
20179  -28.699  -65.324  53.397 0.0000000000
21993  -28.978  -63.144  51.017 0.0000000000
20181  -30.646  -64.849  54.008 0.0000000000
20182  -32.046  -64.472  53.452 0.0000000000
20183  -33.374  -64.324  53.634 0.0000000000
27279  -36.903  -56.739  47.780 0.0000000000
26314  -36.970  -57.297  48.234 0.0000000000
26292  -37.051  -57.774  49.577 0.0000000000
26303  -37.183  -57.221  49.364 0.0000000000
28965  -36.979  -54.905  49.404 0.0000000000
28142  -37.030  -55.328  49.830 0.0000000000
26281  -37.620  -57.057  50.868 0.0000000000
27188  -38.479  -56.495  54.830 0.0000000000
28917  -38.868  -54.673  55.487 0.0000000000
28918  -39.155  -54.352  55.774 0.0000000000
28906  -39.415  -54.559  56.696 0.0000000000
29674  -39.664  -53.991  56.096 0.0000000000
29665  -40.283  -53.744  56.614 0.0000000000
20196  -26.962  -64.847  52.492 0.0000000000
33606  -50.863  -48.492  51.604 0.0000000000
34440  -51.371  -47.598  50.858 0.0000000000
33608  -52.553  -47.291  51.765 0.0000000000
34441  -52.162  -46.963  51.058 0.0000000000
35359  -48.679  -46.328  48.040 0.0000000000
34482  -49.121  -46.807  48.633 0.0000000000
35347  -50.727  -45.929  49.462 0.0000000000
35334  -52.018  -45.918  50.528 0.0000000000
36245  -51.749  -45.153  49.900 0.0000000000
37176  -51.844  -44.455  49.250 0.0000000000
44758  -50.923  -35.013  41.587 0.0000000000
44009  -50.782  -35.641  42.056 0.0000000000
43999  -51.519  -35.569  42.820 0.0000000000
44771  -52.278  -35.014  41.287 0.0000000000
44750  -52.842  -34.337  43.079 0.0000000000
16362  -10.534  -69.545  54.886 0.0000000000
17106  -10.158  -68.527  54.437 0.0000000000
16372  -9.960  -69.578  53.714 0.0000000000
40133  -43.857  -41.256  40.255 0.0000000000
40145  -43.427  -40.661  39.834 0.0000000000
41777  -43.989  -39.283  39.923 0.0000000000
41778  -44.498  -39.222  40.160 0.0000000000
43250  -44.706  -37.949  39.187 0.0000000000
43269  -45.404  -37.446  38.916 0.0000000000
43252  -46.450  -37.672  39.725 0.0000000000
43270  -46.004  -37.560  39.179 0.0000000000
44050  -46.371  -36.817  38.975 0.0000000000
45554  -47.727  -35.016  38.491 0.0000000000
44797  -48.003  -35.159  39.192 0.0000000000
45555  -48.762  -34.917  38.865 0.0000000000
45539  -49.073  -34.953  39.335 0.0000000000
45556  -49.860  -34.895  38.540 0.0000000000
45577  -51.429  -34.832  37.597 0.0000000000
45579  -53.751  -34.532  37.726 0.0000000000
45599  -53.711  -34.010  36.878 0.0000000000
46357  -52.797  -33.475  35.539 0.0000000000
46364  -52.527  -33.082  35.000 0.0000000000
17126  -14.019  -68.019  53.481 0.0000000000
88674  -17.158  -68.484  55.441 0.0000000000
88673  -16.792  -68.517  55.519 0.0000000000
16324  -16.936  -69.996  58.815 0.0000000000
17082  -14.984  -68.929  56.312 0.0000000000
17081  -13.760  -68.801  56.437 0.0000000000
16336  -12.151  -69.621  56.977 0.0000000000
16351  -12.446  -68.892  56.530 0.0000000000
16350  -11.845  -69.133  56.474 0.0000000000
16363  -11.261  -69.111  55.607 0.0000000000
32794  -50.904  -50.091  55.716 0.0000000000
32801  -50.143  -50.088  54.955 0.0000000000
30467  -45.413  -52.142  56.080 0.0000000000
30455  -45.620  -51.906  56.789 0.0000000000
31292  -46.887  -51.566  55.919 0.0000000000
31283  -47.350  -51.007  56.377 0.0000000000
32068  -47.732  -50.830  53.117 0.0000000000
31317  -46.945  -51.155  53.441 0.0000000000
31306  -48.332  -50.778  54.592 0.0000000000
32062  -48.964  -50.508  54.460 0.0000000000
31319  -48.550  -50.627  53.942 0.0000000000
32818  -49.111  -50.152  52.950 0.0000000000
32811  -49.421  -50.094  53.365 0.0000000000
32813  -50.416  -49.791  54.186 0.0000000000
32828  -49.473  -49.643  51.805 0.0000000000
32846  -48.456  -49.031  50.153 0.0000000000
32857  -45.929  -49.712  48.302 0.0000000000
32858  -47.121  -49.799  48.947 0.0000000000
34494  -45.523  -48.037  46.878 0.0000000000
33666  -46.337  -48.331  47.678 0.0000000000
34527  -45.045  -46.967  44.453 0.0000000000
35406  -44.640  -46.004  43.548 0.0000000000
33696  -41.987  -49.249  43.761 0.0000000000
33711  -42.426  -48.650  43.341 0.0000000000
33712  -42.919  -48.479  43.862 0.0000000000
34549  -42.223  -48.066  42.446 0.0000000000
35414  -42.279  -46.829  41.660 0.0000000000
35404  -43.661  -46.924  42.790 0.0000000000
37239  -42.873  -44.971  41.656 0.0000000000
18634  -28.358  -66.616  55.203 0.0000000000
18635  -28.836  -66.664  55.606 0.0000000000
18617  -29.963  -67.062  57.235 0.0000000000
19371  -31.067  -66.536  57.577 0.0000000000
18611  -31.305  -66.916  58.920 0.0000000000
22885  -32.582  -61.244  49.703 0.0000000000
22018  -32.444  -61.975  50.624 0.0000000000
21997  -32.654  -62.336  51.114 0.0000000000
21979  -32.579  -62.775  51.656 0.0000000000
21050  -34.438  -63.299  52.634 0.0000000000
21033  -34.734  -63.681  53.176 0.0000000000
20184  -34.372  -64.158  53.703 0.0000000000
20185  -35.128  -63.942  53.691 0.0000000000
24528  -35.998  -59.214  48.624 0.0000000000
24500  -35.391  -60.188  50.226 0.0000000000
24481  -37.465  -59.203  53.016 0.0000000000
24480  -37.144  -60.063  52.977 0.0000000000
21983  -36.099  -62.444  52.646 0.0000000000
21004  -36.575  -63.531  54.758 0.0000000000
20163  -35.888  -64.352  55.017 0.0000000000
20156  -36.448  -64.400  56.119 0.0000000000
20984  -37.245  -63.365  57.636 0.0000000000
21910  -37.446  -62.460  58.934 0.0000000000
28041  -39.050  -56.020  57.882 0.0000000000
20228  -24.294  -64.721  50.744 0.0000000000
20246  -23.598  -64.539  49.662 0.0000000000
19453  -22.908  -65.506  50.638 0.0000000000
20263  -21.999  -64.283  49.079 0.0000000000
20244  -21.548  -64.959  49.879 0.0000000000
20225  -21.988  -65.292  50.200 0.0000000000
19432  -21.763  -65.934  50.868 0.0000000000
17131  -24.988  -68.629  54.373 0.0000000000
33573  -53.269  -47.980  53.882 0.0000000000
38191  -44.829  -43.665  43.283 0.0000000000
39187  -44.843  -42.747  42.784 0.0000000000
38193  -45.993  -43.224  44.051 0.0000000000
39168  -46.965  -43.079  44.362 0.0000000000
38182  -47.257  -43.588  44.717 0.0000000000
40948  -46.676  -40.742  43.168 0.0000000000
39160  -48.710  -42.449  45.246 0.0000000000
38174  -49.146  -43.133  45.695 0.0000000000
39149  -49.877  -42.810  46.398 0.0000000000
39138  -50.808  -42.439  47.559 0.0000000000
44007  -48.915  -36.947  42.398 0.0000000000
43226  -48.236  -37.282  42.189 0.0000000000
43996  -49.013  -37.095  42.892 0.0000000000
43185  -49.660  -37.538  44.899 0.0000000000
43201  -49.252  -37.394  44.085 0.0000000000
42457  -49.283  -38.269  44.871 0.0000000000
42444  -49.712  -38.387  45.446 0.0000000000
47136  -57.821  -31.850  35.774 0.0000000000
47936  -55.081  -31.537  34.069 0.0000000000
47951  -57.936  -30.809  34.344 0.0000000000
47938  -56.816  -31.218  34.493 0.0000000000
47939  -57.598  -31.112  34.660 0.0000000000
89121  -58.481  -31.411  35.491 0.0000000000
49435  -59.392  -30.242  34.777 0.0000000000
49443  -59.406  -29.456  33.904 0.0000000000
49436  -60.402  -29.400  35.105 0.0000000000
50165  -57.263  -27.645  31.584 0.0000000000
49463  -56.981  -28.422  31.671 0.0000000000
49453  -58.203  -28.834  32.486 0.0000000000
50154  -58.772  -27.843  32.637 0.0000000000
50882  -61.767  -26.432  34.291 0.0000000000
30576  -36.510  -53.340  48.735 0.0000000000
30538  -37.844  -52.938  50.579 0.0000000000
35385  -46.280  -46.087  44.963 0.0000000000
36288  -46.276  -45.289  44.424 0.0000000000
37220  -45.799  -44.493  44.163 0.0000000000
45547  -57.300  -34.520  39.953 0.0000000000
89075  -57.720  -34.094  39.576 0.0000000000
89071  -58.670  -33.788  39.821 0.0000000000
89067  -57.795  -33.571  38.593 0.0000000000
88709  -18.298  -66.470  50.227 0.0000000000
30584  -44.089  -51.385  48.447 0.0000000000
31381  -44.487  -50.774  48.212 0.0000000000
32126  -44.353  -50.641  46.962 0.0000000000
17859  -26.653  -68.263  55.964 0.0000000000
19383  -33.457  -65.430  56.111 0.0000000000
20144  -35.673  -65.300  57.939 0.0000000000
25318  -38.097  -58.775  54.892 0.0000000000
24439  -37.863  -59.926  57.707 0.0000000000
19400  -26.105  -65.912  53.428 0.0000000000
17896  -25.875  -67.249  54.200 0.0000000000
18632  -26.825  -67.033  54.824 0.0000000000
42518  -46.222  -38.147  40.561 0.0000000000
42495  -46.571  -38.599  41.739 0.0000000000
42496  -47.109  -38.162  41.827 0.0000000000
43215  -47.866  -37.812  42.873 0.0000000000
30464  -42.794  -52.953  54.894 0.0000000000
30560  -41.034  -52.590  49.436 0.0000000000
30561  -42.034  -52.322  49.340 0.0000000000
20200  -31.582  -64.092  52.813 0.0000000000
28122  -36.964  -54.834  50.178 0.0000000000
27222  -37.932  -56.302  52.532 0.0000000000
28071  -38.477  -55.475  54.471 0.0000000000
28926  -38.731  -54.566  54.799 0.0000000000
29685  -38.838  -54.131  54.685 0.0000000000
29676  -41.239  -53.403  55.248 0.0000000000
29677  -42.168  -53.232  55.364 0.0000000000
21061  -26.428  -63.833  51.439 0.0000000000
33622  -49.752  -48.423  50.608 0.0000000000
34449  -50.072  -47.681  49.917 0.0000000000
35360  -49.436  -46.105  48.378 0.0000000000
36254  -49.222  -45.662  47.867 0.0000000000
36255  -49.771  -45.426  48.140 0.0000000000
36256  -50.421  -45.067  48.515 0.0000000000
37187  -51.049  -44.421  48.475 0.0000000000
37199  -51.116  -43.979  48.138 0.0000000000
44768  -49.591  -35.293  40.564 0.0000000000
44773  -54.221  -35.079  41.764 0.0000000000
44761  -53.587  -34.783  42.436 0.0000000000
50130  -61.837  -29.561  36.656 0.0000000000
44806  -46.765  -35.304  38.288 0.0000000000
44796  -47.265  -35.325  38.703 0.0000000000
46345  -52.357  -33.883  36.160 0.0000000000
15539  -15.928  -70.595  58.531 0.0000000000
16326  -13.509  -69.771  57.771 0.0000000000
16325  -13.104  -69.849  57.686 0.0000000000
15543  -12.291  -70.140  57.208 0.0000000000
14678  -11.985  -71.066  56.737 0.0000000000
13803  -12.188  -72.146  55.883 0.0000000000
30494  -44.929  -52.346  54.267 0.0000000000
32077  -47.407  -50.819  52.501 0.0000000000
32069  -48.320  -50.582  53.304 0.0000000000
32087  -48.315  -50.388  52.332 0.0000000000
32827  -48.759  -50.209  52.027 0.0000000000
33679  -44.948  -48.503  46.693 0.0000000000
34506  -45.181  -47.950  46.394 0.0000000000
35394  -44.612  -46.783  43.844 0.0000000000
19355  -32.110  -66.738  59.732 0.0000000000
18602  -31.630  -66.976  59.642 0.0000000000
23690  -33.178  -60.779  49.425 0.0000000000
22851  -33.398  -61.899  50.785 0.0000000000
21998  -33.695  -62.360  51.377 0.0000000000
21982  -35.333  -62.761  52.365 0.0000000000
23648  -37.438  -60.563  54.007 0.0000000000
23638  -37.299  -61.103  54.435 0.0000000000
21939  -36.955  -62.628  54.982 0.0000000000
20993  -36.973  -63.442  55.959 0.0000000000
20983  -36.851  -64.098  57.199 0.0000000000
19435  -24.164  -65.621  51.434 0.0000000000
19452  -22.218  -65.588  50.507 0.0000000000
19433  -22.505  -65.910  51.064 0.0000000000
18677  -22.872  -66.358  51.633 0.0000000000
17910  -22.743  -67.394  52.779 0.0000000000
17100  -25.780  -69.169  55.498 0.0000000000
16367  -25.504  -69.414  55.398 0.0000000000
39188  -45.390  -42.020  42.819 0.0000000000
40096  -45.923  -41.755  43.231 0.0000000000
40940  -47.616  -40.487  44.149 0.0000000000
39162  -49.925  -42.269  46.258 0.0000000000
40078  -49.776  -41.648  45.937 0.0000000000
40070  -50.421  -41.703  47.064 0.0000000000
43967  -50.302  -36.965  45.107 0.0000000000
43186  -50.081  -37.420  45.334 0.0000000000
47134  -55.207  -32.694  35.264 0.0000000000
47144  -55.626  -32.020  34.762 0.0000000000
47950  -57.367  -30.773  34.078 0.0000000000
48702  -58.315  -30.372  33.925 0.0000000000
51649  -56.287  -26.407  31.072 0.0000000000
52350  -60.876  -24.463  31.139 0.0000000000
30489  -40.705  -53.098  52.650 0.0000000000
30490  -41.527  -53.099  52.734 0.0000000000
30580  -40.265  -52.482  48.613 0.0000000000
22015  -30.051  -62.396  50.122 0.0000000000
28971  -36.418  -54.722  47.829 0.0000000000
28964  -36.793  -54.555  48.831 0.0000000000
28958  -36.927  -54.475  49.776 0.0000000000
29740  -36.800  -53.703  49.362 0.0000000000
28952  -37.016  -54.400  50.559 0.0000000000
29706  -37.983  -54.141  52.633 0.0000000000
36263  -48.185  -45.707  46.836 0.0000000000
36274  -48.666  -45.100  46.210 0.0000000000
37215  -48.279  -44.278  45.569 0.0000000000
45542  -51.430  -34.957  39.367 0.0000000000
44787  -53.978  -35.311  40.879 0.0000000000
44774  -55.354  -35.132  41.947 0.0000000000
89065  -58.569  -33.473  39.011 0.0000000000
89094  -59.996  -31.876  37.061 0.0000000000
88703  -17.823  -66.749  50.617 0.0000000000
88702  -17.246  -67.108  51.041 0.0000000000
88700  -16.845  -67.606  51.669 0.0000000000
88681  -16.241  -68.241  53.773 0.0000000000
31355  -46.018  -51.214  50.693 0.0000000000
32115  -46.131  -50.328  48.979 0.0000000000
32875  -45.168  -49.630  47.673 0.0000000000
32128  -44.870  -50.152  47.911 0.0000000000
33699  -43.850  -48.400  44.844 0.0000000000
19392  -31.378  -65.445  55.240 0.0000000000
19356  -32.767  -66.532  59.667 0.0000000000
23714  -33.268  -60.341  48.847 0.0000000000
23691  -34.133  -60.616  49.758 0.0000000000
23674  -34.941  -60.903  50.406 0.0000000000
24472  -37.636  -59.753  53.927 0.0000000000
23639  -37.558  -60.539  54.640 0.0000000000
23632  -37.558  -60.804  55.585 0.0000000000
22811  -37.497  -61.524  56.757 0.0000000000
23606  -37.703  -60.666  59.452 0.0000000000
20247  -24.302  -63.959  49.763 0.0000000000
19436  -24.671  -65.376  51.874 0.0000000000
17875  -25.685  -68.150  54.659 0.0000000000
17118  -25.934  -68.653  55.357 0.0000000000
40990  -45.290  -40.083  41.095 0.0000000000
40975  -45.813  -40.396  41.910 0.0000000000
40976  -46.103  -39.753  41.994 0.0000000000
40961  -46.859  -39.742  42.811 0.0000000000
41720  -47.699  -39.659  43.995 0.0000000000
41721  -48.338  -39.494  44.482 0.0000000000
41710  -48.923  -39.720  45.146 0.0000000000
47946  -53.879  -31.382  33.379 0.0000000000
47947  -54.606  -31.049  33.306 0.0000000000
51661  -56.447  -25.782  30.954 0.0000000000
52335  -58.709  -25.535  31.273 0.0000000000
52348  -59.128  -24.991  30.909 0.0000000000
53039  -57.450  -24.766  30.253 0.0000000000
53041  -59.745  -24.577  30.291 0.0000000000
30466  -44.574  -52.535  55.820 0.0000000000
30509  -42.910  -52.665  52.136 0.0000000000
19388  -27.604  -65.999  54.151 0.0000000000
19403  -28.957  -65.695  54.028 0.0000000000
20162  -34.764  -64.887  55.294 0.0000000000
26331  -36.613  -57.474  47.241 0.0000000000
25383  -36.622  -58.361  48.226 0.0000000000
28177  -36.945  -55.729  48.240 0.0000000000
27267  -37.218  -56.386  49.403 0.0000000000
26293  -37.285  -57.236  50.050 0.0000000000
26254  -38.363  -57.589  54.812 0.0000000000
26241  -38.583  -57.453  55.619 0.0000000000
28048  -39.243  -54.938  57.243 0.0000000000
29653  -39.740  -54.188  57.293 0.0000000000
29654  -40.115  -53.842  57.382 0.0000000000
29686  -39.203  -53.887  55.021 0.0000000000
30442  -42.566  -53.028  57.416 0.0000000000
21090  -24.856  -63.271  49.956 0.0000000000
21060  -25.651  -64.080  51.466 0.0000000000
33571  -51.396  -49.016  53.917 0.0000000000
33590  -52.442  -47.729  52.582 0.0000000000
34465  -50.215  -46.985  49.456 0.0000000000
34451  -51.559  -46.789  50.481 0.0000000000
35326  -52.493  -46.196  51.111 0.0000000000
44008  -49.739  -36.335  41.931 0.0000000000
44759  -51.771  -34.839  41.899 0.0000000000
45520  -52.963  -34.326  42.790 0.0000000000
44749  -52.136  -34.803  42.847 0.0000000000
44741  -52.147  -35.312  43.474 0.0000000000
17107  -10.892  -68.311  55.228 0.0000000000
38200  -43.708  -43.998  42.022 0.0000000000
38212  -43.865  -43.438  41.670 0.0000000000
40134  -44.463  -40.997  40.590 0.0000000000
41001  -43.516  -39.895  39.774 0.0000000000
40989  -44.697  -40.212  40.552 0.0000000000
41766  -44.887  -39.381  40.500 0.0000000000
41767  -45.423  -39.191  40.951 0.0000000000
42503  -45.264  -38.782  40.488 0.0000000000
42517  -45.669  -38.320  40.155 0.0000000000
44036  -47.368  -36.808  40.022 0.0000000000
44781  -48.312  -35.357  39.785 0.0000000000
44782  -49.020  -35.098  39.753 0.0000000000
45541  -50.419  -34.960  39.304 0.0000000000
46331  -55.554  -33.864  37.546 0.0000000000
46347  -54.158  -33.632  36.349 0.0000000000
46358  -53.655  -33.271  35.452 0.0000000000
47132  -53.724  -32.957  35.080 0.0000000000
47150  -52.736  -32.080  33.930 0.0000000000
88691  -17.360  -68.040  53.700 0.0000000000
88682  -16.784  -68.207  53.917 0.0000000000
88667  -17.264  -69.572  57.832 0.0000000000
16340  -16.720  -69.428  57.547 0.0000000000
16328  -15.910  -69.938  58.323 0.0000000000
17083  -16.195  -68.861  56.333 0.0000000000
17080  -12.888  -68.757  56.377 0.0000000000
15567  -10.760  -70.386  54.803 0.0000000000
14691  -10.989  -71.186  54.574 0.0000000000
31281  -46.009  -51.491  57.491 0.0000000000
32051  -48.024  -50.609  55.728 0.0000000000
32053  -49.640  -50.327  55.774 0.0000000000
32071  -49.352  -50.275  54.221 0.0000000000
32838  -49.274  -48.985  51.204 0.0000000000
33648  -47.528  -48.428  48.495 0.0000000000
34480  -47.717  -47.873  48.247 0.0000000000
34517  -45.907  -46.711  45.382 0.0000000000
35395  -45.203  -46.129  44.069 0.0000000000
31430  -42.941  -51.306  45.235 0.0000000000
32903  -43.041  -50.262  44.910 0.0000000000
32917  -42.985  -48.986  44.876 0.0000000000
33698  -43.374  -48.418  44.391 0.0000000000
34536  -43.266  -47.966  43.411 0.0000000000
36307  -42.580  -45.679  41.519 0.0000000000
36297  -43.683  -45.948  42.642 0.0000000000
36309  -43.635  -45.178  42.529 0.0000000000
18623  -28.344  -67.007  56.001 0.0000000000
18624  -29.240  -66.770  56.154 0.0000000000
22016  -31.157  -62.327  50.344 0.0000000000
21996  -31.688  -62.541  51.027 0.0000000000
21067  -32.149  -62.781  51.513 0.0000000000
21049  -33.473  -63.289  52.437 0.0000000000
23664  -35.507  -61.114  51.026 0.0000000000
23665  -36.159  -60.842  51.423 0.0000000000
22854  -35.706  -61.554  51.437 0.0000000000
22841  -35.498  -62.063  51.717 0.0000000000
21966  -35.668  -63.080  52.891 0.0000000000
21018  -36.200  -63.343  53.921 0.0000000000
20186  -35.507  -63.761  53.705 0.0000000000
20172  -35.564  -63.991  54.139 0.0000000000
20145  -36.326  -64.677  58.191 0.0000000000
20243  -20.510  -64.929  49.527 0.0000000000
19431  -21.280  -65.892  50.727 0.0000000000
18691  -20.768  -65.907  50.695 0.0000000000
17891  -21.321  -67.928  53.848 0.0000000000
17116  -24.678  -69.204  54.655 0.0000000000
38180  -46.037  -43.867  44.228 0.0000000000
37206  -48.789  -44.192  45.971 0.0000000000
40109  -46.040  -41.077  43.036 0.0000000000
39180  -47.008  -41.783  44.002 0.0000000000
40087  -47.584  -41.349  44.297 0.0000000000
39169  -47.440  -42.615  44.499 0.0000000000
39159  -48.084  -42.825  45.099 0.0000000000
38173  -48.586  -43.461  45.493 0.0000000000
38163  -49.061  -43.710  46.027 0.0000000000
37208  -49.757  -43.924  46.955 0.0000000000
38156  -50.556  -43.169  47.347 0.0000000000
39150  -50.214  -42.506  46.878 0.0000000000
43237  -47.998  -37.291  41.602 0.0000000000
43217  -48.988  -37.374  43.588 0.0000000000
43200  -48.597  -37.750  43.986 0.0000000000
42469  -48.076  -38.261  44.082 0.0000000000
42456  -48.718  -38.655  44.503 0.0000000000
41711  -49.768  -39.439  45.743 0.0000000000
41703  -50.120  -40.191  46.267 0.0000000000
40925  -50.505  -40.701  47.028 0.0000000000
47145  -56.426  -31.731  34.869 0.0000000000
47929  -57.178  -31.621  35.103 0.0000000000
89111  -60.591  -30.529  36.390 0.0000000000
49428  -60.848  -29.784  35.877 0.0000000000
50129  -61.166  -29.275  35.748 0.0000000000
50146  -59.798  -27.908  33.651 0.0000000000
52328  -61.046  -25.069  32.340 0.0000000000
52338  -61.316  -24.850  31.506 0.0000000000
15536  -13.247  -70.026  57.889 0.0000000000
15544  -12.910  -70.242  57.661 0.0000000000
15545  -13.235  -70.719  57.800 0.0000000000
18692  -20.999  -65.956  50.790 0.0000000000
19450  -21.060  -65.712  50.498 0.0000000000
19451  -21.590  -65.555  50.381 0.0000000000
21017  -35.791  -63.614  53.805 0.0000000000
21034  -35.494  -63.430  53.210 0.0000000000
21035  -35.908  -63.347  53.522 0.0000000000
22865  -32.364  -61.711  50.150 0.0000000000
28959  -36.947  -54.865  49.673 0.0000000000
29724  -37.039  -54.037  50.644 0.0000000000
31294  -48.063  -50.823  55.222 0.0000000000
31410  -43.740  -51.135  46.190 0.0000000000
31447  -42.706  -51.047  44.676 0.0000000000
32070  -49.027  -50.289  53.623 0.0000000000
32127  -44.542  -50.358  47.386 0.0000000000
35386  -46.834  -45.931  45.345 0.0000000000
39177  -45.139  -43.166  43.378 0.0000000000
40097  -46.591  -41.265  43.387 0.0000000000
40959  -45.945  -40.662  42.346 0.0000000000
42505  -46.185  -38.432  41.201 0.0000000000
42519  -46.504  -38.123  40.874 0.0000000000
43177  -50.493  -37.530  45.834 0.0000000000
43199  -48.017  -37.826  43.611 0.0000000000
43957  -50.609  -37.135  45.578 0.0000000000
43966  -49.879  -37.114  44.802 0.0000000000
44805  -46.192  -35.294  38.005 0.0000000000
45500  -53.367  -34.487  43.380 0.0000000000
45510  -53.152  -34.268  42.992 0.0000000000
45521  -53.162  -34.466  42.717 0.0000000000
47958  -54.064  -30.977  33.041 0.0000000000
48692  -58.792  -30.427  34.409 0.0000000000
88659  -17.109  -69.677  58.110 0.0000000000
