#!ascii label  , from subject 3972 vox2ras=TkReg
826
79246  36.791  9.984  38.807 0.0000000000
82613  43.633  17.406  40.245 0.0000000000
77028  43.065  6.092  46.025 0.0000000000
77605  32.533  7.815  40.597 0.0000000000
76524  35.872  5.404  41.469 0.0000000000
79853  38.187  11.174  33.879 0.0000000000
82618  36.911  16.813  40.551 0.0000000000
84336  38.375  20.861  38.393 0.0000000000
75862  42.007  4.618  49.157 0.0000000000
73332  41.819  0.291  45.277 0.0000000000
79815  43.876  11.077  34.973 0.0000000000
78145  41.197  8.095  40.494 0.0000000000
79228  43.653  11.082  42.286 0.0000000000
78652  40.690  9.750  46.687 0.0000000000
84380  38.696  19.197  33.838 0.0000000000
81477  38.938  14.520  36.587 0.0000000000
75300  38.313  3.313  44.251 0.0000000000
78165  34.374  9.286  39.831 0.0000000000
77054  34.401  6.175  41.141 0.0000000000
78149  36.042  8.202  40.186 0.0000000000
79819  37.958  11.101  35.741 0.0000000000
79259  34.120  10.610  38.195 0.0000000000
83186  34.896  17.792  41.330 0.0000000000
73986  39.495  1.450  48.204 0.0000000000
73315  41.072  0.767  46.884 0.0000000000
71355  39.951  -2.132  47.248 0.0000000000
83272  38.430  17.393  30.779 0.0000000000
80903  43.398  13.699  37.253 0.0000000000
79784  42.899  11.415  38.694 0.0000000000
80865  43.439  14.211  41.432 0.0000000000
79213  37.956  10.154  43.347 0.0000000000
79211  40.561  10.387  44.577 0.0000000000
78118  38.451  8.886  45.377 0.0000000000
77512  38.296  7.723  47.776 0.0000000000
84324  41.010  21.226  39.903 0.0000000000
83222  38.870  18.314  38.257 0.0000000000
82027  41.330  16.145  38.312 0.0000000000
80914  42.408  13.234  35.190 0.0000000000
77039  42.998  5.810  43.222 0.0000000000
76514  39.578  5.878  43.022 0.0000000000
75888  40.841  4.661  44.900 0.0000000000
75913  33.880  3.740  41.936 0.0000000000
74708  35.426  2.011  42.719 0.0000000000
80396  40.293  11.733  31.775 0.0000000000
79863  36.742  10.524  32.660 0.0000000000
83741  40.634  18.441  41.453 0.0000000000
81416  41.581  15.055  41.564 0.0000000000
83787  32.676  18.254  37.854 0.0000000000
83795  35.294  19.052  37.370 0.0000000000
83744  38.034  19.454  40.738 0.0000000000
76473  43.482  6.007  47.157 0.0000000000
75286  43.385  4.210  45.514 0.0000000000
73981  44.743  1.530  47.230 0.0000000000
72637  42.567  -0.297  45.708 0.0000000000
79294  40.144  10.558  36.432 0.0000000000
78160  39.304  8.769  39.192 0.0000000000
79251  42.323  9.150  38.180 0.0000000000
78143  43.953  7.908  40.579 0.0000000000
78130  43.997  8.737  43.892 0.0000000000
79758  42.406  13.081  44.031 0.0000000000
79201  42.065  11.538  46.181 0.0000000000
78095  42.492  9.620  47.037 0.0000000000
76979  41.678  6.850  48.951 0.0000000000
75840  39.962  4.776  50.349 0.0000000000
84394  37.255  19.171  32.367 0.0000000000
82715  37.559  16.525  32.613 0.0000000000
82665  37.644  17.164  35.456 0.0000000000
81511  37.546  14.149  34.201 0.0000000000
80939  40.047  12.656  33.824 0.0000000000
79850  41.130  11.209  33.531 0.0000000000
77581  38.408  6.865  41.179 0.0000000000
75904  37.429  4.412  43.316 0.0000000000
73343  36.909  0.963  43.239 0.0000000000
74026  40.273  1.727  45.256 0.0000000000
78710  36.133  10.001  39.409 0.0000000000
78150  34.937  8.322  40.126 0.0000000000
78163  36.579  8.911  39.596 0.0000000000
79275  37.060  10.664  37.449 0.0000000000
79800  36.548  11.010  36.886 0.0000000000
78725  35.763  10.405  39.023 0.0000000000
79248  34.561  10.413  38.918 0.0000000000
73274  39.100  0.583  48.754 0.0000000000
72625  39.225  -0.447  47.362 0.0000000000
71337  39.534  -1.732  48.158 0.0000000000
73358  34.269  0.347  41.910 0.0000000000
82024  43.496  16.234  38.624 0.0000000000
80894  43.144  13.939  38.663 0.0000000000
81426  43.491  15.473  40.545 0.0000000000
78683  36.056  9.953  43.670 0.0000000000
78669  37.772  9.202  44.602 0.0000000000
83755  42.450  19.747  39.843 0.0000000000
83220  41.325  18.121  39.143 0.0000000000
82632  43.016  17.123  38.510 0.0000000000
82037  42.744  15.446  37.499 0.0000000000
77032  43.569  5.548  44.522 0.0000000000
77033  42.119  5.751  44.145 0.0000000000
76492  42.107  5.558  45.469 0.0000000000
77585  31.366  7.043  41.066 0.0000000000
77056  32.137  6.289  41.306 0.0000000000
76525  34.995  5.421  41.465 0.0000000000
76526  33.971  5.414  41.445 0.0000000000
75924  34.678  4.653  41.718 0.0000000000
75311  35.037  3.313  42.309 0.0000000000
75310  35.823  3.370  42.470 0.0000000000
79861  39.562  11.354  33.137 0.0000000000
79871  38.323  10.710  31.767 0.0000000000
79862  38.236  10.967  32.928 0.0000000000
78167  32.135  9.188  39.637 0.0000000000
77606  31.598  7.776  40.656 0.0000000000
83198  38.491  17.589  40.813 0.0000000000
82615  39.779  16.679  40.699 0.0000000000
82006  37.187  15.823  40.162 0.0000000000
82606  35.989  17.469  41.492 0.0000000000
83730  35.821  18.349  41.258 0.0000000000
83183  37.482  18.298  41.430 0.0000000000
83726  39.360  19.228  41.469 0.0000000000
75861  43.058  4.523  47.871 0.0000000000
75859  45.560  4.242  47.037 0.0000000000
74661  43.287  2.655  47.785 0.0000000000
72002  41.693  -1.442  45.983 0.0000000000
72001  42.387  -0.667  45.987 0.0000000000
72008  42.756  -1.320  45.245 0.0000000000
79816  42.153  10.358  35.438 0.0000000000
79271  41.682  9.764  37.463 0.0000000000
79291  43.818  10.041  36.127 0.0000000000
79234  43.246  10.707  40.697 0.0000000000
78703  43.281  9.688  39.326 0.0000000000
78698  43.933  9.388  40.977 0.0000000000
78136  44.346  8.228  41.933 0.0000000000
78692  43.815  9.876  42.968 0.0000000000
80850  40.970  13.716  41.628 0.0000000000
80313  41.982  13.979  42.814 0.0000000000
79770  40.786  12.482  42.163 0.0000000000
78667  39.985  9.555  45.803 0.0000000000
79210  41.266  10.811  45.380 0.0000000000
78679  41.262  10.387  46.111 0.0000000000
78126  42.377  10.403  46.596 0.0000000000
78078  41.432  9.503  47.911 0.0000000000
77523  42.023  8.826  48.465 0.0000000000
77524  40.888  8.630  48.459 0.0000000000
76982  37.686  6.729  48.220 0.0000000000
76456  39.034  6.114  49.433 0.0000000000
83815  38.365  18.701  33.284 0.0000000000
83827  38.400  18.580  32.434 0.0000000000
83250  38.432  17.973  33.214 0.0000000000
84344  37.149  20.255  37.385 0.0000000000
84353  37.058  19.869  36.453 0.0000000000
84913  39.296  21.304  37.129 0.0000000000
82041  38.809  15.529  37.445 0.0000000000
83229  38.213  17.991  37.239 0.0000000000
82051  37.613  15.522  36.598 0.0000000000
81502  37.075  14.881  34.741 0.0000000000
80929  38.006  13.896  35.209 0.0000000000
80940  39.590  12.854  33.827 0.0000000000
80916  39.578  13.782  35.824 0.0000000000
80359  43.522  12.372  34.586 0.0000000000
80937  42.302  12.298  33.512 0.0000000000
79849  42.157  10.974  33.562 0.0000000000
79309  40.112  10.883  35.472 0.0000000000
78701  40.709  8.787  39.642 0.0000000000
77599  38.966  7.585  40.606 0.0000000000
77598  40.206  7.753  40.783 0.0000000000
75902  39.268  4.862  44.022 0.0000000000
76510  38.070  4.848  43.377 0.0000000000
75304  37.884  3.860  43.817 0.0000000000
74706  36.834  2.409  43.366 0.0000000000
74703  37.591  2.362  43.784 0.0000000000
74006  42.733  2.058  46.287 0.0000000000
74694  41.447  2.646  45.849 0.0000000000
73325  41.467  1.040  45.583 0.0000000000
78151  33.889  8.487  40.223 0.0000000000
77072  33.099  7.186  40.793 0.0000000000
77603  34.418  7.595  40.441 0.0000000000
77070  34.893  6.780  40.745 0.0000000000
77069  35.828  6.660  40.850 0.0000000000
79837  38.057  11.292  34.826 0.0000000000
78166  33.232  9.315  39.749 0.0000000000
74649  40.317  3.375  48.986 0.0000000000
73984  41.568  2.128  47.399 0.0000000000
74007  39.931  1.174  47.202 0.0000000000
72629  40.746  -0.456  46.491 0.0000000000
80348  43.700  12.101  36.283 0.0000000000
79786  43.723  11.066  37.399 0.0000000000
80339  43.036  12.483  37.848 0.0000000000
80335  42.752  12.829  39.426 0.0000000000
80312  43.447  13.414  42.173 0.0000000000
79761  38.133  11.281  42.242 0.0000000000
79760  39.499  11.292  42.452 0.0000000000
79212  39.264  10.121  43.793 0.0000000000
78668  38.915  9.322  45.008 0.0000000000
78098  39.546  9.008  46.355 0.0000000000
78066  39.523  8.453  47.787 0.0000000000
78080  38.802  8.362  47.149 0.0000000000
77526  37.347  7.721  46.975 0.0000000000
76983  36.566  6.449  47.768 0.0000000000
84373  37.315  19.129  34.496 0.0000000000
84326  39.433  20.724  39.330 0.0000000000
84335  39.536  21.001  38.516 0.0000000000
83221  40.112  18.667  39.030 0.0000000000
82028  40.208  16.180  38.249 0.0000000000
81462  40.386  14.774  37.202 0.0000000000
80915  40.881  13.673  35.639 0.0000000000
81474  41.824  13.995  36.416 0.0000000000
80913  43.369  13.455  36.007 0.0000000000
77571  42.244  6.730  42.278 0.0000000000
77573  40.035  6.617  42.152 0.0000000000
77040  41.546  6.140  42.990 0.0000000000
76508  40.082  5.433  43.806 0.0000000000
75899  39.869  4.447  44.802 0.0000000000
72642  42.440  -0.534  44.917 0.0000000000
72643  41.075  -0.171  44.613 0.0000000000
75314  32.216  3.210  42.007 0.0000000000
76527  32.889  5.438  41.468 0.0000000000
75925  33.577  4.418  41.713 0.0000000000
74715  32.869  2.513  42.005 0.0000000000
74714  33.830  2.469  42.170 0.0000000000
74041  34.332  1.625  42.308 0.0000000000
73350  35.437  0.621  42.466 0.0000000000
79877  40.190  10.615  30.476 0.0000000000
79327  37.432  10.429  30.818 0.0000000000
83723  42.517  18.944  41.359 0.0000000000
82603  42.741  17.187  41.332 0.0000000000
82604  41.684  16.940  41.432 0.0000000000
81427  40.648  14.950  41.093 0.0000000000
80328  39.115  13.118  40.788 0.0000000000
79772  38.646  11.837  41.676 0.0000000000
79762  37.131  11.509  42.273 0.0000000000
83797  33.543  18.745  37.084 0.0000000000
83784  35.627  18.971  37.976 0.0000000000
83772  36.975  19.322  39.098 0.0000000000
84327  38.449  20.283  39.301 0.0000000000
84313  39.454  20.550  40.214 0.0000000000
84311  41.250  21.158  40.864 0.0000000000
77015  42.571  7.058  46.948 0.0000000000
75886  42.738  4.972  45.275 0.0000000000
75884  45.166  4.949  45.110 0.0000000000
74674  45.010  3.012  46.408 0.0000000000
73323  43.440  0.941  46.343 0.0000000000
73295  43.078  0.947  47.259 0.0000000000
73313  43.221  0.640  46.658 0.0000000000
73331  42.437  0.020  45.557 0.0000000000
79255  38.474  10.143  38.351 0.0000000000
78708  38.160  9.491  38.931 0.0000000000
79254  39.510  10.002  38.208 0.0000000000
78721  40.856  9.497  38.701 0.0000000000
78700  41.885  8.563  39.498 0.0000000000
78719  43.556  9.730  38.067 0.0000000000
78704  42.869  9.100  39.105 0.0000000000
78144  42.671  7.910  40.378 0.0000000000
77577  43.918  7.384  41.197 0.0000000000
77565  44.322  6.552  43.720 0.0000000000
77027  44.218  6.246  45.520 0.0000000000
81414  43.295  14.842  41.951 0.0000000000
80303  43.177  13.753  42.818 0.0000000000
79757  43.296  12.770  43.236 0.0000000000
79759  41.264  11.986  43.290 0.0000000000
79752  42.120  12.493  44.884 0.0000000000
79208  43.407  11.713  45.234 0.0000000000
78687  43.652  9.722  45.090 0.0000000000
78113  43.329  8.675  45.446 0.0000000000
77562  42.737  7.633  46.373 0.0000000000
76998  42.311  7.394  48.116 0.0000000000
76474  42.425  6.543  47.991 0.0000000000
76437  41.684  5.407  49.896 0.0000000000
77511  39.820  8.145  48.387 0.0000000000
76964  40.260  5.980  50.064 0.0000000000
75234  40.766  4.398  49.680 0.0000000000
75235  39.991  3.598  50.008 0.0000000000
83261  38.355  17.515  31.970 0.0000000000
82112  37.311  15.515  31.417 0.0000000000
83783  38.930  19.035  37.135 0.0000000000
83236  39.420  18.530  34.714 0.0000000000
82681  37.256  16.469  34.115 0.0000000000
81520  37.158  15.207  33.316 0.0000000000
81527  37.673  14.209  32.007 0.0000000000
80952  39.510  12.430  32.148 0.0000000000
80384  40.336  11.930  33.170 0.0000000000
80926  41.362  13.011  34.352 0.0000000000
80382  41.020  11.909  33.069 0.0000000000
79851  40.159  11.376  33.568 0.0000000000
79310  39.400  11.000  35.369 0.0000000000
79295  39.070  10.672  36.341 0.0000000000
78148  37.117  7.972  39.862 0.0000000000
77600  37.777  7.373  40.479 0.0000000000
77051  36.932  6.235  41.441 0.0000000000
77049  38.849  6.456  41.909 0.0000000000
76522  37.255  5.871  41.996 0.0000000000
75910  36.486  4.379  42.421 0.0000000000
75306  36.562  3.288  42.962 0.0000000000
74034  36.369  1.539  43.158 0.0000000000
75887  41.286  4.458  45.238 0.0000000000
75898  40.538  3.918  45.110 0.0000000000
74700  39.732  2.507  45.018 0.0000000000
73333  40.393  0.727  44.832 0.0000000000
74028  38.561  1.602  44.376 0.0000000000
70668  40.949  -3.255  48.479 0.0000000000
70685  41.355  -4.058  47.185 0.0000000000
78709  37.132  9.566  38.958 0.0000000000
79256  37.374  10.159  38.463 0.0000000000
79257  36.335  10.488  38.572 0.0000000000
72614  39.072  -0.275  48.335 0.0000000000
82015  43.623  16.338  39.222 0.0000000000
81441  43.553  15.862  39.676 0.0000000000
82001  43.634  16.420  39.918 0.0000000000
83208  43.554  18.299  39.859 0.0000000000
83209  43.060  18.445  39.262 0.0000000000
82624  43.624  17.251  39.100 0.0000000000
82631  43.395  16.678  38.512 0.0000000000
77584  32.332  7.082  40.946 0.0000000000
75923  35.630  4.756  41.727 0.0000000000
75911  35.370  4.043  42.066 0.0000000000
78152  32.852  8.548  40.248 0.0000000000
78153  31.852  8.517  40.244 0.0000000000
83199  37.617  17.596  40.971 0.0000000000
82617  37.851  16.765  40.346 0.0000000000
83184  36.641  18.138  41.581 0.0000000000
83200  36.776  17.531  41.233 0.0000000000
83182  38.353  18.388  41.394 0.0000000000
75253  42.570  3.730  48.064 0.0000000000
72009  42.343  -2.011  45.495 0.0000000000
79307  42.799  10.441  35.142 0.0000000000
79292  42.655  9.991  36.115 0.0000000000
80315  40.227  12.960  41.336 0.0000000000
78666  40.818  9.922  46.544 0.0000000000
78116  41.644  10.329  47.065 0.0000000000
78097  40.978  9.598  47.054 0.0000000000
78079  40.419  8.890  47.753 0.0000000000
76458  37.352  5.577  48.228 0.0000000000
83808  37.721  19.066  33.899 0.0000000000
83816  36.987  18.767  33.245 0.0000000000
83249  39.015  18.544  33.477 0.0000000000
84337  37.219  20.048  38.332 0.0000000000
84343  38.049  20.893  37.686 0.0000000000
84901  38.580  21.306  37.857 0.0000000000
82042  38.123  15.733  37.222 0.0000000000
81478  38.163  14.724  36.433 0.0000000000
81490  37.727  14.400  35.831 0.0000000000
81489  38.444  14.181  36.084 0.0000000000
80928  38.772  13.607  35.293 0.0000000000
80917  38.896  13.970  35.997 0.0000000000
80358  43.668  11.416  34.033 0.0000000000
80369  43.336  11.742  33.354 0.0000000000
79832  43.275  10.654  34.374 0.0000000000
79833  42.320  10.663  34.502 0.0000000000
75900  38.924  3.899  44.528 0.0000000000
75903  38.522  4.371  43.979 0.0000000000
75301  37.870  2.831  43.959 0.0000000000
74702  38.161  2.380  44.215 0.0000000000
74022  42.069  1.701  46.070 0.0000000000
77602  35.448  7.435  40.469 0.0000000000
79820  36.832  11.181  35.907 0.0000000000
79277  34.919  10.838  37.480 0.0000000000
79801  35.741  11.167  36.723 0.0000000000
78712  33.713  10.136  39.025 0.0000000000
74664  40.127  2.417  48.464 0.0000000000
73985  40.531  1.871  47.481 0.0000000000
72004  39.612  -1.271  47.154 0.0000000000
72630  39.924  -0.683  46.859 0.0000000000
72003  40.353  -1.492  46.488 0.0000000000
71354  41.009  -2.754  46.309 0.0000000000
83840  38.923  18.160  31.486 0.0000000000
83839  39.481  18.743  30.947 0.0000000000
80884  43.155  14.143  40.100 0.0000000000
80326  43.127  13.115  40.927 0.0000000000
79222  37.500  10.788  42.669 0.0000000000
79221  38.729  10.627  42.890 0.0000000000
78681  38.463  9.613  44.150 0.0000000000
78117  39.210  9.139  45.574 0.0000000000
78099  38.078  8.414  46.008 0.0000000000
77513  36.974  7.241  47.460 0.0000000000
84325  40.122  21.025  39.691 0.0000000000
83758  40.062  20.630  39.111 0.0000000000
83212  40.424  19.572  39.261 0.0000000000
82633  41.902  17.075  38.653 0.0000000000
82634  40.703  17.178  38.703 0.0000000000
82039  40.819  15.388  37.766 0.0000000000
81461  41.379  14.711  37.160 0.0000000000
82038  41.898  15.373  37.703 0.0000000000
81459  43.300  14.824  36.964 0.0000000000
76505  41.014  4.984  44.657 0.0000000000
76507  41.173  5.509  43.998 0.0000000000
75327  32.327  3.969  41.786 0.0000000000
77071  33.913  6.936  40.728 0.0000000000
77055  33.255  6.375  41.163 0.0000000000
75313  33.234  3.452  41.933 0.0000000000
75312  34.226  3.219  42.163 0.0000000000
74713  34.921  2.426  42.468 0.0000000000
74040  35.195  1.481  42.575 0.0000000000
73351  34.673  0.854  42.329 0.0000000000
79321  37.811  10.497  31.304 0.0000000000
79872  36.716  10.388  31.595 0.0000000000
79864  35.304  10.553  32.486 0.0000000000
83724  41.538  18.995  41.478 0.0000000000
83180  42.114  18.037  41.395 0.0000000000
83181  41.140  17.786  41.418 0.0000000000
82003  40.227  15.773  40.783 0.0000000000
81428  39.723  14.785  40.582 0.0000000000
80317  37.883  12.586  41.110 0.0000000000
79773  37.530  11.910  41.792 0.0000000000
83798  32.534  18.804  36.905 0.0000000000
83785  34.762  18.456  37.954 0.0000000000
83774  35.143  18.297  38.707 0.0000000000
83773  36.160  18.959  38.749 0.0000000000
83729  36.528  18.520  41.283 0.0000000000
83745  37.239  19.071  40.715 0.0000000000
83760  37.308  19.343  39.816 0.0000000000
83759  37.938  19.653  40.147 0.0000000000
84314  38.696  20.114  40.062 0.0000000000
84301  38.796  19.875  40.667 0.0000000000
84299  40.338  20.328  41.249 0.0000000000
83725  40.498  19.358  41.552 0.0000000000
84297  42.353  19.819  41.370 0.0000000000
76997  42.724  6.614  47.315 0.0000000000
76491  43.179  6.171  46.106 0.0000000000
76490  44.501  5.747  45.886 0.0000000000
74659  45.410  2.610  47.057 0.0000000000
75264  46.012  3.492  46.358 0.0000000000
74003  44.909  1.666  46.809 0.0000000000
74004  44.324  1.758  46.557 0.0000000000
73312  43.992  0.910  46.563 0.0000000000
73297  41.281  1.548  47.135 0.0000000000
73983  42.660  1.888  47.505 0.0000000000
73296  42.030  1.342  47.043 0.0000000000
72627  42.510  0.148  46.193 0.0000000000
72015  44.196  -0.902  44.874 0.0000000000
79273  39.262  10.351  37.377 0.0000000000
79272  40.402  10.280  37.442 0.0000000000
79799  41.890  9.444  37.623 0.0000000000
79253  40.436  9.673  38.426 0.0000000000
79252  41.498  9.392  38.287 0.0000000000
78705  41.039  9.167  39.009 0.0000000000
79241  41.862  8.845  38.712 0.0000000000
79269  44.116  9.916  37.334 0.0000000000
79250  43.436  10.274  38.260 0.0000000000
78699  43.112  8.647  39.773 0.0000000000
77596  43.516  7.575  40.790 0.0000000000
77570  44.155  6.661  42.601 0.0000000000
77566  44.254  7.434  44.085 0.0000000000
77559  44.380  6.777  44.363 0.0000000000
77560  43.848  7.562  45.160 0.0000000000
81993  42.186  16.021  41.530 0.0000000000
81992  43.083  16.024  41.316 0.0000000000
81415  42.554  14.992  42.015 0.0000000000
80304  42.510  13.647  43.180 0.0000000000
80837  43.002  14.150  42.882 0.0000000000
79220  40.133  10.751  43.420 0.0000000000
79219  41.082  11.048  44.262 0.0000000000
79202  41.826  11.478  45.889 0.0000000000
79745  41.655  11.539  45.524 0.0000000000
79736  42.348  11.686  45.857 0.0000000000
78676  43.084  11.137  45.595 0.0000000000
78686  43.720  10.507  44.740 0.0000000000
78677  42.896  10.497  45.603 0.0000000000
78114  42.620  9.066  46.099 0.0000000000
77543  42.502  8.699  46.694 0.0000000000
77544  42.475  8.071  47.022 0.0000000000
77510  41.228  8.042  48.853 0.0000000000
76455  42.434  5.671  48.532 0.0000000000
76968  41.661  6.102  49.576 0.0000000000
78067  39.061  8.259  47.813 0.0000000000
76981  38.941  7.049  48.937 0.0000000000
76439  39.608  5.528  49.965 0.0000000000
76970  39.808  6.429  49.603 0.0000000000
76433  40.370  5.399  50.269 0.0000000000
76432  41.025  5.362  50.293 0.0000000000
75223  40.267  4.360  50.277 0.0000000000
84395  36.091  19.870  32.460 0.0000000000
84393  38.110  18.907  32.142 0.0000000000
83782  39.360  19.741  37.711 0.0000000000
83228  38.743  18.814  37.659 0.0000000000
82657  37.467  16.838  36.412 0.0000000000
83233  38.276  17.912  36.061 0.0000000000
83237  38.552  17.886  35.100 0.0000000000
82680  37.761  17.231  34.570 0.0000000000
82666  37.172  16.472  34.936 0.0000000000
81512  37.074  14.938  33.966 0.0000000000
81519  37.487  14.239  33.191 0.0000000000
80953  38.405  13.178  32.597 0.0000000000
80947  38.354  13.268  33.608 0.0000000000
80946  39.528  12.484  33.041 0.0000000000
80383  40.231  12.167  33.271 0.0000000000
80381  42.230  11.714  33.270 0.0000000000
79836  39.120  11.253  34.780 0.0000000000
79835  40.167  11.130  34.492 0.0000000000
79274  38.195  10.576  37.480 0.0000000000
78707  39.083  9.125  38.873 0.0000000000
78162  37.623  8.744  39.365 0.0000000000
78161  38.646  8.719  39.297 0.0000000000
77582  37.401  6.691  40.998 0.0000000000
77583  36.851  6.618  40.948 0.0000000000
77048  39.573  6.489  42.166 0.0000000000
77042  39.234  6.143  42.540 0.0000000000
76516  37.720  5.376  42.664 0.0000000000
75909  37.110  4.832  42.752 0.0000000000
76517  36.941  5.056  42.501 0.0000000000
75905  36.919  3.861  43.122 0.0000000000
73349  36.343  0.665  42.794 0.0000000000
75287  42.151  3.696  45.865 0.0000000000
74695  40.535  2.575  45.472 0.0000000000
75288  40.984  3.434  45.422 0.0000000000
75298  40.090  3.386  45.183 0.0000000000
72644  40.401  0.108  44.419 0.0000000000
78164  35.505  9.152  39.850 0.0000000000
79296  38.009  10.854  36.574 0.0000000000
79276  35.954  10.947  37.699 0.0000000000
79258  35.192  10.565  38.643 0.0000000000
79247  34.901  10.396  39.050 0.0000000000
78711  34.961  10.068  39.337 0.0000000000
74008  39.393  0.915  47.413 0.0000000000
73298  39.097  0.455  47.769 0.0000000000
71998  39.264  -1.087  47.884 0.0000000000
71356  39.537  -1.583  47.578 0.0000000000
81452  43.422  15.127  38.201 0.0000000000
81442  43.479  15.066  39.354 0.0000000000
78682  37.222  9.664  43.787 0.0000000000
78119  37.247  8.738  45.169 0.0000000000
83756  41.532  20.199  39.656 0.0000000000
83211  40.962  19.311  39.388 0.0000000000
83210  41.963  18.929  39.492 0.0000000000
83219  42.441  17.895  38.996 0.0000000000
82026  42.426  16.144  38.169 0.0000000000
82025  43.207  15.991  37.988 0.0000000000
77038  43.940  5.997  43.663 0.0000000000
76504  41.515  5.661  44.749 0.0000000000
76493  41.300  4.885  45.059 0.0000000000
75912  34.467  3.893  41.976 0.0000000000
74712  35.417  2.890  42.541 0.0000000000
80389  40.460  11.836  32.643 0.0000000000
79870  39.648  11.180  32.310 0.0000000000
78168  31.112  9.091  39.628 0.0000000000
77607  30.630  7.734  40.693 0.0000000000
83742  39.837  18.416  41.339 0.0000000000
83196  40.233  17.603  41.132 0.0000000000
83197  39.365  17.558  40.876 0.0000000000
82616  38.829  16.692  40.414 0.0000000000
83185  35.815  18.034  41.684 0.0000000000
83728  37.346  18.761  41.230 0.0000000000
83727  38.351  19.209  41.259 0.0000000000
76454  43.839  5.112  47.365 0.0000000000
76472  44.753  5.309  46.593 0.0000000000
75860  44.428  4.253  47.365 0.0000000000
75252  43.870  3.509  47.751 0.0000000000
74660  44.461  2.492  47.540 0.0000000000
72628  41.831  -0.188  46.344 0.0000000000
79293  41.373  10.431  36.297 0.0000000000
79270  42.942  9.629  37.452 0.0000000000
79780  42.848  11.775  40.215 0.0000000000
79239  42.980  10.649  39.425 0.0000000000
80866  41.029  14.361  41.463 0.0000000000
80849  41.696  14.274  42.177 0.0000000000
80314  41.450  13.272  42.511 0.0000000000
80305  41.853  13.156  43.419 0.0000000000
78678  42.267  10.886  46.596 0.0000000000
78127  41.979  10.838  46.999 0.0000000000
78115  42.369  10.266  47.140 0.0000000000
78096  42.249  9.782  47.733 0.0000000000
76457  38.337  6.009  48.818 0.0000000000
76440  38.798  5.302  49.438 0.0000000000
84382  36.077  19.307  33.024 0.0000000000
84381  36.759  19.027  32.865 0.0000000000
83828  37.760  18.688  32.806 0.0000000000
84345  36.147  19.554  37.251 0.0000000000
84354  35.609  19.307  36.478 0.0000000000
84352  38.480  20.683  36.747 0.0000000000
82636  38.543  16.689  37.968 0.0000000000
83223  38.244  17.253  37.812 0.0000000000
82647  37.893  16.577  37.449 0.0000000000
82052  37.184  15.927  35.992 0.0000000000
82063  36.978  15.641  35.314 0.0000000000
81491  37.167  14.824  35.389 0.0000000000
81501  37.522  14.217  35.015 0.0000000000
80941  38.218  13.566  34.565 0.0000000000
80927  40.142  13.045  34.536 0.0000000000
80360  42.895  12.775  34.258 0.0000000000
80925  42.278  12.640  34.060 0.0000000000
80370  42.896  12.394  33.621 0.0000000000
79834  41.172  10.875  34.565 0.0000000000
79817  41.569  10.622  35.271 0.0000000000
78146  39.619  8.392  39.865 0.0000000000
76509  38.722  5.149  43.507 0.0000000000
76515  38.943  5.675  42.974 0.0000000000
75305  37.394  3.298  43.612 0.0000000000
74033  37.325  1.550  43.567 0.0000000000
74676  42.978  2.700  46.163 0.0000000000
74677  42.258  2.664  46.165 0.0000000000
74023  41.048  1.805  45.663 0.0000000000
73326  40.778  1.306  45.349 0.0000000000
77604  33.454  7.758  40.525 0.0000000000
77053  35.365  6.089  41.181 0.0000000000
79838  36.815  11.128  34.790 0.0000000000
82607  35.203  17.363  41.545 0.0000000000
82620  35.415  16.823  41.269 0.0000000000
75254  41.380  3.759  48.577 0.0000000000
74662  42.066  2.874  47.855 0.0000000000
74663  40.950  2.793  48.097 0.0000000000
73316  39.838  0.261  47.039 0.0000000000
79797  44.235  10.784  36.370 0.0000000000
79769  43.433  12.186  41.652 0.0000000000
79771  39.970  12.019  41.859 0.0000000000
78680  39.779  9.772  44.832 0.0000000000
78653  40.370  9.592  46.470 0.0000000000
77525  37.975  8.015  47.137 0.0000000000
83771  39.707  19.973  38.673 0.0000000000
82635  39.545  17.157  38.462 0.0000000000
82029  39.315  16.139  38.055 0.0000000000
82040  39.811  15.423  37.703 0.0000000000
81463  39.565  14.886  37.114 0.0000000000
81476  40.012  14.280  36.539 0.0000000000
81475  40.883  14.271  36.615 0.0000000000
81460  42.406  14.771  36.960 0.0000000000
81473  42.767  14.077  36.285 0.0000000000
78138  41.784  7.596  40.879 0.0000000000
77579  41.165  7.483  41.329 0.0000000000
77572  40.788  6.733  42.184 0.0000000000
77041  40.187  6.204  42.813 0.0000000000
77034  41.001  5.749  43.494 0.0000000000
72649  41.605  -0.509  43.706 0.0000000000
75326  32.919  4.122  41.744 0.0000000000
74042  33.384  1.608  42.012 0.0000000000
79879  39.009  10.674  31.392 0.0000000000
79326  38.643  10.502  31.002 0.0000000000
79854  36.782  10.880  33.725 0.0000000000
83194  43.453  18.311  40.423 0.0000000000
82614  43.316  17.009  40.891 0.0000000000
83179  42.900  18.318  41.220 0.0000000000
81994  41.163  15.898  41.286 0.0000000000
82605  40.684  16.757  41.159 0.0000000000
80867  40.188  13.986  41.068 0.0000000000
80327  39.675  13.442  40.891 0.0000000000
83796  34.542  18.837  37.203 0.0000000000
83786  33.767  18.272  37.967 0.0000000000
84338  36.424  19.580  37.929 0.0000000000
84328  37.668  20.002  38.992 0.0000000000
83747  35.569  18.332  40.593 0.0000000000
84300  39.416  20.084  40.953 0.0000000000
84312  40.248  20.918  40.518 0.0000000000
84310  42.307  20.730  41.009 0.0000000000
84309  42.910  19.847  40.877 0.0000000000
75885  43.982  5.170  45.169 0.0000000000
76488  46.216  4.831  45.899 0.0000000000
75284  45.667  3.859  45.443 0.0000000000
75265  43.734  3.722  45.794 0.0000000000
74005  43.470  1.988  46.383 0.0000000000
74021  43.050  1.359  46.294 0.0000000000
73324  42.711  0.613  46.068 0.0000000000
73982  43.801  1.632  47.478 0.0000000000
73314  42.341  0.655  46.628 0.0000000000
78724  37.601  9.787  38.777 0.0000000000
79244  38.952  9.643  38.619 0.0000000000
79243  39.632  9.446  38.610 0.0000000000
78706  40.005  8.999  38.896 0.0000000000
78740  43.639  9.681  37.668 0.0000000000
78741  43.397  9.605  37.878 0.0000000000
79240  42.478  8.913  38.727 0.0000000000
79235  42.505  8.720  39.199 0.0000000000
78137  42.095  7.675  40.683 0.0000000000
77578  42.737  7.345  41.222 0.0000000000
77569  44.184  6.285  43.433 0.0000000000
77037  44.234  6.169  43.867 0.0000000000
82002  43.513  16.485  40.614 0.0000000000
81406  43.188  14.299  42.540 0.0000000000
80847  43.379  14.122  42.371 0.0000000000
79753  41.542  11.703  44.899 0.0000000000
79751  43.196  12.646  44.754 0.0000000000
79218  43.750  11.554  43.993 0.0000000000
78131  43.826  9.151  44.978 0.0000000000
78125  43.008  9.627  45.620 0.0000000000
78124  43.876  8.518  44.922 0.0000000000
77561  43.057  7.543  45.888 0.0000000000
77014  42.644  6.849  47.148 0.0000000000
76980  40.363  7.271  49.216 0.0000000000
76969  40.838  6.388  49.725 0.0000000000
76438  41.290  5.908  50.149 0.0000000000
75844  41.359  4.941  49.966 0.0000000000
74650  39.461  2.609  49.248 0.0000000000
82727  37.637  16.679  31.151 0.0000000000
81535  37.829  14.191  30.738 0.0000000000
84372  38.232  19.372  34.589 0.0000000000
84379  39.193  19.345  34.208 0.0000000000
84342  39.752  20.809  37.366 0.0000000000
83807  39.723  19.144  34.348 0.0000000000
83240  39.354  18.480  33.857 0.0000000000
83241  38.679  17.844  34.168 0.0000000000
82697  37.732  17.153  33.666 0.0000000000
82698  37.301  16.331  33.373 0.0000000000
82075  36.939  15.709  34.467 0.0000000000
82084  37.078  15.796  33.665 0.0000000000
82099  37.203  15.846  33.090 0.0000000000
82098  37.286  15.255  32.600 0.0000000000
80960  38.474  13.152  31.503 0.0000000000
79852  39.543  11.421  33.758 0.0000000000
80372  40.284  12.648  33.734 0.0000000000
80938  41.667  12.375  33.540 0.0000000000
80371  40.775  12.590  33.616 0.0000000000
79818  38.674  10.952  35.760 0.0000000000
78147  38.268  8.084  39.857 0.0000000000
77601  36.610  7.159  40.563 0.0000000000
77068  36.477  6.529  40.988 0.0000000000
77052  36.191  6.052  41.292 0.0000000000
77580  39.719  6.992  41.513 0.0000000000
77043  38.487  6.002  42.376 0.0000000000
77050  37.835  6.243  41.803 0.0000000000
76523  36.680  5.435  41.954 0.0000000000
75922  36.210  4.944  41.793 0.0000000000
74707  35.888  2.450  42.832 0.0000000000
74035  35.731  1.723  42.849 0.0000000000
74039  35.810  1.190  42.800 0.0000000000
75299  39.258  3.341  44.781 0.0000000000
74701  38.882  2.447  44.624 0.0000000000
73339  40.088  0.212  44.314 0.0000000000
73340  39.502  0.341  44.120 0.0000000000
74027  39.473  1.636  44.784 0.0000000000
74029  37.925  1.794  44.007 0.0000000000
71336  40.062  -2.507  48.311 0.0000000000
70686  40.541  -3.045  47.433 0.0000000000
73293  44.750  0.927  46.875 0.0000000000
73294  44.081  0.886  47.086 0.0000000000
73311  44.676  1.126  46.624 0.0000000000
74020  43.723  1.282  46.396 0.0000000000
74675  43.962  3.084  46.288 0.0000000000
74692  45.051  3.565  45.721 0.0000000000
74693  44.680  3.417  45.934 0.0000000000
75222  40.596  4.670  50.166 0.0000000000
75250  45.932  3.649  47.013 0.0000000000
75251  45.030  3.445  47.337 0.0000000000
75263  46.403  4.096  45.814 0.0000000000
75266  43.092  3.403  45.886 0.0000000000
75267  42.563  3.116  46.042 0.0000000000
75283  46.044  4.027  45.168 0.0000000000
75285  44.513  3.983  45.449 0.0000000000
75838  40.943  4.938  50.163 0.0000000000
75839  40.541  4.898  50.296 0.0000000000
75858  46.002  4.069  47.014 0.0000000000
75869  46.485  4.496  45.954 0.0000000000
75870  46.319  4.221  46.534 0.0000000000
75871  45.957  4.320  46.877 0.0000000000
75882  46.384  4.539  45.673 0.0000000000
75883  45.943  4.704  45.165 0.0000000000
76431  41.271  5.170  50.183 0.0000000000
76452  45.530  4.571  46.824 0.0000000000
76453  45.012  4.677  46.890 0.0000000000
76469  46.587  4.760  46.175 0.0000000000
76470  46.381  4.633  46.137 0.0000000000
76471  45.813  4.751  46.556 0.0000000000
76487  46.525  4.740  45.998 0.0000000000
76489  45.551  5.212  45.837 0.0000000000
76963  40.770  5.851  50.214 0.0000000000
77025  44.470  6.474  44.399 0.0000000000
77026  44.426  6.479  44.715 0.0000000000
77030  44.406  6.324  44.202 0.0000000000
77031  44.348  5.886  44.412 0.0000000000
77595  43.881  7.554  40.797 0.0000000000
77597  40.815  7.817  40.876 0.0000000000
78650  42.253  10.903  45.932 0.0000000000
78651  42.240  11.083  45.933 0.0000000000
78664  42.697  11.165  45.830 0.0000000000
78665  42.583  11.172  45.971 0.0000000000
78720  42.997  9.468  38.393 0.0000000000
78722  40.532  9.346  38.781 0.0000000000
78723  37.878  9.936  38.689 0.0000000000
78726  35.465  10.322  39.203 0.0000000000
79193  42.403  11.289  45.953 0.0000000000
79194  42.248  11.453  46.038 0.0000000000
79200  42.799  11.541  45.720 0.0000000000
79209  42.032  11.347  46.381 0.0000000000
79236  42.165  8.684  38.996 0.0000000000
79242  39.988  9.343  38.627 0.0000000000
79245  37.075  9.864  38.715 0.0000000000
79297  37.247  10.943  36.518 0.0000000000
79306  43.359  10.479  35.340 0.0000000000
79308  40.863  10.756  35.622 0.0000000000
79320  38.216  10.582  31.357 0.0000000000
79324  39.986  10.465  30.459 0.0000000000
79325  39.703  10.490  30.625 0.0000000000
79330  39.915  10.365  30.211 0.0000000000
79331  39.169  10.296  30.190 0.0000000000
79737  42.158  11.836  46.021 0.0000000000
79743  42.693  12.135  45.519 0.0000000000
79744  41.967  11.901  45.696 0.0000000000
79787  42.067  9.298  37.765 0.0000000000
79788  41.744  9.462  37.818 0.0000000000
79798  42.132  9.433  37.514 0.0000000000
79814  43.752  11.182  34.314 0.0000000000
79831  43.620  11.040  34.054 0.0000000000
79847  43.346  10.843  33.611 0.0000000000
79848  42.954  10.666  33.507 0.0000000000
79878  39.904  10.786  31.286 0.0000000000
80368  43.435  11.118  33.402 0.0000000000
80379  43.247  10.856  33.215 0.0000000000
80380  43.022  10.974  32.756 0.0000000000
80402  40.531  11.134  30.240 0.0000000000
80836  43.242  14.099  42.736 0.0000000000
80848  42.499  14.256  42.658 0.0000000000
81407  42.966  14.506  42.498 0.0000000000
81425  43.537  15.949  40.062 0.0000000000
81451  43.567  15.760  38.978 0.0000000000
82050  38.317  15.198  36.848 0.0000000000
82062  37.228  15.243  35.861 0.0000000000
82085  37.176  16.039  33.284 0.0000000000
82100  37.148  15.930  33.071 0.0000000000
82625  43.266  17.664  38.872 0.0000000000
82637  38.160  16.806  37.794 0.0000000000
82646  38.257  16.070  37.608 0.0000000000
82658  37.219  16.402  35.631 0.0000000000
82699  37.244  16.273  33.313 0.0000000000
82716  37.252  16.137  33.128 0.0000000000
82717  37.165  16.033  33.290 0.0000000000
83195  43.293  17.865  40.841 0.0000000000
83218  43.047  17.822  38.810 0.0000000000
83722  42.998  18.903  41.235 0.0000000000
83739  43.362  18.621  40.531 0.0000000000
83740  43.246  18.844  40.787 0.0000000000
83743  39.058  18.230  41.281 0.0000000000
83753  43.390  18.701  40.312 0.0000000000
83754  43.177  19.268  40.151 0.0000000000
83757  40.599  20.365  39.435 0.0000000000
83770  40.151  19.905  39.123 0.0000000000
83809  36.494  18.871  34.287 0.0000000000
83814  39.355  19.011  33.632 0.0000000000
84296  42.903  19.347  41.207 0.0000000000
84298  41.410  20.263  41.446 0.0000000000
84322  42.583  20.170  40.439 0.0000000000
84323  41.983  20.824  40.216 0.0000000000
84900  39.156  21.463  37.841 0.0000000000
84914  38.764  21.283  37.370 0.0000000000
84926  38.928  21.219  36.989 0.0000000000
