#!ascii label  , from subject 3972 vox2ras=TkReg
207
14856  30.272  -69.698  7.705 0.0000000000
12408  33.894  -72.547  -2.428 0.0000000000
11568  36.312  -73.313  3.601 0.0000000000
13203  33.091  -70.235  1.802 0.0000000000
12393  39.443  -72.253  -1.787 0.0000000000
12382  39.528  -71.891  1.727 0.0000000000
11587  40.344  -73.121  -0.039 0.0000000000
13221  33.658  -70.549  -0.335 0.0000000000
14896  29.668  -69.246  2.156 0.0000000000
12354  32.324  -72.654  5.166 0.0000000000
12377  34.360  -71.911  2.462 0.0000000000
13208  36.616  -70.652  0.386 0.0000000000
12406  36.123  -72.455  -2.354 0.0000000000
10869  37.867  -74.935  -4.872 0.0000000000
15692  31.656  -68.732  10.239 0.0000000000
12320  30.910  -72.240  8.288 0.0000000000
11532  33.157  -74.087  6.876 0.0000000000
15727  30.146  -68.683  4.621 0.0000000000
11582  40.121  -73.332  1.282 0.0000000000
13232  33.020  -71.397  -1.165 0.0000000000
13212  32.102  -70.872  -0.120 0.0000000000
11555  33.607  -73.206  4.705 0.0000000000
12366  35.539  -72.972  3.352 0.0000000000
13206  39.341  -71.252  0.127 0.0000000000
13200  37.381  -71.062  1.124 0.0000000000
13217  38.396  -71.207  -0.525 0.0000000000
13229  36.377  -71.232  -1.102 0.0000000000
12394  38.208  -71.981  -1.736 0.0000000000
10870  36.736  -74.775  -4.761 0.0000000000
12304  31.486  -72.877  9.066 0.0000000000
11519  32.152  -73.532  7.466 0.0000000000
11518  32.709  -74.154  8.072 0.0000000000
13186  31.801  -70.776  3.406 0.0000000000
14880  31.208  -69.587  2.983 0.0000000000
15741  28.331  -68.377  2.698 0.0000000000
15735  28.524  -68.251  3.511 0.0000000000
11566  39.060  -73.421  3.947 0.0000000000
11579  37.136  -72.939  3.106 0.0000000000
12373  40.088  -72.385  2.511 0.0000000000
13197  40.745  -71.855  0.768 0.0000000000
12390  40.563  -72.573  -0.766 0.0000000000
14053  33.315  -69.878  1.045 0.0000000000
14044  31.676  -69.744  2.426 0.0000000000
14064  31.545  -70.197  0.713 0.0000000000
14065  30.487  -70.331  0.728 0.0000000000
11616  32.827  -73.393  -3.674 0.0000000000
13161  30.906  -71.807  6.532 0.0000000000
13185  32.595  -71.583  3.367 0.0000000000
13192  33.464  -71.196  2.389 0.0000000000
12384  36.691  -71.632  1.821 0.0000000000
12385  35.256  -71.500  1.809 0.0000000000
13202  34.327  -70.567  1.364 0.0000000000
13220  34.753  -70.467  -0.446 0.0000000000
13230  35.210  -71.166  -1.078 0.0000000000
12407  34.987  -72.491  -2.309 0.0000000000
11602  39.022  -73.413  -3.165 0.0000000000
11612  37.059  -73.684  -3.646 0.0000000000
11613  35.878  -73.631  -3.490 0.0000000000
11615  33.841  -73.508  -3.475 0.0000000000
15699  31.480  -68.476  9.141 0.0000000000
14846  30.401  -69.371  8.722 0.0000000000
13978  30.617  -70.059  10.555 0.0000000000
13129  30.462  -71.359  8.533 0.0000000000
12332  31.053  -72.351  7.304 0.0000000000
11533  32.197  -73.261  6.450 0.0000000000
11554  34.866  -73.761  4.891 0.0000000000
10775  35.338  -74.430  6.051 0.0000000000
10785  37.268  -74.250  5.036 0.0000000000
14882  30.022  -68.730  3.408 0.0000000000
12398  33.418  -71.930  -1.906 0.0000000000
11569  35.279  -73.309  3.915 0.0000000000
11570  34.374  -73.131  4.024 0.0000000000
13216  39.616  -71.583  -0.905 0.0000000000
13226  39.001  -71.783  -1.412 0.0000000000
10093  36.345  -75.896  -5.863 0.0000000000
11502  32.087  -73.586  8.566 0.0000000000
13193  32.414  -70.432  2.531 0.0000000000
13194  31.810  -70.217  2.930 0.0000000000
15736  27.925  -67.821  3.381 0.0000000000
11577  39.653  -72.749  3.288 0.0000000000
11576  40.493  -72.895  3.117 0.0000000000
12381  40.365  -72.390  1.588 0.0000000000
12388  40.746  -72.426  0.471 0.0000000000
11593  40.359  -73.215  -0.785 0.0000000000
14062  33.447  -70.055  0.390 0.0000000000
14063  32.532  -70.329  0.396 0.0000000000
13214  30.929  -70.678  0.228 0.0000000000
14070  30.399  -70.753  0.054 0.0000000000
14066  29.393  -70.108  0.803 0.0000000000
13160  31.249  -72.203  6.247 0.0000000000
13169  31.316  -71.972  5.733 0.0000000000
12355  31.808  -72.328  5.355 0.0000000000
13184  33.302  -71.761  3.013 0.0000000000
12374  38.965  -72.320  2.482 0.0000000000
12375  37.540  -72.369  2.445 0.0000000000
12383  38.177  -71.749  1.750 0.0000000000
13201  35.927  -70.887  1.160 0.0000000000
13209  35.311  -70.395  0.405 0.0000000000
12395  36.861  -71.876  -1.744 0.0000000000
12396  35.660  -71.836  -1.709 0.0000000000
12397  34.533  -71.867  -1.732 0.0000000000
7721  37.622  -78.057  -5.320 0.0000000000
10083  38.249  -75.737  -5.353 0.0000000000
10082  38.861  -75.566  -4.540 0.0000000000
10868  38.482  -75.035  -4.787 0.0000000000
10861  38.559  -74.557  -4.290 0.0000000000
11611  38.262  -73.879  -3.725 0.0000000000
10862  37.501  -74.312  -4.273 0.0000000000
10871  35.564  -74.770  -4.461 0.0000000000
10863  36.312  -74.215  -4.095 0.0000000000
10864  35.188  -74.199  -3.876 0.0000000000
11614  34.801  -73.630  -3.376 0.0000000000
10865  34.204  -73.991  -3.914 0.0000000000
15691  32.710  -68.364  9.579 0.0000000000
14841  30.816  -69.226  9.933 0.0000000000
12305  30.851  -72.018  9.345 0.0000000000
13109  30.494  -70.774  10.169 0.0000000000
13118  30.418  -71.078  9.446 0.0000000000
11541  34.068  -74.111  5.898 0.0000000000
11542  32.861  -73.324  5.647 0.0000000000
10774  36.778  -74.615  6.062 0.0000000000
10786  35.865  -74.226  5.278 0.0000000000
14045  30.943  -69.453  2.164 0.0000000000
14886  31.005  -69.437  2.710 0.0000000000
14887  30.346  -69.147  2.590 0.0000000000
15729  28.787  -68.047  4.310 0.0000000000
13231  34.100  -71.209  -1.098 0.0000000000
13222  32.604  -70.948  -0.421 0.0000000000
11556  32.808  -72.846  4.856 0.0000000000
12367  34.802  -72.724  3.298 0.0000000000
13198  40.094  -71.544  0.913 0.0000000000
13199  38.809  -71.318  1.014 0.0000000000
13207  37.975  -70.934  0.303 0.0000000000
13218  37.142  -70.905  -0.420 0.0000000000
13228  37.583  -71.413  -1.114 0.0000000000
12405  37.358  -72.486  -2.446 0.0000000000
10084  37.148  -75.377  -5.411 0.0000000000
10085  35.956  -75.407  -5.074 0.0000000000
12319  31.478  -72.967  7.940 0.0000000000
14036  30.879  -69.714  3.944 0.0000000000
14881  30.734  -69.305  3.433 0.0000000000
14888  29.470  -68.861  2.768 0.0000000000
15740  28.869  -68.614  3.022 0.0000000000
15730  28.153  -67.834  4.027 0.0000000000
11567  37.663  -73.502  3.824 0.0000000000
11578  38.367  -72.883  3.173 0.0000000000
13205  40.581  -71.629  -0.065 0.0000000000
13215  40.451  -71.885  -0.802 0.0000000000
14043  32.293  -69.916  2.116 0.0000000000
14054  32.334  -69.851  1.496 0.0000000000
14055  31.243  -69.717  1.493 0.0000000000
14056  30.189  -69.681  1.679 0.0000000000
14057  29.130  -69.452  1.550 0.0000000000
14898  28.497  -68.855  1.832 0.0000000000
12409  32.639  -72.647  -2.926 0.0000000000
14021  30.467  -70.696  6.758 0.0000000000
13170  30.938  -71.226  5.692 0.0000000000
12376  35.908  -72.533  2.620 0.0000000000
12386  34.507  -71.291  1.891 0.0000000000
14052  33.865  -69.958  0.699 0.0000000000
13210  34.259  -70.060  0.291 0.0000000000
13219  35.909  -70.634  -0.409 0.0000000000
11600  40.126  -73.609  -2.454 0.0000000000
9266  38.549  -76.298  -4.701 0.0000000000
11601  39.936  -73.713  -3.070 0.0000000000
12403  39.696  -72.975  -2.588 0.0000000000
12404  38.626  -72.684  -2.498 0.0000000000
11603  37.827  -73.193  -3.090 0.0000000000
11604  36.592  -73.068  -2.999 0.0000000000
11605  35.442  -73.105  -2.854 0.0000000000
11606  34.387  -73.115  -2.860 0.0000000000
11607  33.496  -73.072  -3.047 0.0000000000
15698  32.946  -68.102  8.375 0.0000000000
14847  30.196  -69.960  8.497 0.0000000000
13975  30.870  -70.245  11.442 0.0000000000
13989  30.333  -70.118  9.619 0.0000000000
13999  30.222  -70.371  8.689 0.0000000000
14012  30.237  -70.657  7.895 0.0000000000
13145  30.593  -71.556  7.537 0.0000000000
12346  31.252  -72.386  6.629 0.0000000000
12345  31.604  -72.592  6.139 0.0000000000
12331  31.567  -72.895  6.971 0.0000000000
11543  32.121  -72.867  5.729 0.0000000000
10787  35.179  -74.145  5.418 0.0000000000
11553  36.035  -73.838  4.443 0.0000000000
14876  30.258  -68.856  4.027 0.0000000000
15734  29.225  -68.531  3.560 0.0000000000
15728  29.651  -68.444  4.280 0.0000000000
8439  38.088  -77.360  -4.862 0.0000000000
11531  33.759  -74.246  6.547 0.0000000000
11540  34.820  -74.121  5.544 0.0000000000
11552  36.924  -73.804  4.222 0.0000000000
13191  34.156  -71.219  2.021 0.0000000000
13204  32.582  -69.994  2.003 0.0000000000
13211  33.757  -70.093  0.144 0.0000000000
13213  31.568  -70.807  0.063 0.0000000000
13227  38.579  -71.548  -1.141 0.0000000000
14000  30.207  -70.202  8.483 0.0000000000
14013  30.174  -70.111  8.253 0.0000000000
14035  31.311  -70.016  3.432 0.0000000000
14058  28.578  -69.219  1.269 0.0000000000
14061  33.845  -69.951  0.376 0.0000000000
14068  33.523  -70.227  0.053 0.0000000000
14069  33.177  -70.411  0.033 0.0000000000
14857  30.217  -69.768  8.292 0.0000000000
14889  28.842  -68.811  2.514 0.0000000000
14897  29.118  -69.085  2.178 0.0000000000
