#!ascii label  , from subject 3972 vox2ras=TkReg
212
64169  24.670  -12.017  -9.197 0.0000000000
58134  22.044  -20.199  -5.196 0.0000000000
68101  24.535  -7.392  -8.710 0.0000000000
74956  23.354  3.520  -7.691 0.0000000000
56454  20.715  -21.596  -5.528 0.0000000000
69687  26.224  -5.526  -5.156 0.0000000000
71710  25.639  -2.500  -4.755 0.0000000000
63321  22.720  -13.095  -7.712 0.0000000000
60768  23.601  -16.582  -7.400 0.0000000000
62507  25.140  -14.900  -8.488 0.0000000000
65731  27.709  -10.580  -8.739 0.0000000000
63329  28.107  -13.367  -9.100 0.0000000000
66528  24.158  -9.324  -9.566 0.0000000000
67290  26.858  -8.707  -6.690 0.0000000000
73684  23.661  0.752  -6.908 0.0000000000
73669  26.330  0.530  -5.622 0.0000000000
58992  23.869  -18.314  -5.381 0.0000000000
71084  24.690  -3.300  -5.764 0.0000000000
71725  24.344  -2.344  -6.200 0.0000000000
63320  23.889  -13.222  -8.311 0.0000000000
62508  24.275  -14.618  -8.098 0.0000000000
63332  24.986  -13.297  -8.881 0.0000000000
57288  21.622  -20.972  -5.198 0.0000000000
67312  24.490  -8.407  -9.147 0.0000000000
66516  25.495  -9.080  -8.574 0.0000000000
68099  25.549  -7.887  -7.270 0.0000000000
70388  26.595  -4.625  -4.630 0.0000000000
68880  27.551  -6.464  -5.123 0.0000000000
75577  21.919  3.847  -7.623 0.0000000000
74339  22.123  1.746  -8.015 0.0000000000
74338  23.577  1.674  -7.210 0.0000000000
75590  26.666  3.539  -8.101 0.0000000000
74955  27.196  2.714  -7.898 0.0000000000
74336  25.850  2.278  -6.270 0.0000000000
74335  27.048  2.117  -6.634 0.0000000000
73668  27.242  0.622  -5.971 0.0000000000
59873  24.865  -17.039  -6.920 0.0000000000
59859  24.186  -17.839  -6.233 0.0000000000
54669  20.148  -22.969  -5.488 0.0000000000
68896  25.121  -6.125  -6.783 0.0000000000
69689  24.965  -4.893  -6.009 0.0000000000
70389  25.789  -4.123  -4.854 0.0000000000
71708  27.336  -2.479  -4.753 0.0000000000
61663  22.095  -15.558  -6.928 0.0000000000
61676  23.283  -15.303  -7.710 0.0000000000
61674  24.781  -15.534  -7.941 0.0000000000
61660  25.987  -16.053  -6.837 0.0000000000
64943  26.404  -11.618  -9.502 0.0000000000
64167  26.511  -12.717  -9.463 0.0000000000
64177  28.186  -11.868  -9.532 0.0000000000
64170  23.733  -11.723  -8.964 0.0000000000
65735  23.755  -10.220  -9.407 0.0000000000
65734  24.724  -10.393  -9.591 0.0000000000
66526  25.975  -10.049  -8.870 0.0000000000
66514  27.533  -9.695  -7.759 0.0000000000
67289  27.898  -8.831  -6.587 0.0000000000
68073  26.522  -7.012  -6.138 0.0000000000
68088  27.505  -8.010  -6.141 0.0000000000
73028  23.268  -0.496  -7.267 0.0000000000
74942  25.048  3.107  -6.756 0.0000000000
74337  24.734  2.115  -6.562 0.0000000000
74323  24.586  1.115  -6.305 0.0000000000
73015  24.796  -0.658  -5.627 0.0000000000
73014  25.706  -0.892  -5.295 0.0000000000
72998  26.953  -0.920  -5.062 0.0000000000
58994  21.946  -18.915  -5.895 0.0000000000
59876  22.561  -17.316  -6.590 0.0000000000
62516  26.640  -14.277  -8.857 0.0000000000
61672  26.791  -15.302  -7.399 0.0000000000
72354  23.880  -1.439  -6.692 0.0000000000
63333  24.305  -12.584  -8.834 0.0000000000
53783  19.644  -24.507  -5.150 0.0000000000
54657  20.012  -23.686  -5.349 0.0000000000
57298  21.724  -20.476  -5.269 0.0000000000
67303  24.898  -8.136  -8.616 0.0000000000
68100  24.976  -7.599  -7.981 0.0000000000
71065  27.975  -3.317  -4.686 0.0000000000
70387  27.726  -4.413  -4.440 0.0000000000
74944  22.484  3.034  -7.709 0.0000000000
74943  23.874  3.011  -7.476 0.0000000000
74334  27.649  1.513  -7.109 0.0000000000
60753  25.706  -16.982  -6.098 0.0000000000
59858  25.129  -17.333  -6.104 0.0000000000
58147  20.619  -19.903  -5.652 0.0000000000
69703  24.744  -5.182  -6.793 0.0000000000
70421  24.379  -4.437  -7.348 0.0000000000
71068  25.334  -3.364  -5.015 0.0000000000
71067  26.156  -3.442  -4.662 0.0000000000
71709  26.507  -2.540  -4.634 0.0000000000
76192  21.797  4.645  -7.640 0.0000000000
62494  22.314  -14.735  -7.255 0.0000000000
62509  23.366  -14.424  -7.788 0.0000000000
60778  25.148  -16.027  -7.573 0.0000000000
61673  25.728  -15.625  -7.500 0.0000000000
55562  20.271  -22.314  -5.531 0.0000000000
54656  20.781  -23.219  -4.898 0.0000000000
65732  26.683  -10.542  -8.886 0.0000000000
64942  27.508  -11.310  -9.329 0.0000000000
64159  22.952  -11.963  -8.342 0.0000000000
65743  24.228  -10.701  -9.451 0.0000000000
65733  25.724  -10.577  -9.318 0.0000000000
66527  25.269  -9.488  -9.123 0.0000000000
67301  26.116  -8.627  -7.292 0.0000000000
66515  26.312  -9.490  -8.121 0.0000000000
66504  26.579  -9.070  -7.290 0.0000000000
66503  27.160  -9.304  -7.177 0.0000000000
68882  25.704  -5.971  -5.903 0.0000000000
68895  25.893  -6.824  -6.420 0.0000000000
68881  26.535  -6.454  -5.599 0.0000000000
68072  27.116  -7.167  -5.826 0.0000000000
68087  28.690  -8.070  -6.173 0.0000000000
73685  22.904  0.637  -7.615 0.0000000000
73686  21.572  0.572  -7.998 0.0000000000
73672  23.581  0.130  -6.850 0.0000000000
75573  26.421  3.665  -7.778 0.0000000000
75591  26.340  4.042  -8.157 0.0000000000
74321  26.433  1.403  -6.004 0.0000000000
74322  25.531  1.340  -5.877 0.0000000000
73670  25.338  0.226  -5.615 0.0000000000
73671  24.278  0.288  -6.271 0.0000000000
73657  26.306  -0.406  -5.370 0.0000000000
73655  27.463  -0.158  -5.643 0.0000000000
72997  27.611  -0.753  -5.316 0.0000000000
72336  27.956  -1.429  -5.289 0.0000000000
61662  22.882  -15.679  -7.464 0.0000000000
60769  22.758  -16.492  -6.982 0.0000000000
59860  23.250  -18.066  -6.244 0.0000000000
58993  22.889  -18.852  -5.514 0.0000000000
63330  27.066  -13.471  -9.244 0.0000000000
70406  24.554  -4.153  -6.394 0.0000000000
71085  24.343  -3.104  -6.700 0.0000000000
71724  24.874  -2.440  -5.334 0.0000000000
63319  24.632  -14.090  -8.551 0.0000000000
62517  25.659  -14.260  -8.884 0.0000000000
56453  21.285  -21.355  -5.299 0.0000000000
56444  21.181  -21.875  -5.175 0.0000000000
56443  21.715  -21.571  -4.773 0.0000000000
55552  22.107  -22.334  -4.201 0.0000000000
65719  28.029  -9.998  -8.291 0.0000000000
64941  28.123  -10.934  -9.152 0.0000000000
67313  23.509  -8.396  -9.310 0.0000000000
67311  25.115  -8.725  -8.796 0.0000000000
67302  25.429  -8.545  -8.109 0.0000000000
69686  26.878  -5.935  -4.991 0.0000000000
69669  26.743  -5.462  -4.749 0.0000000000
69668  27.406  -5.561  -4.547 0.0000000000
74940  26.613  3.213  -7.393 0.0000000000
73683  27.547  1.014  -6.661 0.0000000000
60767  24.485  -16.719  -7.384 0.0000000000
59874  24.320  -17.290  -6.974 0.0000000000
54670  19.655  -23.167  -5.487 0.0000000000
57299  21.159  -20.721  -5.520 0.0000000000
58146  21.689  -19.807  -5.535 0.0000000000
68908  24.710  -6.384  -7.937 0.0000000000
68897  24.767  -5.751  -7.310 0.0000000000
69702  25.185  -5.489  -6.182 0.0000000000
69688  25.446  -5.209  -5.533 0.0000000000
70405  25.150  -4.294  -5.414 0.0000000000
70404  25.814  -4.788  -5.038 0.0000000000
71066  27.061  -3.471  -4.581 0.0000000000
75578  21.407  3.974  -7.736 0.0000000000
75593  22.587  3.920  -7.632 0.0000000000
75592  23.627  3.905  -7.803 0.0000000000
61661  23.521  -15.851  -7.593 0.0000000000
61675  23.955  -15.445  -7.734 0.0000000000
60780  24.004  -16.182  -7.623 0.0000000000
60779  24.620  -16.136  -7.622 0.0000000000
60766  25.424  -16.530  -6.868 0.0000000000
60765  26.370  -16.392  -6.417 0.0000000000
64944  25.293  -11.370  -9.503 0.0000000000
64168  25.642  -12.435  -9.366 0.0000000000
64166  27.445  -12.462  -9.517 0.0000000000
64954  28.104  -11.346  -9.345 0.0000000000
64165  28.426  -12.670  -9.455 0.0000000000
64946  23.252  -10.700  -9.124 0.0000000000
64955  24.106  -11.058  -9.355 0.0000000000
65720  27.231  -10.099  -8.316 0.0000000000
66502  28.057  -9.334  -7.196 0.0000000000
68907  25.243  -7.072  -7.165 0.0000000000
68906  25.700  -7.416  -6.790 0.0000000000
68089  26.363  -7.743  -6.506 0.0000000000
75576  24.554  3.729  -7.493 0.0000000000
74324  24.079  0.948  -6.699 0.0000000000
73016  24.008  -0.609  -6.354 0.0000000000
72353  24.454  -1.512  -5.796 0.0000000000
72352  25.232  -1.599  -5.175 0.0000000000
72339  26.028  -1.689  -4.805 0.0000000000
72999  26.374  -1.132  -5.069 0.0000000000
72338  26.794  -1.699  -4.781 0.0000000000
58145  22.287  -19.343  -5.512 0.0000000000
59875  23.453  -17.346  -6.847 0.0000000000
59861  22.299  -18.145  -6.226 0.0000000000
63331  26.062  -13.464  -9.227 0.0000000000
62506  26.186  -14.926  -8.273 0.0000000000
62515  27.655  -14.139  -8.649 0.0000000000
62505  27.188  -14.728  -8.046 0.0000000000
54668  20.500  -22.732  -5.354 0.0000000000
62493  22.847  -14.916  -7.674 0.0000000000
62518  25.081  -14.175  -8.747 0.0000000000
64178  24.195  -11.468  -9.257 0.0000000000
64179  23.937  -11.315  -9.232 0.0000000000
64945  24.547  -11.167  -9.449 0.0000000000
64953  28.678  -11.229  -9.380 0.0000000000
64956  23.769  -10.960  -9.275 0.0000000000
65744  23.963  -10.726  -9.380 0.0000000000
66513  28.543  -9.473  -7.839 0.0000000000
72337  27.482  -1.585  -5.004 0.0000000000
73013  27.952  -0.293  -5.843 0.0000000000
73656  27.005  -0.172  -5.465 0.0000000000
74957  23.116  3.351  -7.681 0.0000000000
75594  21.664  4.203  -7.595 0.0000000000
76181  24.861  4.156  -7.464 0.0000000000
