#!ascii label  , from subject 3115 vox2ras=TkReg
1059
40073  -19.152  -40.912  14.698 0.0000000000
63385  -46.199  -22.518  14.513 0.0000000000
72228  -49.558  -14.700  9.394 0.0000000000
69843  -57.021  -17.636  -0.095 0.0000000000
56197  -44.430  -28.801  13.908 0.0000000000
75097  -53.243  -13.279  3.779 0.0000000000
80201  -56.054  -9.948  -1.766 0.0000000000
81437  -59.288  -7.773  -4.012 0.0000000000
64636  -47.451  -21.575  11.053 0.0000000000
68315  -50.872  -17.876  11.445 0.0000000000
69608  -46.479  -16.934  12.908 0.0000000000
42611  -20.437  -38.837  18.420 0.0000000000
45484  -25.389  -36.833  17.637 0.0000000000
41311  -30.803  -39.405  15.691 0.0000000000
41354  -35.370  -39.749  12.781 0.0000000000
45549  -40.244  -36.153  12.725 0.0000000000
51119  -44.761  -32.537  12.121 0.0000000000
57544  -48.462  -27.677  11.417 0.0000000000
73631  -53.786  -14.904  7.817 0.0000000000
85055  -58.872  -5.743  -5.952 0.0000000000
63408  -48.411  -22.079  14.467 0.0000000000
66997  -48.149  -19.393  14.087 0.0000000000
66995  -46.312  -19.848  14.167 0.0000000000
45490  -20.562  -37.363  16.434 0.0000000000
45473  -22.515  -37.311  18.382 0.0000000000
49705  -40.509  -33.885  13.812 0.0000000000
48368  -42.569  -34.649  11.707 0.0000000000
51103  -42.374  -32.532  14.111 0.0000000000
59951  -45.371  -25.833  14.179 0.0000000000
56184  -46.223  -28.294  14.543 0.0000000000
59953  -47.730  -25.375  14.461 0.0000000000
61148  -47.848  -24.597  11.359 0.0000000000
73543  -50.733  -14.596  12.273 0.0000000000
70913  -52.996  -16.809  10.684 0.0000000000
76299  -52.181  -13.246  10.132 0.0000000000
72383  -54.697  -15.759  2.120 0.0000000000
72333  -55.813  -15.453  3.619 0.0000000000
68458  -56.923  -18.473  1.986 0.0000000000
66005  -57.420  -20.116  -1.889 0.0000000000
77860  -56.627  -11.609  -6.370 0.0000000000
75220  -55.092  -13.646  -4.695 0.0000000000
53703  -43.071  -31.096  12.495 0.0000000000
71102  -52.436  -16.281  0.194 0.0000000000
80220  -57.567  -8.637  -3.174 0.0000000000
79046  -59.268  -10.867  -6.965 0.0000000000
83883  -57.619  -6.860  -9.196 0.0000000000
63516  -49.772  -23.111  7.693 0.0000000000
67035  -48.238  -19.132  10.359 0.0000000000
70861  -49.205  -16.589  13.764 0.0000000000
41289  -20.290  -39.902  17.342 0.0000000000
42671  -26.846  -38.387  15.144 0.0000000000
42625  -27.566  -38.030  17.458 0.0000000000
41337  -28.692  -39.736  13.914 0.0000000000
40112  -31.537  -40.621  12.948 0.0000000000
38815  -34.325  -41.368  11.829 0.0000000000
40155  -37.256  -40.271  11.184 0.0000000000
44096  -38.261  -37.873  12.783 0.0000000000
45634  -42.047  -36.445  9.926 0.0000000000
53670  -44.347  -30.507  14.801 0.0000000000
53720  -46.909  -30.277  11.737 0.0000000000
54973  -47.333  -29.392  9.575 0.0000000000
57614  -47.576  -27.544  8.375 0.0000000000
61180  -47.202  -24.603  7.730 0.0000000000
76400  -55.043  -12.964  6.283 0.0000000000
73822  -56.082  -14.423  -2.574 0.0000000000
71175  -57.929  -16.992  -2.599 0.0000000000
38750  -19.237  -41.249  16.221 0.0000000000
63364  -47.353  -22.332  15.202 0.0000000000
65771  -47.658  -20.507  15.296 0.0000000000
64586  -46.480  -21.544  14.399 0.0000000000
51116  -40.662  -33.204  12.333 0.0000000000
51102  -41.406  -32.795  13.987 0.0000000000
52403  -41.848  -32.200  13.382 0.0000000000
61128  -45.879  -24.447  14.642 0.0000000000
59941  -46.845  -25.282  15.409 0.0000000000
61119  -47.163  -24.370  15.288 0.0000000000
61136  -47.808  -23.823  14.135 0.0000000000
73557  -51.056  -13.831  11.193 0.0000000000
74965  -51.019  -13.556  9.837 0.0000000000
71106  -55.988  -16.804  1.062 0.0000000000
71079  -56.254  -16.276  1.883 0.0000000000
69828  -57.240  -17.974  1.055 0.0000000000
67175  -56.823  -19.339  0.600 0.0000000000
68520  -57.859  -18.603  -0.396 0.0000000000
76575  -59.154  -12.827  -6.983 0.0000000000
75232  -57.601  -13.614  -6.564 0.0000000000
73872  -59.225  -14.504  -7.285 0.0000000000
82618  -57.686  -7.776  -3.002 0.0000000000
81436  -58.731  -8.323  -3.907 0.0000000000
79034  -57.860  -9.977  -5.605 0.0000000000
81459  -58.947  -8.289  -4.743 0.0000000000
80279  -59.222  -9.975  -6.680 0.0000000000
81481  -58.447  -8.556  -5.988 0.0000000000
85076  -57.789  -6.094  -6.974 0.0000000000
63493  -47.612  -22.293  9.108 0.0000000000
65864  -49.009  -20.969  8.729 0.0000000000
65836  -47.527  -20.587  10.569 0.0000000000
69579  -48.083  -17.734  14.923 0.0000000000
68287  -48.984  -17.968  14.454 0.0000000000
70860  -48.569  -16.624  14.273 0.0000000000
72170  -48.525  -15.763  12.882 0.0000000000
70891  -47.443  -16.910  12.081 0.0000000000
41290  -21.174  -39.401  17.778 0.0000000000
42621  -21.657  -38.902  18.202 0.0000000000
45475  -23.775  -36.909  18.366 0.0000000000
44031  -29.625  -37.756  16.013 0.0000000000
41293  -29.305  -39.166  17.182 0.0000000000
41308  -28.425  -39.496  15.908 0.0000000000
40075  -29.410  -40.464  15.170 0.0000000000
40110  -29.633  -40.396  13.370 0.0000000000
40077  -31.044  -40.414  14.529 0.0000000000
40115  -35.105  -40.687  12.852 0.0000000000
38817  -35.991  -41.132  11.838 0.0000000000
40117  -36.723  -40.288  12.352 0.0000000000
46976  -39.389  -35.662  13.371 0.0000000000
45546  -37.920  -36.595  13.087 0.0000000000
44097  -39.683  -37.454  12.649 0.0000000000
42716  -39.522  -38.255  12.174 0.0000000000
44121  -40.546  -37.539  11.567 0.0000000000
44137  -41.120  -37.265  10.354 0.0000000000
45599  -41.369  -36.576  11.139 0.0000000000
49733  -43.394  -33.236  12.465 0.0000000000
48370  -43.914  -34.245  10.793 0.0000000000
49755  -44.475  -33.495  11.085 0.0000000000
51130  -45.453  -32.635  10.759 0.0000000000
53669  -43.683  -30.379  14.716 0.0000000000
54896  -44.115  -29.352  15.007 0.0000000000
56200  -47.406  -27.637  13.283 0.0000000000
54912  -46.208  -29.401  13.829 0.0000000000
56247  -47.234  -28.756  11.794 0.0000000000
53747  -47.435  -30.011  10.452 0.0000000000
56266  -48.292  -28.713  10.646 0.0000000000
57580  -48.125  -27.584  9.690 0.0000000000
62302  -47.422  -23.529  10.789 0.0000000000
61158  -47.211  -24.573  10.154 0.0000000000
62316  -47.304  -23.455  9.567 0.0000000000
61196  -48.719  -24.158  6.806 0.0000000000
42619  -19.631  -38.883  18.072 0.0000000000
41266  -19.776  -39.543  18.620 0.0000000000
40035  -19.809  -40.400  18.765 0.0000000000
65852  -51.438  -20.145  9.569 0.0000000000
67055  -52.858  -19.901  9.872 0.0000000000
70915  -54.188  -16.023  9.870 0.0000000000
75054  -51.503  -13.616  5.183 0.0000000000
75035  -52.719  -13.130  6.731 0.0000000000
75081  -53.570  -12.988  4.962 0.0000000000
69770  -55.429  -17.538  3.414 0.0000000000
70993  -55.489  -16.050  4.898 0.0000000000
72504  -55.566  -15.205  -5.088 0.0000000000
75205  -55.927  -14.058  -3.490 0.0000000000
72499  -56.441  -15.757  -3.466 0.0000000000
72486  -57.013  -16.193  -2.952 0.0000000000
69863  -57.066  -17.390  -3.573 0.0000000000
68577  -57.151  -18.780  -3.735 0.0000000000
82605  -60.030  -6.646  -2.744 0.0000000000
83828  -59.482  -6.796  -4.720 0.0000000000
85025  -60.330  -5.529  -4.190 0.0000000000
85037  -60.466  -5.173  -5.415 0.0000000000
64609  -48.195  -21.717  13.323 0.0000000000
65809  -47.649  -20.694  13.041 0.0000000000
65797  -48.197  -20.512  14.358 0.0000000000
68260  -47.488  -19.270  15.274 0.0000000000
69590  -46.177  -18.452  14.019 0.0000000000
42633  -20.378  -37.909  17.277 0.0000000000
43985  -21.970  -37.759  18.390 0.0000000000
45494  -24.134  -36.309  17.424 0.0000000000
48327  -40.890  -34.787  13.524 0.0000000000
46996  -41.529  -35.407  12.173 0.0000000000
49715  -41.334  -34.008  13.776 0.0000000000
49717  -42.876  -33.170  13.481 0.0000000000
51111  -43.578  -32.372  13.302 0.0000000000
57508  -45.174  -26.903  13.862 0.0000000000
56183  -45.451  -28.559  14.659 0.0000000000
57490  -46.112  -27.252  15.267 0.0000000000
58767  -47.285  -26.662  14.359 0.0000000000
58769  -48.231  -26.452  13.074 0.0000000000
58802  -48.301  -26.589  11.444 0.0000000000
61141  -48.502  -24.733  13.113 0.0000000000
62294  -48.273  -23.906  12.544 0.0000000000
44007  -19.351  -38.079  16.141 0.0000000000
70894  -51.130  -16.421  12.119 0.0000000000
69627  -52.251  -17.257  11.519 0.0000000000
72191  -52.139  -15.671  11.756 0.0000000000
73575  -53.010  -14.617  10.857 0.0000000000
74982  -54.188  -13.963  9.408 0.0000000000
73708  -53.455  -14.065  2.978 0.0000000000
73689  -54.976  -13.839  3.716 0.0000000000
72357  -56.025  -15.533  2.690 0.0000000000
71057  -56.628  -16.807  2.831 0.0000000000
79031  -55.615  -10.677  -5.231 0.0000000000
77844  -55.159  -11.675  -3.740 0.0000000000
76572  -55.974  -12.614  -6.264 0.0000000000
73855  -56.106  -14.687  -6.085 0.0000000000
62286  -45.894  -23.475  13.135 0.0000000000
61140  -45.636  -24.488  12.775 0.0000000000
73608  -50.119  -13.964  8.074 0.0000000000
75114  -51.917  -13.435  2.786 0.0000000000
73731  -52.349  -14.489  1.748 0.0000000000
72409  -53.411  -16.032  1.071 0.0000000000
71132  -54.511  -17.225  -0.280 0.0000000000
80218  -56.112  -9.616  -2.867 0.0000000000
79033  -57.123  -9.931  -5.444 0.0000000000
79045  -58.430  -10.538  -6.431 0.0000000000
77866  -59.474  -11.854  -7.639 0.0000000000
83854  -57.915  -6.798  -6.331 0.0000000000
82675  -57.597  -7.651  -7.487 0.0000000000
62331  -50.714  -23.141  7.850 0.0000000000
65851  -50.405  -20.538  8.991 0.0000000000
68334  -49.663  -18.585  10.499 0.0000000000
68285  -48.108  -18.705  12.765 0.0000000000
68300  -49.160  -17.671  12.496 0.0000000000
69624  -50.136  -17.020  11.886 0.0000000000
70862  -49.808  -15.871  13.228 0.0000000000
72171  -49.293  -15.205  12.718 0.0000000000
65808  -45.583  -20.554  12.300 0.0000000000
68297  -45.471  -18.856  13.161 0.0000000000
69641  -46.265  -17.603  11.349 0.0000000000
41304  -19.635  -40.370  16.119 0.0000000000
42649  -20.691  -39.253  15.570 0.0000000000
42689  -27.177  -38.499  13.614 0.0000000000
46933  -23.884  -35.928  16.407 0.0000000000
46935  -25.322  -36.211  17.004 0.0000000000
45485  -26.413  -36.947  17.587 0.0000000000
42672  -27.739  -39.040  14.677 0.0000000000
41376  -31.697  -40.001  11.393 0.0000000000
40133  -33.235  -40.874  11.433 0.0000000000
44093  -35.249  -37.649  12.107 0.0000000000
44095  -37.400  -37.507  12.643 0.0000000000
42713  -36.879  -38.641  12.460 0.0000000000
41357  -38.188  -39.237  12.140 0.0000000000
41406  -38.714  -39.143  10.919 0.0000000000
47012  -42.616  -35.232  10.915 0.0000000000
52413  -42.423  -31.638  13.074 0.0000000000
52405  -43.209  -31.527  14.179 0.0000000000
52415  -44.369  -31.368  13.749 0.0000000000
54897  -45.325  -29.560  14.854 0.0000000000
53690  -45.652  -30.188  13.615 0.0000000000
52426  -45.544  -31.459  12.499 0.0000000000
52444  -46.547  -31.641  10.324 0.0000000000
53763  -46.439  -30.443  8.870 0.0000000000
57643  -47.485  -27.596  6.406 0.0000000000
58834  -47.695  -26.642  10.001 0.0000000000
60036  -47.013  -25.661  8.390 0.0000000000
58899  -48.259  -26.741  5.144 0.0000000000
61236  -49.205  -25.271  5.562 0.0000000000
40045  -19.699  -40.614  17.937 0.0000000000
74997  -51.550  -13.390  8.275 0.0000000000
77627  -53.429  -12.310  8.213 0.0000000000
75021  -55.067  -13.881  8.014 0.0000000000
75083  -55.227  -13.730  5.181 0.0000000000
73659  -55.388  -14.605  5.952 0.0000000000
72282  -54.497  -15.035  6.290 0.0000000000
71147  -53.509  -16.728  -1.605 0.0000000000
69851  -55.571  -17.507  -0.859 0.0000000000
76522  -55.358  -12.368  -2.743 0.0000000000
75161  -55.066  -12.949  -2.486 0.0000000000
72484  -55.745  -15.490  -2.647 0.0000000000
71165  -56.405  -16.459  -2.381 0.0000000000
69853  -57.409  -17.631  -1.019 0.0000000000
68553  -58.147  -18.668  -1.933 0.0000000000
63363  -46.565  -22.561  15.148 0.0000000000
64572  -46.928  -21.469  15.023 0.0000000000
49752  -39.950  -33.296  11.855 0.0000000000
51110  -41.250  -32.695  12.986 0.0000000000
51117  -41.257  -32.733  11.932 0.0000000000
62266  -45.906  -23.671  14.834 0.0000000000
61117  -46.087  -24.121  15.120 0.0000000000
62254  -46.333  -23.538  15.290 0.0000000000
62267  -47.426  -23.377  15.003 0.0000000000
72210  -49.555  -14.850  10.526 0.0000000000
73573  -50.234  -13.935  10.214 0.0000000000
69826  -56.479  -17.442  0.646 0.0000000000
71107  -56.584  -17.125  1.422 0.0000000000
69827  -57.062  -17.629  0.794 0.0000000000
69844  -57.673  -17.931  -0.149 0.0000000000
76576  -59.341  -13.356  -7.261 0.0000000000
75234  -59.183  -13.852  -7.040 0.0000000000
81424  -59.066  -7.749  -3.504 0.0000000000
80234  -58.598  -8.624  -4.482 0.0000000000
81460  -59.305  -7.694  -4.569 0.0000000000
64659  -47.747  -21.576  9.234 0.0000000000
64644  -47.498  -21.453  9.872 0.0000000000
70858  -47.007  -17.442  13.982 0.0000000000
70844  -48.417  -17.015  14.747 0.0000000000
70859  -47.698  -16.934  14.279 0.0000000000
70874  -47.295  -16.532  13.128 0.0000000000
41268  -21.271  -39.143  18.483 0.0000000000
42612  -21.329  -38.643  18.446 0.0000000000
45483  -24.382  -36.729  18.014 0.0000000000
43988  -24.093  -36.993  18.219 0.0000000000
42655  -29.939  -38.320  16.455 0.0000000000
42640  -29.640  -38.546  17.053 0.0000000000
41310  -30.104  -39.561  16.369 0.0000000000
41309  -29.171  -39.751  16.369 0.0000000000
40066  -30.107  -40.056  15.728 0.0000000000
40076  -30.181  -40.364  15.069 0.0000000000
41326  -30.863  -39.879  15.104 0.0000000000
41353  -34.432  -39.575  12.843 0.0000000000
41341  -34.791  -40.195  13.135 0.0000000000
40116  -35.985  -40.505  12.515 0.0000000000
41355  -36.385  -39.618  12.580 0.0000000000
45548  -39.771  -36.563  12.902 0.0000000000
45572  -40.113  -37.070  12.528 0.0000000000
44098  -40.162  -37.550  12.222 0.0000000000
45573  -40.634  -36.685  12.182 0.0000000000
45598  -40.909  -37.074  11.463 0.0000000000
45574  -41.133  -36.261  11.846 0.0000000000
49734  -44.097  -33.154  11.963 0.0000000000
51129  -45.141  -32.940  11.306 0.0000000000
49756  -45.081  -33.272  10.714 0.0000000000
51120  -45.318  -32.249  11.549 0.0000000000
54895  -43.948  -29.504  14.523 0.0000000000
56225  -48.203  -27.928  12.312 0.0000000000
56248  -48.178  -28.355  11.782 0.0000000000
54958  -48.301  -28.961  11.017 0.0000000000
56267  -48.438  -28.382  11.047 0.0000000000
57581  -48.462  -28.026  10.138 0.0000000000
57562  -48.413  -27.628  10.605 0.0000000000
63461  -47.536  -22.581  11.503 0.0000000000
63477  -47.340  -22.483  10.306 0.0000000000
41267  -20.694  -39.525  18.514 0.0000000000
67037  -51.614  -19.431  10.218 0.0000000000
65838  -52.167  -19.767  10.087 0.0000000000
68336  -51.699  -18.569  10.902 0.0000000000
72249  -54.155  -15.341  8.825 0.0000000000
70947  -53.793  -16.041  8.921 0.0000000000
73630  -53.436  -15.237  8.350 0.0000000000
72268  -53.143  -14.960  7.311 0.0000000000
75080  -52.428  -13.242  4.491 0.0000000000
75055  -52.530  -13.261  5.596 0.0000000000
78986  -55.643  -10.660  -2.360 0.0000000000
72505  -55.770  -15.603  -4.805 0.0000000000
71173  -56.629  -16.813  -3.564 0.0000000000
63427  -48.412  -22.261  13.211 0.0000000000
64598  -48.340  -21.403  14.334 0.0000000000
65770  -46.993  -20.529  15.281 0.0000000000
66970  -47.958  -19.798  15.255 0.0000000000
66983  -46.601  -19.665  14.863 0.0000000000
68272  -46.829  -18.801  15.166 0.0000000000
68283  -46.024  -18.874  13.872 0.0000000000
44009  -20.672  -37.547  16.973 0.0000000000
45493  -23.063  -36.441  16.883 0.0000000000
49714  -39.983  -33.762  13.495 0.0000000000
49713  -39.383  -34.306  13.220 0.0000000000
48326  -40.093  -34.542  13.607 0.0000000000
48310  -40.638  -34.078  13.876 0.0000000000
48311  -40.844  -34.213  13.834 0.0000000000
49707  -41.748  -33.296  14.146 0.0000000000
49708  -42.461  -33.118  14.150 0.0000000000
51104  -42.946  -32.447  13.944 0.0000000000
58765  -45.305  -26.242  13.741 0.0000000000
57489  -45.387  -27.462  14.571 0.0000000000
58745  -45.689  -26.322  15.056 0.0000000000
59942  -47.367  -25.294  15.152 0.0000000000
58729  -47.071  -26.135  15.503 0.0000000000
58747  -47.574  -26.115  14.526 0.0000000000
58768  -47.724  -26.399  13.795 0.0000000000
59969  -47.783  -25.824  14.127 0.0000000000
59983  -48.425  -25.787  12.745 0.0000000000
59970  -48.110  -25.494  13.670 0.0000000000
62281  -48.278  -23.132  14.261 0.0000000000
62288  -48.412  -23.607  13.435 0.0000000000
63445  -48.499  -23.137  13.086 0.0000000000
63444  -48.247  -22.639  12.662 0.0000000000
44008  -20.123  -37.653  16.449 0.0000000000
72172  -50.699  -15.278  12.760 0.0000000000
70895  -51.781  -16.321  11.931 0.0000000000
72173  -51.524  -15.320  12.226 0.0000000000
74952  -51.910  -13.338  10.707 0.0000000000
73558  -52.056  -13.868  11.364 0.0000000000
74953  -52.590  -13.523  10.821 0.0000000000
73576  -53.537  -14.469  10.352 0.0000000000
76320  -53.343  -13.256  9.616 0.0000000000
72355  -54.126  -14.910  2.474 0.0000000000
73709  -54.542  -14.410  3.135 0.0000000000
72356  -55.155  -15.066  2.566 0.0000000000
71080  -56.724  -16.918  2.122 0.0000000000
72385  -56.453  -16.215  2.486 0.0000000000
69787  -56.859  -17.776  2.416 0.0000000000
68435  -56.370  -18.319  2.729 0.0000000000
67174  -56.038  -19.404  0.926 0.0000000000
79043  -56.122  -10.848  -6.017 0.0000000000
77859  -55.602  -11.518  -5.896 0.0000000000
73856  -57.098  -14.969  -6.235 0.0000000000
73707  -52.545  -13.906  2.442 0.0000000000
72407  -51.604  -15.772  0.652 0.0000000000
71103  -53.180  -16.319  0.225 0.0000000000
71104  -54.017  -16.590  0.407 0.0000000000
81422  -57.602  -8.366  -2.898 0.0000000000
81389  -57.174  -8.651  -2.099 0.0000000000
80202  -56.697  -8.953  -2.206 0.0000000000
80219  -57.107  -9.014  -3.052 0.0000000000
80232  -56.727  -9.189  -4.026 0.0000000000
80262  -58.404  -9.224  -5.365 0.0000000000
77862  -58.803  -11.708  -6.887 0.0000000000
79049  -59.562  -11.062  -7.420 0.0000000000
80280  -59.505  -10.625  -7.107 0.0000000000
81489  -58.419  -9.314  -7.282 0.0000000000
85035  -59.144  -6.409  -5.323 0.0000000000
83827  -59.104  -6.915  -5.242 0.0000000000
83881  -58.203  -6.120  -7.922 0.0000000000
83875  -57.446  -6.671  -6.937 0.0000000000
62369  -50.896  -23.922  6.862 0.0000000000
62352  -51.361  -23.660  7.268 0.0000000000
67051  -48.655  -19.696  9.583 0.0000000000
65850  -49.314  -20.383  9.036 0.0000000000
68350  -49.223  -19.339  9.688 0.0000000000
68351  -49.709  -19.127  9.844 0.0000000000
68333  -48.949  -18.856  9.993 0.0000000000
67008  -47.993  -19.825  13.329 0.0000000000
67007  -47.880  -19.623  12.445 0.0000000000
66996  -47.978  -19.102  13.310 0.0000000000
70846  -49.073  -17.178  14.346 0.0000000000
69593  -48.830  -17.842  13.335 0.0000000000
69610  -49.423  -17.204  12.784 0.0000000000
70876  -49.881  -16.406  12.729 0.0000000000
41288  -19.843  -40.170  16.629 0.0000000000
41305  -20.090  -39.811  16.067 0.0000000000
42634  -21.587  -38.690  17.222 0.0000000000
45472  -22.251  -37.471  18.395 0.0000000000
43986  -22.782  -37.655  18.248 0.0000000000
44044  -25.464  -37.401  14.948 0.0000000000
44064  -26.193  -37.915  14.273 0.0000000000
46943  -24.489  -35.810  15.639 0.0000000000
46934  -24.740  -36.201  16.717 0.0000000000
42624  -27.263  -37.911  17.704 0.0000000000
44014  -26.838  -37.982  17.098 0.0000000000
42638  -27.730  -38.490  16.891 0.0000000000
41324  -28.509  -39.743  14.872 0.0000000000
41323  -28.006  -39.241  15.456 0.0000000000
42673  -28.341  -39.324  14.100 0.0000000000
42690  -28.079  -38.998  13.598 0.0000000000
42691  -28.403  -39.424  13.503 0.0000000000
41349  -28.374  -39.372  12.544 0.0000000000
40111  -30.615  -40.571  13.227 0.0000000000
40129  -29.989  -40.424  12.636 0.0000000000
40130  -30.689  -40.480  12.375 0.0000000000
41375  -30.722  -40.142  11.541 0.0000000000
40131  -31.595  -40.547  12.108 0.0000000000
38787  -33.913  -41.247  13.072 0.0000000000
38786  -33.148  -41.262  12.954 0.0000000000
38800  -33.779  -41.381  12.442 0.0000000000
38813  -33.089  -41.112  11.811 0.0000000000
40134  -33.927  -40.945  11.326 0.0000000000
40135  -34.644  -41.000  11.282 0.0000000000
40154  -36.355  -40.797  11.215 0.0000000000
42750  -37.386  -39.135  10.440 0.0000000000
41405  -37.870  -39.649  10.889 0.0000000000
44069  -38.062  -37.310  12.928 0.0000000000
45571  -37.228  -36.673  12.700 0.0000000000
42714  -37.809  -38.596  12.530 0.0000000000
42715  -38.633  -38.548  12.503 0.0000000000
42731  -39.648  -38.473  11.232 0.0000000000
41380  -39.048  -38.808  11.453 0.0000000000
42753  -39.562  -38.361  10.717 0.0000000000
42752  -38.947  -38.552  10.655 0.0000000000
45633  -41.429  -36.809  9.655 0.0000000000
45660  -42.008  -36.167  9.250 0.0000000000
48349  -41.966  -34.711  12.556 0.0000000000
47011  -41.971  -35.590  11.422 0.0000000000
53668  -43.053  -31.105  14.211 0.0000000000
52406  -43.857  -30.890  14.437 0.0000000000
53688  -44.685  -30.627  14.341 0.0000000000
56167  -44.920  -29.241  15.050 0.0000000000
54898  -45.821  -28.998  14.565 0.0000000000
54928  -46.667  -29.627  12.434 0.0000000000
53706  -46.187  -30.406  12.835 0.0000000000
53705  -45.578  -30.765  13.294 0.0000000000
52427  -46.326  -30.851  12.151 0.0000000000
52435  -46.454  -31.169  11.463 0.0000000000
53746  -46.865  -30.513  9.840 0.0000000000
54972  -46.705  -29.929  9.314 0.0000000000
57630  -47.454  -27.550  7.392 0.0000000000
59997  -48.090  -25.840  11.417 0.0000000000
58819  -47.989  -26.729  10.832 0.0000000000
60012  -47.599  -25.696  10.582 0.0000000000
61168  -46.926  -24.501  8.904 0.0000000000
60049  -47.319  -25.670  7.310 0.0000000000
58898  -47.497  -26.729  5.880 0.0000000000
60069  -47.644  -25.775  6.359 0.0000000000
60088  -48.658  -25.719  5.418 0.0000000000
61216  -48.009  -25.189  6.241 0.0000000000
62350  -48.874  -23.461  7.441 0.0000000000
61218  -49.870  -24.185  6.393 0.0000000000
62368  -50.489  -23.929  6.671 0.0000000000
40046  -20.311  -40.239  18.252 0.0000000000
40056  -20.036  -40.376  17.641 0.0000000000
40055  -19.721  -40.685  16.871 0.0000000000
69643  -52.798  -17.479  10.908 0.0000000000
68338  -53.133  -18.390  10.415 0.0000000000
69644  -53.260  -17.498  10.290 0.0000000000
74995  -50.357  -13.801  7.865 0.0000000000
73609  -50.489  -13.731  8.281 0.0000000000
76379  -53.646  -12.526  6.805 0.0000000000
77664  -53.074  -12.152  7.717 0.0000000000
77666  -53.917  -12.151  7.386 0.0000000000
76361  -54.332  -12.806  7.809 0.0000000000
75037  -54.594  -13.151  7.493 0.0000000000
73690  -55.381  -14.488  4.290 0.0000000000
75099  -54.998  -13.602  4.475 0.0000000000
72294  -55.459  -15.382  5.442 0.0000000000
72293  -54.827  -15.542  5.706 0.0000000000
72292  -53.780  -15.554  5.527 0.0000000000
71148  -54.692  -17.165  -1.474 0.0000000000
76559  -55.124  -12.642  -4.210 0.0000000000
76539  -55.446  -12.535  -3.281 0.0000000000
73823  -56.481  -14.506  -3.012 0.0000000000
75179  -55.946  -13.444  -2.845 0.0000000000
75178  -55.514  -13.584  -2.568 0.0000000000
75177  -54.999  -13.605  -2.501 0.0000000000
73821  -55.330  -14.367  -2.533 0.0000000000
71166  -57.385  -16.666  -2.411 0.0000000000
71150  -57.007  -17.094  -1.684 0.0000000000
71151  -57.834  -17.168  -1.660 0.0000000000
69860  -58.322  -17.729  -1.862 0.0000000000
69859  -58.083  -18.050  -2.405 0.0000000000
63387  -48.029  -22.180  14.955 0.0000000000
64587  -48.244  -21.294  14.821 0.0000000000
63365  -47.744  -21.766  15.220 0.0000000000
65783  -46.533  -20.554  14.576 0.0000000000
51109  -40.723  -33.320  13.262 0.0000000000
51101  -40.758  -33.517  13.760 0.0000000000
59952  -45.598  -25.467  14.464 0.0000000000
59940  -46.141  -25.177  15.121 0.0000000000
61130  -47.804  -24.822  14.222 0.0000000000
61129  -47.576  -24.396  14.548 0.0000000000
62268  -47.771  -22.922  14.641 0.0000000000
73556  -50.147  -14.433  11.465 0.0000000000
73574  -50.867  -13.655  10.481 0.0000000000
74966  -51.735  -13.324  10.066 0.0000000000
71078  -55.374  -16.277  1.530 0.0000000000
71055  -55.645  -15.786  2.189 0.0000000000
69803  -56.982  -17.559  1.635 0.0000000000
69804  -57.041  -18.081  1.846 0.0000000000
68498  -56.768  -18.734  1.143 0.0000000000
68499  -57.300  -18.580  0.551 0.0000000000
67176  -57.526  -19.275  0.035 0.0000000000
67194  -57.663  -19.330  -0.769 0.0000000000
77861  -57.848  -11.657  -6.395 0.0000000000
76573  -57.145  -12.629  -6.514 0.0000000000
76574  -58.289  -12.696  -6.582 0.0000000000
75233  -58.600  -13.742  -6.695 0.0000000000
81423  -58.332  -7.968  -3.386 0.0000000000
81435  -58.010  -8.362  -3.515 0.0000000000
80233  -57.899  -8.779  -4.042 0.0000000000
81480  -58.235  -8.191  -6.450 0.0000000000
85056  -60.026  -5.344  -6.090 0.0000000000
85078  -59.323  -5.269  -6.852 0.0000000000
83885  -57.732  -6.851  -10.098 0.0000000000
63515  -49.108  -22.841  7.806 0.0000000000
63495  -49.902  -22.441  8.131 0.0000000000
64660  -48.313  -21.498  8.836 0.0000000000
65848  -47.786  -20.613  9.726 0.0000000000
67034  -47.790  -19.825  10.015 0.0000000000
68274  -48.466  -18.289  14.611 0.0000000000
69580  -48.766  -17.561  14.803 0.0000000000
70845  -48.913  -17.101  14.563 0.0000000000
72154  -48.649  -16.074  13.680 0.0000000000
70875  -47.836  -16.254  12.698 0.0000000000
70892  -48.137  -16.481  11.898 0.0000000000
41276  -20.749  -39.769  18.276 0.0000000000
44028  -26.570  -37.813  16.154 0.0000000000
42639  -28.341  -38.748  17.096 0.0000000000
41292  -28.502  -39.193  16.834 0.0000000000
40064  -28.932  -40.223  15.566 0.0000000000
40074  -28.948  -40.443  14.906 0.0000000000
40109  -29.057  -40.161  13.790 0.0000000000
40090  -29.495  -40.488  14.412 0.0000000000
40091  -30.399  -40.703  14.110 0.0000000000
40092  -31.326  -40.585  13.779 0.0000000000
38801  -34.660  -41.318  12.604 0.0000000000
38816  -35.298  -41.262  11.662 0.0000000000
38802  -35.581  -41.145  12.347 0.0000000000
40136  -36.460  -40.814  12.049 0.0000000000
40137  -37.076  -40.411  11.820 0.0000000000
46975  -38.476  -35.766  13.307 0.0000000000
46974  -37.757  -35.728  13.074 0.0000000000
45547  -38.904  -36.568  13.326 0.0000000000
42694  -38.953  -38.012  12.982 0.0000000000
44136  -40.636  -37.798  10.825 0.0000000000
45617  -41.567  -36.732  10.256 0.0000000000
45618  -41.849  -36.396  10.485 0.0000000000
49753  -43.052  -33.959  11.816 0.0000000000
48369  -43.178  -34.538  10.966 0.0000000000
49754  -43.664  -33.727  11.471 0.0000000000
51145  -45.654  -32.712  10.047 0.0000000000
51146  -46.194  -32.381  9.971 0.0000000000
53704  -43.587  -30.302  12.830 0.0000000000
53686  -42.957  -30.812  13.737 0.0000000000
53687  -43.704  -29.992  13.794 0.0000000000
54883  -43.857  -29.718  15.190 0.0000000000
53652  -44.181  -30.073  15.415 0.0000000000
56199  -46.936  -28.128  13.676 0.0000000000
56223  -46.772  -28.799  12.588 0.0000000000
56246  -46.757  -29.124  11.930 0.0000000000
54942  -47.149  -29.517  11.693 0.0000000000
53734  -47.701  -30.036  11.161 0.0000000000
54957  -47.924  -29.294  10.620 0.0000000000
56287  -48.193  -28.550  9.980 0.0000000000
56302  -47.655  -28.290  9.011 0.0000000000
57598  -47.621  -27.586  9.051 0.0000000000
62349  -47.918  -23.987  7.297 0.0000000000
62329  -47.574  -23.322  8.125 0.0000000000
62330  -48.463  -22.966  7.835 0.0000000000
42618  -19.212  -39.027  17.699 0.0000000000
41275  -19.304  -39.343  18.360 0.0000000000
40036  -20.523  -40.056  18.636 0.0000000000
70914  -53.537  -16.439  10.242 0.0000000000
69661  -53.324  -17.241  9.804 0.0000000000
70931  -53.639  -16.447  9.540 0.0000000000
75034  -51.466  -13.728  6.468 0.0000000000
75018  -51.511  -13.580  7.513 0.0000000000
75056  -53.451  -13.106  5.884 0.0000000000
76399  -54.376  -12.625  5.943 0.0000000000
71017  -56.086  -16.527  3.887 0.0000000000
72311  -55.726  -15.573  4.486 0.0000000000
73849  -55.343  -14.740  -4.984 0.0000000000
73845  -55.296  -14.217  -4.224 0.0000000000
73850  -55.728  -14.930  -4.527 0.0000000000
73846  -55.889  -14.588  -3.854 0.0000000000
72485  -56.415  -15.692  -2.857 0.0000000000
72500  -56.947  -16.330  -3.202 0.0000000000
71174  -57.445  -16.715  -3.091 0.0000000000
69864  -57.582  -17.738  -3.032 0.0000000000
82620  -59.789  -7.062  -3.294 0.0000000000
82641  -59.391  -7.378  -4.673 0.0000000000
83818  -59.785  -6.683  -3.894 0.0000000000
85024  -59.859  -6.198  -4.260 0.0000000000
85036  -59.763  -5.880  -5.104 0.0000000000
64624  -47.444  -21.701  12.329 0.0000000000
65796  -47.942  -20.949  13.793 0.0000000000
65784  -48.498  -20.556  14.915 0.0000000000
66971  -48.449  -20.116  15.175 0.0000000000
66985  -48.234  -19.642  14.880 0.0000000000
68273  -47.785  -18.844  14.919 0.0000000000
69591  -46.602  -18.067  14.315 0.0000000000
69607  -46.311  -17.551  13.322 0.0000000000
42620  -20.310  -38.180  18.001 0.0000000000
43984  -21.016  -37.993  18.431 0.0000000000
43994  -21.489  -37.504  18.009 0.0000000000
45481  -22.683  -36.827  18.164 0.0000000000
45482  -23.548  -36.647  18.122 0.0000000000
42711  -34.771  -38.709  12.436 0.0000000000
48325  -38.907  -34.914  13.206 0.0000000000
46977  -40.200  -35.538  13.177 0.0000000000
46995  -40.992  -35.752  12.286 0.0000000000
48348  -41.301  -35.097  12.858 0.0000000000
48328  -41.510  -34.461  13.293 0.0000000000
49706  -41.007  -33.661  13.944 0.0000000000
49716  -42.065  -33.779  13.524 0.0000000000
49732  -42.659  -33.910  12.631 0.0000000000
51118  -44.006  -32.650  12.551 0.0000000000
51112  -44.284  -32.129  12.916 0.0000000000
56198  -44.893  -27.846  13.853 0.0000000000
56182  -44.674  -28.872  14.751 0.0000000000
58728  -46.425  -26.165  15.365 0.0000000000
57471  -46.694  -26.667  15.193 0.0000000000
57491  -46.748  -27.210  14.586 0.0000000000
57510  -47.224  -27.150  13.748 0.0000000000
57511  -47.832  -27.200  13.104 0.0000000000
57512  -48.272  -27.090  12.645 0.0000000000
58803  -48.516  -26.965  11.748 0.0000000000
58785  -48.432  -26.669  12.377 0.0000000000
61149  -48.335  -25.176  12.204 0.0000000000
61137  -47.972  -24.367  13.840 0.0000000000
62293  -47.984  -23.440  11.733 0.0000000000
42632  -19.859  -38.313  17.151 0.0000000000
69625  -51.017  -17.059  11.753 0.0000000000
68316  -51.713  -17.782  11.513 0.0000000000
69626  -51.734  -17.135  11.883 0.0000000000
70896  -52.499  -16.425  11.285 0.0000000000
73544  -51.663  -14.533  11.819 0.0000000000
72192  -52.723  -15.260  11.286 0.0000000000
72193  -53.240  -15.678  10.632 0.0000000000
72212  -53.849  -15.465  10.245 0.0000000000
73577  -53.993  -14.843  9.861 0.0000000000
73612  -54.520  -14.686  8.489 0.0000000000
73688  -54.058  -13.850  3.637 0.0000000000
73710  -55.371  -14.756  3.311 0.0000000000
72384  -56.284  -15.922  2.294 0.0000000000
72358  -56.402  -16.048  3.183 0.0000000000
71038  -56.339  -16.620  3.447 0.0000000000
69771  -56.252  -17.436  3.211 0.0000000000
78998  -55.473  -10.563  -3.229 0.0000000000
79013  -54.940  -10.814  -4.037 0.0000000000
77857  -55.111  -11.641  -4.788 0.0000000000
76567  -55.230  -12.634  -5.358 0.0000000000
75231  -56.490  -13.611  -6.410 0.0000000000
75224  -55.531  -13.693  -5.761 0.0000000000
72515  -56.724  -15.711  -5.880 0.0000000000
63406  -45.949  -22.646  13.788 0.0000000000
63407  -46.348  -21.950  13.963 0.0000000000
63425  -46.141  -22.483  12.691 0.0000000000
56222  -44.549  -27.916  12.917 0.0000000000
57527  -45.418  -26.524  12.906 0.0000000000
58766  -45.471  -26.126  13.059 0.0000000000
59968  -45.520  -25.542  13.566 0.0000000000
61135  -45.871  -24.548  13.798 0.0000000000
62279  -45.920  -23.652  14.162 0.0000000000
72245  -49.052  -15.341  8.585 0.0000000000
72246  -49.593  -14.714  8.306 0.0000000000
72265  -49.694  -14.733  7.381 0.0000000000
73627  -50.274  -14.367  7.347 0.0000000000
75079  -51.534  -13.685  4.155 0.0000000000
75096  -52.197  -13.323  3.544 0.0000000000
75115  -52.672  -13.416  3.037 0.0000000000
73732  -53.203  -14.616  2.101 0.0000000000
72381  -52.938  -15.187  1.393 0.0000000000
72382  -53.756  -15.484  1.785 0.0000000000
71077  -54.354  -16.240  1.318 0.0000000000
71105  -55.064  -16.796  0.589 0.0000000000
69841  -55.274  -17.483  -0.126 0.0000000000
81405  -55.838  -8.938  -2.195 0.0000000000
80231  -55.741  -9.896  -4.223 0.0000000000
79032  -56.419  -10.237  -5.513 0.0000000000
79044  -57.226  -10.645  -6.060 0.0000000000
80261  -57.450  -9.338  -4.943 0.0000000000
77865  -59.191  -12.016  -7.264 0.0000000000
76606  -59.550  -13.061  -8.066 0.0000000000
80285  -59.463  -10.581  -7.494 0.0000000000
82640  -59.066  -7.569  -5.159 0.0000000000
82664  -58.486  -7.667  -5.732 0.0000000000
82663  -58.039  -7.599  -6.412 0.0000000000
85054  -58.101  -6.253  -6.479 0.0000000000
64661  -49.343  -21.611  8.455 0.0000000000
64662  -50.509  -21.402  8.627 0.0000000000
64646  -50.717  -20.993  8.887 0.0000000000
67053  -50.531  -19.600  9.669 0.0000000000
67036  -50.876  -19.284  10.158 0.0000000000
68335  -50.707  -18.626  10.681 0.0000000000
65824  -47.346  -20.606  11.795 0.0000000000
67021  -47.818  -19.541  11.119 0.0000000000
68312  -48.187  -18.981  11.217 0.0000000000
68286  -48.542  -18.295  13.722 0.0000000000
68299  -48.680  -18.082  12.484 0.0000000000
68313  -48.678  -18.587  11.077 0.0000000000
68314  -49.712  -17.982  11.709 0.0000000000
70893  -50.528  -16.493  12.197 0.0000000000
70877  -50.500  -15.897  12.767 0.0000000000
72156  -50.114  -15.319  13.311 0.0000000000
72155  -49.378  -15.616  13.318 0.0000000000
73529  -49.756  -14.926  13.264 0.0000000000
73542  -49.912  -14.729  12.560 0.0000000000
72227  -48.988  -15.441  9.598 0.0000000000
64596  -46.319  -21.496  13.889 0.0000000000
66994  -45.821  -19.565  13.651 0.0000000000
67006  -45.363  -19.621  12.800 0.0000000000
69621  -45.821  -18.242  12.548 0.0000000000
69622  -46.212  -17.632  12.241 0.0000000000
69642  -46.881  -17.286  11.438 0.0000000000
70945  -48.606  -16.049  8.682 0.0000000000
41321  -19.608  -40.319  15.254 0.0000000000
41322  -20.050  -39.586  14.865 0.0000000000
42613  -22.048  -38.263  18.330 0.0000000000
45495  -24.994  -36.406  17.461 0.0000000000
43998  -26.062  -37.320  17.505 0.0000000000
42653  -27.039  -38.283  15.906 0.0000000000
41291  -28.000  -39.019  16.281 0.0000000000
41351  -29.340  -40.190  12.494 0.0000000000
40078  -31.776  -40.328  14.170 0.0000000000
40113  -32.412  -40.891  12.598 0.0000000000
40132  -32.539  -40.714  11.733 0.0000000000
38828  -35.733  -41.036  11.286 0.0000000000
41403  -35.856  -40.267  10.441 0.0000000000
42712  -35.859  -38.701  12.537 0.0000000000
44094  -36.343  -37.694  12.199 0.0000000000
41356  -37.317  -39.601  12.312 0.0000000000
41378  -37.669  -39.751  11.618 0.0000000000
41358  -38.824  -38.930  12.001 0.0000000000
41379  -38.435  -39.335  11.505 0.0000000000
42751  -38.258  -38.974  10.457 0.0000000000
47010  -41.387  -35.909  11.741 0.0000000000
45600  -41.893  -36.149  10.843 0.0000000000
47030  -42.415  -36.019  10.520 0.0000000000
47031  -43.097  -35.457  10.308 0.0000000000
47048  -42.759  -36.048  9.666 0.0000000000
52412  -41.685  -32.022  12.533 0.0000000000
52404  -42.488  -31.837  13.905 0.0000000000
52414  -43.469  -31.896  13.794 0.0000000000
52425  -44.759  -31.876  12.837 0.0000000000
54885  -44.625  -29.682  15.233 0.0000000000
53653  -44.712  -30.065  15.168 0.0000000000
54911  -45.431  -29.982  14.243 0.0000000000
53689  -45.112  -30.583  13.932 0.0000000000
52416  -45.194  -31.071  13.414 0.0000000000
52434  -45.781  -31.804  11.116 0.0000000000
53733  -47.146  -30.708  10.854 0.0000000000
58849  -47.337  -26.818  9.033 0.0000000000
60025  -47.171  -25.667  9.536 0.0000000000
58866  -47.441  -26.638  7.897 0.0000000000
60109  -50.421  -25.747  4.720 0.0000000000
61217  -48.738  -24.907  6.065 0.0000000000
61237  -49.797  -24.882  5.645 0.0000000000
40063  -19.421  -40.870  15.746 0.0000000000
67039  -52.910  -18.892  10.419 0.0000000000
74977  -50.608  -13.999  8.898 0.0000000000
74978  -50.904  -13.716  8.779 0.0000000000
74979  -51.867  -13.405  9.185 0.0000000000
75019  -52.334  -13.042  7.728 0.0000000000
74998  -52.341  -13.065  8.409 0.0000000000
76319  -52.625  -13.199  9.378 0.0000000000
76343  -54.044  -13.034  8.530 0.0000000000
74999  -54.590  -13.846  8.717 0.0000000000
73613  -55.071  -14.286  8.050 0.0000000000
75098  -54.223  -13.442  4.300 0.0000000000
75082  -54.537  -13.119  5.124 0.0000000000
75057  -55.096  -13.089  5.710 0.0000000000
73674  -55.525  -14.568  5.277 0.0000000000
75058  -55.391  -13.704  6.142 0.0000000000
73647  -55.101  -14.396  6.760 0.0000000000
73633  -55.204  -14.145  7.570 0.0000000000
73645  -53.659  -14.849  7.166 0.0000000000
71130  -52.934  -16.382  -0.626 0.0000000000
71131  -53.756  -16.767  -0.573 0.0000000000
69850  -54.972  -17.416  -0.693 0.0000000000
69842  -56.092  -17.776  -0.117 0.0000000000
77823  -55.359  -11.495  -2.983 0.0000000000
77813  -55.243  -11.508  -2.317 0.0000000000
76513  -55.105  -12.253  -2.417 0.0000000000
75204  -55.519  -13.670  -3.626 0.0000000000
75162  -55.377  -12.923  -2.668 0.0000000000
76512  -54.719  -12.261  -2.401 0.0000000000
72483  -54.861  -15.275  -2.798 0.0000000000
71172  -55.083  -16.156  -2.913 0.0000000000
71164  -55.432  -16.467  -2.476 0.0000000000
71149  -55.967  -17.110  -1.687 0.0000000000
69852  -56.542  -17.589  -0.954 0.0000000000
69845  -58.068  -17.937  -0.688 0.0000000000
68538  -58.168  -18.810  -1.134 0.0000000000
66006  -57.762  -19.918  -2.054 0.0000000000
68563  -57.644  -18.740  -2.705 0.0000000000
67250  -57.283  -19.711  -3.015 0.0000000000
66038  -57.196  -20.193  -2.684 0.0000000000
38788  -34.320  -41.137  13.088 0.0000000000
38799  -33.062  -41.258  12.238 0.0000000000
38803  -36.040  -40.948  12.221 0.0000000000
38814  -33.551  -41.285  11.823 0.0000000000
38829  -35.876  -41.107  11.500 0.0000000000
40065  -29.669  -40.185  15.771 0.0000000000
40089  -28.913  -40.193  14.377 0.0000000000
41294  -29.821  -39.086  16.909 0.0000000000
41307  -27.931  -39.150  15.897 0.0000000000
41325  -30.407  -39.887  15.592 0.0000000000
41372  -28.380  -39.347  12.130 0.0000000000
41407  -39.183  -38.672  10.979 0.0000000000
42610  -19.985  -39.099  18.414 0.0000000000
42637  -27.283  -38.017  17.481 0.0000000000
42641  -30.071  -38.874  16.657 0.0000000000
42709  -28.306  -39.283  13.138 0.0000000000
43999  -27.055  -37.672  17.667 0.0000000000
44017  -29.472  -37.913  16.876 0.0000000000
44070  -38.572  -37.305  13.113 0.0000000000
44071  -39.220  -37.327  13.071 0.0000000000
46978  -40.761  -35.368  12.918 0.0000000000
46994  -40.508  -35.854  12.623 0.0000000000
52443  -45.985  -32.279  10.455 0.0000000000
53651  -43.874  -29.925  15.403 0.0000000000
53671  -44.973  -30.257  14.702 0.0000000000
53721  -47.545  -29.853  11.510 0.0000000000
54884  -44.186  -29.602  15.294 0.0000000000
54910  -44.087  -29.314  13.619 0.0000000000
54943  -47.836  -29.226  11.330 0.0000000000
54944  -48.210  -28.755  11.275 0.0000000000
56166  -44.544  -29.394  15.127 0.0000000000
56181  -44.296  -29.186  14.622 0.0000000000
56224  -47.657  -28.090  12.655 0.0000000000
56288  -48.423  -28.279  10.476 0.0000000000
57470  -46.552  -26.524  15.360 0.0000000000
57509  -45.383  -26.586  13.264 0.0000000000
57526  -45.167  -27.012  12.823 0.0000000000
57528  -48.146  -27.584  12.575 0.0000000000
57529  -48.430  -27.499  12.137 0.0000000000
57561  -48.125  -27.158  10.260 0.0000000000
58730  -47.443  -25.907  15.042 0.0000000000
58744  -45.297  -26.308  14.360 0.0000000000
58746  -47.181  -26.465  14.982 0.0000000000
58820  -48.386  -27.133  11.204 0.0000000000
59954  -47.876  -25.029  14.048 0.0000000000
59967  -45.278  -25.988  14.021 0.0000000000
59998  -48.442  -26.175  11.982 0.0000000000
60070  -48.135  -25.479  5.912 0.0000000000
60087  -47.932  -26.049  5.678 0.0000000000
60089  -49.647  -25.622  5.091 0.0000000000
61118  -46.590  -24.327  15.370 0.0000000000
61195  -47.801  -24.821  6.765 0.0000000000
61197  -49.397  -23.792  6.921 0.0000000000
62253  -46.038  -23.621  15.102 0.0000000000
62255  -46.936  -23.420  15.452 0.0000000000
62280  -47.729  -23.516  14.441 0.0000000000
62351  -50.179  -23.580  7.110 0.0000000000
63362  -46.050  -23.165  14.991 0.0000000000
63384  -45.847  -23.105  14.535 0.0000000000
63386  -47.582  -22.650  14.939 0.0000000000
63428  -48.541  -22.406  13.646 0.0000000000
63494  -48.589  -22.428  8.318 0.0000000000
64573  -47.464  -21.297  15.205 0.0000000000
64574  -47.923  -21.247  15.109 0.0000000000
64585  -46.221  -21.090  13.832 0.0000000000
64597  -48.269  -21.278  13.962 0.0000000000
64610  -48.416  -21.704  13.834 0.0000000000
64645  -47.909  -21.143  9.354 0.0000000000
64647  -51.129  -20.994  9.061 0.0000000000
65772  -48.223  -20.550  15.120 0.0000000000
65795  -46.188  -20.190  13.920 0.0000000000
65810  -48.013  -20.274  13.755 0.0000000000
65837  -51.953  -19.928  9.959 0.0000000000
65849  -48.436  -20.645  9.270 0.0000000000
65853  -52.361  -20.204  9.744 0.0000000000
65865  -49.815  -20.917  8.600 0.0000000000
65866  -50.260  -20.940  8.685 0.0000000000
66004  -56.692  -20.222  -1.773 0.0000000000
66018  -57.037  -20.373  -2.343 0.0000000000
66019  -57.480  -20.054  -2.391 0.0000000000
66037  -56.808  -20.358  -2.911 0.0000000000
66969  -47.215  -19.719  15.412 0.0000000000
66982  -46.275  -19.382  14.125 0.0000000000
66984  -47.981  -19.425  15.024 0.0000000000
67022  -48.201  -19.038  10.924 0.0000000000
67038  -52.498  -19.332  10.276 0.0000000000
67050  -48.097  -20.158  9.582 0.0000000000
67052  -49.644  -19.753  9.416 0.0000000000
67054  -51.160  -19.577  9.858 0.0000000000
67145  -56.592  -18.962  1.939 0.0000000000
67157  -56.240  -19.141  1.751 0.0000000000
67158  -56.498  -19.011  1.389 0.0000000000
67212  -57.171  -19.765  -1.259 0.0000000000
67213  -57.777  -19.471  -1.630 0.0000000000
67232  -57.729  -19.474  -2.294 0.0000000000
68261  -47.781  -19.327  15.125 0.0000000000
68271  -46.437  -19.055  14.461 0.0000000000
68275  -48.921  -17.788  14.749 0.0000000000
68284  -46.426  -18.652  14.323 0.0000000000
68298  -48.158  -18.866  11.827 0.0000000000
68317  -52.088  -17.627  11.548 0.0000000000
68337  -52.487  -18.243  11.067 0.0000000000
68352  -50.306  -19.031  10.161 0.0000000000
68457  -56.705  -18.654  2.283 0.0000000000
68475  -56.772  -18.741  1.777 0.0000000000
68476  -56.974  -18.390  1.438 0.0000000000
68521  -58.027  -18.119  -0.526 0.0000000000
68539  -58.185  -18.209  -0.854 0.0000000000
68554  -58.290  -18.213  -1.382 0.0000000000
69578  -47.343  -18.173  14.911 0.0000000000
69581  -49.049  -17.506  14.622 0.0000000000
69592  -47.383  -17.645  14.555 0.0000000000
69594  -49.051  -17.499  13.890 0.0000000000
69606  -45.965  -18.304  13.568 0.0000000000
69609  -49.007  -17.612  13.030 0.0000000000
69623  -46.701  -17.095  12.202 0.0000000000
69751  -55.881  -17.051  3.838 0.0000000000
69752  -56.178  -16.911  3.619 0.0000000000
69788  -56.903  -18.285  2.186 0.0000000000
69825  -55.754  -17.384  0.466 0.0000000000
69854  -58.070  -17.734  -1.163 0.0000000000
69865  -58.106  -17.445  -2.375 0.0000000000
70873  -46.965  -17.061  13.500 0.0000000000
70878  -51.129  -15.844  12.381 0.0000000000
70897  -52.923  -16.109  10.774 0.0000000000
70930  -53.102  -16.926  9.502 0.0000000000
70932  -54.187  -15.807  9.238 0.0000000000
70948  -54.073  -15.734  8.911 0.0000000000
71056  -56.090  -15.813  2.226 0.0000000000
71152  -58.160  -17.372  -1.694 0.0000000000
71167  -58.134  -17.087  -2.071 0.0000000000
71171  -54.883  -15.894  -2.991 0.0000000000
72153  -48.064  -16.412  13.774 0.0000000000
72169  -48.050  -16.108  13.286 0.0000000000
72174  -52.254  -15.054  12.016 0.0000000000
72211  -53.177  -15.098  10.617 0.0000000000
72213  -54.164  -15.339  9.603 0.0000000000
72229  -54.236  -15.142  9.082 0.0000000000
72247  -53.374  -15.669  8.622 0.0000000000
72248  -53.856  -15.556  8.734 0.0000000000
72267  -52.631  -15.466  8.034 0.0000000000
72283  -55.203  -15.050  6.106 0.0000000000
72312  -55.995  -16.133  4.159 0.0000000000
72334  -56.136  -16.055  3.827 0.0000000000
72497  -55.225  -15.757  -2.865 0.0000000000
72498  -55.422  -16.009  -2.850 0.0000000000
72514  -55.788  -15.232  -5.426 0.0000000000
72531  -59.149  -14.749  -7.562 0.0000000000
72546  -59.245  -14.581  -7.892 0.0000000000
73530  -50.241  -14.853  13.032 0.0000000000
73545  -52.337  -14.577  11.618 0.0000000000
73559  -52.758  -14.212  11.223 0.0000000000
73560  -53.197  -14.107  10.890 0.0000000000
73591  -50.289  -14.304  8.958 0.0000000000
73592  -50.478  -13.927  8.550 0.0000000000
73593  -53.920  -14.324  9.726 0.0000000000
73594  -54.278  -14.575  9.281 0.0000000000
73610  -53.654  -15.383  8.565 0.0000000000
73611  -53.911  -15.155  8.477 0.0000000000
73632  -54.782  -14.519  7.641 0.0000000000
73646  -54.231  -14.692  7.021 0.0000000000
74951  -51.323  -13.538  10.498 0.0000000000
74954  -53.038  -13.867  10.968 0.0000000000
74964  -50.578  -13.857  9.370 0.0000000000
74967  -52.805  -13.438  10.435 0.0000000000
74968  -53.167  -13.671  10.451 0.0000000000
74980  -52.474  -13.140  8.862 0.0000000000
74981  -53.680  -13.832  9.799 0.0000000000
74996  -50.660  -13.563  8.061 0.0000000000
75000  -54.929  -14.147  8.344 0.0000000000
75016  -50.468  -13.966  7.693 0.0000000000
75020  -54.638  -13.376  7.966 0.0000000000
75036  -53.482  -12.900  6.371 0.0000000000
75038  -55.000  -13.608  7.202 0.0000000000
75180  -56.203  -13.964  -3.262 0.0000000000
76282  -52.135  -13.270  10.365 0.0000000000
76283  -52.276  -13.338  10.555 0.0000000000
76300  -52.601  -13.322  10.216 0.0000000000
76301  -52.961  -13.385  10.192 0.0000000000
76318  -52.109  -13.253  9.742 0.0000000000
76321  -54.032  -13.524  9.257 0.0000000000
76341  -52.895  -12.678  8.488 0.0000000000
76342  -53.370  -12.793  8.706 0.0000000000
76360  -52.787  -12.476  7.950 0.0000000000
76378  -52.979  -12.439  7.404 0.0000000000
76380  -54.419  -12.810  7.017 0.0000000000
76381  -54.993  -13.270  6.627 0.0000000000
76398  -53.816  -12.704  6.080 0.0000000000
76419  -53.880  -12.721  5.599 0.0000000000
76420  -54.092  -12.757  5.378 0.0000000000
76587  -59.338  -12.383  -7.384 0.0000000000
76588  -59.481  -12.904  -7.614 0.0000000000
77628  -53.870  -12.350  8.201 0.0000000000
77629  -54.157  -12.495  8.094 0.0000000000
77647  -53.194  -12.091  7.988 0.0000000000
77648  -53.725  -11.946  7.886 0.0000000000
77649  -54.139  -12.276  7.753 0.0000000000
77665  -53.436  -12.147  7.559 0.0000000000
77822  -55.271  -11.325  -3.136 0.0000000000
77843  -55.183  -11.383  -3.359 0.0000000000
77863  -59.316  -11.462  -7.237 0.0000000000
78972  -55.385  -10.806  -1.857 0.0000000000
78997  -55.089  -11.097  -3.347 0.0000000000
79012  -54.981  -11.220  -3.609 0.0000000000
79042  -55.739  -10.988  -5.792 0.0000000000
80184  -56.911  -8.827  -2.000 0.0000000000
80185  -57.088  -8.842  -2.036 0.0000000000
80203  -57.269  -8.731  -2.434 0.0000000000
80259  -55.938  -9.942  -5.076 0.0000000000
80260  -56.476  -9.555  -4.969 0.0000000000
81388  -56.970  -8.706  -1.877 0.0000000000
81406  -56.685  -8.653  -2.044 0.0000000000
81407  -57.313  -8.556  -2.359 0.0000000000
82589  -56.956  -8.503  -1.927 0.0000000000
82590  -57.190  -8.561  -1.890 0.0000000000
82602  -57.306  -8.356  -2.210 0.0000000000
82621  -60.254  -6.624  -2.948 0.0000000000
82629  -59.522  -7.254  -4.178 0.0000000000
83795  -59.722  -6.273  -2.547 0.0000000000
83808  -60.010  -6.591  -3.487 0.0000000000
83855  -58.469  -6.808  -5.696 0.0000000000
83876  -57.845  -6.220  -7.438 0.0000000000
85057  -60.364  -5.137  -5.896 0.0000000000
85077  -58.449  -5.735  -7.147 0.0000000000
85084  -57.587  -6.025  -9.719 0.0000000000
86314  -60.217  -5.073  -6.349 0.0000000000
