#!ascii label  , from subject 3522 vox2ras=TkReg
960
49569  22.892  -37.361  64.375 0.0000000000
52363  32.124  -33.205  67.985 0.0000000000
69372  36.362  -16.348  48.677 0.0000000000
60245  29.653  -25.974  56.855 0.0000000000
55161  36.354  -31.559  59.230 0.0000000000
80483  45.695  -6.496  40.806 0.0000000000
72510  34.017  -14.307  52.775 0.0000000000
68302  30.071  -18.290  52.754 0.0000000000
46585  20.619  -40.826  63.162 0.0000000000
54121  26.069  -31.724  67.959 0.0000000000
53274  28.711  -32.511  64.402 0.0000000000
54190  22.382  -32.738  63.908 0.0000000000
77532  40.052  -9.972  45.525 0.0000000000
51444  23.665  -35.489  69.789 0.0000000000
46486  22.941  -41.017  68.065 0.0000000000
73560  40.681  -13.219  49.162 0.0000000000
47503  17.069  -38.817  67.840 0.0000000000
47526  11.732  -39.771  66.705 0.0000000000
65282  29.968  -20.502  58.348 0.0000000000
59102  33.098  -28.048  58.942 0.0000000000
55201  33.248  -32.044  57.017 0.0000000000
54236  30.914  -32.472  60.702 0.0000000000
71298  33.353  -15.042  56.119 0.0000000000
70322  31.898  -16.306  52.649 0.0000000000
69302  31.729  -16.336  55.553 0.0000000000
73490  36.007  -12.802  55.600 0.0000000000
48555  22.203  -38.357  62.124 0.0000000000
46614  21.780  -40.181  61.780 0.0000000000
46583  22.451  -40.212  63.671 0.0000000000
53234  22.512  -33.766  67.177 0.0000000000
54159  23.217  -32.195  65.815 0.0000000000
52382  21.532  -34.495  64.771 0.0000000000
50556  21.299  -36.144  61.485 0.0000000000
71412  35.971  -15.727  46.650 0.0000000000
71347  37.978  -14.934  50.863 0.0000000000
71385  38.512  -15.129  48.901 0.0000000000
73584  37.766  -13.485  46.699 0.0000000000
46461  20.522  -40.606  70.436 0.0000000000
46507  19.923  -40.626  67.477 0.0000000000
46475  18.073  -39.929  70.049 0.0000000000
47445  10.751  -40.229  71.144 0.0000000000
48441  12.457  -38.954  69.866 0.0000000000
46476  10.931  -40.565  68.888 0.0000000000
44543  8.898  -42.570  67.348 0.0000000000
43634  7.357  -43.664  69.304 0.0000000000
59086  34.280  -27.553  61.074 0.0000000000
57103  34.893  -29.472  59.265 0.0000000000
57125  34.169  -29.761  57.535 0.0000000000
55177  34.580  -31.961  57.915 0.0000000000
55107  26.967  -31.359  62.811 0.0000000000
54200  30.222  -32.793  62.190 0.0000000000
55151  28.191  -30.852  60.354 0.0000000000
55181  29.051  -31.272  58.660 0.0000000000
63413  29.463  -23.657  57.665 0.0000000000
64368  29.001  -22.388  55.372 0.0000000000
61364  28.614  -25.372  54.441 0.0000000000
83347  47.421  -3.746  38.014 0.0000000000
81463  45.823  -5.313  37.953 0.0000000000
71350  35.394  -15.293  50.670 0.0000000000
70364  33.234  -16.280  50.491 0.0000000000
74550  36.829  -12.756  52.676 0.0000000000
53220  29.252  -31.780  67.902 0.0000000000
53243  30.432  -33.028  65.971 0.0000000000
54143  28.246  -31.891  65.762 0.0000000000
55102  25.366  -31.126  64.242 0.0000000000
55139  22.909  -31.750  61.969 0.0000000000
78483  43.524  -9.251  47.667 0.0000000000
78496  43.386  -8.269  45.414 0.0000000000
78528  43.359  -7.842  42.310 0.0000000000
78549  43.360  -8.126  40.442 0.0000000000
50464  23.272  -36.442  67.411 0.0000000000
47518  24.049  -39.323  66.421 0.0000000000
47478  24.212  -38.741  68.774 0.0000000000
53201  24.055  -33.423  69.012 0.0000000000
76591  40.441  -11.189  47.109 0.0000000000
46548  21.174  -41.065  65.145 0.0000000000
47536  18.793  -39.271  65.198 0.0000000000
48526  16.479  -38.436  64.431 0.0000000000
47463  15.795  -39.032  70.001 0.0000000000
47505  14.389  -38.773  67.590 0.0000000000
41687  4.263  -46.574  69.096 0.0000000000
68213  32.271  -17.837  58.253 0.0000000000
61308  30.844  -25.056  59.186 0.0000000000
60207  32.611  -26.556  60.400 0.0000000000
59115  31.724  -27.431  57.971 0.0000000000
58106  33.023  -29.193  56.847 0.0000000000
56183  32.938  -30.779  55.612 0.0000000000
54317  31.224  -32.154  55.667 0.0000000000
53270  31.628  -33.529  64.633 0.0000000000
53310  33.519  -32.954  61.933 0.0000000000
54233  33.861  -33.211  59.883 0.0000000000
54267  31.963  -32.957  58.357 0.0000000000
54291  30.050  -32.019  57.088 0.0000000000
67262  29.236  -19.027  55.090 0.0000000000
66325  29.263  -20.609  52.736 0.0000000000
71290  33.624  -14.970  57.022 0.0000000000
70311  32.587  -15.629  55.355 0.0000000000
70282  32.993  -16.163  57.138 0.0000000000
72489  34.592  -13.953  56.653 0.0000000000
49580  22.467  -37.231  63.541 0.0000000000
47571  22.594  -39.341  63.004 0.0000000000
48523  23.295  -38.304  64.432 0.0000000000
51452  22.309  -35.681  66.447 0.0000000000
52379  21.786  -34.543  65.751 0.0000000000
51458  21.721  -35.655  65.077 0.0000000000
50520  21.883  -36.291  63.114 0.0000000000
70399  36.256  -16.175  47.557 0.0000000000
69345  36.988  -15.874  49.858 0.0000000000
70377  38.108  -15.517  49.721 0.0000000000
70390  37.043  -15.944  48.549 0.0000000000
71398  36.793  -15.681  47.637 0.0000000000
46454  9.751  -41.185  71.300 0.0000000000
47457  10.835  -40.508  70.287 0.0000000000
46478  9.955  -41.357  69.750 0.0000000000
45443  9.786  -41.696  68.125 0.0000000000
45432  8.912  -42.096  69.372 0.0000000000
43649  8.023  -43.217  68.296 0.0000000000
57095  35.543  -29.708  60.020 0.0000000000
56142  36.195  -30.265  58.852 0.0000000000
56154  35.248  -30.359  58.120 0.0000000000
55162  35.754  -31.892  58.697 0.0000000000
53227  32.600  -33.223  67.514 0.0000000000
55136  25.911  -30.632  61.666 0.0000000000
55116  28.134  -31.434  61.946 0.0000000000
56131  26.649  -30.569  60.355 0.0000000000
56144  27.275  -30.542  59.254 0.0000000000
61333  29.575  -25.393  57.473 0.0000000000
62402  28.722  -24.502  56.101 0.0000000000
79529  46.013  -6.354  41.780 0.0000000000
80477  47.127  -5.663  41.406 0.0000000000
81453  47.061  -5.414  40.584 0.0000000000
82405  46.983  -4.881  39.339 0.0000000000
80487  45.754  -6.009  39.635 0.0000000000
72539  34.700  -14.880  51.198 0.0000000000
70346  34.079  -15.838  50.586 0.0000000000
71352  33.545  -15.305  51.265 0.0000000000
69327  31.495  -16.741  52.295 0.0000000000
69339  32.055  -16.515  50.947 0.0000000000
68317  30.914  -17.414  51.740 0.0000000000
73499  34.499  -13.711  54.574 0.0000000000
73505  35.460  -13.363  52.741 0.0000000000
72523  35.776  -14.130  51.601 0.0000000000
46602  21.298  -40.688  62.446 0.0000000000
47572  18.931  -40.000  62.710 0.0000000000
54120  27.232  -31.625  68.047 0.0000000000
54130  28.502  -31.879  66.655 0.0000000000
54131  27.247  -31.658  67.003 0.0000000000
54174  22.697  -32.465  64.748 0.0000000000
54172  25.160  -31.302  64.945 0.0000000000
54188  23.744  -31.557  63.981 0.0000000000
55110  24.328  -31.225  63.789 0.0000000000
55122  22.970  -31.980  62.600 0.0000000000
54206  21.758  -32.967  62.396 0.0000000000
58116  32.160  -28.809  55.228 0.0000000000
77522  42.016  -9.493  46.314 0.0000000000
78490  43.255  -8.879  46.506 0.0000000000
78498  41.584  -9.038  45.389 0.0000000000
78530  41.765  -8.527  42.772 0.0000000000
78540  42.659  -8.273  41.644 0.0000000000
78539  43.305  -7.969  41.385 0.0000000000
50463  23.815  -36.476  68.228 0.0000000000
49507  23.975  -37.331  67.514 0.0000000000
49489  24.307  -37.482  69.062 0.0000000000
52350  23.735  -34.510  69.415 0.0000000000
52364  23.551  -34.531  68.669 0.0000000000
76579  41.351  -11.199  48.171 0.0000000000
74608  40.073  -12.597  48.268 0.0000000000
74624  37.787  -12.745  46.144 0.0000000000
46503  23.831  -40.035  66.972 0.0000000000
46546  23.223  -40.332  65.478 0.0000000000
46505  22.290  -41.306  67.153 0.0000000000
47501  18.871  -39.836  67.277 0.0000000000
47500  19.418  -40.194  66.543 0.0000000000
48484  18.374  -38.991  66.214 0.0000000000
48524  18.179  -38.666  64.904 0.0000000000
48486  17.108  -38.569  66.315 0.0000000000
47453  14.110  -38.652  70.760 0.0000000000
47507  12.253  -39.323  67.603 0.0000000000
47484  13.807  -38.687  68.892 0.0000000000
47506  13.227  -39.050  67.575 0.0000000000
48489  14.472  -38.709  65.819 0.0000000000
63388  31.504  -23.198  59.702 0.0000000000
58069  33.950  -28.429  60.001 0.0000000000
60206  33.142  -27.006  60.628 0.0000000000
59103  32.535  -27.388  59.205 0.0000000000
60217  31.979  -26.564  59.430 0.0000000000
59114  32.359  -27.744  58.156 0.0000000000
59127  32.198  -28.074  57.463 0.0000000000
58085  33.036  -28.462  57.981 0.0000000000
55216  33.681  -31.150  56.561 0.0000000000
56182  33.428  -30.407  56.000 0.0000000000
55217  32.930  -31.348  56.100 0.0000000000
55218  32.053  -31.779  55.855 0.0000000000
54303  31.597  -32.341  56.547 0.0000000000
53258  29.404  -33.278  64.983 0.0000000000
53256  30.955  -33.605  65.409 0.0000000000
53272  29.768  -33.697  64.367 0.0000000000
54219  30.617  -32.429  61.499 0.0000000000
53312  31.579  -32.967  62.284 0.0000000000
54217  32.317  -32.852  61.154 0.0000000000
53322  33.721  -33.117  60.959 0.0000000000
54234  32.781  -32.982  60.369 0.0000000000
54248  32.967  -33.179  59.092 0.0000000000
54249  31.842  -32.957  59.533 0.0000000000
55205  28.770  -31.365  57.666 0.0000000000
55204  29.781  -31.829  57.970 0.0000000000
67216  31.417  -18.894  58.285 0.0000000000
68237  31.398  -17.753  57.582 0.0000000000
67233  29.710  -19.121  57.166 0.0000000000
64384  28.815  -23.010  53.579 0.0000000000
65312  29.147  -21.555  53.530 0.0000000000
83349  47.966  -3.275  36.495 0.0000000000
72504  33.707  -14.414  54.062 0.0000000000
71324  33.027  -15.179  53.348 0.0000000000
71312  32.974  -15.242  54.461 0.0000000000
69312  31.673  -16.352  54.497 0.0000000000
68285  30.519  -17.225  54.262 0.0000000000
72488  35.318  -13.434  56.827 0.0000000000
72495  34.587  -13.765  55.768 0.0000000000
47590  22.178  -39.513  62.159 0.0000000000
46601  22.067  -40.183  62.701 0.0000000000
46584  21.592  -40.743  63.378 0.0000000000
54123  24.075  -32.704  67.681 0.0000000000
54133  24.635  -31.941  67.101 0.0000000000
53260  22.747  -32.809  66.430 0.0000000000
53275  22.157  -32.945  65.260 0.0000000000
52386  21.573  -34.103  64.006 0.0000000000
52393  21.238  -34.564  62.441 0.0000000000
51482  21.375  -35.488  62.659 0.0000000000
48556  21.805  -37.599  61.888 0.0000000000
77543  39.574  -9.767  44.392 0.0000000000
50457  23.866  -36.109  71.012 0.0000000000
71364  39.126  -14.882  50.764 0.0000000000
71372  39.589  -14.835  50.150 0.0000000000
72567  39.322  -14.492  48.986 0.0000000000
73569  38.796  -13.465  47.730 0.0000000000
72580  38.225  -14.302  47.888 0.0000000000
72594  37.156  -14.373  46.745 0.0000000000
46471  21.617  -41.148  69.245 0.0000000000
46506  21.089  -41.280  67.246 0.0000000000
46472  20.663  -40.837  69.428 0.0000000000
46490  18.860  -40.253  68.956 0.0000000000
47481  17.789  -39.596  68.876 0.0000000000
48427  13.207  -38.548  70.805 0.0000000000
47455  11.941  -39.085  70.629 0.0000000000
47487  11.431  -39.966  68.721 0.0000000000
46492  11.020  -40.333  68.001 0.0000000000
45454  10.302  -41.322  67.116 0.0000000000
58075  34.336  -28.945  59.658 0.0000000000
58083  34.212  -29.054  59.037 0.0000000000
57110  33.880  -29.343  58.033 0.0000000000
57124  34.687  -29.986  57.860 0.0000000000
55199  34.917  -31.118  57.681 0.0000000000
55178  33.881  -32.152  57.564 0.0000000000
54185  28.274  -32.124  63.293 0.0000000000
53286  29.138  -32.994  63.604 0.0000000000
54202  28.477  -31.925  62.468 0.0000000000
54221  29.068  -31.981  62.030 0.0000000000
55149  29.695  -31.606  60.922 0.0000000000
54251  30.355  -32.246  60.046 0.0000000000
55165  29.144  -31.223  59.706 0.0000000000
55182  28.089  -30.822  58.304 0.0000000000
64357  29.359  -22.124  57.422 0.0000000000
65286  29.261  -21.174  56.596 0.0000000000
64365  29.042  -22.323  56.554 0.0000000000
63440  28.637  -23.894  55.202 0.0000000000
83344  47.666  -3.959  38.891 0.0000000000
82411  46.966  -4.348  38.275 0.0000000000
69347  36.307  -16.162  49.561 0.0000000000
69373  35.583  -16.562  48.342 0.0000000000
70379  35.105  -16.308  49.577 0.0000000000
70347  32.899  -15.952  50.963 0.0000000000
69351  32.202  -16.797  50.245 0.0000000000
74529  36.614  -12.311  55.393 0.0000000000
74535  37.480  -11.849  54.454 0.0000000000
74564  37.991  -13.165  52.221 0.0000000000
73532  37.311  -14.302  51.301 0.0000000000
70343  36.956  -15.598  50.302 0.0000000000
53219  30.224  -32.284  67.920 0.0000000000
53229  30.815  -32.785  67.068 0.0000000000
53230  29.790  -32.250  67.294 0.0000000000
54142  29.127  -32.394  65.995 0.0000000000
53259  28.868  -32.675  64.961 0.0000000000
54145  25.334  -31.635  66.348 0.0000000000
54156  27.174  -31.572  65.222 0.0000000000
54170  27.370  -31.651  64.332 0.0000000000
54187  26.738  -31.450  63.886 0.0000000000
55119  25.644  -30.832  62.545 0.0000000000
56118  24.521  -30.578  60.916 0.0000000000
78495  44.507  -7.772  45.151 0.0000000000
78515  41.709  -8.440  43.741 0.0000000000
78503  43.447  -7.945  44.337 0.0000000000
79511  45.088  -7.496  44.646 0.0000000000
79527  44.838  -7.162  42.764 0.0000000000
79531  44.648  -7.065  41.792 0.0000000000
79534  44.464  -7.232  40.633 0.0000000000
79537  44.287  -7.215  39.421 0.0000000000
50471  22.897  -36.628  66.258 0.0000000000
48522  23.535  -38.343  65.146 0.0000000000
49527  23.750  -37.386  66.555 0.0000000000
47499  24.171  -39.142  67.723 0.0000000000
46485  23.635  -40.204  67.917 0.0000000000
48438  24.441  -37.906  70.208 0.0000000000
46458  23.149  -40.392  69.835 0.0000000000
46446  22.122  -40.825  71.126 0.0000000000
53196  31.317  -32.372  68.580 0.0000000000
53198  29.487  -31.722  68.565 0.0000000000
53199  28.634  -31.543  68.545 0.0000000000
54103  26.185  -31.709  68.956 0.0000000000
54092  25.167  -32.175  69.832 0.0000000000
54105  24.306  -32.755  68.332 0.0000000000
53222  23.671  -33.538  68.253 0.0000000000
51451  22.628  -35.639  67.083 0.0000000000
77505  42.818  -9.943  48.357 0.0000000000
77513  41.835  -10.273  47.301 0.0000000000
77524  40.213  -10.385  46.126 0.0000000000
74622  39.101  -12.280  47.088 0.0000000000
75652  38.939  -11.343  45.895 0.0000000000
76613  39.107  -10.688  45.437 0.0000000000
47534  23.282  -39.883  64.863 0.0000000000
46565  21.903  -40.814  64.351 0.0000000000
46566  20.872  -40.969  64.113 0.0000000000
46528  20.323  -40.881  66.134 0.0000000000
46549  20.166  -40.589  64.887 0.0000000000
46567  19.963  -40.441  63.849 0.0000000000
47554  18.744  -38.998  64.165 0.0000000000
48543  17.240  -38.551  63.733 0.0000000000
47462  17.020  -39.525  70.222 0.0000000000
47482  16.456  -38.967  68.888 0.0000000000
47483  15.154  -38.720  68.790 0.0000000000
47504  15.762  -38.657  67.446 0.0000000000
48488  15.220  -38.585  65.898 0.0000000000
41685  5.905  -45.400  69.238 0.0000000000
69248  33.737  -16.956  58.042 0.0000000000
65270  31.445  -21.115  59.205 0.0000000000
64339  30.635  -22.777  58.844 0.0000000000
62381  29.941  -24.130  58.415 0.0000000000
61321  30.271  -25.427  58.478 0.0000000000
61307  31.507  -25.408  59.604 0.0000000000
61320  31.074  -25.776  58.955 0.0000000000
60244  30.323  -26.560  57.250 0.0000000000
59137  31.150  -27.732  56.453 0.0000000000
58108  31.778  -28.297  56.320 0.0000000000
57141  32.935  -29.438  55.514 0.0000000000
57132  33.636  -29.653  56.651 0.0000000000
57140  33.404  -29.698  55.937 0.0000000000
56192  32.766  -30.283  55.123 0.0000000000
55231  31.686  -31.583  55.020 0.0000000000
54329  31.078  -32.174  54.750 0.0000000000
54231  35.988  -32.623  60.055 0.0000000000
53242  31.363  -33.330  66.352 0.0000000000
53255  31.979  -33.442  65.622 0.0000000000
53281  33.546  -33.214  63.769 0.0000000000
53284  30.301  -33.712  63.588 0.0000000000
53295  31.935  -33.235  62.891 0.0000000000
53293  34.180  -33.125  62.712 0.0000000000
53309  34.486  -33.323  61.592 0.0000000000
53320  35.288  -33.253  60.288 0.0000000000
54246  35.350  -32.541  59.076 0.0000000000
54247  34.265  -32.773  58.689 0.0000000000
54265  33.995  -32.443  57.986 0.0000000000
54289  32.332  -32.568  57.298 0.0000000000
55179  30.300  -32.349  58.828 0.0000000000
54290  30.880  -32.490  57.632 0.0000000000
54304  30.593  -32.288  56.462 0.0000000000
69267  31.895  -17.060  57.237 0.0000000000
68270  30.233  -17.553  55.127 0.0000000000
68286  29.959  -18.101  54.236 0.0000000000
65292  29.223  -20.896  55.412 0.0000000000
66309  29.311  -19.996  53.369 0.0000000000
67293  29.563  -19.384  52.443 0.0000000000
80495  44.774  -6.469  38.039 0.0000000000
71283  33.740  -15.404  57.735 0.0000000000
70297  33.160  -15.612  56.860 0.0000000000
70281  33.436  -16.022  57.511 0.0000000000
71289  34.075  -14.636  57.548 0.0000000000
48541  22.891  -38.209  63.425 0.0000000000
50483  22.456  -36.616  65.317 0.0000000000
51455  22.050  -35.659  65.852 0.0000000000
50500  22.118  -36.451  64.102 0.0000000000
70391  36.454  -16.290  48.227 0.0000000000
70400  35.517  -16.506  47.108 0.0000000000
69379  36.039  -16.507  48.070 0.0000000000
69371  36.934  -16.142  49.069 0.0000000000
70378  37.357  -15.848  49.344 0.0000000000
45417  9.272  -41.600  70.865 0.0000000000
46466  9.853  -41.282  70.474 0.0000000000
45424  9.407  -41.655  69.987 0.0000000000
44530  8.337  -42.592  69.850 0.0000000000
56141  36.602  -30.811  59.507 0.0000000000
56129  36.364  -30.307  59.729 0.0000000000
55175  36.011  -31.169  58.552 0.0000000000
52362  32.148  -33.238  67.982 0.0000000000
53217  32.144  -33.122  67.952 0.0000000000
56117  25.321  -30.477  60.935 0.0000000000
56116  26.151  -30.550  60.903 0.0000000000
56132  25.661  -30.529  60.172 0.0000000000
61344  29.080  -25.428  56.382 0.0000000000
80478  46.489  -6.196  41.646 0.0000000000
80482  46.595  -5.851  40.583 0.0000000000
80486  46.388  -5.680  39.905 0.0000000000
72540  34.133  -15.045  51.218 0.0000000000
72525  33.891  -14.688  51.871 0.0000000000
68301  30.634  -17.345  53.145 0.0000000000
68318  30.150  -18.507  51.252 0.0000000000
73506  34.576  -13.719  53.123 0.0000000000
73498  35.195  -13.213  53.824 0.0000000000
72524  34.789  -14.262  51.923 0.0000000000
46603  20.376  -40.859  62.331 0.0000000000
46586  19.710  -40.464  62.956 0.0000000000
54132  25.837  -31.689  67.068 0.0000000000
54173  23.873  -31.517  64.725 0.0000000000
54189  23.208  -32.045  63.678 0.0000000000
54204  23.031  -32.044  62.944 0.0000000000
54205  22.261  -32.408  62.718 0.0000000000
53299  21.774  -33.086  62.691 0.0000000000
57148  32.495  -29.499  54.505 0.0000000000
77531  41.171  -9.447  45.634 0.0000000000
77530  41.798  -9.232  45.724 0.0000000000
77541  41.170  -9.029  45.187 0.0000000000
78550  42.560  -8.540  40.768 0.0000000000
51446  23.759  -35.546  68.877 0.0000000000
50461  24.124  -36.558  69.175 0.0000000000
72565  40.591  -13.847  49.531 0.0000000000
74597  41.209  -12.572  49.206 0.0000000000
74598  40.666  -12.606  48.739 0.0000000000
46504  23.223  -40.757  67.100 0.0000000000
47502  18.052  -39.143  67.495 0.0000000000
47521  18.432  -39.265  66.908 0.0000000000
48472  17.867  -38.856  67.051 0.0000000000
48485  18.028  -38.848  66.543 0.0000000000
48473  17.479  -38.745  67.057 0.0000000000
47442  13.583  -38.644  71.512 0.0000000000
47525  12.554  -39.375  66.616 0.0000000000
58076  33.730  -28.504  59.374 0.0000000000
59094  33.282  -27.646  60.094 0.0000000000
59113  33.028  -28.256  58.389 0.0000000000
55202  32.448  -32.061  56.541 0.0000000000
53273  29.189  -33.093  64.278 0.0000000000
54218  31.539  -32.722  61.481 0.0000000000
54235  31.738  -32.771  60.522 0.0000000000
66269  30.271  -19.713  58.183 0.0000000000
66275  29.842  -19.288  57.570 0.0000000000
66276  29.415  -19.941  57.248 0.0000000000
71311  33.366  -14.834  55.156 0.0000000000
70299  32.253  -15.993  55.736 0.0000000000
70312  32.293  -15.915  54.684 0.0000000000
69303  30.973  -16.880  55.145 0.0000000000
73482  35.891  -13.000  58.002 0.0000000000
72490  33.832  -14.491  56.373 0.0000000000
72496  34.013  -14.208  55.539 0.0000000000
53233  23.184  -33.451  67.594 0.0000000000
54134  23.685  -32.518  67.086 0.0000000000
53246  22.915  -33.010  66.955 0.0000000000
53261  22.193  -33.215  65.988 0.0000000000
53262  21.836  -33.658  65.313 0.0000000000
53276  21.985  -33.284  64.507 0.0000000000
52383  21.396  -34.831  64.009 0.0000000000
52387  21.343  -34.542  63.304 0.0000000000
51469  21.522  -35.453  63.533 0.0000000000
49581  22.146  -37.026  63.085 0.0000000000
49594  21.837  -37.207  62.448 0.0000000000
72535  38.504  -14.716  51.074 0.0000000000
70341  38.447  -15.132  50.570 0.0000000000
71374  38.311  -15.412  49.415 0.0000000000
70376  38.981  -15.165  50.002 0.0000000000
71373  38.797  -15.179  49.677 0.0000000000
71384  39.385  -14.735  49.497 0.0000000000
72579  38.922  -14.217  48.436 0.0000000000
71396  38.266  -14.720  48.356 0.0000000000
71411  36.565  -15.313  46.913 0.0000000000
71410  37.215  -14.842  47.258 0.0000000000
46460  21.411  -41.022  70.287 0.0000000000
46474  18.887  -40.169  69.908 0.0000000000
46491  18.392  -40.008  69.440 0.0000000000
47444  11.321  -39.578  71.411 0.0000000000
47443  11.925  -38.920  71.658 0.0000000000
47468  10.776  -40.705  69.596 0.0000000000
47467  11.253  -40.241  69.589 0.0000000000
46510  10.669  -40.803  67.301 0.0000000000
46493  10.557  -40.894  68.270 0.0000000000
45456  9.494  -42.059  67.662 0.0000000000
44542  9.585  -42.097  67.052 0.0000000000
44537  7.857  -43.166  68.814 0.0000000000
42691  7.284  -44.189  68.336 0.0000000000
43651  7.216  -44.000  69.026 0.0000000000
57102  35.646  -29.606  59.141 0.0000000000
57096  34.809  -29.256  59.841 0.0000000000
57109  34.514  -29.549  58.384 0.0000000000
55176  35.392  -31.362  58.179 0.0000000000
55200  34.241  -31.374  57.212 0.0000000000
54186  27.414  -31.669  63.350 0.0000000000
54203  27.904  -31.811  62.868 0.0000000000
55134  27.805  -31.049  61.398 0.0000000000
55133  28.744  -31.470  61.479 0.0000000000
54220  29.676  -32.014  61.599 0.0000000000
55132  29.344  -31.539  61.192 0.0000000000
55150  29.183  -31.305  60.658 0.0000000000
63422  29.292  -22.767  57.520 0.0000000000
64358  29.128  -22.574  57.222 0.0000000000
62410  28.664  -24.584  55.514 0.0000000000
62418  28.632  -24.570  54.772 0.0000000000
82409  46.167  -5.061  38.214 0.0000000000
82408  46.603  -4.851  38.666 0.0000000000
82413  46.128  -5.097  37.952 0.0000000000
82417  46.659  -4.988  37.357 0.0000000000
81462  46.123  -5.565  37.442 0.0000000000
70344  36.040  -15.690  50.240 0.0000000000
70361  35.665  -16.123  49.811 0.0000000000
70363  33.697  -16.266  50.353 0.0000000000
69348  34.482  -16.417  49.765 0.0000000000
69364  33.652  -16.762  49.573 0.0000000000
69365  33.199  -16.880  49.679 0.0000000000
71325  32.653  -15.478  52.789 0.0000000000
71335  32.881  -15.433  51.736 0.0000000000
70332  32.390  -15.856  52.187 0.0000000000
68329  31.459  -17.450  50.168 0.0000000000
68328  32.367  -16.965  49.912 0.0000000000
73486  36.056  -12.945  56.578 0.0000000000
74526  36.834  -12.230  56.271 0.0000000000
74551  35.830  -12.907  53.071 0.0000000000
74536  36.736  -12.266  54.069 0.0000000000
74549  37.948  -12.272  53.093 0.0000000000
74565  37.462  -13.370  52.017 0.0000000000
73520  36.961  -13.708  51.676 0.0000000000
72538  35.623  -14.706  51.133 0.0000000000
71349  36.377  -15.192  50.662 0.0000000000
70360  36.561  -15.932  49.923 0.0000000000
53245  29.124  -32.697  65.407 0.0000000000
54146  24.126  -31.940  66.466 0.0000000000
54158  24.620  -31.572  65.692 0.0000000000
54157  25.916  -31.492  65.521 0.0000000000
54171  26.300  -31.390  64.605 0.0000000000
55101  26.085  -31.233  63.895 0.0000000000
55120  24.569  -30.924  62.676 0.0000000000
55137  24.935  -30.625  61.735 0.0000000000
55138  23.768  -30.965  61.475 0.0000000000
51496  21.223  -35.390  61.873 0.0000000000
52400  21.224  -34.449  61.600 0.0000000000
78474  43.553  -9.423  48.276 0.0000000000
78489  44.271  -8.084  46.246 0.0000000000
78488  45.110  -7.670  45.967 0.0000000000
78516  40.916  -8.782  43.743 0.0000000000
78529  42.645  -8.204  42.551 0.0000000000
78514  42.595  -8.195  43.539 0.0000000000
78513  43.424  -7.860  43.290 0.0000000000
78502  44.275  -7.608  44.027 0.0000000000
78512  44.158  -7.533  43.019 0.0000000000
79518  44.992  -7.334  43.716 0.0000000000
78538  43.908  -7.578  41.154 0.0000000000
79535  43.843  -7.769  40.372 0.0000000000
48471  24.201  -38.114  67.866 0.0000000000
47498  24.229  -38.528  68.222 0.0000000000
49467  24.287  -37.040  70.878 0.0000000000
47448  23.807  -38.705  71.079 0.0000000000
47461  23.905  -39.953  69.611 0.0000000000
46459  22.358  -40.921  70.088 0.0000000000
53197  30.414  -32.061  68.584 0.0000000000
54102  27.519  -31.531  69.017 0.0000000000
53200  24.486  -32.897  69.656 0.0000000000
54104  24.939  -32.228  68.836 0.0000000000
51448  23.320  -35.568  68.271 0.0000000000
51449  22.888  -35.429  67.800 0.0000000000
68363  34.932  -16.727  48.064 0.0000000000
75630  40.876  -11.537  48.104 0.0000000000
76589  41.655  -10.771  47.914 0.0000000000
76590  41.072  -11.035  47.490 0.0000000000
77514  41.176  -10.593  47.000 0.0000000000
76603  40.096  -10.885  46.536 0.0000000000
73583  38.428  -13.219  47.132 0.0000000000
74610  38.843  -12.807  47.261 0.0000000000
74634  38.075  -12.195  45.938 0.0000000000
75644  38.582  -11.820  46.092 0.0000000000
75653  38.262  -11.567  45.377 0.0000000000
76614  38.561  -11.003  44.789 0.0000000000
48502  23.933  -38.339  65.931 0.0000000000
47551  23.432  -38.843  64.761 0.0000000000
47533  23.595  -39.312  65.323 0.0000000000
46547  22.274  -40.890  65.311 0.0000000000
46564  22.783  -40.319  64.614 0.0000000000
47519  19.437  -40.046  65.585 0.0000000000
47535  19.388  -39.816  64.518 0.0000000000
48525  17.382  -38.400  64.665 0.0000000000
48542  18.030  -38.455  64.024 0.0000000000
48440  13.036  -38.613  70.062 0.0000000000
48456  13.467  -38.649  69.691 0.0000000000
47522  15.461  -38.611  66.547 0.0000000000
47523  14.808  -38.686  66.593 0.0000000000
42669  6.152  -44.777  70.003 0.0000000000
41670  4.211  -45.963  69.870 0.0000000000
41669  5.207  -45.619  69.717 0.0000000000
67202  32.222  -18.988  58.844 0.0000000000
64337  31.670  -21.695  59.470 0.0000000000
64348  30.545  -21.758  58.714 0.0000000000
64338  31.176  -22.220  59.067 0.0000000000
62371  31.154  -24.265  59.478 0.0000000000
63403  30.902  -23.338  59.109 0.0000000000
62372  30.525  -24.254  58.955 0.0000000000
61322  29.638  -24.656  58.063 0.0000000000
61306  32.038  -25.843  60.105 0.0000000000
60230  32.040  -27.124  58.781 0.0000000000
60218  31.457  -26.141  59.093 0.0000000000
60231  31.264  -26.761  58.318 0.0000000000
60232  30.475  -26.211  58.001 0.0000000000
60243  30.974  -27.155  57.536 0.0000000000
59129  30.877  -27.355  57.045 0.0000000000
59128  31.606  -27.675  57.367 0.0000000000
58098  32.654  -28.561  57.353 0.0000000000
58099  32.122  -28.350  56.993 0.0000000000
58107  32.553  -28.878  56.346 0.0000000000
57133  33.144  -29.372  56.233 0.0000000000
58097  33.436  -29.097  57.559 0.0000000000
56191  33.248  -29.924  55.582 0.0000000000
55230  32.444  -31.122  55.340 0.0000000000
54318  30.342  -32.406  55.509 0.0000000000
53271  30.626  -33.809  64.483 0.0000000000
53269  32.777  -33.305  64.742 0.0000000000
53282  32.364  -33.327  63.767 0.0000000000
53298  29.340  -33.020  63.151 0.0000000000
53285  29.566  -33.390  63.644 0.0000000000
53297  29.906  -33.241  62.925 0.0000000000
53311  32.433  -32.982  62.001 0.0000000000
53294  33.015  -33.073  62.866 0.0000000000
53321  34.623  -33.386  60.551 0.0000000000
54232  34.926  -33.152  59.669 0.0000000000
54266  33.208  -32.683  57.884 0.0000000000
55180  29.937  -32.056  59.147 0.0000000000
54269  30.470  -32.445  59.500 0.0000000000
55203  30.314  -32.274  58.489 0.0000000000
69250  32.860  -17.330  57.992 0.0000000000
69266  32.446  -17.015  57.540 0.0000000000
68236  32.004  -17.358  57.705 0.0000000000
68253  29.827  -18.199  56.283 0.0000000000
68252  30.404  -17.673  56.349 0.0000000000
68271  29.781  -18.200  55.575 0.0000000000
65293  29.166  -21.634  55.835 0.0000000000
65301  29.207  -21.415  54.710 0.0000000000
65325  29.030  -21.766  52.423 0.0000000000
66310  29.224  -20.754  53.923 0.0000000000
67294  29.386  -19.981  52.426 0.0000000000
83352  48.448  -3.359  35.618 0.0000000000
84369  48.859  -2.382  36.279 0.0000000000
80491  44.767  -6.500  39.000 0.0000000000
79540  44.286  -7.264  38.301 0.0000000000
71299  32.966  -15.323  55.495 0.0000000000
70298  32.754  -15.855  56.303 0.0000000000
69286  32.140  -16.460  56.621 0.0000000000
49593  22.360  -37.606  62.893 0.0000000000
47552  23.126  -39.337  64.224 0.0000000000
52374  22.213  -34.628  66.846 0.0000000000
52378  22.002  -34.146  66.374 0.0000000000
52375  22.027  -34.951  66.295 0.0000000000
50501  21.805  -35.936  63.745 0.0000000000
50519  22.187  -36.741  63.451 0.0000000000
70408  36.063  -15.888  46.959 0.0000000000
70342  37.779  -15.376  50.398 0.0000000000
70358  38.265  -15.360  50.209 0.0000000000
70389  38.009  -15.502  49.032 0.0000000000
71386  37.714  -15.511  48.686 0.0000000000
71397  37.487  -15.209  47.978 0.0000000000
70398  36.885  -15.810  47.969 0.0000000000
46448  20.271  -40.485  71.409 0.0000000000
46462  19.625  -40.216  70.611 0.0000000000
46465  10.382  -41.002  70.032 0.0000000000
46477  10.368  -41.092  69.157 0.0000000000
45430  10.151  -41.341  68.481 0.0000000000
45431  9.657  -41.593  69.035 0.0000000000
45444  9.169  -42.132  68.364 0.0000000000
44536  8.280  -42.829  68.624 0.0000000000
44531  7.760  -43.153  69.367 0.0000000000
56143  35.382  -29.730  58.663 0.0000000000
56153  35.771  -30.761  58.351 0.0000000000
55118  26.561  -30.994  62.349 0.0000000000
55117  27.508  -31.375  62.336 0.0000000000
55135  26.824  -30.746  61.358 0.0000000000
55152  27.371  -30.725  60.744 0.0000000000
56130  27.372  -30.632  60.182 0.0000000000
56145  26.016  -30.432  59.309 0.0000000000
62392  29.392  -24.232  57.545 0.0000000000
63423  29.166  -23.311  57.201 0.0000000000
62401  29.077  -24.393  56.817 0.0000000000
61345  28.707  -25.007  55.881 0.0000000000
79525  46.299  -6.405  42.338 0.0000000000
79515  46.952  -6.332  43.021 0.0000000000
82404  47.505  -4.495  39.932 0.0000000000
81456  46.858  -5.274  39.927 0.0000000000
81460  46.011  -5.314  38.824 0.0000000000
80490  45.306  -5.840  38.479 0.0000000000
70345  35.076  -15.781  50.307 0.0000000000
71351  34.489  -15.373  50.825 0.0000000000
73491  35.239  -13.232  55.400 0.0000000000
74530  36.071  -12.626  54.922 0.0000000000
73521  35.987  -13.671  51.985 0.0000000000
73522  35.284  -13.802  52.242 0.0000000000
53221  28.257  -31.580  68.002 0.0000000000
53231  28.878  -31.828  67.285 0.0000000000
53232  28.029  -31.681  67.377 0.0000000000
54144  26.664  -31.568  66.167 0.0000000000
55103  24.686  -31.209  64.487 0.0000000000
55121  23.511  -31.501  62.862 0.0000000000
54222  22.183  -32.211  61.437 0.0000000000
54223  21.687  -32.875  61.852 0.0000000000
77512  42.706  -9.520  47.102 0.0000000000
77521  42.672  -9.277  46.524 0.0000000000
78497  42.327  -8.868  45.613 0.0000000000
77577  41.159  -8.957  42.070 0.0000000000
49506  24.133  -37.345  68.375 0.0000000000
53183  24.015  -33.655  69.840 0.0000000000
75620  41.268  -11.820  48.701 0.0000000000
75621  40.575  -12.030  48.356 0.0000000000
75631  40.196  -11.734  47.705 0.0000000000
46524  23.798  -39.940  66.411 0.0000000000
46545  23.682  -39.894  65.969 0.0000000000
46525  23.441  -40.353  66.350 0.0000000000
46526  22.717  -40.912  66.242 0.0000000000
46527  21.637  -41.275  66.173 0.0000000000
46508  19.220  -40.231  68.110 0.0000000000
47520  18.716  -39.389  66.265 0.0000000000
48503  18.309  -38.893  65.795 0.0000000000
48504  17.622  -38.586  65.604 0.0000000000
48505  16.735  -38.422  65.404 0.0000000000
47452  15.195  -38.856  71.009 0.0000000000
48458  12.385  -39.115  69.159 0.0000000000
48457  12.964  -38.772  69.344 0.0000000000
47485  12.754  -39.030  68.510 0.0000000000
47524  13.631  -38.953  66.272 0.0000000000
64321  31.528  -22.557  59.561 0.0000000000
59093  34.039  -28.079  60.364 0.0000000000
59087  33.491  -27.193  60.750 0.0000000000
59095  32.537  -27.096  59.811 0.0000000000
56173  34.116  -30.452  56.818 0.0000000000
53244  29.652  -32.971  65.545 0.0000000000
53257  30.055  -33.583  65.165 0.0000000000
53296  30.887  -33.333  62.743 0.0000000000
54199  30.995  -32.762  62.109 0.0000000000
53323  32.978  -32.942  61.307 0.0000000000
55219  29.342  -31.778  57.146 0.0000000000
54305  29.524  -32.231  56.344 0.0000000000
68214  31.735  -18.239  58.210 0.0000000000
67232  30.296  -18.612  57.379 0.0000000000
67247  29.530  -18.915  56.434 0.0000000000
64373  29.012  -22.494  54.213 0.0000000000
64383  29.010  -22.349  53.153 0.0000000000
83346  47.976  -3.005  37.729 0.0000000000
72511  33.461  -14.720  53.010 0.0000000000
72505  33.296  -14.916  53.735 0.0000000000
71313  32.575  -15.545  53.761 0.0000000000
70321  32.115  -16.029  53.460 0.0000000000
69313  31.300  -16.665  53.637 0.0000000000
72483  35.356  -13.558  57.464 0.0000000000
73487  35.271  -13.348  56.412 0.0000000000
73492  34.572  -13.730  55.349 0.0000000000
54122  24.919  -32.012  67.850 0.0000000000
54147  23.319  -32.428  66.584 0.0000000000
53247  22.307  -33.541  66.662 0.0000000000
54160  22.520  -32.605  65.498 0.0000000000
54175  22.291  -32.746  64.430 0.0000000000
53287  21.711  -33.433  63.318 0.0000000000
51483  21.282  -35.844  62.098 0.0000000000
50538  21.378  -36.303  62.175 0.0000000000
77542  40.549  -9.140  44.872 0.0000000000
50459  24.019  -36.318  70.242 0.0000000000
72533  39.932  -14.466  51.287 0.0000000000
71345  39.640  -14.725  50.886 0.0000000000
70357  38.886  -15.016  50.560 0.0000000000
71363  39.323  -14.865  50.663 0.0000000000
71383  40.171  -14.416  49.759 0.0000000000
72566  39.925  -14.229  49.277 0.0000000000
72578  39.714  -13.921  48.783 0.0000000000
73568  39.526  -13.357  48.272 0.0000000000
73570  38.185  -13.770  47.365 0.0000000000
72593  37.671  -14.348  47.337 0.0000000000
72607  36.597  -14.386  46.060 0.0000000000
46470  22.566  -40.929  69.055 0.0000000000
46487  21.888  -41.282  68.197 0.0000000000
46488  20.819  -41.040  68.371 0.0000000000
46489  19.851  -40.630  68.658 0.0000000000
46473  19.733  -40.465  69.647 0.0000000000
47480  18.582  -39.779  68.161 0.0000000000
48419  12.508  -38.670  71.117 0.0000000000
47466  11.826  -39.509  69.562 0.0000000000
47486  11.969  -39.367  68.545 0.0000000000
47508  11.524  -39.743  67.765 0.0000000000
46509  11.196  -40.226  67.076 0.0000000000
45467  10.546  -41.111  66.569 0.0000000000
45442  10.256  -41.309  67.784 0.0000000000
58068  34.624  -28.698  60.345 0.0000000000
58084  33.627  -28.769  58.464 0.0000000000
56172  34.612  -30.489  57.512 0.0000000000
54168  28.763  -32.588  63.801 0.0000000000
54184  28.861  -32.604  63.130 0.0000000000
54201  29.347  -32.557  62.489 0.0000000000
54237  30.239  -31.971  60.839 0.0000000000
55164  29.775  -31.695  60.213 0.0000000000
55166  28.384  -30.830  59.247 0.0000000000
65283  29.629  -21.114  58.000 0.0000000000
66270  29.696  -20.252  57.994 0.0000000000
65287  29.114  -21.694  56.447 0.0000000000
63431  28.735  -23.463  56.027 0.0000000000
63439  28.745  -23.117  54.909 0.0000000000
63447  28.702  -23.613  54.240 0.0000000000
82407  47.239  -4.449  39.075 0.0000000000
81467  46.620  -5.403  37.128 0.0000000000
69361  36.570  -16.204  49.276 0.0000000000
69362  35.591  -16.441  49.121 0.0000000000
68340  35.223  -16.531  48.874 0.0000000000
70362  34.663  -16.256  49.940 0.0000000000
69363  34.610  -16.470  49.468 0.0000000000
71334  33.162  -15.041  52.298 0.0000000000
71353  33.100  -15.536  51.278 0.0000000000
70333  32.189  -16.251  51.688 0.0000000000
69338  32.668  -16.340  50.666 0.0000000000
69350  33.017  -16.598  50.178 0.0000000000
73519  37.997  -13.835  51.607 0.0000000000
72536  37.731  -14.662  51.103 0.0000000000
72537  36.714  -14.504  51.186 0.0000000000
71348  37.322  -15.119  50.737 0.0000000000
69346  36.851  -15.991  49.651 0.0000000000
53218  31.457  -32.715  67.840 0.0000000000
53228  31.803  -33.161  67.254 0.0000000000
54128  30.077  -32.534  66.635 0.0000000000
54129  29.355  -32.219  66.665 0.0000000000
54141  29.727  -32.623  66.109 0.0000000000
54155  28.224  -31.970  64.800 0.0000000000
54169  28.192  -32.044  64.013 0.0000000000
55108  26.424  -31.220  63.199 0.0000000000
55109  25.420  -30.986  63.438 0.0000000000
53300  21.403  -33.573  62.320 0.0000000000
60255  30.167  -26.850  56.552 0.0000000000
79503  45.680  -7.435  45.422 0.0000000000
78505  41.412  -8.697  44.712 0.0000000000
78504  42.476  -8.328  44.572 0.0000000000
79510  45.778  -7.236  44.410 0.0000000000
79517  45.688  -7.001  43.461 0.0000000000
78527  44.006  -7.473  42.063 0.0000000000
79526  45.533  -6.753  42.538 0.0000000000
79530  45.432  -6.640  41.554 0.0000000000
79533  45.133  -6.781  40.920 0.0000000000
80484  45.053  -6.819  40.611 0.0000000000
80488  45.038  -6.798  40.004 0.0000000000
50482  23.039  -36.974  65.548 0.0000000000
49568  23.284  -37.739  64.922 0.0000000000
49549  23.428  -37.498  65.616 0.0000000000
48483  24.248  -38.255  66.944 0.0000000000
49475  24.379  -37.247  69.830 0.0000000000
48455  24.405  -38.095  69.397 0.0000000000
48425  24.191  -38.010  70.888 0.0000000000
47460  24.370  -38.940  69.949 0.0000000000
47479  23.992  -39.594  68.800 0.0000000000
46469  23.329  -40.331  68.872 0.0000000000
46447  21.161  -40.875  71.306 0.0000000000
52349  31.865  -33.064  67.876 0.0000000000
52370  23.116  -34.505  68.130 0.0000000000
52371  22.628  -34.564  67.530 0.0000000000
50472  22.381  -36.212  66.004 0.0000000000
69380  35.247  -16.666  47.534 0.0000000000
77500  43.617  -9.572  49.220 0.0000000000
76578  41.879  -10.883  48.643 0.0000000000
77506  42.097  -10.509  48.018 0.0000000000
77523  40.944  -10.247  46.393 0.0000000000
74609  39.414  -12.576  47.683 0.0000000000
75632  39.548  -11.902  47.246 0.0000000000
74623  38.465  -12.505  46.635 0.0000000000
75643  39.253  -11.628  46.585 0.0000000000
75642  39.922  -11.459  47.030 0.0000000000
76604  39.448  -11.021  46.070 0.0000000000
76612  39.763  -10.548  45.970 0.0000000000
76622  38.871  -10.410  44.559 0.0000000000
47553  19.194  -39.723  63.508 0.0000000000
47573  18.176  -39.125  63.137 0.0000000000
47454  13.656  -38.568  70.931 0.0000000000
47464  14.669  -38.772  69.886 0.0000000000
48474  16.700  -38.607  66.994 0.0000000000
48487  16.099  -38.544  66.253 0.0000000000
48506  15.784  -38.483  65.189 0.0000000000
43635  6.902  -44.072  69.598 0.0000000000
41695  6.168  -45.828  68.162 0.0000000000
41668  5.657  -45.255  69.787 0.0000000000
69264  33.581  -16.579  57.845 0.0000000000
67203  31.757  -19.379  58.740 0.0000000000
66266  31.378  -19.999  58.921 0.0000000000
65279  30.582  -20.997  58.663 0.0000000000
65280  30.189  -21.518  58.559 0.0000000000
64349  30.122  -22.249  58.479 0.0000000000
63412  29.678  -23.179  57.919 0.0000000000
63404  30.297  -23.313  58.647 0.0000000000
62382  29.613  -23.963  57.940 0.0000000000
61332  30.134  -25.935  57.829 0.0000000000
61292  32.002  -25.115  60.171 0.0000000000
59138  30.560  -27.279  56.482 0.0000000000
55239  32.156  -31.032  54.467 0.0000000000
55240  31.632  -31.688  54.130 0.0000000000
55148  36.718  -31.978  59.863 0.0000000000
53241  32.324  -33.296  66.602 0.0000000000
53283  31.290  -33.603  63.667 0.0000000000
53280  34.742  -33.420  63.648 0.0000000000
53308  35.560  -33.471  61.031 0.0000000000
54245  35.951  -32.242  59.181 0.0000000000
55163  35.095  -32.164  58.453 0.0000000000
54288  32.936  -32.488  57.375 0.0000000000
54250  30.973  -32.679  59.877 0.0000000000
54268  30.779  -32.624  58.914 0.0000000000
69265  33.193  -16.780  57.676 0.0000000000
69285  32.662  -16.440  57.107 0.0000000000
69287  31.345  -16.877  56.507 0.0000000000
66284  29.245  -20.067  55.881 0.0000000000
66296  29.238  -20.796  54.533 0.0000000000
66295  29.174  -20.187  54.610 0.0000000000
67277  29.409  -19.113  53.737 0.0000000000
79544  44.979  -7.197  37.454 0.0000000000
43650  7.617  -43.632  68.481 0.0000000000
45455  9.927  -41.700  67.383 0.0000000000
48426  13.655  -38.564  70.682 0.0000000000
48428  12.611  -38.710  70.480 0.0000000000
48470  24.290  -38.065  68.596 0.0000000000
49550  23.059  -37.231  65.142 0.0000000000
50539  21.283  -36.080  61.997 0.0000000000
50557  21.307  -36.156  61.777 0.0000000000
51459  21.571  -35.534  64.236 0.0000000000
51497  21.271  -35.909  61.830 0.0000000000
53288  21.343  -34.000  62.877 0.0000000000
55111  23.662  -31.542  63.602 0.0000000000
56115  26.546  -30.586  60.886 0.0000000000
63432  28.655  -24.103  55.717 0.0000000000
63446  28.830  -23.057  54.362 0.0000000000
64364  29.149  -21.790  56.797 0.0000000000
64374  28.853  -23.039  54.094 0.0000000000
65300  29.229  -20.826  54.833 0.0000000000
66324  29.365  -19.978  52.741 0.0000000000
67215  31.912  -18.478  58.421 0.0000000000
67246  29.916  -18.273  56.739 0.0000000000
68352  35.126  -16.581  48.602 0.0000000000
69349  34.064  -16.498  49.896 0.0000000000
69360  37.042  -15.975  49.499 0.0000000000
70340  38.682  -15.014  50.691 0.0000000000
70348  32.396  -16.230  51.185 0.0000000000
70356  39.111  -14.867  50.740 0.0000000000
70359  37.340  -15.772  49.872 0.0000000000
70375  39.162  -14.947  50.486 0.0000000000
70380  34.830  -16.352  49.654 0.0000000000
71346  38.917  -14.911  50.765 0.0000000000
72521  38.168  -14.407  51.299 0.0000000000
72522  36.362  -13.992  51.553 0.0000000000
72577  40.230  -13.729  49.089 0.0000000000
73504  36.203  -13.262  52.410 0.0000000000
73531  37.677  -14.214  51.362 0.0000000000
73567  40.172  -13.275  48.703 0.0000000000
76602  40.765  -10.787  46.896 0.0000000000
77504  43.561  -9.472  48.589 0.0000000000
77533  39.332  -10.098  45.030 0.0000000000
77567  41.119  -8.861  42.662 0.0000000000
78491  42.598  -9.151  46.223 0.0000000000
78494  45.134  -7.593  45.425 0.0000000000
78548  43.873  -7.698  40.651 0.0000000000
79504  45.131  -7.566  45.160 0.0000000000
80475  46.744  -6.191  42.271 0.0000000000
80479  45.902  -6.404  41.461 0.0000000000
81457  46.302  -5.479  39.505 0.0000000000
81459  46.549  -5.146  39.246 0.0000000000
82412  46.411  -4.970  37.766 0.0000000000
