#!ascii label  , from subject 4005 vox2ras=TkReg
1593
43044  -46.914  -35.636  43.912 0.0000000000
31446  -35.501  -46.991  46.844 0.0000000000
52017  -53.560  -26.648  35.174 0.0000000000
47944  -43.200  -30.721  33.234 0.0000000000
46827  -52.839  -31.794  38.551 0.0000000000
37299  -42.756  -41.519  46.824 0.0000000000
39458  -31.992  -39.677  38.374 0.0000000000
43999  -37.911  -34.871  36.357 0.0000000000
27106  -27.415  -51.791  46.382 0.0000000000
59308  -54.077  -19.402  34.438 0.0000000000
33445  -24.825  -45.554  36.923 0.0000000000
44850  -45.853  -33.733  37.774 0.0000000000
45855  -47.919  -31.616  34.884 0.0000000000
46762  -49.217  -31.770  41.175 0.0000000000
40348  -45.683  -38.801  45.120 0.0000000000
40396  -40.812  -38.627  41.140 0.0000000000
43105  -43.825  -35.644  39.928 0.0000000000
45832  -40.419  -32.837  35.389 0.0000000000
61561  -53.825  -17.307  30.486 0.0000000000
28077  -31.557  -49.908  47.166 0.0000000000
29206  -26.243  -48.881  41.620 0.0000000000
32476  -30.194  -46.090  42.471 0.0000000000
48935  -55.051  -29.207  36.899 0.0000000000
34260  -38.846  -44.337  47.326 0.0000000000
35301  -33.757  -43.783  42.618 0.0000000000
36334  -38.407  -41.929  42.316 0.0000000000
40445  -36.146  -38.173  36.997 0.0000000000
27091  -24.394  -51.886  48.315 0.0000000000
50949  -52.364  -27.551  42.652 0.0000000000
51966  -49.419  -26.317  39.415 0.0000000000
56087  -53.061  -21.749  37.929 0.0000000000
55075  -48.886  -23.411  34.960 0.0000000000
57282  -48.152  -21.598  30.761 0.0000000000
30349  -23.491  -49.088  42.726 0.0000000000
36359  -28.110  -42.528  38.108 0.0000000000
43109  -47.225  -35.279  39.742 0.0000000000
44836  -48.204  -33.388  39.226 0.0000000000
44801  -47.779  -33.124  42.401 0.0000000000
41284  -47.174  -37.797  43.776 0.0000000000
40402  -46.452  -38.320  42.047 0.0000000000
41331  -46.836  -36.851  40.967 0.0000000000
43981  -44.919  -34.619  38.846 0.0000000000
53078  -55.393  -25.493  33.460 0.0000000000
53061  -52.585  -25.698  34.025 0.0000000000
30322  -33.798  -48.227  46.718 0.0000000000
30342  -30.674  -47.875  44.350 0.0000000000
32448  -33.391  -46.757  45.169 0.0000000000
49018  -43.872  -29.886  31.137 0.0000000000
46849  -50.325  -31.736  36.392 0.0000000000
48978  -48.740  -29.825  34.768 0.0000000000
47917  -51.451  -30.405  36.158 0.0000000000
48966  -53.619  -29.302  35.521 0.0000000000
46852  -54.388  -30.407  36.993 0.0000000000
36226  -40.751  -41.735  47.814 0.0000000000
36281  -38.866  -42.901  44.551 0.0000000000
36284  -40.887  -41.548  44.145 0.0000000000
42270  -39.077  -36.523  38.810 0.0000000000
40417  -38.525  -38.589  39.125 0.0000000000
43130  -36.971  -36.438  36.486 0.0000000000
46878  -41.702  -31.350  34.339 0.0000000000
50961  -50.597  -27.102  41.335 0.0000000000
56109  -51.177  -22.525  36.750 0.0000000000
57220  -51.087  -21.211  34.384 0.0000000000
56172  -48.284  -22.758  32.861 0.0000000000
59324  -50.724  -19.968  33.298 0.0000000000
61573  -50.919  -17.555  29.145 0.0000000000
26124  -25.676  -52.556  46.981 0.0000000000
28082  -23.989  -50.966  45.479 0.0000000000
28094  -25.309  -50.804  44.225 0.0000000000
31500  -25.468  -46.832  39.708 0.0000000000
31499  -24.538  -47.525  39.605 0.0000000000
32509  -23.687  -46.683  36.456 0.0000000000
36343  -33.450  -42.029  41.270 0.0000000000
36340  -30.795  -42.806  40.311 0.0000000000
37428  -30.377  -41.345  38.833 0.0000000000
45835  -44.621  -32.004  36.066 0.0000000000
46899  -45.049  -30.978  33.652 0.0000000000
45822  -46.867  -32.827  35.919 0.0000000000
45797  -49.477  -32.533  37.958 0.0000000000
45788  -51.340  -31.834  39.450 0.0000000000
38355  -44.644  -40.677  46.007 0.0000000000
38397  -42.727  -40.782  44.069 0.0000000000
39410  -44.974  -39.481  42.933 0.0000000000
42228  -42.881  -36.935  41.334 0.0000000000
43124  -40.211  -34.732  37.973 0.0000000000
44874  -39.077  -33.836  35.745 0.0000000000
43991  -42.313  -34.108  37.894 0.0000000000
45804  -43.430  -32.872  37.049 0.0000000000
59346  -54.391  -18.593  32.962 0.0000000000
61547  -57.214  -16.779  32.048 0.0000000000
27108  -29.229  -51.048  46.337 0.0000000000
28106  -26.608  -50.216  43.786 0.0000000000
29170  -28.461  -49.403  44.060 0.0000000000
31473  -28.214  -47.311  42.348 0.0000000000
32492  -27.194  -45.948  39.492 0.0000000000
49009  -46.308  -29.833  33.124 0.0000000000
50035  -54.542  -28.328  34.472 0.0000000000
51022  -54.333  -27.897  36.008 0.0000000000
32420  -37.947  -45.888  46.872 0.0000000000
33403  -35.025  -45.612  44.504 0.0000000000
34301  -37.131  -44.286  44.638 0.0000000000
36312  -36.512  -42.781  42.598 0.0000000000
38463  -35.153  -40.448  40.226 0.0000000000
38451  -39.981  -40.744  41.280 0.0000000000
38481  -37.705  -40.061  39.829 0.0000000000
39470  -33.708  -39.072  37.823 0.0000000000
43885  -49.028  -33.956  46.424 0.0000000000
31389  -37.253  -46.782  48.892 0.0000000000
36195  -40.035  -42.741  49.331 0.0000000000
37243  -41.652  -41.315  49.904 0.0000000000
44759  -49.889  -32.818  44.936 0.0000000000
45694  -51.697  -31.784  43.371 0.0000000000
46767  -53.117  -31.351  42.100 0.0000000000
50926  -53.333  -27.941  44.322 0.0000000000
47842  -54.253  -30.328  40.830 0.0000000000
48902  -53.475  -29.516  39.553 0.0000000000
49957  -51.447  -29.002  38.711 0.0000000000
51018  -50.235  -27.846  36.570 0.0000000000
55002  -51.557  -23.885  38.916 0.0000000000
53027  -49.018  -25.221  37.268 0.0000000000
52027  -49.105  -26.552  34.688 0.0000000000
53080  -48.551  -24.917  32.927 0.0000000000
59373  -50.513  -19.091  30.755 0.0000000000
29147  -23.080  -49.206  46.851 0.0000000000
30380  -20.710  -48.606  40.193 0.0000000000
30361  -24.957  -49.347  41.908 0.0000000000
31497  -22.453  -47.563  39.670 0.0000000000
33425  -31.959  -44.890  42.488 0.0000000000
34333  -29.464  -44.411  40.438 0.0000000000
34343  -26.564  -44.293  37.296 0.0000000000
35368  -25.728  -43.414  34.573 0.0000000000
43936  -47.277  -34.868  42.133 0.0000000000
44820  -47.438  -33.949  41.661 0.0000000000
43925  -47.060  -34.584  43.271 0.0000000000
42199  -47.294  -36.791  43.317 0.0000000000
41293  -47.365  -37.796  42.816 0.0000000000
43074  -47.369  -35.848  41.590 0.0000000000
43092  -47.223  -35.741  40.524 0.0000000000
52018  -54.503  -26.729  35.186 0.0000000000
52031  -54.202  -26.130  34.751 0.0000000000
53062  -53.808  -25.688  34.098 0.0000000000
52030  -53.116  -26.268  34.544 0.0000000000
31424  -35.081  -47.361  47.210 0.0000000000
31443  -33.379  -47.608  45.859 0.0000000000
31457  -34.604  -47.216  45.853 0.0000000000
49006  -42.293  -29.922  32.028 0.0000000000
47962  -43.508  -30.455  32.168 0.0000000000
46836  -52.227  -31.497  37.595 0.0000000000
47900  -51.505  -31.027  36.562 0.0000000000
47883  -52.686  -30.961  37.268 0.0000000000
47902  -53.518  -30.304  36.616 0.0000000000
46838  -54.187  -30.858  37.519 0.0000000000
37280  -41.657  -41.459  47.745 0.0000000000
37314  -40.508  -41.793  45.778 0.0000000000
37315  -41.304  -41.563  45.360 0.0000000000
43122  -38.719  -35.733  37.561 0.0000000000
42275  -38.178  -36.739  38.072 0.0000000000
43131  -37.586  -35.788  36.607 0.0000000000
43137  -35.811  -35.910  35.501 0.0000000000
47925  -42.329  -30.916  34.125 0.0000000000
47942  -41.154  -30.652  33.291 0.0000000000
47960  -41.696  -30.214  32.711 0.0000000000
57202  -52.363  -21.128  35.845 0.0000000000
58253  -52.216  -20.459  34.447 0.0000000000
57232  -51.297  -20.897  33.837 0.0000000000
59326  -52.144  -19.916  33.742 0.0000000000
26125  -26.419  -52.632  46.918 0.0000000000
27115  -25.454  -51.902  45.622 0.0000000000
27116  -26.399  -51.629  45.693 0.0000000000
32499  -25.504  -45.935  38.139 0.0000000000
32488  -24.481  -46.600  38.157 0.0000000000
32510  -24.219  -46.077  36.761 0.0000000000
32541  -23.426  -47.066  35.046 0.0000000000
33477  -24.220  -45.795  35.316 0.0000000000
37423  -33.123  -40.694  39.842 0.0000000000
37421  -31.324  -41.371  39.503 0.0000000000
37435  -30.906  -40.480  38.505 0.0000000000
45820  -45.222  -32.515  36.817 0.0000000000
45821  -46.203  -32.761  36.253 0.0000000000
44863  -46.161  -33.196  37.138 0.0000000000
45746  -48.649  -32.091  40.608 0.0000000000
45785  -48.762  -32.630  38.681 0.0000000000
45769  -49.380  -31.821  39.689 0.0000000000
45798  -50.303  -32.181  38.223 0.0000000000
45770  -50.555  -31.699  40.180 0.0000000000
39332  -44.840  -39.559  45.856 0.0000000000
38399  -45.322  -40.330  44.608 0.0000000000
38400  -46.385  -39.768  44.142 0.0000000000
42247  -44.856  -36.615  40.813 0.0000000000
41309  -44.351  -37.600  41.861 0.0000000000
42264  -43.060  -36.026  40.199 0.0000000000
43103  -41.307  -35.785  39.831 0.0000000000
43118  -42.426  -34.869  39.038 0.0000000000
43990  -41.295  -34.194  37.506 0.0000000000
43979  -42.870  -34.530  38.620 0.0000000000
43994  -45.341  -34.174  38.287 0.0000000000
44848  -43.873  -33.443  37.698 0.0000000000
44849  -44.927  -33.529  37.681 0.0000000000
45819  -43.958  -32.166  36.612 0.0000000000
27110  -30.715  -50.472  46.801 0.0000000000
28086  -29.117  -50.155  45.391 0.0000000000
29159  -30.460  -49.492  45.580 0.0000000000
31469  -30.376  -47.236  43.623 0.0000000000
30353  -29.606  -47.945  43.658 0.0000000000
32468  -29.027  -46.651  42.400 0.0000000000
32473  -27.905  -46.677  41.394 0.0000000000
33421  -28.812  -45.799  41.213 0.0000000000
46883  -46.612  -31.472  34.144 0.0000000000
46915  -45.825  -31.037  32.781 0.0000000000
46902  -47.185  -30.874  33.743 0.0000000000
50030  -49.657  -29.120  34.613 0.0000000000
50056  -47.577  -28.509  33.391 0.0000000000
51070  -48.301  -28.005  33.078 0.0000000000
48952  -55.274  -29.282  35.947 0.0000000000
48984  -54.138  -28.660  34.669 0.0000000000
48968  -55.010  -28.940  35.350 0.0000000000
51040  -55.108  -27.751  35.286 0.0000000000
50005  -54.850  -28.342  36.515 0.0000000000
33357  -38.627  -44.847  47.063 0.0000000000
33389  -37.467  -45.390  45.909 0.0000000000
34284  -38.381  -44.440  45.834 0.0000000000
36314  -38.449  -42.189  43.062 0.0000000000
35290  -37.920  -43.244  43.628 0.0000000000
36333  -37.790  -42.141  42.135 0.0000000000
37394  -35.237  -41.711  41.406 0.0000000000
37396  -37.518  -41.354  41.695 0.0000000000
39407  -42.210  -40.019  42.376 0.0000000000
37379  -41.895  -41.137  42.699 0.0000000000
38453  -41.282  -40.188  41.903 0.0000000000
40424  -37.405  -38.562  38.272 0.0000000000
39464  -37.849  -39.263  39.119 0.0000000000
39473  -36.125  -39.111  38.354 0.0000000000
38500  -35.700  -39.418  38.554 0.0000000000
44875  -40.026  -33.384  35.683 0.0000000000
36196  -40.957  -41.780  49.739 0.0000000000
40276  -42.737  -38.642  47.933 0.0000000000
44740  -49.666  -33.281  45.297 0.0000000000
46690  -50.971  -31.041  45.272 0.0000000000
46709  -51.893  -30.885  44.006 0.0000000000
45720  -52.309  -31.581  42.848 0.0000000000
47786  -52.936  -30.379  43.547 0.0000000000
51928  -52.985  -27.399  43.533 0.0000000000
48849  -53.908  -29.414  42.748 0.0000000000
49885  -53.514  -28.396  42.245 0.0000000000
48883  -54.034  -29.735  40.264 0.0000000000
49902  -52.400  -28.427  41.521 0.0000000000
50973  -49.802  -26.861  40.179 0.0000000000
49938  -50.319  -27.825  39.987 0.0000000000
49955  -49.783  -27.748  39.266 0.0000000000
50001  -50.974  -28.236  37.225 0.0000000000
51003  -49.191  -27.511  37.724 0.0000000000
55021  -52.663  -22.955  38.168 0.0000000000
55061  -49.989  -23.090  35.932 0.0000000000
55043  -50.337  -23.655  36.710 0.0000000000
54054  -48.766  -24.406  35.794 0.0000000000
53040  -48.498  -25.544  36.281 0.0000000000
53060  -48.211  -25.451  34.534 0.0000000000
52042  -49.423  -26.211  33.934 0.0000000000
54062  -48.061  -24.640  34.090 0.0000000000
57261  -48.627  -21.700  32.066 0.0000000000
55105  -47.950  -23.305  31.803 0.0000000000
55106  -48.123  -23.256  31.032 0.0000000000
60486  -53.839  -17.885  31.826 0.0000000000
59362  -52.674  -18.724  32.002 0.0000000000
60500  -51.981  -18.170  30.887 0.0000000000
29168  -23.514  -49.782  44.023 0.0000000000
28091  -23.037  -49.877  44.998 0.0000000000
30348  -22.472  -48.554  42.776 0.0000000000
30347  -21.272  -48.180  42.690 0.0000000000
30358  -21.953  -47.931  42.017 0.0000000000
29183  -26.640  -49.589  43.168 0.0000000000
29182  -26.075  -49.788  43.350 0.0000000000
29205  -25.908  -49.235  41.693 0.0000000000
31498  -23.502  -47.575  39.531 0.0000000000
28209  -22.555  -49.849  35.497 0.0000000000
34311  -35.234  -44.658  43.922 0.0000000000
33412  -33.822  -45.332  43.750 0.0000000000
34322  -33.229  -44.542  42.794 0.0000000000
36348  -29.710  -42.711  39.448 0.0000000000
35319  -30.017  -43.493  40.298 0.0000000000
35324  -28.404  -43.500  39.184 0.0000000000
34341  -27.841  -44.362  38.999 0.0000000000
35332  -27.178  -43.518  37.643 0.0000000000
34390  -25.603  -44.141  34.211 0.0000000000
43984  -46.869  -34.403  38.800 0.0000000000
44851  -46.954  -33.996  37.831 0.0000000000
44835  -47.536  -33.900  39.742 0.0000000000
44821  -47.848  -32.925  41.214 0.0000000000
45716  -48.685  -31.962  41.882 0.0000000000
41269  -46.451  -37.679  45.120 0.0000000000
39371  -47.167  -39.389  43.884 0.0000000000
40380  -47.286  -38.619  42.554 0.0000000000
41330  -46.262  -37.039  41.058 0.0000000000
43090  -45.380  -35.908  40.136 0.0000000000
43119  -44.235  -35.250  39.413 0.0000000000
43107  -45.795  -35.683  39.732 0.0000000000
43969  -46.141  -35.231  39.234 0.0000000000
53084  -52.495  -24.839  32.855 0.0000000000
30305  -32.876  -48.655  47.199 0.0000000000
29160  -31.426  -49.092  45.777 0.0000000000
30334  -32.224  -47.913  45.549 0.0000000000
31465  -32.072  -47.393  44.994 0.0000000000
32471  -31.039  -46.091  43.332 0.0000000000
46848  -49.520  -32.017  36.147 0.0000000000
47928  -48.440  -30.688  34.813 0.0000000000
47915  -49.482  -30.748  35.518 0.0000000000
48963  -50.622  -30.117  35.702 0.0000000000
48980  -50.609  -29.422  35.193 0.0000000000
50032  -51.748  -28.713  34.250 0.0000000000
48965  -52.619  -29.732  35.814 0.0000000000
47903  -54.221  -30.071  36.605 0.0000000000
47886  -54.955  -29.627  36.881 0.0000000000
36224  -39.472  -43.229  47.086 0.0000000000
35254  -38.866  -43.341  45.923 0.0000000000
36261  -39.467  -42.666  45.567 0.0000000000
36282  -39.434  -42.443  44.581 0.0000000000
37353  -39.786  -41.648  43.110 0.0000000000
41325  -40.492  -37.920  40.374 0.0000000000
40419  -39.913  -39.218  39.998 0.0000000000
42260  -39.000  -37.329  39.396 0.0000000000
41348  -37.823  -37.448  38.041 0.0000000000
41356  -36.898  -37.866  36.944 0.0000000000
41365  -35.503  -37.495  35.686 0.0000000000
42294  -35.776  -36.880  35.507 0.0000000000
45851  -41.141  -32.049  34.740 0.0000000000
46894  -39.861  -31.279  33.904 0.0000000000
52945  -51.946  -25.777  43.158 0.0000000000
50948  -51.697  -27.318  42.481 0.0000000000
52970  -50.991  -25.410  41.933 0.0000000000
52969  -50.874  -25.483  41.136 0.0000000000
52994  -51.250  -24.972  39.806 0.0000000000
57181  -54.021  -20.946  36.849 0.0000000000
57155  -52.063  -21.850  37.271 0.0000000000
57179  -52.653  -21.340  36.698 0.0000000000
56130  -50.747  -22.166  35.751 0.0000000000
56147  -50.037  -22.091  35.043 0.0000000000
56157  -48.523  -23.107  34.076 0.0000000000
57230  -49.539  -21.751  33.731 0.0000000000
57244  -49.390  -21.490  32.843 0.0000000000
57263  -50.055  -20.747  31.972 0.0000000000
61576  -53.573  -17.125  29.895 0.0000000000
61559  -52.228  -17.567  30.180 0.0000000000
61583  -52.189  -17.132  29.041 0.0000000000
26123  -25.090  -52.364  47.090 0.0000000000
27103  -24.170  -51.366  46.663 0.0000000000
27114  -24.664  -51.881  45.794 0.0000000000
28093  -24.574  -50.884  44.709 0.0000000000
29180  -24.068  -49.653  43.355 0.0000000000
30386  -26.021  -48.096  41.081 0.0000000000
30385  -25.537  -48.198  40.760 0.0000000000
31509  -24.801  -46.914  38.842 0.0000000000
31508  -23.658  -47.111  38.347 0.0000000000
31546  -22.670  -47.685  35.624 0.0000000000
29304  -23.222  -49.318  34.531 0.0000000000
31563  -23.483  -47.613  34.689 0.0000000000
36329  -33.724  -42.667  41.748 0.0000000000
35311  -33.035  -43.574  42.126 0.0000000000
36342  -32.408  -42.420  40.935 0.0000000000
36350  -30.981  -42.085  40.152 0.0000000000
37426  -28.582  -42.016  38.302 0.0000000000
46880  -43.821  -31.344  34.456 0.0000000000
46898  -44.100  -31.016  33.641 0.0000000000
46865  -45.277  -31.667  34.950 0.0000000000
45853  -46.557  -31.881  34.919 0.0000000000
44878  -47.838  -32.795  35.807 0.0000000000
44842  -48.065  -33.513  38.206 0.0000000000
45807  -48.540  -32.935  36.748 0.0000000000
45824  -48.968  -32.425  36.268 0.0000000000
45809  -50.167  -32.443  37.415 0.0000000000
46825  -51.361  -32.032  38.004 0.0000000000
45801  -52.720  -32.081  39.382 0.0000000000
36244  -43.987  -41.472  46.575 0.0000000000
37317  -43.386  -41.569  45.278 0.0000000000
36286  -44.110  -41.715  45.010 0.0000000000
38435  -43.638  -40.153  43.062 0.0000000000
40376  -42.993  -39.188  42.562 0.0000000000
40379  -45.247  -38.773  42.496 0.0000000000
40399  -43.854  -38.350  42.250 0.0000000000
41306  -41.644  -37.736  41.296 0.0000000000
42262  -40.732  -36.410  39.961 0.0000000000
43116  -40.326  -35.469  38.878 0.0000000000
43987  -38.997  -34.792  37.271 0.0000000000
44012  -38.871  -34.189  36.160 0.0000000000
44002  -40.294  -34.290  36.821 0.0000000000
44859  -40.896  -33.716  36.706 0.0000000000
44876  -40.711  -33.032  35.951 0.0000000000
43992  -43.353  -34.051  38.160 0.0000000000
44847  -42.732  -33.478  37.412 0.0000000000
45817  -42.059  -32.606  36.200 0.0000000000
46845  -42.516  -32.073  35.932 0.0000000000
46863  -43.436  -31.549  35.221 0.0000000000
59328  -54.218  -18.953  33.608 0.0000000000
60449  -55.490  -18.153  33.150 0.0000000000
60472  -56.053  -17.753  32.574 0.0000000000
61545  -55.595  -16.898  31.383 0.0000000000
62548  -55.412  -16.502  30.542 0.0000000000
62566  -55.359  -16.022  29.750 0.0000000000
27107  -28.307  -51.559  46.194 0.0000000000
27117  -27.396  -51.244  45.447 0.0000000000
28085  -28.272  -50.498  45.069 0.0000000000
29169  -27.775  -49.785  43.992 0.0000000000
29184  -27.515  -49.248  43.227 0.0000000000
30341  -29.849  -48.410  44.236 0.0000000000
29185  -28.343  -48.834  43.385 0.0000000000
30375  -26.950  -47.931  41.908 0.0000000000
31492  -27.034  -47.024  40.828 0.0000000000
32483  -26.609  -46.379  40.028 0.0000000000
33439  -25.957  -45.513  38.262 0.0000000000
47963  -44.489  -30.713  32.386 0.0000000000
47978  -45.275  -30.344  32.212 0.0000000000
48995  -47.547  -29.745  33.860 0.0000000000
52020  -55.297  -27.214  34.857 0.0000000000
51038  -53.919  -27.224  35.655 0.0000000000
31448  -37.145  -46.757  47.422 0.0000000000
32450  -35.447  -46.309  45.602 0.0000000000
32452  -37.076  -45.750  45.978 0.0000000000
33405  -36.634  -45.057  45.052 0.0000000000
34325  -35.633  -44.068  43.669 0.0000000000
34314  -37.863  -43.944  44.362 0.0000000000
35289  -36.790  -43.600  43.927 0.0000000000
36311  -35.819  -43.027  42.675 0.0000000000
36330  -34.641  -42.392  41.782 0.0000000000
37411  -34.495  -41.442  40.820 0.0000000000
38477  -33.807  -40.324  39.743 0.0000000000
38395  -41.813  -41.173  43.649 0.0000000000
37377  -40.292  -41.340  42.229 0.0000000000
37398  -39.332  -41.189  41.717 0.0000000000
39453  -39.800  -39.696  40.180 0.0000000000
38483  -39.132  -40.375  40.305 0.0000000000
38466  -37.937  -40.439  40.619 0.0000000000
38464  -36.030  -40.277  40.259 0.0000000000
39461  -34.506  -39.573  38.994 0.0000000000
44889  -38.343  -33.393  34.944 0.0000000000
43035  -47.244  -35.465  45.113 0.0000000000
43036  -47.951  -34.798  45.250 0.0000000000
26114  -25.762  -52.887  47.690 0.0000000000
26127  -28.350  -52.245  46.820 0.0000000000
26119  -29.749  -51.862  47.680 0.0000000000
27093  -30.748  -51.097  48.063 0.0000000000
29142  -33.091  -48.788  47.906 0.0000000000
30307  -34.678  -47.833  47.602 0.0000000000
31406  -35.798  -46.992  48.052 0.0000000000
30311  -37.273  -47.491  47.978 0.0000000000
32407  -37.939  -46.463  47.991 0.0000000000
33332  -38.498  -45.517  48.634 0.0000000000
34231  -39.084  -44.529  48.838 0.0000000000
35191  -39.242  -43.855  49.483 0.0000000000
35207  -39.764  -43.379  48.913 0.0000000000
36211  -40.148  -42.838  48.518 0.0000000000
36212  -40.893  -42.167  48.560 0.0000000000
37281  -42.738  -41.315  47.903 0.0000000000
37264  -42.926  -40.651  48.383 0.0000000000
38338  -43.567  -40.221  47.452 0.0000000000
39330  -43.868  -39.168  46.493 0.0000000000
42174  -46.668  -36.013  45.622 0.0000000000
44757  -48.347  -33.548  44.329 0.0000000000
44779  -48.967  -32.697  43.645 0.0000000000
45717  -49.664  -32.203  42.711 0.0000000000
46689  -50.805  -31.709  45.528 0.0000000000
45693  -51.017  -32.189  43.507 0.0000000000
46737  -50.610  -31.627  42.170 0.0000000000
46765  -51.577  -31.633  41.680 0.0000000000
46791  -52.288  -31.628  40.875 0.0000000000
46792  -53.160  -31.520  40.681 0.0000000000
48837  -53.528  -29.300  43.607 0.0000000000
47823  -53.595  -30.308  42.023 0.0000000000
46812  -54.477  -31.130  39.845 0.0000000000
46813  -55.075  -30.666  39.219 0.0000000000
48903  -54.505  -29.645  39.050 0.0000000000
48920  -54.769  -29.083  38.268 0.0000000000
49919  -52.205  -28.736  40.629 0.0000000000
48918  -52.899  -29.438  38.863 0.0000000000
49959  -53.692  -28.864  38.000 0.0000000000
50003  -53.098  -28.379  36.818 0.0000000000
51020  -52.397  -27.699  36.334 0.0000000000
51036  -51.638  -27.373  35.565 0.0000000000
54984  -51.660  -23.922  39.666 0.0000000000
54010  -50.939  -24.701  38.940 0.0000000000
56084  -51.247  -23.291  37.535 0.0000000000
54009  -50.119  -24.522  38.225 0.0000000000
53009  -49.379  -25.350  38.160 0.0000000000
51016  -48.909  -26.920  37.175 0.0000000000
51034  -49.544  -27.305  36.055 0.0000000000
52015  -50.885  -26.917  35.152 0.0000000000
52043  -50.617  -26.156  33.823 0.0000000000
53073  -51.017  -25.692  33.151 0.0000000000
53082  -50.391  -25.302  32.448 0.0000000000
55084  -47.684  -23.760  32.902 0.0000000000
54077  -48.491  -24.611  32.206 0.0000000000
54091  -50.698  -24.528  31.385 0.0000000000
59344  -52.422  -19.255  32.720 0.0000000000
59360  -50.304  -19.704  31.799 0.0000000000
59359  -49.717  -19.844  31.400 0.0000000000
59383  -50.951  -18.578  30.005 0.0000000000
59381  -49.232  -19.414  30.068 0.0000000000
58310  -48.626  -20.431  30.409 0.0000000000
29157  -23.538  -50.293  45.802 0.0000000000
27137  -26.305  -50.704  44.106 0.0000000000
28117  -25.220  -50.039  43.190 0.0000000000
30360  -24.278  -48.991  42.150 0.0000000000
30384  -24.634  -48.026  40.359 0.0000000000
30371  -23.760  -47.886  41.148 0.0000000000
30370  -22.506  -47.649  41.247 0.0000000000
30381  -21.549  -48.000  40.454 0.0000000000
32460  -34.730  -46.130  44.835 0.0000000000
33411  -32.675  -45.542  43.787 0.0000000000
33416  -30.950  -45.343  42.616 0.0000000000
35309  -31.402  -44.017  41.352 0.0000000000
34327  -30.698  -44.746  41.514 0.0000000000
33430  -29.418  -45.214  40.843 0.0000000000
33435  -28.394  -45.169  39.839 0.0000000000
33441  -27.471  -45.382  38.824 0.0000000000
33458  -26.110  -44.892  37.041 0.0000000000
38494  -28.130  -40.693  37.334 0.0000000000
36363  -26.972  -42.074  37.076 0.0000000000
36357  -26.783  -42.768  37.240 0.0000000000
35350  -25.777  -43.792  35.693 0.0000000000
34349  -25.488  -44.535  35.852 0.0000000000
33478  -24.921  -45.120  35.394 0.0000000000
43056  -47.086  -35.786  42.719 0.0000000000
42212  -47.323  -36.811  42.199 0.0000000000
52032  -55.012  -26.265  34.693 0.0000000000
31445  -34.655  -47.611  46.671 0.0000000000
31458  -35.175  -47.027  46.223 0.0000000000
47961  -42.611  -30.367  32.611 0.0000000000
49007  -42.875  -30.170  32.035 0.0000000000
46837  -53.268  -31.294  37.734 0.0000000000
46828  -53.925  -31.351  38.581 0.0000000000
37298  -41.650  -41.472  46.543 0.0000000000
43132  -38.344  -35.309  36.919 0.0000000000
42286  -38.064  -36.103  37.253 0.0000000000
47926  -42.759  -30.835  33.895 0.0000000000
47943  -42.091  -30.583  33.583 0.0000000000
59288  -54.026  -19.657  35.303 0.0000000000
59287  -53.471  -20.056  35.428 0.0000000000
59307  -52.922  -19.795  34.719 0.0000000000
59306  -52.435  -20.069  34.312 0.0000000000
27105  -26.704  -52.101  46.518 0.0000000000
32498  -24.886  -46.154  37.584 0.0000000000
32526  -23.832  -46.201  35.849 0.0000000000
33456  -24.402  -45.468  36.152 0.0000000000
38489  -32.423  -40.177  39.050 0.0000000000
38475  -32.183  -40.596  39.320 0.0000000000
38498  -31.289  -40.103  38.485 0.0000000000
44862  -45.470  -33.163  37.373 0.0000000000
46788  -48.922  -32.019  39.414 0.0000000000
45747  -49.629  -31.686  40.606 0.0000000000
45748  -50.176  -31.564  40.767 0.0000000000
39349  -45.459  -39.375  45.272 0.0000000000
38376  -45.916  -39.857  44.742 0.0000000000
39350  -45.809  -39.639  44.898 0.0000000000
43088  -44.114  -36.001  40.384 0.0000000000
42246  -43.818  -36.473  40.756 0.0000000000
43104  -42.508  -35.532  39.708 0.0000000000
43966  -43.240  -35.045  39.277 0.0000000000
43995  -46.153  -34.264  38.354 0.0000000000
45806  -45.048  -32.934  37.365 0.0000000000
28076  -31.212  -50.177  46.858 0.0000000000
28075  -30.513  -50.113  46.317 0.0000000000
29149  -30.684  -49.805  46.066 0.0000000000
32464  -30.535  -46.680  43.329 0.0000000000
32463  -30.170  -46.739  43.247 0.0000000000
32469  -29.740  -46.544  42.793 0.0000000000
32474  -28.646  -46.426  41.752 0.0000000000
32475  -29.629  -46.129  42.186 0.0000000000
45854  -47.339  -31.768  34.881 0.0000000000
46884  -47.447  -31.296  34.186 0.0000000000
50047  -49.635  -28.582  33.900 0.0000000000
51059  -48.954  -28.403  33.557 0.0000000000
50006  -55.300  -28.540  36.125 0.0000000000
49985  -54.919  -28.846  37.026 0.0000000000
34285  -38.480  -44.791  46.235 0.0000000000
34270  -38.501  -44.296  46.324 0.0000000000
35315  -37.973  -42.416  42.373 0.0000000000
39428  -41.664  -39.694  41.819 0.0000000000
39427  -40.767  -39.203  41.306 0.0000000000
40446  -36.594  -38.268  37.267 0.0000000000
40423  -36.634  -38.735  38.167 0.0000000000
40432  -36.223  -38.575  37.743 0.0000000000
40431  -35.476  -38.474  37.564 0.0000000000
44891  -39.898  -32.876  35.063 0.0000000000
45849  -39.436  -32.479  34.469 0.0000000000
47771  -52.519  -30.623  43.750 0.0000000000
51927  -52.381  -26.906  43.332 0.0000000000
50936  -52.899  -27.457  42.958 0.0000000000
50951  -53.420  -28.235  42.687 0.0000000000
50950  -53.129  -27.941  42.423 0.0000000000
49903  -53.223  -28.589  41.664 0.0000000000
50964  -52.636  -28.101  42.077 0.0000000000
51957  -49.650  -26.554  39.923 0.0000000000
49937  -49.887  -27.599  39.655 0.0000000000
50982  -49.625  -27.192  39.703 0.0000000000
49979  -49.745  -28.043  38.373 0.0000000000
50992  -49.048  -27.066  38.678 0.0000000000
57136  -53.537  -21.177  38.040 0.0000000000
55022  -52.871  -22.424  38.264 0.0000000000
56128  -49.586  -23.069  35.497 0.0000000000
55042  -49.592  -24.012  36.251 0.0000000000
55060  -49.182  -23.761  35.593 0.0000000000
54037  -48.517  -24.888  35.854 0.0000000000
54053  -48.439  -24.558  35.140 0.0000000000
55074  -48.505  -23.821  34.634 0.0000000000
56187  -48.108  -22.568  31.610 0.0000000000
57281  -47.763  -21.967  30.291 0.0000000000
61543  -54.251  -17.496  31.146 0.0000000000
60485  -52.880  -18.138  31.451 0.0000000000
61542  -53.413  -17.602  31.008 0.0000000000
28058  -24.283  -51.418  47.802 0.0000000000
29179  -23.056  -49.201  43.503 0.0000000000
29194  -26.646  -49.082  42.212 0.0000000000
34323  -34.162  -44.172  43.191 0.0000000000
34310  -34.470  -44.754  43.602 0.0000000000
36347  -29.025  -42.844  39.305 0.0000000000
35325  -29.158  -43.512  39.769 0.0000000000
35329  -27.776  -43.498  38.424 0.0000000000
35333  -27.654  -43.010  37.927 0.0000000000
43971  -47.241  -34.586  39.404 0.0000000000
43959  -47.510  -34.809  40.114 0.0000000000
44828  -47.487  -33.905  40.640 0.0000000000
41270  -46.719  -37.796  44.536 0.0000000000
40350  -47.093  -38.680  44.231 0.0000000000
41312  -46.899  -37.657  41.828 0.0000000000
42265  -45.885  -36.082  40.132 0.0000000000
42249  -46.407  -36.272  40.466 0.0000000000
43108  -46.615  -35.689  39.880 0.0000000000
43970  -46.791  -35.037  39.265 0.0000000000
53064  -55.371  -25.817  34.158 0.0000000000
53074  -52.063  -25.305  33.376 0.0000000000
29161  -32.017  -48.549  45.961 0.0000000000
30321  -32.831  -48.056  46.291 0.0000000000
31456  -33.797  -47.286  45.583 0.0000000000
31455  -32.893  -47.240  45.446 0.0000000000
32447  -32.943  -46.769  45.124 0.0000000000
31464  -31.484  -46.970  44.336 0.0000000000
32457  -31.899  -46.451  44.270 0.0000000000
47975  -43.663  -30.200  31.536 0.0000000000
46867  -49.406  -31.532  35.725 0.0000000000
47916  -50.480  -30.814  36.229 0.0000000000
48964  -51.512  -29.845  35.666 0.0000000000
48981  -51.656  -29.257  35.059 0.0000000000
47918  -52.059  -30.191  35.991 0.0000000000
47885  -53.998  -30.540  36.916 0.0000000000
46853  -54.572  -30.157  36.832 0.0000000000
47904  -54.728  -29.773  36.615 0.0000000000
46839  -54.727  -30.230  37.260 0.0000000000
36225  -39.988  -42.382  47.470 0.0000000000
36241  -39.464  -42.965  46.489 0.0000000000
36242  -40.044  -42.234  46.149 0.0000000000
36263  -40.850  -41.675  44.576 0.0000000000
36262  -40.151  -41.838  45.177 0.0000000000
36283  -40.310  -41.803  44.082 0.0000000000
36297  -39.574  -42.050  43.741 0.0000000000
36298  -40.064  -41.764  43.534 0.0000000000
42243  -40.488  -37.167  40.307 0.0000000000
41340  -39.776  -38.003  39.923 0.0000000000
42285  -37.463  -36.906  37.164 0.0000000000
42274  -37.680  -37.217  37.787 0.0000000000
41347  -37.577  -37.877  37.699 0.0000000000
42284  -36.742  -37.119  36.580 0.0000000000
41366  -35.991  -37.248  35.785 0.0000000000
42295  -36.309  -36.710  36.023 0.0000000000
46861  -41.654  -31.885  35.130 0.0000000000
46877  -40.668  -31.776  34.256 0.0000000000
46895  -40.850  -31.199  33.746 0.0000000000
53953  -52.306  -24.836  42.894 0.0000000000
52958  -51.769  -25.516  42.739 0.0000000000
53979  -52.318  -24.410  41.280 0.0000000000
53978  -51.652  -24.681  41.711 0.0000000000
52979  -51.590  -24.980  40.818 0.0000000000
52978  -50.636  -25.502  40.515 0.0000000000
52995  -52.126  -24.558  40.220 0.0000000000
58224  -54.800  -19.624  36.367 0.0000000000
58223  -54.536  -20.432  36.859 0.0000000000
57204  -53.774  -20.914  36.566 0.0000000000
57180  -53.485  -21.230  36.851 0.0000000000
57203  -53.232  -20.882  36.313 0.0000000000
58238  -51.541  -20.910  35.103 0.0000000000
57201  -51.462  -21.322  35.282 0.0000000000
56148  -50.738  -21.674  34.963 0.0000000000
57218  -49.566  -22.094  34.408 0.0000000000
57219  -50.212  -21.616  34.373 0.0000000000
58265  -50.655  -20.422  33.314 0.0000000000
57231  -50.335  -21.173  33.572 0.0000000000
57245  -50.156  -20.991  32.562 0.0000000000
58278  -50.219  -20.375  32.404 0.0000000000
62564  -53.257  -16.727  29.383 0.0000000000
61575  -52.695  -17.154  29.504 0.0000000000
27104  -24.599  -51.888  46.505 0.0000000000
26134  -25.027  -52.333  46.459 0.0000000000
27126  -25.557  -51.271  44.914 0.0000000000
27125  -24.906  -51.513  45.261 0.0000000000
28104  -24.801  -50.378  43.683 0.0000000000
31491  -26.298  -47.380  40.662 0.0000000000
31490  -25.233  -47.698  40.168 0.0000000000
32497  -24.020  -46.594  37.406 0.0000000000
31516  -23.242  -47.050  37.037 0.0000000000
31530  -23.116  -47.131  36.066 0.0000000000
31562  -22.855  -47.804  34.963 0.0000000000
31547  -23.143  -47.302  35.289 0.0000000000
31564  -24.250  -47.581  34.287 0.0000000000
36328  -32.905  -42.845  41.562 0.0000000000
37408  -31.390  -41.822  40.180 0.0000000000
37420  -30.520  -41.724  39.412 0.0000000000
36355  -30.088  -42.028  39.338 0.0000000000
37427  -29.258  -41.450  38.476 0.0000000000
46864  -44.467  -31.710  35.209 0.0000000000
46881  -44.751  -31.301  34.389 0.0000000000
45837  -46.384  -32.374  35.518 0.0000000000
45838  -47.247  -32.436  35.471 0.0000000000
44877  -47.399  -32.952  35.989 0.0000000000
44841  -47.447  -33.978  38.861 0.0000000000
45796  -48.678  -32.927  37.641 0.0000000000
45808  -49.329  -32.691  37.095 0.0000000000
45799  -51.197  -31.977  38.527 0.0000000000
45800  -52.039  -31.882  38.984 0.0000000000
45789  -52.146  -31.932  39.717 0.0000000000
37301  -44.442  -41.091  46.787 0.0000000000
36266  -44.126  -41.556  45.605 0.0000000000
37318  -44.636  -40.933  45.807 0.0000000000
38417  -44.565  -40.283  43.739 0.0000000000
38436  -44.280  -39.888  43.099 0.0000000000
39409  -43.969  -39.580  42.753 0.0000000000
39412  -46.806  -39.172  42.517 0.0000000000
39390  -46.587  -39.365  43.006 0.0000000000
40401  -45.782  -38.368  42.079 0.0000000000
42229  -43.514  -36.957  41.375 0.0000000000
41308  -43.366  -37.612  41.747 0.0000000000
41307  -42.301  -37.754  41.561 0.0000000000
42227  -41.891  -37.050  41.210 0.0000000000
42244  -41.427  -36.523  40.457 0.0000000000
43117  -41.563  -35.043  39.044 0.0000000000
43123  -39.519  -35.279  37.953 0.0000000000
43988  -39.872  -34.639  37.291 0.0000000000
43989  -40.628  -34.501  37.380 0.0000000000
44003  -40.857  -34.348  37.001 0.0000000000
44845  -41.271  -33.943  37.192 0.0000000000
44846  -41.680  -33.739  37.329 0.0000000000
43120  -44.679  -35.025  39.273 0.0000000000
43980  -43.946  -34.784  38.852 0.0000000000
44861  -42.624  -32.952  36.760 0.0000000000
45834  -41.997  -32.186  35.572 0.0000000000
45818  -42.952  -32.379  36.453 0.0000000000
46847  -43.905  -31.641  35.935 0.0000000000
46846  -43.137  -31.636  36.079 0.0000000000
61529  -56.596  -17.053  32.404 0.0000000000
60488  -55.517  -17.645  31.828 0.0000000000
60489  -56.046  -17.312  31.971 0.0000000000
62533  -56.080  -16.534  31.108 0.0000000000
62549  -56.288  -16.113  30.637 0.0000000000
63554  -55.787  -15.819  30.233 0.0000000000
62567  -56.229  -15.571  30.046 0.0000000000
27118  -28.297  -51.003  45.560 0.0000000000
27119  -28.718  -50.673  45.593 0.0000000000
28098  -28.821  -49.742  44.686 0.0000000000
28097  -28.340  -50.050  44.542 0.0000000000
30332  -31.013  -48.607  45.095 0.0000000000
29172  -30.300  -48.770  44.775 0.0000000000
31467  -28.769  -47.339  42.993 0.0000000000
30352  -28.674  -48.014  43.125 0.0000000000
30364  -28.078  -47.999  42.598 0.0000000000
30351  -27.884  -48.492  42.844 0.0000000000
30363  -27.451  -47.935  42.289 0.0000000000
31481  -26.636  -47.627  41.260 0.0000000000
31482  -27.274  -47.389  41.506 0.0000000000
32479  -27.597  -46.445  40.780 0.0000000000
32478  -26.955  -46.689  40.480 0.0000000000
32484  -27.320  -46.156  40.075 0.0000000000
32491  -26.716  -46.060  39.154 0.0000000000
46913  -44.552  -30.975  33.044 0.0000000000
46914  -45.164  -31.084  32.862 0.0000000000
46916  -46.170  -30.839  32.838 0.0000000000
47965  -45.767  -30.349  32.599 0.0000000000
47947  -47.706  -30.583  34.137 0.0000000000
48996  -48.113  -30.020  34.373 0.0000000000
48982  -52.713  -29.140  34.884 0.0000000000
50033  -52.791  -28.598  34.153 0.0000000000
51049  -54.855  -27.933  34.378 0.0000000000
51023  -54.861  -27.987  35.859 0.0000000000
51039  -54.687  -27.451  35.464 0.0000000000
32419  -37.693  -46.394  47.311 0.0000000000
32436  -37.248  -46.156  46.533 0.0000000000
33407  -37.788  -45.002  45.558 0.0000000000
33406  -37.336  -44.930  45.344 0.0000000000
34300  -36.268  -44.584  44.489 0.0000000000
35274  -36.574  -44.054  44.377 0.0000000000
35276  -38.962  -43.173  45.078 0.0000000000
35253  -38.466  -43.804  45.443 0.0000000000
35275  -38.427  -43.492  44.564 0.0000000000
35304  -37.201  -43.039  42.945 0.0000000000
35303  -36.059  -43.580  43.116 0.0000000000
35313  -34.866  -42.839  42.179 0.0000000000
36331  -35.671  -42.403  42.155 0.0000000000
37412  -35.609  -41.023  40.745 0.0000000000
38462  -34.301  -40.596  40.221 0.0000000000
37336  -42.321  -41.224  44.596 0.0000000000
38396  -42.080  -40.860  43.884 0.0000000000
38432  -40.881  -40.830  42.244 0.0000000000
37378  -41.159  -41.187  42.636 0.0000000000
37399  -40.152  -41.076  41.564 0.0000000000
40418  -39.239  -38.948  39.498 0.0000000000
39450  -37.538  -39.546  39.302 0.0000000000
38482  -38.625  -40.350  39.962 0.0000000000
38467  -38.752  -40.564  40.900 0.0000000000
38465  -36.915  -40.410  40.521 0.0000000000
38480  -36.692  -39.711  39.569 0.0000000000
39471  -34.828  -39.026  38.307 0.0000000000
38490  -35.211  -39.563  38.733 0.0000000000
39460  -33.837  -39.416  38.695 0.0000000000
44873  -37.986  -33.922  35.377 0.0000000000
26105  -25.529  -53.021  48.451 0.0000000000
26107  -29.887  -52.165  48.280 0.0000000000
31409  -37.959  -46.863  48.683 0.0000000000
31428  -37.516  -47.009  48.077 0.0000000000
31408  -37.590  -46.740  48.403 0.0000000000
33333  -38.857  -45.026  48.339 0.0000000000
36177  -40.140  -42.325  50.232 0.0000000000
36176  -39.437  -43.094  49.886 0.0000000000
36194  -39.543  -43.250  49.514 0.0000000000
35192  -39.624  -43.321  49.295 0.0000000000
37262  -41.940  -41.527  49.008 0.0000000000
37263  -42.697  -40.995  48.835 0.0000000000
37282  -43.363  -40.837  47.663 0.0000000000
38323  -43.058  -40.232  48.132 0.0000000000
40277  -43.134  -39.017  47.387 0.0000000000
40290  -43.430  -38.691  46.933 0.0000000000
40305  -43.821  -38.504  46.549 0.0000000000
43896  -48.527  -34.337  45.738 0.0000000000
43912  -48.196  -34.138  45.050 0.0000000000
44758  -49.504  -32.905  44.487 0.0000000000
45679  -49.916  -32.494  44.242 0.0000000000
46719  -51.564  -31.779  43.863 0.0000000000
46708  -51.174  -31.509  44.477 0.0000000000
45681  -51.274  -32.102  43.974 0.0000000000
46738  -51.164  -31.749  42.350 0.0000000000
45719  -51.624  -31.766  42.603 0.0000000000
45721  -52.803  -31.401  42.671 0.0000000000
46766  -52.471  -31.630  41.596 0.0000000000
50925  -52.941  -27.509  44.324 0.0000000000
48821  -53.370  -28.890  44.072 0.0000000000
49861  -53.491  -28.596  43.959 0.0000000000
49886  -53.728  -28.710  42.542 0.0000000000
46793  -53.932  -31.047  41.299 0.0000000000
48882  -53.156  -29.037  40.722 0.0000000000
48904  -54.964  -29.504  38.342 0.0000000000
50962  -51.261  -27.365  41.864 0.0000000000
49901  -51.621  -28.206  41.382 0.0000000000
49900  -50.987  -27.795  41.256 0.0000000000
49939  -51.605  -28.759  39.774 0.0000000000
48933  -52.299  -29.250  38.410 0.0000000000
49958  -53.271  -29.037  38.308 0.0000000000
49982  -52.871  -28.795  37.763 0.0000000000
49983  -53.816  -28.562  37.439 0.0000000000
50002  -52.049  -28.290  37.050 0.0000000000
51019  -51.294  -27.789  36.436 0.0000000000
55003  -52.533  -23.377  38.909 0.0000000000
54985  -52.178  -23.701  39.748 0.0000000000
53993  -51.447  -24.358  39.463 0.0000000000
55001  -50.842  -24.169  38.534 0.0000000000
56085  -51.932  -22.808  37.549 0.0000000000
56108  -51.079  -22.939  37.280 0.0000000000
54039  -49.926  -24.390  36.973 0.0000000000
54023  -50.207  -24.243  37.437 0.0000000000
54022  -49.602  -24.698  37.513 0.0000000000
54008  -49.622  -24.785  38.000 0.0000000000
53008  -48.797  -25.773  37.625 0.0000000000
51989  -48.658  -26.334  37.433 0.0000000000
53026  -48.590  -25.732  37.025 0.0000000000
52013  -48.703  -26.568  35.657 0.0000000000
52014  -49.777  -26.990  35.261 0.0000000000
52028  -50.228  -26.571  34.556 0.0000000000
53071  -48.563  -25.475  33.522 0.0000000000
53072  -49.843  -25.761  33.188 0.0000000000
53081  -49.244  -25.111  32.663 0.0000000000
56158  -48.958  -22.383  33.887 0.0000000000
55085  -47.870  -23.729  33.372 0.0000000000
55096  -47.922  -23.303  32.963 0.0000000000
54088  -48.121  -23.626  31.452 0.0000000000
54076  -47.931  -23.936  31.894 0.0000000000
54089  -48.581  -23.968  31.104 0.0000000000
54090  -49.555  -24.586  31.494 0.0000000000
59345  -53.453  -18.825  32.773 0.0000000000
59361  -51.552  -18.898  31.626 0.0000000000
61574  -51.833  -17.411  29.399 0.0000000000
60513  -51.250  -17.903  30.068 0.0000000000
60512  -50.396  -18.362  29.650 0.0000000000
60516  -48.893  -19.024  29.418 0.0000000000
59371  -48.941  -19.929  30.338 0.0000000000
27113  -24.189  -51.472  46.084 0.0000000000
28073  -23.775  -50.938  46.230 0.0000000000
29167  -22.779  -49.407  44.428 0.0000000000
29178  -21.990  -48.645  43.604 0.0000000000
30357  -20.899  -48.064  41.670 0.0000000000
29203  -20.194  -48.999  40.894 0.0000000000
29214  -20.367  -49.365  39.870 0.0000000000
27128  -27.150  -50.784  44.785 0.0000000000
27127  -26.484  -51.043  44.759 0.0000000000
28095  -26.789  -50.617  44.351 0.0000000000
29204  -25.401  -49.435  41.928 0.0000000000
28118  -25.607  -49.784  43.121 0.0000000000
29192  -25.094  -49.634  42.547 0.0000000000
29191  -24.488  -49.507  42.773 0.0000000000
31489  -24.820  -47.782  40.055 0.0000000000
30395  -24.087  -47.845  39.864 0.0000000000
31488  -23.150  -47.544  40.323 0.0000000000
31480  -22.872  -47.522  40.866 0.0000000000
31487  -22.290  -47.564  40.523 0.0000000000
30382  -21.953  -47.614  40.901 0.0000000000
31496  -21.792  -47.777  39.934 0.0000000000
29305  -23.886  -49.630  34.304 0.0000000000
32461  -35.290  -45.920  44.873 0.0000000000
33419  -33.215  -45.090  43.277 0.0000000000
33418  -32.426  -45.064  42.954 0.0000000000
33410  -32.019  -45.380  43.390 0.0000000000
33424  -31.411  -44.966  42.297 0.0000000000
35310  -31.999  -43.561  41.491 0.0000000000
35320  -31.165  -43.595  40.783 0.0000000000
34334  -30.314  -44.447  40.892 0.0000000000
33431  -30.135  -45.115  41.369 0.0000000000
33436  -28.945  -45.006  40.289 0.0000000000
34340  -27.494  -44.507  38.357 0.0000000000
33442  -28.053  -45.033  39.260 0.0000000000
33448  -27.119  -45.057  38.192 0.0000000000
33447  -26.456  -45.020  37.818 0.0000000000
38506  -26.873  -40.691  36.067 0.0000000000
37431  -27.564  -41.416  37.211 0.0000000000
37441  -26.926  -41.420  36.579 0.0000000000
36375  -25.684  -42.980  35.307 0.0000000000
36362  -26.249  -42.447  36.490 0.0000000000
36361  -25.686  -42.872  35.887 0.0000000000
35331  -26.383  -43.476  36.934 0.0000000000
35349  -25.671  -43.671  35.267 0.0000000000
33516  -25.476  -45.032  33.256 0.0000000000
34366  -25.495  -44.464  35.137 0.0000000000
33499  -25.052  -44.991  34.350 0.0000000000
33515  -24.847  -45.713  33.777 0.0000000000
43951  -47.280  -34.864  41.077 0.0000000000
44800  -47.234  -33.999  42.531 0.0000000000
44777  -47.363  -33.681  43.127 0.0000000000
42185  -46.817  -36.709  44.544 0.0000000000
42230  -47.219  -36.611  41.217 0.0000000000
42250  -46.976  -36.347  40.646 0.0000000000
52033  -55.320  -26.643  34.362 0.0000000000
53063  -54.802  -25.638  34.278 0.0000000000
53077  -55.195  -25.244  33.695 0.0000000000
30323  -34.306  -48.119  47.056 0.0000000000
31444  -33.892  -47.737  46.118 0.0000000000
46850  -51.393  -31.692  36.872 0.0000000000
47899  -50.960  -31.378  36.494 0.0000000000
46851  -52.121  -31.209  36.923 0.0000000000
47901  -52.508  -30.490  36.569 0.0000000000
47884  -53.370  -30.685  37.157 0.0000000000
37279  -40.849  -41.571  47.224 0.0000000000
37297  -40.622  -41.674  46.432 0.0000000000
42276  -39.000  -36.020  38.167 0.0000000000
43138  -36.846  -35.655  35.973 0.0000000000
44008  -35.691  -35.004  35.108 0.0000000000
46896  -41.432  -30.955  33.732 0.0000000000
58241  -54.009  -20.306  36.156 0.0000000000
58240  -52.847  -20.420  35.417 0.0000000000
58252  -51.609  -20.891  34.726 0.0000000000
57221  -51.740  -20.992  34.126 0.0000000000
57233  -51.857  -20.789  33.925 0.0000000000
58266  -51.547  -20.442  33.755 0.0000000000
59325  -51.073  -19.854  33.466 0.0000000000
26135  -25.478  -52.286  46.311 0.0000000000
26136  -26.028  -52.134  46.209 0.0000000000
31510  -25.349  -46.624  38.944 0.0000000000
32489  -25.133  -46.372  38.456 0.0000000000
32525  -23.518  -46.852  35.587 0.0000000000
32542  -23.818  -46.632  34.800 0.0000000000
32559  -24.603  -46.704  33.884 0.0000000000
37410  -33.254  -41.262  40.385 0.0000000000
37409  -32.024  -41.666  40.275 0.0000000000
37422  -32.495  -41.008  39.738 0.0000000000
37429  -31.078  -40.755  38.751 0.0000000000
38487  -30.499  -40.806  38.491 0.0000000000
45836  -45.455  -32.154  35.680 0.0000000000
44864  -47.072  -33.168  36.662 0.0000000000
45768  -48.636  -32.445  39.576 0.0000000000
46787  -48.872  -32.261  39.176 0.0000000000
45786  -49.497  -32.141  38.816 0.0000000000
45787  -50.398  -31.875  39.134 0.0000000000
46789  -51.110  -31.630  40.533 0.0000000000
38356  -44.645  -40.337  46.258 0.0000000000
37319  -44.890  -40.466  45.589 0.0000000000
38375  -45.278  -40.108  45.430 0.0000000000
39388  -45.262  -39.711  43.460 0.0000000000
41311  -46.073  -37.773  41.552 0.0000000000
41310  -45.244  -37.660  41.736 0.0000000000
41328  -44.647  -37.068  41.295 0.0000000000
41327  -43.961  -37.065  41.467 0.0000000000
42245  -42.519  -36.368  40.658 0.0000000000
42263  -42.536  -35.937  40.210 0.0000000000
43977  -40.929  -34.544  38.250 0.0000000000
43978  -41.911  -34.531  38.375 0.0000000000
43982  -45.729  -34.703  38.806 0.0000000000
43993  -44.399  -34.134  38.235 0.0000000000
45805  -44.425  -32.847  37.271 0.0000000000
27109  -30.165  -50.640  46.780 0.0000000000
28074  -29.771  -50.371  46.184 0.0000000000
29158  -29.733  -49.764  45.377 0.0000000000
29171  -29.478  -49.339  44.724 0.0000000000
31463  -30.863  -47.206  43.969 0.0000000000
30354  -30.130  -47.886  43.945 0.0000000000
31468  -29.420  -47.175  43.333 0.0000000000
31483  -27.973  -46.948  41.750 0.0000000000
32480  -28.261  -46.220  41.135 0.0000000000
33428  -27.832  -45.743  40.202 0.0000000000
46900  -45.845  -31.180  33.462 0.0000000000
46901  -46.522  -30.997  33.446 0.0000000000
47966  -46.321  -30.511  33.092 0.0000000000
50029  -49.104  -29.438  34.643 0.0000000000
50046  -48.396  -28.912  34.054 0.0000000000
50057  -48.085  -28.457  33.500 0.0000000000
48983  -53.623  -28.867  34.765 0.0000000000
48967  -54.499  -28.923  35.260 0.0000000000
50018  -54.812  -28.632  35.128 0.0000000000
50036  -54.990  -28.081  34.683 0.0000000000
50019  -55.066  -28.395  35.237 0.0000000000
33356  -38.448  -45.403  47.107 0.0000000000
33370  -37.738  -45.510  46.308 0.0000000000
33391  -38.378  -45.083  46.275 0.0000000000
33390  -38.115  -45.055  45.932 0.0000000000
34302  -38.018  -44.467  45.151 0.0000000000
36296  -38.792  -42.583  43.918 0.0000000000
35305  -37.946  -42.629  42.722 0.0000000000
35314  -37.681  -42.606  42.493 0.0000000000
36313  -37.266  -42.594  42.427 0.0000000000
36332  -36.900  -42.127  42.058 0.0000000000
37395  -36.421  -41.236  41.392 0.0000000000
37413  -36.234  -40.704  40.743 0.0000000000
38434  -42.588  -40.687  42.773 0.0000000000
37356  -42.222  -41.247  42.903 0.0000000000
38433  -41.499  -40.469  42.341 0.0000000000
38452  -40.669  -40.374  41.627 0.0000000000
40425  -37.983  -38.852  38.856 0.0000000000
39463  -37.446  -39.219  38.840 0.0000000000
39449  -37.095  -39.504  39.059 0.0000000000
38492  -36.117  -39.680  38.958 0.0000000000
38501  -36.022  -39.521  38.613 0.0000000000
39472  -35.640  -38.936  38.267 0.0000000000
44890  -39.258  -33.180  35.009 0.0000000000
32389  -37.787  -45.752  49.506 0.0000000000
33315  -37.880  -45.123  49.780 0.0000000000
36178  -40.718  -41.571  50.548 0.0000000000
39298  -42.644  -39.566  48.515 0.0000000000
43897  -49.218  -33.694  45.765 0.0000000000
44727  -50.012  -33.375  46.083 0.0000000000
44728  -50.446  -32.902  45.741 0.0000000000
47769  -51.433  -30.529  44.669 0.0000000000
46720  -51.993  -31.407  43.606 0.0000000000
45695  -52.075  -31.572  43.240 0.0000000000
46721  -52.501  -30.953  43.718 0.0000000000
46740  -52.769  -31.274  43.107 0.0000000000
47803  -53.349  -30.778  42.715 0.0000000000
51917  -52.674  -26.821  44.163 0.0000000000
51929  -53.368  -27.838  43.614 0.0000000000
49874  -53.648  -28.755  43.318 0.0000000000
50938  -53.458  -28.285  43.176 0.0000000000
48866  -53.678  -29.327  41.619 0.0000000000
48865  -53.393  -28.981  41.345 0.0000000000
50974  -50.149  -27.025  40.619 0.0000000000
49917  -50.551  -27.689  40.830 0.0000000000
49956  -50.547  -28.418  39.047 0.0000000000
49981  -51.687  -28.901  37.771 0.0000000000
49980  -50.669  -28.587  38.057 0.0000000000
50000  -49.947  -28.125  37.408 0.0000000000
55004  -53.011  -22.849  38.864 0.0000000000
55020  -51.919  -23.395  38.119 0.0000000000
55044  -50.569  -22.873  36.157 0.0000000000
54038  -49.180  -24.560  36.509 0.0000000000
53053  -48.354  -25.537  35.391 0.0000000000
52026  -48.454  -26.112  34.874 0.0000000000
52041  -48.574  -26.103  34.226 0.0000000000
57243  -48.827  -22.031  32.732 0.0000000000
56171  -47.992  -23.063  32.584 0.0000000000
60470  -54.508  -18.070  32.472 0.0000000000
59363  -53.359  -18.439  32.073 0.0000000000
60484  -52.257  -18.466  31.510 0.0000000000
60518  -50.089  -17.894  28.620 0.0000000000
60517  -49.415  -18.476  29.043 0.0000000000
29148  -23.457  -50.108  46.490 0.0000000000
28092  -23.637  -50.207  44.731 0.0000000000
30368  -21.060  -48.399  40.923 0.0000000000
28107  -27.207  -49.881  43.678 0.0000000000
29193  -25.909  -49.502  42.593 0.0000000000
31507  -22.353  -47.669  38.545 0.0000000000
31506  -21.747  -47.827  39.195 0.0000000000
28173  -22.084  -49.920  36.988 0.0000000000
28191  -22.322  -50.121  36.474 0.0000000000
28210  -22.796  -50.534  35.400 0.0000000000
27230  -23.852  -51.155  34.884 0.0000000000
33414  -35.281  -45.176  44.311 0.0000000000
33413  -34.685  -45.229  44.055 0.0000000000
34309  -33.779  -44.814  43.342 0.0000000000
34321  -32.464  -44.649  42.506 0.0000000000
34338  -28.936  -44.408  39.992 0.0000000000
34337  -28.447  -44.349  39.500 0.0000000000
35328  -27.394  -44.018  38.069 0.0000000000
34391  -25.925  -43.941  33.621 0.0000000000
43996  -46.594  -34.342  38.468 0.0000000000
44829  -48.135  -33.191  40.185 0.0000000000
40349  -46.320  -38.477  44.904 0.0000000000
39370  -46.436  -39.327  44.477 0.0000000000
40363  -47.455  -38.705  43.397 0.0000000000
40403  -46.905  -38.641  42.195 0.0000000000
41329  -45.476  -37.115  41.138 0.0000000000
43089  -44.654  -36.029  40.373 0.0000000000
43967  -43.818  -35.215  39.329 0.0000000000
43106  -44.866  -35.475  39.782 0.0000000000
43968  -45.367  -35.100  39.316 0.0000000000
43091  -46.808  -35.997  40.388 0.0000000000
43983  -46.389  -34.672  38.825 0.0000000000
53076  -54.519  -25.208  33.629 0.0000000000
29151  -31.959  -49.360  46.713 0.0000000000
30333  -31.677  -48.348  45.380 0.0000000000
30344  -31.872  -47.917  45.159 0.0000000000
30343  -31.498  -47.908  44.818 0.0000000000
31470  -30.998  -46.699  43.621 0.0000000000
32470  -30.651  -46.162  42.905 0.0000000000
45840  -49.001  -32.040  35.655 0.0000000000
46885  -48.045  -31.253  34.690 0.0000000000
46866  -48.583  -31.541  35.191 0.0000000000
47914  -48.996  -31.160  35.274 0.0000000000
47929  -49.028  -30.256  35.143 0.0000000000
48962  -50.046  -30.380  35.682 0.0000000000
48979  -49.627  -29.867  35.223 0.0000000000
50031  -50.663  -28.822  34.447 0.0000000000
48949  -53.097  -30.057  36.343 0.0000000000
48950  -53.606  -29.748  36.242 0.0000000000
48951  -54.406  -29.486  36.060 0.0000000000
35223  -39.458  -43.685  47.632 0.0000000000
35240  -38.839  -43.728  46.745 0.0000000000
37352  -39.007  -41.807  43.300 0.0000000000
36335  -38.883  -41.594  42.253 0.0000000000
40414  -40.887  -38.336  41.023 0.0000000000
40413  -40.487  -38.611  40.623 0.0000000000
41339  -38.913  -38.141  39.363 0.0000000000
42269  -38.493  -37.227  38.825 0.0000000000
42259  -38.601  -37.782  39.003 0.0000000000
41344  -38.183  -37.994  38.391 0.0000000000
41343  -37.739  -38.137  38.091 0.0000000000
41354  -35.693  -37.732  36.113 0.0000000000
41355  -36.127  -37.603  36.264 0.0000000000
42306  -35.090  -36.732  34.817 0.0000000000
45850  -40.376  -32.358  34.827 0.0000000000
46876  -39.910  -31.930  34.353 0.0000000000
47940  -39.508  -30.757  33.414 0.0000000000
47941  -40.211  -30.644  33.358 0.0000000000
52946  -52.166  -25.827  43.585 0.0000000000
51939  -51.873  -26.918  42.887 0.0000000000
51938  -51.357  -26.459  42.503 0.0000000000
51950  -50.811  -26.474  41.844 0.0000000000
51949  -50.422  -26.120  41.183 0.0000000000
51958  -50.017  -26.239  40.305 0.0000000000
52993  -50.098  -25.587  39.666 0.0000000000
57157  -53.617  -21.298  37.399 0.0000000000
57156  -52.939  -21.567  37.374 0.0000000000
57178  -51.719  -21.667  36.298 0.0000000000
55062  -50.361  -22.702  35.861 0.0000000000
56129  -49.941  -22.587  35.578 0.0000000000
56146  -49.222  -22.822  34.892 0.0000000000
56145  -48.728  -23.266  34.668 0.0000000000
57262  -49.548  -21.105  31.975 0.0000000000
58294  -48.796  -20.804  31.383 0.0000000000
61577  -54.070  -17.014  30.176 0.0000000000
61560  -53.105  -17.496  30.245 0.0000000000
27097  -24.507  -51.725  47.317 0.0000000000
28083  -24.509  -51.338  45.334 0.0000000000
28103  -24.058  -50.306  44.039 0.0000000000
30373  -25.861  -48.593  41.327 0.0000000000
30460  -22.604  -48.382  35.251 0.0000000000
30461  -23.069  -48.449  34.658 0.0000000000
30462  -24.017  -48.614  34.240 0.0000000000
35312  -34.150  -43.082  42.217 0.0000000000
35321  -31.789  -43.062  40.895 0.0000000000
36349  -30.434  -42.434  39.735 0.0000000000
36354  -29.549  -42.192  38.977 0.0000000000
36353  -28.659  -42.584  38.683 0.0000000000
46897  -43.350  -30.974  33.959 0.0000000000
46882  -45.740  -31.413  34.380 0.0000000000
45852  -45.881  -31.985  35.030 0.0000000000
45839  -48.200  -32.262  35.438 0.0000000000
44852  -47.893  -33.320  37.214 0.0000000000
44865  -47.878  -33.106  36.358 0.0000000000
45823  -48.310  -32.761  36.088 0.0000000000
45825  -49.897  -32.361  36.676 0.0000000000
45826  -50.818  -32.334  36.990 0.0000000000
45810  -50.951  -32.312  37.743 0.0000000000
46835  -51.401  -31.915  37.558 0.0000000000
46826  -51.829  -31.745  38.220 0.0000000000
37300  -43.515  -41.311  47.066 0.0000000000
36264  -43.231  -41.693  46.142 0.0000000000
35255  -43.481  -41.683  45.938 0.0000000000
36285  -43.745  -41.692  45.214 0.0000000000
37337  -43.551  -41.351  44.599 0.0000000000
37338  -44.591  -41.186  44.934 0.0000000000
37357  -44.023  -41.063  43.893 0.0000000000
38416  -43.367  -40.696  43.644 0.0000000000
39429  -42.394  -39.583  42.209 0.0000000000
38419  -46.443  -39.546  43.551 0.0000000000
39389  -45.844  -39.395  43.267 0.0000000000
40400  -44.856  -38.225  42.249 0.0000000000
40378  -44.407  -38.918  42.557 0.0000000000
40377  -43.458  -39.078  42.574 0.0000000000
40398  -42.681  -38.811  42.161 0.0000000000
40397  -41.455  -38.488  41.389 0.0000000000
41326  -41.096  -37.745  40.810 0.0000000000
42261  -39.917  -36.598  39.529 0.0000000000
43086  -41.569  -36.046  40.208 0.0000000000
43102  -40.559  -36.039  39.569 0.0000000000
42271  -39.720  -36.113  38.914 0.0000000000
43115  -39.551  -35.894  38.504 0.0000000000
44000  -38.628  -34.547  36.554 0.0000000000
44011  -38.360  -34.342  35.901 0.0000000000
44001  -39.371  -34.218  36.547 0.0000000000
44857  -39.400  -33.902  36.212 0.0000000000
44858  -39.815  -33.825  36.324 0.0000000000
44860  -41.879  -33.249  36.794 0.0000000000
45816  -41.299  -32.949  36.302 0.0000000000
45833  -41.199  -32.494  35.502 0.0000000000
46862  -42.446  -31.630  35.293 0.0000000000
46879  -42.831  -31.153  34.508 0.0000000000
59309  -55.120  -19.078  34.299 0.0000000000
59329  -55.100  -18.863  33.347 0.0000000000
59347  -54.945  -18.362  32.916 0.0000000000
60471  -55.230  -17.961  32.443 0.0000000000
60487  -54.758  -17.719  31.815 0.0000000000
61544  -55.008  -17.397  31.225 0.0000000000
61546  -56.422  -16.767  31.749 0.0000000000
62532  -55.713  -16.672  30.979 0.0000000000
61562  -54.571  -16.977  30.599 0.0000000000
62547  -54.748  -16.652  30.325 0.0000000000
62565  -54.396  -16.619  29.791 0.0000000000
62580  -54.837  -16.030  28.931 0.0000000000
62581  -55.697  -15.653  29.249 0.0000000000
28084  -27.691  -50.720  45.069 0.0000000000
28096  -27.483  -50.352  44.371 0.0000000000
30340  -29.034  -48.653  43.901 0.0000000000
29195  -27.249  -48.654  42.539 0.0000000000
30362  -26.919  -48.376  42.096 0.0000000000
30374  -26.475  -48.137  41.557 0.0000000000
31501  -25.993  -46.561  40.198 0.0000000000
32482  -26.090  -46.336  39.653 0.0000000000
32490  -25.928  -46.264  38.792 0.0000000000
33446  -25.582  -45.413  37.483 0.0000000000
39467  -30.809  -39.406  37.520 0.0000000000
47945  -43.976  -30.773  32.880 0.0000000000
47976  -44.169  -30.343  31.641 0.0000000000
47964  -45.209  -30.692  32.439 0.0000000000
47977  -44.863  -30.352  31.902 0.0000000000
49019  -44.526  -29.581  31.435 0.0000000000
47927  -47.894  -30.982  34.444 0.0000000000
47946  -46.897  -30.315  33.580 0.0000000000
50045  -47.261  -29.077  33.631 0.0000000000
48994  -46.874  -29.495  33.498 0.0000000000
51050  -55.138  -27.597  34.579 0.0000000000
52019  -55.183  -26.963  35.052 0.0000000000
31447  -36.381  -46.769  47.299 0.0000000000
32434  -35.553  -46.676  46.298 0.0000000000
32435  -36.104  -46.437  46.447 0.0000000000
32451  -36.568  -46.016  45.884 0.0000000000
33387  -36.300  -45.664  45.376 0.0000000000
33388  -36.916  -45.452  45.603 0.0000000000
33404  -35.795  -45.462  44.750 0.0000000000
34299  -35.674  -44.845  44.325 0.0000000000
34324  -35.070  -44.076  43.425 0.0000000000
35239  -38.510  -43.892  46.067 0.0000000000
34313  -37.446  -43.732  44.172 0.0000000000
35288  -36.069  -43.845  43.803 0.0000000000
35302  -34.946  -43.368  42.714 0.0000000000
36344  -34.163  -42.019  41.489 0.0000000000
37393  -34.623  -41.865  41.410 0.0000000000
38476  -32.942  -40.125  39.446 0.0000000000
37316  -42.722  -41.528  45.633 0.0000000000
37335  -41.472  -41.292  44.153 0.0000000000
37334  -40.973  -41.478  43.757 0.0000000000
37355  -41.674  -41.362  43.251 0.0000000000
37354  -40.612  -41.531  43.216 0.0000000000
37376  -39.233  -41.557  42.585 0.0000000000
39441  -40.067  -39.671  40.771 0.0000000000
39440  -39.724  -39.925  40.362 0.0000000000
39451  -38.383  -39.467  39.412 0.0000000000
39452  -39.425  -39.938  39.861 0.0000000000
38468  -39.502  -40.344  40.842 0.0000000000
37415  -39.139  -40.742  41.214 0.0000000000
37414  -38.874  -40.864  41.454 0.0000000000
37397  -38.387  -41.206  41.841 0.0000000000
38448  -37.382  -40.741  41.178 0.0000000000
38491  -35.618  -39.693  38.893 0.0000000000
38479  -35.717  -39.884  39.529 0.0000000000
38478  -34.858  -39.978  39.451 0.0000000000
39448  -34.277  -39.840  39.436 0.0000000000
39446  -33.311  -39.595  39.105 0.0000000000
39459  -32.787  -39.605  38.683 0.0000000000
45866  -39.359  -31.905  33.901 0.0000000000
43911  -47.459  -34.525  44.480 0.0000000000
26113  -25.025  -52.473  47.905 0.0000000000
26115  -26.264  -52.901  47.406 0.0000000000
25155  -27.163  -52.937  47.406 0.0000000000
26126  -27.472  -52.599  46.966 0.0000000000
26117  -28.368  -52.702  47.480 0.0000000000
26128  -29.002  -51.880  46.740 0.0000000000
27098  -29.545  -51.792  47.072 0.0000000000
27099  -30.056  -51.276  47.350 0.0000000000
27100  -30.746  -50.695  47.269 0.0000000000
28069  -31.695  -49.709  47.402 0.0000000000
30306  -33.838  -48.445  47.434 0.0000000000
31425  -35.521  -47.090  47.710 0.0000000000
31426  -36.085  -46.978  47.857 0.0000000000
30289  -36.464  -47.128  48.367 0.0000000000
30309  -36.597  -47.129  47.791 0.0000000000
31427  -37.559  -46.799  47.808 0.0000000000
32396  -38.023  -46.247  48.886 0.0000000000
32397  -38.309  -46.010  48.177 0.0000000000
32408  -38.199  -46.002  47.505 0.0000000000
33347  -38.534  -45.496  47.880 0.0000000000
33348  -38.804  -44.958  47.605 0.0000000000
34248  -39.231  -44.500  48.034 0.0000000000
35206  -39.499  -43.933  48.542 0.0000000000
35224  -39.808  -43.287  48.230 0.0000000000
37244  -42.080  -41.066  49.751 0.0000000000
37283  -44.142  -40.655  47.137 0.0000000000
37284  -44.340  -40.523  47.016 0.0000000000
39299  -43.121  -39.573  47.759 0.0000000000
39313  -43.610  -39.575  47.078 0.0000000000
38340  -44.410  -40.332  46.718 0.0000000000
39331  -44.413  -39.383  46.266 0.0000000000
40307  -44.689  -38.964  45.986 0.0000000000
40325  -45.173  -38.686  45.618 0.0000000000
41226  -44.078  -37.330  46.679 0.0000000000
41252  -44.862  -38.150  45.780 0.0000000000
40326  -45.790  -38.315  45.424 0.0000000000
41254  -46.076  -37.778  45.493 0.0000000000
44756  -47.547  -33.866  43.784 0.0000000000
44778  -48.010  -33.188  43.409 0.0000000000
44739  -48.889  -33.625  45.143 0.0000000000
44802  -48.599  -32.620  42.833 0.0000000000
45654  -50.588  -32.520  46.141 0.0000000000
45665  -50.484  -32.379  45.381 0.0000000000
46707  -50.618  -31.922  44.971 0.0000000000
45680  -50.375  -32.344  44.503 0.0000000000
45692  -50.006  -32.353  43.716 0.0000000000
45718  -50.735  -32.101  42.833 0.0000000000
46736  -49.761  -31.512  41.865 0.0000000000
46764  -50.672  -31.512  41.145 0.0000000000
46790  -51.587  -31.646  40.758 0.0000000000
45749  -51.978  -31.704  41.966 0.0000000000
45772  -52.204  -31.832  40.303 0.0000000000
45790  -52.800  -32.118  40.052 0.0000000000
46811  -53.417  -31.828  39.530 0.0000000000
48836  -53.017  -29.659  43.777 0.0000000000
47787  -53.314  -29.840  43.479 0.0000000000
47804  -53.696  -30.061  43.108 0.0000000000
46768  -53.444  -30.899  41.833 0.0000000000
46829  -54.932  -30.788  38.383 0.0000000000
47858  -54.662  -30.305  39.630 0.0000000000
47859  -55.107  -30.106  38.781 0.0000000000
47872  -54.945  -29.767  37.767 0.0000000000
48921  -55.166  -29.083  37.750 0.0000000000
50963  -51.946  -27.954  42.085 0.0000000000
48881  -52.619  -28.941  40.392 0.0000000000
49918  -51.128  -28.320  40.704 0.0000000000
49940  -52.098  -28.893  40.099 0.0000000000
48901  -52.457  -29.143  39.888 0.0000000000
48919  -53.899  -29.218  38.562 0.0000000000
49960  -54.369  -28.790  37.915 0.0000000000
49961  -54.886  -28.809  37.712 0.0000000000
49984  -54.549  -28.612  37.240 0.0000000000
50004  -54.043  -28.352  36.650 0.0000000000
51021  -53.444  -27.818  36.151 0.0000000000
51037  -52.826  -27.230  35.544 0.0000000000
51047  -52.078  -27.140  34.962 0.0000000000
53011  -50.622  -25.132  39.291 0.0000000000
52992  -49.618  -25.711  38.966 0.0000000000
56086  -52.661  -22.274  37.763 0.0000000000
55019  -50.770  -23.672  38.024 0.0000000000
53010  -50.157  -25.218  38.838 0.0000000000
51977  -49.235  -26.170  38.674 0.0000000000
50991  -48.920  -26.756  38.225 0.0000000000
51002  -48.825  -26.842  37.910 0.0000000000
51017  -49.414  -27.507  36.868 0.0000000000
52003  -48.599  -26.376  36.664 0.0000000000
51033  -48.940  -27.000  36.455 0.0000000000
51035  -50.534  -27.418  35.807 0.0000000000
52016  -51.545  -27.031  34.990 0.0000000000
51048  -52.670  -26.764  34.929 0.0000000000
52029  -51.691  -26.464  34.535 0.0000000000
52044  -51.573  -25.799  33.842 0.0000000000
53083  -51.527  -25.058  32.690 0.0000000000
54069  -47.939  -24.701  33.128 0.0000000000
55095  -47.850  -23.446  32.595 0.0000000000
54068  -47.709  -24.110  32.662 0.0000000000
53088  -49.714  -25.050  32.058 0.0000000000
53089  -50.289  -24.924  31.828 0.0000000000
59327  -53.175  -19.287  33.703 0.0000000000
59343  -51.316  -19.499  32.757 0.0000000000
58296  -50.027  -20.314  31.957 0.0000000000
58295  -49.589  -20.296  31.566 0.0000000000
58311  -49.117  -20.309  30.994 0.0000000000
60501  -52.695  -17.722  30.783 0.0000000000
59374  -51.128  -18.613  30.522 0.0000000000
60499  -50.231  -18.763  30.250 0.0000000000
60498  -49.919  -19.060  30.475 0.0000000000
59372  -49.468  -19.695  30.694 0.0000000000
27096  -24.143  -51.295  47.089 0.0000000000
28066  -23.777  -50.897  47.077 0.0000000000
28081  -23.446  -50.107  45.307 0.0000000000
29202  -19.653  -49.390  41.573 0.0000000000
29190  -20.170  -48.584  42.122 0.0000000000
27136  -25.892  -50.986  44.222 0.0000000000
28105  -25.742  -50.398  43.646 0.0000000000
29181  -24.772  -49.833  43.113 0.0000000000
30350  -24.089  -49.352  42.734 0.0000000000
30372  -25.042  -48.839  41.311 0.0000000000
30383  -23.852  -47.861  40.130 0.0000000000
30359  -23.040  -48.447  41.954 0.0000000000
30393  -21.133  -48.438  39.454 0.0000000000
30392  -20.631  -48.904  39.637 0.0000000000
28224  -22.796  -49.695  34.810 0.0000000000
32449  -34.308  -46.649  45.327 0.0000000000
32459  -33.818  -46.289  44.696 0.0000000000
33402  -34.254  -45.680  44.375 0.0000000000
33401  -33.425  -45.753  44.295 0.0000000000
32466  -32.311  -45.952  44.082 0.0000000000
32465  -31.758  -46.028  43.838 0.0000000000
35300  -33.187  -44.068  42.466 0.0000000000
34330  -32.766  -44.268  42.400 0.0000000000
34329  -32.121  -44.388  42.126 0.0000000000
34328  -31.353  -44.524  41.729 0.0000000000
33423  -30.559  -45.434  42.059 0.0000000000
33422  -29.529  -45.671  41.583 0.0000000000
33429  -28.437  -45.644  40.610 0.0000000000
33434  -27.704  -45.565  39.597 0.0000000000
33440  -26.648  -45.578  38.487 0.0000000000
38497  -30.631  -40.228  38.167 0.0000000000
38496  -29.675  -40.532  37.929 0.0000000000
38495  -28.846  -40.489  37.643 0.0000000000
37433  -28.959  -40.867  38.162 0.0000000000
37432  -28.349  -41.472  37.890 0.0000000000
36358  -27.543  -42.422  37.563 0.0000000000
34367  -25.797  -44.087  35.729 0.0000000000
34350  -26.104  -44.345  36.405 0.0000000000
33457  -25.329  -44.995  36.478 0.0000000000
28067  -24.160  -51.220  47.465 0.0000000000
28087  -29.923  -50.008  45.780 0.0000000000
29150  -31.059  -49.714  46.227 0.0000000000
29220  -20.699  -49.398  39.161 0.0000000000
30288  -35.645  -47.105  48.373 0.0000000000
30291  -37.585  -48.090  48.783 0.0000000000
30292  -38.057  -48.141  48.715 0.0000000000
30310  -36.846  -47.307  47.804 0.0000000000
30312  -37.646  -48.046  48.494 0.0000000000
30324  -36.795  -46.933  47.553 0.0000000000
30325  -36.959  -47.142  47.634 0.0000000000
30326  -36.976  -47.346  47.682 0.0000000000
30369  -21.629  -47.837  41.243 0.0000000000
30394  -23.839  -47.789  39.820 0.0000000000
30403  -21.468  -48.377  38.481 0.0000000000
31388  -37.070  -46.439  49.432 0.0000000000
31390  -37.954  -47.576  49.083 0.0000000000
31391  -38.278  -48.035  49.023 0.0000000000
31407  -35.989  -47.014  48.121 0.0000000000
31410  -38.013  -47.738  48.820 0.0000000000
31429  -37.547  -47.713  48.129 0.0000000000
31449  -37.303  -47.108  47.764 0.0000000000
31472  -27.594  -47.523  42.068 0.0000000000
31474  -28.961  -46.913  42.881 0.0000000000
31475  -30.731  -46.632  43.393 0.0000000000
31476  -30.796  -46.430  43.284 0.0000000000
31479  -22.556  -47.536  40.895 0.0000000000
31486  -21.840  -47.717  40.320 0.0000000000
32395  -37.458  -46.283  49.379 0.0000000000
32437  -37.764  -45.729  46.556 0.0000000000
32458  -32.595  -46.450  44.558 0.0000000000
33371  -38.150  -45.386  46.504 0.0000000000
33372  -38.525  -45.036  46.599 0.0000000000
33417  -31.431  -45.326  43.024 0.0000000000
34271  -38.586  -44.501  46.717 0.0000000000
34312  -35.807  -44.292  44.108 0.0000000000
34335  -31.011  -44.273  41.288 0.0000000000
34344  -27.086  -44.440  37.864 0.0000000000
34407  -26.041  -44.222  33.054 0.0000000000
35241  -43.548  -41.657  46.171 0.0000000000
35242  -43.822  -41.604  46.272 0.0000000000
35243  -44.061  -41.530  46.297 0.0000000000
35256  -43.755  -41.655  45.948 0.0000000000
35257  -44.031  -41.574  46.053 0.0000000000
35273  -36.237  -43.984  44.206 0.0000000000
35318  -29.324  -43.922  40.192 0.0000000000
35326  -29.888  -43.109  39.716 0.0000000000
35335  -25.689  -43.286  35.651 0.0000000000
35336  -25.877  -43.529  36.051 0.0000000000
36243  -43.492  -41.564  46.525 0.0000000000
36245  -44.237  -41.358  46.202 0.0000000000
36265  -43.494  -41.663  45.675 0.0000000000
36315  -38.676  -41.738  42.603 0.0000000000
36341  -31.478  -42.471  40.537 0.0000000000
36394  -25.693  -43.185  34.922 0.0000000000
37302  -44.538  -40.656  46.872 0.0000000000
37339  -44.981  -40.616  45.292 0.0000000000
37358  -44.387  -41.107  44.240 0.0000000000
37375  -38.755  -41.712  42.915 0.0000000000
37434  -30.716  -40.739  38.543 0.0000000000
38339  -43.981  -40.240  47.012 0.0000000000
38374  -44.756  -40.429  45.827 0.0000000000
38398  -44.759  -40.784  44.387 0.0000000000
38401  -46.916  -39.541  43.596 0.0000000000
38414  -42.037  -41.186  43.476 0.0000000000
38415  -42.423  -41.068  43.338 0.0000000000
38418  -45.664  -39.821  43.828 0.0000000000
38420  -46.868  -39.490  43.289 0.0000000000
38449  -38.096  -40.699  41.389 0.0000000000
38450  -38.553  -40.795  41.429 0.0000000000
38469  -40.027  -40.254  41.140 0.0000000000
38486  -30.106  -40.872  38.388 0.0000000000
38488  -31.880  -40.385  38.817 0.0000000000
38499  -35.406  -39.287  38.506 0.0000000000
39314  -44.170  -39.832  46.647 0.0000000000
39315  -44.510  -39.925  46.376 0.0000000000
39369  -45.861  -39.148  44.771 0.0000000000
39391  -47.226  -39.359  43.027 0.0000000000
39408  -42.997  -39.685  42.552 0.0000000000
39411  -46.053  -38.970  42.583 0.0000000000
39413  -47.120  -39.078  42.410 0.0000000000
39430  -46.257  -38.633  42.203 0.0000000000
39431  -46.596  -38.814  42.268 0.0000000000
39432  -46.899  -39.008  42.263 0.0000000000
39447  -33.787  -39.700  39.332 0.0000000000
39462  -36.681  -39.313  38.673 0.0000000000
40306  -44.271  -38.638  46.228 0.0000000000
40433  -36.945  -38.374  37.592 0.0000000000
41224  -43.317  -38.159  47.183 0.0000000000
41240  -44.458  -37.722  46.201 0.0000000000
41338  -38.553  -38.147  38.962 0.0000000000
42248  -45.583  -36.424  40.578 0.0000000000
42266  -46.190  -35.943  40.021 0.0000000000
43087  -41.971  -35.927  40.267 0.0000000000
44741  -50.166  -32.879  45.343 0.0000000000
45750  -52.410  -31.652  42.253 0.0000000000
45751  -52.683  -31.537  42.451 0.0000000000
45771  -51.524  -31.773  40.146 0.0000000000
45773  -52.642  -31.798  40.440 0.0000000000
46710  -52.302  -30.713  43.839 0.0000000000
46735  -49.353  -31.649  41.540 0.0000000000
46739  -52.303  -31.477  43.197 0.0000000000
46763  -49.809  -31.566  41.183 0.0000000000
46809  -49.043  -32.237  38.963 0.0000000000
46810  -49.145  -32.066  39.216 0.0000000000
46868  -49.885  -31.202  36.049 0.0000000000
47770  -52.204  -30.317  43.990 0.0000000000
47785  -52.514  -30.006  43.808 0.0000000000
47822  -53.378  -30.861  42.158 0.0000000000
47948  -48.064  -30.443  34.439 0.0000000000
48820  -53.124  -29.149  44.154 0.0000000000
48835  -52.714  -29.859  43.776 0.0000000000
48900  -52.034  -29.150  39.661 0.0000000000
48917  -52.074  -29.330  39.239 0.0000000000
48934  -52.865  -29.090  38.334 0.0000000000
49904  -53.717  -28.674  41.973 0.0000000000
49920  -52.786  -28.654  41.111 0.0000000000
50044  -46.871  -29.142  33.443 0.0000000000
50927  -53.519  -28.199  43.764 0.0000000000
50937  -53.254  -27.817  43.042 0.0000000000
50983  -49.918  -27.251  40.154 0.0000000000
51918  -53.202  -27.569  44.012 0.0000000000
51919  -53.534  -27.825  43.977 0.0000000000
51926  -51.854  -26.237  43.097 0.0000000000
51967  -49.697  -26.137  39.880 0.0000000000
51976  -48.875  -26.333  38.121 0.0000000000
52959  -52.096  -25.506  43.086 0.0000000000
53041  -48.768  -25.249  36.775 0.0000000000
53952  -52.028  -25.122  42.615 0.0000000000
53994  -51.786  -24.194  40.094 0.0000000000
54078  -49.229  -24.834  32.118 0.0000000000
55059  -48.720  -24.059  35.112 0.0000000000
56173  -49.018  -22.109  33.189 0.0000000000
56186  -47.968  -23.011  32.286 0.0000000000
57293  -47.825  -21.753  30.058 0.0000000000
58239  -51.966  -20.795  35.172 0.0000000000
58254  -52.645  -20.213  34.879 0.0000000000
58267  -52.000  -20.502  33.900 0.0000000000
59342  -50.575  -19.818  32.941 0.0000000000
59380  -48.794  -19.670  29.896 0.0000000000
59382  -50.739  -18.740  30.172 0.0000000000
60469  -53.875  -18.302  32.491 0.0000000000
60510  -49.104  -19.261  29.825 0.0000000000
60511  -49.540  -18.948  29.955 0.0000000000
61563  -55.149  -17.010  30.906 0.0000000000
63538  -55.889  -16.012  30.484 0.0000000000
63539  -56.063  -15.759  30.364 0.0000000000
63555  -56.015  -15.609  30.169 0.0000000000
115564  -39.225  -43.274  50.191 0.0000000000
