#!ascii label  , from subject 4005 vox2ras=TkReg
2279
29934  1.244  -51.889  57.533 0.1111110002
29941  1.012  -51.737  56.830 0.1111110002
28802  0.180  -52.274  56.450 0.2222220004
28803  -0.683  -52.329  56.215 0.4444440007
31026  4.502  -50.762  58.440 0.1111110002
29921  2.738  -50.937  58.321 0.1111110002
29933  1.942  -51.633  57.582 0.1111110002
29919  4.535  -50.823  57.387 0.1111110002
29920  3.666  -50.968  57.855 0.1111110002
29932  2.689  -50.976  57.140 0.1111110002
31036  5.746  -49.522  57.277 0.2222220004
31037  5.140  -50.298  56.863 0.2222220004
28808  -0.329  -52.091  55.630 0.4444440007
28809  -1.002  -51.898  55.435 0.4444440007
28810  -1.493  -51.892  55.040 0.4444440007
28811  -1.925  -51.930  54.616 0.2222220004
29940  1.779  -51.424  56.311 0.1111110002
31047  5.741  -49.877  56.185 0.2222220004
29930  4.519  -50.917  56.320 0.2222220004
32092  5.790  -49.078  55.286 0.2222220004
31048  5.168  -50.687  55.739 0.2222220004
29931  3.618  -50.844  56.707 0.2222220004
29947  0.542  -51.760  55.350 0.4444440007
32091  6.401  -48.473  54.788 0.2222220004
29948  -0.662  -51.472  55.007 0.4444440007
29950  -1.914  -51.298  54.393 0.3333329856
29951  -2.463  -51.225  54.191 0.2222220004
28813  -2.591  -51.227  54.042 0.3333329856
29966  -2.780  -50.535  53.655 0.2222220004
29946  1.653  -51.094  55.045 0.4444440007
31059  4.941  -50.240  54.823 0.2222220004
31049  4.421  -50.494  55.323 0.2222220004
29939  2.685  -50.959  55.908 0.2222220004
34259  6.725  -47.214  52.878 0.2222220004
32104  6.303  -48.403  54.172 0.2222220004
31060  3.913  -50.190  54.794 0.3333329856
31061  3.241  -50.184  54.479 0.3333329856
29957  0.574  -50.862  54.166 0.5555559993
29958  -0.477  -50.999  54.275 0.5555559993
33187  6.212  -48.392  53.779 0.2222220004
32105  5.803  -48.695  54.149 0.2222220004
32106  5.044  -49.290  54.318 0.3333329856
29959  -1.178  -50.983  54.325 0.4444440007
29960  -1.820  -50.663  54.274 0.4444440007
35302  7.815  -46.345  52.570 0.2222220004
29962  -2.683  -50.748  53.960 0.4444440007
28821  -2.681  -50.984  53.035 0.1111110002
29945  2.644  -50.528  54.688 0.4444440007
29956  1.526  -50.419  54.081 0.5555559993
31068  4.338  -49.884  54.046 0.3333329856
31069  3.577  -49.998  54.001 0.3333329856
29955  2.126  -50.188  53.922 0.5555559993
31072  0.556  -49.759  53.666 0.5555559993
33203  5.702  -48.109  53.129 0.3333329856
32122  5.134  -48.748  53.599 0.2222220004
32123  4.285  -49.146  53.180 0.3333329856
32124  3.119  -48.904  52.806 0.5555559993
31082  2.427  -49.256  53.115 0.5555559993
32109  -0.313  -48.761  53.795 0.6666669846
31073  -0.458  -49.904  53.829 0.5555559993
33204  4.930  -48.536  53.076 0.3333329856
32138  3.620  -48.411  52.587 0.5555559993
32139  2.831  -48.151  52.513 0.6666669846
31074  -1.464  -49.958  54.104 0.6666669846
35323  7.607  -46.127  51.843 0.3333329856
34281  6.430  -46.400  51.576 0.4444440007
31084  -3.296  -49.810  53.012 0.1111110002
36438  7.649  -45.325  50.720 0.6666669846
36416  7.372  -45.758  51.262 0.3333329856
31077  -2.992  -50.028  53.689 0.2222220004
31085  -3.225  -49.763  53.543 0.2222220004
31071  1.577  -49.545  53.395 0.5555559993
32108  0.593  -48.636  53.543 0.5555559993
32125  2.166  -48.395  52.689 0.5555559993
32126  1.608  -48.138  53.200 0.5555559993
34270  5.844  -47.357  52.130 0.5555559993
34271  4.793  -47.195  51.921 0.6666669846
33220  3.274  -47.594  52.336 0.6666669846
33205  2.076  -47.790  52.592 0.5555559993
33188  1.179  -47.410  53.681 0.7777780294
32094  -1.716  -47.992  54.615 0.5555559993
34283  5.136  -46.501  51.482 0.5555559993
34284  4.328  -46.408  51.567 0.7777780294
35341  3.775  -46.004  51.639 0.8888890147
33191  -0.964  -47.795  54.214 0.6666669846
31076  -2.827  -49.937  53.874 0.4444440007
36437  8.563  -45.055  50.810 0.6666669846
36439  6.578  -45.371  50.894 0.7777780294
35339  5.587  -45.743  51.187 0.7777780294
32113  -3.263  -49.528  53.702 0.2222220004
35326  3.017  -45.350  52.254 0.8888890147
34273  2.563  -46.635  52.142 0.7777780294
34274  1.729  -46.826  52.582 0.8888890147
36441  4.397  -44.300  51.432 0.8888890147
35325  3.537  -44.854  51.828 0.8888890147
35304  2.677  -44.683  53.128 0.8888890147
35327  1.813  -45.808  52.638 0.8888890147
36456  7.196  -44.691  50.452 0.6666669846
36457  6.438  -44.253  50.475 0.7777780294
36440  5.304  -44.525  50.866 0.8888890147
36418  3.340  -44.484  52.305 0.8888890147
37605  8.708  -43.930  50.056 0.6666669846
36455  7.920  -44.630  50.297 0.6666669846
37569  4.094  -43.502  52.052 0.8888890147
36417  3.829  -44.365  51.871 0.8888890147
36392  3.097  -44.260  53.094 0.7777780294
36458  5.765  -43.698  50.540 0.7777780294
37604  9.900  -43.667  50.405 0.7777780294
37624  8.005  -43.247  49.420 0.7777780294
37606  7.363  -43.792  49.960 0.7777780294
37602  11.670  -44.155  50.058 0.7777780294
38816  10.442  -43.236  49.592 0.7777780294
38817  9.507  -43.130  49.532 0.7777780294
36391  3.570  -43.813  52.649 0.8888890147
37550  3.456  -43.421  53.588 0.6666669846
37587  5.130  -43.350  50.954 0.8888890147
37568  4.583  -42.862  51.727 0.8888890147
37549  3.958  -42.982  53.095 0.7777780294
37625  7.433  -42.902  49.527 0.7777780294
38820  6.325  -42.426  50.119 0.8888890147
37622  13.548  -43.862  49.142 0.5555559993
37601  12.678  -44.212  49.875 0.5555559993
38814  11.968  -44.037  49.320 0.7777780294
38834  11.103  -42.741  48.862 0.7777780294
38835  10.121  -42.428  49.112 0.7777780294
38836  9.174  -42.213  49.207 0.7777780294
37637  12.534  -43.399  48.389 0.7777780294
38850  11.283  -41.846  48.322 0.7777780294
40037  18.604  -42.557  50.030 0.3333329856
40049  19.194  -42.240  49.288 0.4444440007
40043  5.890  -41.741  50.653 0.8888890147
38801  5.155  -42.240  51.226 0.8888890147
38787  4.907  -41.937  52.573 0.8888890147
38813  15.033  -43.613  49.455 0.4444440007
37599  14.932  -44.250  50.052 0.3333329856
38837  7.983  -42.281  49.042 0.7777780294
38838  7.004  -42.159  49.632 0.8888890147
40042  6.259  -41.626  50.481 0.8888890147
40005  5.573  -41.450  51.937 0.8888890147
37621  14.393  -44.004  49.407 0.4444440007
40055  10.621  -41.858  48.707 0.7777780294
40056  10.000  -41.184  49.170 0.8888890147
38831  14.571  -43.413  48.705 0.6666669846
38832  13.704  -43.596  48.377 0.7777780294
38849  12.121  -42.552  48.170 0.7777780294
38847  14.089  -43.374  47.850 0.7777780294
38848  13.161  -43.162  47.841 0.7777780294
38810  17.965  -43.132  50.394 0.2222220004
38800  17.592  -43.456  50.998 0.3333329856
41122  19.640  -41.358  48.311 0.4444440007
38811  16.855  -43.395  50.271 0.3333329856
38829  16.380  -43.231  49.394 0.4444440007
40004  6.001  -40.733  52.483 0.7777780294
39982  5.344  -41.117  52.908 0.7777780294
38774  4.776  -42.272  53.705 0.6666669846
38812  15.809  -43.667  49.760 0.5555559993
40058  7.511  -41.103  49.714 0.8888890147
40040  7.289  -40.577  50.295 0.8888890147
40024  6.302  -41.035  51.412 0.7777780294
41135  19.539  -40.878  47.532 0.5555559993
40052  16.360  -42.616  48.756 0.6666669846
41110  8.301  -40.430  49.573 0.8888890147
38830  15.670  -43.368  48.956 0.6666669846
40072  12.807  -42.120  47.199 0.7777780294
40073  11.806  -41.186  47.560 0.8888890147
40075  10.268  -40.678  48.644 0.8888890147
40054  14.711  -42.968  47.845 0.7777780294
40071  14.013  -42.541  47.288 0.7777780294
40038  17.632  -42.717  49.704 0.5555559993
40066  18.660  -41.984  48.545 0.4444440007
40050  18.144  -42.214  49.228 0.5555559993
40039  16.896  -42.792  49.452 0.4444440007
41076  6.834  -40.311  51.301 0.7777780294
41123  18.425  -41.634  47.690 0.5555559993
40067  17.765  -42.009  48.367 0.5555559993
40051  17.246  -42.281  49.011 0.5555559993
41094  8.534  -39.652  49.887 0.8888890147
41075  7.479  -39.626  51.228 0.7777780294
41077  6.610  -40.660  51.484 0.7777780294
42112  19.666  -40.493  46.813 0.5555559993
41136  18.960  -41.015  47.230 0.5555559993
41124  17.355  -41.700  47.449 0.5555559993
40068  16.823  -42.009  48.210 0.5555559993
41108  9.916  -40.359  48.791 0.8888890147
41109  9.181  -40.116  49.090 0.8888890147
43078  20.266  -40.048  46.737 0.5555559993
42124  18.808  -40.211  45.909 0.6666669846
42113  18.521  -40.595  46.408 0.6666669846
41137  17.882  -41.069  46.665 0.6666669846
41125  16.400  -41.857  47.326 0.7777780294
40069  15.995  -42.207  47.927 0.7777780294
43115  20.218  -38.910  45.342 0.6666669846
43116  19.111  -38.856  45.243 0.6666669846
42114  17.944  -40.456  46.338 0.6666669846
41138  16.748  -41.311  46.579 0.7777780294
41139  15.518  -41.551  46.570 0.7777780294
40081  14.535  -41.853  46.779 0.7777780294
40082  13.587  -41.540  46.716 0.7777780294
40084  12.275  -40.548  47.272 0.7777780294
45242  24.171  -36.624  43.765 0.5555559993
45243  23.089  -36.797  44.014 0.5555559993
45260  22.596  -36.515  43.309 0.7777780294
44170  22.278  -37.389  44.145 0.6666669846
44171  21.101  -37.639  44.180 0.6666669846
44172  19.986  -37.816  43.767 0.6666669846
44149  19.475  -38.322  44.464 0.6666669846
43117  17.889  -39.031  45.028 0.7777780294
44189  21.435  -37.088  43.532 0.7777780294
44173  18.767  -37.423  43.643 0.7777780294
42042  8.374  -38.835  51.591 0.8888890147
42064  8.167  -39.402  50.670 0.8888890147
41130  9.834  -39.810  48.750 0.8888890147
42085  9.316  -39.192  49.692 0.8888890147
41149  17.119  -40.541  46.066 0.7777780294
41128  11.159  -40.064  47.860 0.8888890147
41129  10.408  -40.100  48.452 0.8888890147
46254  25.425  -35.585  44.089 0.5555559993
45241  24.759  -36.294  43.769 0.5555559993
42125  17.764  -39.935  45.777 0.6666669846
41150  16.055  -40.704  45.775 0.7777780294
41151  14.898  -40.508  45.820 0.7777780294
41140  14.348  -40.993  46.427 0.7777780294
41142  12.557  -40.003  47.016 0.8888890147
46266  23.460  -36.067  43.371 0.8888890147
46279  22.470  -35.734  42.767 0.8888890147
45284  21.315  -36.091  42.705 0.8888890147
44150  18.344  -38.046  44.398 0.7777780294
43118  16.491  -38.612  44.674 0.8888890147
42127  15.361  -39.734  45.291 0.8888890147
42128  14.293  -39.243  45.772 0.8888890147
42129  13.595  -39.413  46.281 0.8888890147
46296  21.430  -35.405  42.490 0.8888890147
45262  20.897  -36.489  43.026 0.8888890147
44191  19.556  -36.985  43.371 0.8888890147
44174  17.942  -37.085  44.098 0.8888890147
44151  17.049  -37.429  43.883 0.8888890147
45285  20.591  -35.882  42.533 0.8888890147
45263  19.826  -36.337  42.763 0.8888890147
45264  18.819  -36.095  43.420 0.8888890147
42063  8.905  -38.970  50.581 0.8888890147
42103  10.327  -39.289  49.005 0.8888890147
42062  9.968  -38.673  50.474 0.8888890147
42101  11.850  -38.885  48.144 0.8888890147
42102  11.129  -39.275  48.823 0.8888890147
46264  24.965  -35.220  43.957 0.6666669846
46265  24.554  -35.542  43.507 0.6666669846
42126  16.544  -39.764  45.314 0.8888890147
42116  12.825  -39.054  46.635 0.8888890147
42117  12.296  -39.183  47.288 0.8888890147
47259  25.148  -34.646  43.801 0.8888890147
47260  24.468  -34.442  43.133 0.8888890147
46278  23.473  -35.214  42.972 0.8888890147
47271  22.205  -35.043  42.462 0.8888890147
43119  15.394  -37.979  45.000 0.8888890147
43101  14.973  -38.562  45.484 0.7777780294
42115  13.495  -38.483  46.280 0.7777780294
48278  24.054  -33.500  42.674 0.8888890147
48279  22.962  -33.478  42.155 0.8888890147
47280  21.974  -34.357  41.876 0.8888890147
47282  21.076  -34.514  42.445 0.8888890147
46283  18.830  -35.211  43.764 0.7777780294
45245  18.139  -36.271  44.100 0.8888890147
45246  17.452  -36.366  44.286 0.8888890147
46297  20.436  -35.035  42.489 0.8888890147
45286  19.929  -35.581  42.545 0.7777780294
46282  19.444  -35.277  43.235 0.8888890147
43018  10.708  -38.424  50.345 0.7777780294
42040  10.361  -38.325  51.679 0.4444440007
42083  10.858  -38.469  49.730 0.8888890147
43041  10.379  -38.479  49.977 0.7777780294
42082  11.767  -38.286  49.428 0.7777780294
48238  26.672  -33.800  45.915 0.4444440007
47240  26.500  -34.631  45.385 0.5555559993
47249  26.141  -34.591  44.307 0.5555559993
48252  26.177  -33.485  45.011 0.5555559993
43081  13.596  -37.393  46.914 0.7777780294
43082  13.243  -38.202  47.048 0.7777780294
42100  12.879  -38.213  47.930 0.7777780294
49325  24.933  -32.617  43.892 0.7777780294
48267  24.758  -33.543  43.467 0.8888890147
45228  16.666  -35.876  44.930 0.8888890147
44152  15.989  -37.120  44.884 0.8888890147
44153  15.130  -36.941  45.597 0.7777780294
44154  14.450  -37.106  45.790 0.7777780294
49338  24.309  -32.558  42.977 0.8888890147
49352  23.116  -32.102  42.009 0.8888890147
48280  21.782  -33.066  41.931 0.8888890147
48281  20.979  -33.293  43.166 0.7777780294
47272  20.837  -34.045  43.149 0.7777780294
47262  20.572  -34.241  44.862 0.7777780294
46269  19.214  -34.790  44.386 0.7777780294
46270  18.460  -35.274  44.471 0.7777780294
45227  17.750  -35.604  44.912 0.7777780294
47283  20.472  -34.372  42.894 0.8888890147
46281  19.961  -34.643  43.111 0.7777780294
42060  11.890  -37.913  50.763 0.5555559993
48223  27.336  -33.830  47.599 0.2222220004
48224  27.095  -33.885  46.705 0.3333329856
43039  12.376  -37.778  50.025 0.5555559993
49289  27.210  -33.406  46.068 0.2222220004
42081  12.573  -37.985  49.165 0.6666669846
49302  26.640  -32.823  45.558 0.6666669846
49324  25.776  -32.684  44.369 0.6666669846
43063  14.093  -37.513  48.025 0.6666669846
42099  13.847  -37.708  48.577 0.7777780294
50506  24.599  -31.664  43.280 0.8888890147
45215  15.616  -35.960  46.769 0.7777780294
44130  14.675  -36.546  46.261 0.7777780294
50507  23.620  -31.602  42.420 0.8888890147
50508  22.631  -31.354  41.983 0.8888890147
50509  21.717  -31.317  42.553 0.8888890147
49326  20.850  -32.149  44.228 0.7777780294
48268  20.701  -33.086  44.896 0.7777780294
47261  20.966  -33.928  44.292 0.7777780294
47252  20.697  -34.301  45.532 0.7777780294
46257  20.032  -34.455  45.476 0.7777780294
46259  18.437  -35.282  45.701 0.7777780294
43010  19.321  -36.148  52.264 0.3333329856
43012  17.648  -36.328  51.585 0.2222220004
42055  16.442  -37.471  51.498 0.1111110002
42034  16.161  -38.230  51.913 0.1111110002
42035  15.091  -38.117  51.687 0.1111110002
42996  13.595  -38.027  51.502 0.2222220004
45158  20.954  -35.217  50.764 0.1111110002
44055  20.277  -35.675  51.408 0.3333329856
44057  18.501  -35.732  51.152 0.3333329856
44058  17.737  -35.674  50.958 0.2222220004
43013  16.677  -36.600  51.373 0.2222220004
43014  16.106  -36.999  50.871 0.2222220004
42056  15.513  -37.692  50.736 0.1111110002
42057  14.516  -37.931  50.636 0.2222220004
43037  13.542  -37.701  50.506 0.2222220004
43017  12.672  -37.673  50.645 0.3333329856
49287  28.094  -32.710  47.376 0.2222220004
49288  27.649  -33.100  46.746 0.2222220004
46206  21.038  -34.295  51.525 0.1111110002
44070  19.143  -35.427  50.382 0.3333329856
43033  17.105  -35.998  51.018 0.2222220004
43035  15.604  -36.826  50.062 0.2222220004
42078  15.186  -37.358  49.973 0.2222220004
42079  14.583  -37.558  49.567 0.2222220004
42080  13.644  -37.688  49.631 0.3333329856
43038  13.027  -37.690  50.143 0.3333329856
50441  28.589  -32.249  46.828 0.3333329856
49301  27.346  -32.799  45.890 0.4444440007
48197  21.801  -32.839  50.245 0.1111110002
46214  21.288  -34.178  50.137 0.2222220004
45170  20.546  -34.583  50.045 0.2222220004
44088  19.529  -34.975  49.655 0.3333329856
44090  17.872  -34.981  49.524 0.2222220004
44091  17.062  -35.192  49.321 0.2222220004
43060  16.069  -36.216  49.585 0.2222220004
43036  14.946  -36.988  49.533 0.2222220004
42098  14.289  -37.519  48.723 0.3333329856
50459  27.735  -32.196  45.948 0.4444440007
50460  27.158  -32.236  45.449 0.5555559993
50491  26.203  -32.068  44.331 0.6666669846
51702  20.948  -30.271  48.222 0.5555559993
49279  20.876  -31.540  49.090 0.4444440007
48226  21.173  -32.704  48.698 0.4444440007
47221  21.876  -33.812  48.942 0.4444440007
45181  20.465  -34.620  48.724 0.4444440007
45197  19.323  -34.718  47.776 0.5555559993
45184  18.245  -34.711  48.736 0.4444440007
46226  17.376  -35.056  48.652 0.4444440007
44092  16.159  -35.623  48.782 0.3333329856
43079  14.904  -36.679  48.115 0.5555559993
43080  14.380  -37.067  47.674 0.5555559993
50479  26.536  -31.745  44.943 0.6666669846
50492  25.466  -31.755  43.984 0.7777780294
51735  20.698  -29.997  46.471 0.7777780294
50443  20.946  -30.928  47.809 0.6666669846
48239  21.145  -32.699  47.699 0.6666669846
47241  21.266  -33.656  47.169 0.5555559993
46237  20.114  -34.436  47.569 0.6666669846
45211  19.147  -34.899  47.030 0.6666669846
45198  18.515  -34.948  47.801 0.5555559993
45199  17.598  -35.186  47.943 0.5555559993
44128  15.985  -35.794  47.200 0.4444440007
44108  15.374  -36.034  47.963 0.4444440007
51755  26.052  -30.923  44.438 0.7777780294
51776  25.035  -30.806  43.526 0.8888890147
51798  22.950  -30.471  42.017 0.8888890147
53061  21.510  -29.867  42.835 0.8888890147
51777  20.952  -29.702  44.371 0.7777780294
50481  20.357  -30.889  45.974 0.7777780294
48254  20.973  -32.927  46.172 0.7777780294
47250  21.259  -33.417  46.527 0.6666669846
46247  20.575  -34.270  46.683 0.6666669846
46248  19.564  -34.567  46.784 0.7777780294
46250  18.518  -35.287  46.417 0.7777780294
45213  17.876  -35.442  46.459 0.5555559993
53058  24.543  -30.003  42.809 0.8888890147
53060  22.138  -29.380  42.437 0.8888890147
49286  28.879  -32.783  47.390 0.1111110002
50440  29.415  -32.406  46.708 0.3333329856
50458  28.359  -31.919  46.161 0.4444440007
50478  27.323  -31.539  45.265 0.5555559993
51753  27.761  -31.120  44.756 0.5555559993
51754  26.854  -30.928  44.671 0.5555559993
52971  21.469  -28.671  47.611 0.7777780294
51775  25.461  -30.472  44.003 0.7777780294
53038  25.062  -30.283  43.553 0.8888890147
53019  21.424  -29.028  44.913 0.7777780294
54122  21.971  -27.947  45.342 0.7777780294
51774  26.269  -30.540  43.686 0.8888890147
53078  22.882  -28.925  42.067 0.8888890147
54197  22.460  -28.392  42.487 0.8888890147
55261  22.348  -27.643  44.576 0.7777780294
49285  29.900  -32.867  47.224 0.2222220004
50439  30.120  -32.528  46.495 0.4444440007
52943  22.659  -28.559  49.267 0.3333329856
50456  29.973  -32.182  46.003 0.4444440007
50457  29.156  -32.034  46.113 0.4444440007
52969  23.572  -27.671  48.641 0.5555559993
50476  28.858  -31.907  45.372 0.5555559993
52998  22.071  -27.910  47.227 0.6666669846
54099  22.984  -27.430  46.672 0.5555559993
54121  22.870  -27.491  45.771 0.6666669846
56358  23.783  -26.420  45.172 0.6666669846
51773  27.417  -30.941  43.887 0.6666669846
53036  25.764  -30.237  42.897 0.8888890147
53076  24.602  -29.177  42.100 0.8888890147
53077  23.737  -29.130  41.993 0.8888890147
55306  23.291  -26.934  42.630 0.7777780294
55280  23.952  -26.522  43.762 1.0000000000
51796  26.398  -30.404  42.564 0.8888890147
53056  25.768  -30.033  42.118 1.0000000000
53075  25.308  -29.235  41.699 1.0000000000
54221  23.902  -27.609  41.459 1.0000000000
52918  24.272  -27.998  50.424 0.2222220004
50437  31.614  -33.145  46.413 0.2222220004
52942  23.892  -27.676  49.662 0.3333329856
50438  30.729  -32.853  46.504 0.2222220004
52968  24.970  -27.143  48.775 0.4444440007
52919  23.071  -28.695  50.164 0.3333329856
52996  24.302  -26.838  48.007 0.4444440007
50475  29.691  -32.302  45.240 0.4444440007
54098  24.028  -27.031  46.926 0.5555559993
51751  29.443  -32.004  44.465 0.5555559993
54119  24.716  -26.660  45.929 0.6666669846
55241  24.590  -26.558  45.339 0.6666669846
55279  24.908  -26.307  43.497 0.8888890147
55303  26.064  -26.759  42.374 1.0000000000
51772  28.359  -31.200  43.897 0.7777780294
55332  24.428  -27.029  41.652 1.0000000000
55331  25.242  -27.235  41.457 1.0000000000
51795  27.214  -30.793  42.862 1.0000000000
51814  27.129  -30.508  41.889 1.0000000000
53074  25.908  -29.742  41.341 1.0000000000
54220  24.568  -27.850  41.207 1.0000000000
54219  25.273  -28.273  41.005 1.0000000000
51638  26.614  -28.421  51.908 0.1111110002
51662  26.007  -27.981  51.289 0.2222220004
51663  24.857  -28.805  51.428 0.2222220004
52917  25.646  -27.675  50.394 0.2222220004
51685  25.600  -27.797  50.942 0.2222220004
52941  25.368  -27.491  49.633 0.3333329856
52967  26.349  -26.898  48.679 0.4444440007
54097  25.065  -26.592  47.222 0.6666669846
54118  25.715  -26.594  46.324 0.6666669846
50454  31.417  -32.723  45.796 0.2222220004
54075  25.284  -26.531  48.134 0.4444440007
50473  31.361  -32.208  45.327 0.3333329856
50472  31.851  -32.204  45.496 0.3333329856
54145  25.335  -26.651  45.496 0.6666669846
54144  25.928  -26.707  44.958 0.6666669846
50455  30.648  -32.598  45.848 0.2222220004
55257  25.397  -26.440  44.181 0.7777780294
54168  26.449  -26.683  43.786 0.8888890147
51750  30.418  -32.088  44.442 0.5555559993
55258  24.833  -26.505  44.786 0.6666669846
55278  25.719  -26.452  43.504 0.8888890147
54193  26.618  -26.458  43.086 1.0000000000
51770  30.163  -31.654  43.736 0.8888890147
55302  26.385  -27.159  41.566 1.0000000000
51771  29.207  -31.550  43.722 0.8888890147
51793  29.217  -30.830  43.200 1.0000000000
55330  25.905  -27.502  41.249 1.0000000000
55329  26.278  -27.602  41.042 1.0000000000
51794  28.229  -31.046  43.035 0.7777780294
51813  28.083  -30.666  42.092 1.0000000000
51830  26.829  -30.308  41.013 1.0000000000
51831  26.311  -30.051  41.109 1.0000000000
54218  26.047  -28.300  40.710 1.0000000000
51661  27.164  -27.844  50.909 0.1111110002
51684  26.520  -27.663  50.410 0.2222220004
52916  27.079  -27.886  49.820 0.3333329856
52940  26.675  -27.459  49.562 0.3333329856
52995  26.492  -27.016  47.985 0.6666669846
54095  26.692  -26.771  47.341 0.6666669846
54117  26.805  -26.681  46.584 0.6666669846
54143  26.993  -26.529  45.024 0.6666669846
50453  32.259  -32.458  45.821 0.2222220004
54167  27.156  -26.689  43.772 1.0000000000
51748  32.371  -31.356  45.108 0.2222220004
51768  31.808  -31.031  44.363 0.6666669846
53035  31.831  -30.798  43.803 0.7777780294
51769  31.146  -31.284  43.900 0.7777780294
53053  31.565  -30.377  43.028 1.0000000000
54192  26.834  -26.608  42.411 1.0000000000
51791  30.712  -31.149  43.173 1.0000000000
53054  30.445  -30.660  42.784 1.0000000000
53073  29.886  -30.485  42.637 1.0000000000
54217  26.657  -27.526  40.967 1.0000000000
51812  29.086  -30.743  42.351 1.0000000000
51828  28.914  -30.521  41.322 1.0000000000
51829  27.860  -30.322  41.029 1.0000000000
53110  26.811  -29.224  40.046 1.0000000000
54241  26.505  -28.608  40.333 1.0000000000
54240  27.012  -28.434  40.084 1.0000000000
51660  28.094  -28.474  50.504 0.2222220004
52914  28.538  -28.665  49.517 0.2222220004
52938  28.153  -27.878  49.441 0.1111110002
52915  27.944  -28.259  49.583 0.3333329856
52939  27.609  -27.690  49.464 0.2222220004
52964  28.499  -27.373  48.609 0.2222220004
52965  27.911  -27.610  48.424 0.2222220004
52993  27.600  -27.454  47.417 0.4444440007
52994  26.850  -27.111  47.655 0.6666669846
54096  26.185  -26.670  47.652 0.6666669846
53017  27.497  -27.043  46.766 0.5555559993
54116  27.625  -26.598  46.028 0.5555559993
54142  27.852  -26.468  44.848 0.6666669846
53015  32.764  -30.456  44.807 0.3333329856
53034  32.614  -30.327  43.956 0.5555559993
54166  27.843  -26.453  43.521 1.0000000000
53071  31.401  -29.980  42.489 0.6666669846
53072  30.859  -30.104  42.218 0.7777780294
53091  30.571  -29.626  41.338 1.0000000000
53107  29.687  -29.886  40.373 1.0000000000
54191  27.132  -26.613  41.934 1.0000000000
53092  29.900  -30.319  41.707 1.0000000000
51843  28.622  -30.159  40.639 1.0000000000
53108  28.361  -29.556  40.155 1.0000000000
54239  27.811  -28.428  39.566 1.0000000000
54216  27.222  -27.452  40.616 1.0000000000
55301  27.798  -26.088  42.973 1.0000000000
55328  27.317  -26.517  41.358 1.0000000000
52992  28.510  -27.173  47.258 0.3333329856
53016  27.973  -27.146  46.641 0.4444440007
53033  33.214  -29.722  44.113 0.5555559993
54165  28.594  -26.371  43.886 0.8888890147
55277  28.379  -26.311  43.600 0.8888890147
53052  32.282  -29.893  43.221 0.5555559993
54189  31.785  -29.518  42.210 0.6666669846
53106  30.533  -29.140  40.674 0.8888890147
54238  28.886  -29.085  39.661 1.0000000000
55374  28.278  -27.632  39.385 1.0000000000
55355  27.734  -27.198  40.195 1.0000000000
56413  27.609  -25.739  41.948 1.0000000000
54094  29.009  -26.615  46.515 0.4444440007
54115  28.481  -26.545  46.000 0.4444440007
54114  29.518  -26.494  45.756 0.4444440007
54141  28.799  -26.338  44.672 0.4444440007
55276  29.092  -26.257  43.899 0.8888890147
54139  33.062  -29.530  43.773 0.5555559993
55300  28.559  -26.015  43.352 1.0000000000
55273  33.755  -28.014  42.885 0.2222220004
54162  33.328  -28.636  43.219 0.3333329856
54163  32.692  -29.129  43.128 0.5555559993
54188  32.468  -28.799  42.188 0.6666669846
55299  33.081  -28.367  42.247 0.3333329856
54214  32.134  -28.588  41.495 0.6666669846
54215  31.160  -28.816  41.213 0.7777780294
53123  30.388  -29.182  40.053 1.0000000000
56395  34.092  -26.821  42.226 0.3333329856
55298  33.535  -27.551  41.801 0.3333329856
55325  32.728  -27.746  41.320 0.3333329856
54213  32.666  -28.432  41.761 0.4444440007
55327  31.142  -28.301  40.701 0.7777780294
54253  30.581  -28.567  39.956 1.0000000000
54254  29.793  -28.724  39.507 1.0000000000
54255  28.785  -28.319  39.342 1.0000000000
56398  28.141  -25.667  42.926 0.8888890147
56410  33.626  -26.802  41.323 0.3333329856
55324  33.265  -27.233  41.238 0.3333329856
55326  31.736  -27.866  40.663 0.8888890147
55353  31.123  -28.193  40.081 0.8888890147
55372  30.471  -27.672  39.431 1.0000000000
55373  29.196  -27.501  39.163 1.0000000000
56426  28.345  -25.963  40.192 1.0000000000
56427  27.797  -26.273  40.720 1.0000000000
57454  27.835  -25.162  41.930 1.0000000000
57444  28.141  -25.230  42.576 0.8888890147
57453  33.553  -26.326  40.815 0.3333329856
56411  32.911  -26.761  40.766 0.5555559993
56412  32.373  -27.265  40.669 0.5555559993
55352  31.263  -27.451  39.726 1.0000000000
55371  30.859  -27.246  39.472 1.0000000000
56440  29.829  -26.815  38.931 1.0000000000
56441  28.934  -26.319  39.348 1.0000000000
58436  28.319  -24.928  42.726 0.8888890147
56424  32.640  -26.316  40.249 0.7777780294
57473  31.734  -25.744  39.130 1.0000000000
56439  30.918  -26.677  39.120 0.8888890147
56454  30.064  -26.123  38.749 1.0000000000
57494  29.176  -25.394  38.782 1.0000000000
57475  28.330  -25.430  39.736 1.0000000000
58468  27.753  -24.048  40.605 1.0000000000
57463  32.503  -25.875  39.820 0.8888890147
57492  31.090  -25.911  38.518 1.0000000000
58480  28.251  -24.600  39.117 1.0000000000
57476  28.019  -24.613  39.953 1.0000000000
54140  29.325  -26.185  45.015 0.5555559993
55256  29.291  -26.248  44.592 0.7777780294
56397  29.001  -25.818  43.611 0.8888890147
57440  34.917  -25.537  42.285 0.2222220004
57428  34.848  -26.565  42.787 0.2222220004
56382  34.659  -27.388  43.016 0.2222220004
57441  34.468  -25.802  42.158 0.3333329856
57443  28.443  -25.102  43.245 0.8888890147
58446  34.947  -25.357  41.880 0.2222220004
58455  34.492  -25.523  41.181 0.3333329856
57452  34.035  -26.152  41.365 0.3333329856
59526  28.650  -23.386  41.900 1.0000000000
58458  28.457  -24.065  42.279 0.8888890147
58457  28.525  -23.857  42.799 0.8888890147
58456  33.824  -25.870  40.537 0.4444440007
57462  33.152  -26.121  40.268 0.6666669846
58466  33.187  -25.536  39.738 0.6666669846
58478  31.493  -24.740  38.882 1.0000000000
57474  31.139  -25.242  38.634 1.0000000000
58495  29.773  -24.492  38.257 1.0000000000
58496  28.816  -24.145  38.575 1.0000000000
59543  27.762  -23.093  40.427 1.0000000000
59527  27.895  -23.290  41.274 1.0000000000
58467  32.225  -25.045  39.434 1.0000000000
58479  30.719  -24.576  38.464 1.0000000000
59578  28.395  -23.014  38.752 1.0000000000
59561  28.025  -22.791  39.665 1.0000000000
56383  29.717  -25.664  45.188 0.5555559993
56384  29.772  -25.919  44.422 0.7777780294
56385  29.659  -26.093  43.867 0.7777780294
58445  35.317  -25.397  42.366 0.1111110002
59508  35.610  -25.169  41.842 0.2222220004
58434  29.186  -24.678  44.307 0.7777780294
57442  28.974  -25.224  43.891 0.8888890147
58448  28.696  -24.136  43.565 0.8888890147
59509  35.019  -25.230  41.410 0.3333329856
58465  34.135  -25.478  40.152 0.6666669846
60531  28.760  -22.521  42.456 0.8888890147
61584  28.194  -21.375  41.224 1.0000000000
60557  27.867  -21.939  41.048 1.0000000000
60544  28.136  -22.354  41.858 1.0000000000
59541  33.447  -25.169  39.324 0.6666669846
59542  32.679  -24.810  39.312 0.6666669846
59559  31.936  -24.301  38.778 0.8888890147
59560  31.072  -23.994  38.514 1.0000000000
59577  29.414  -23.412  38.238 1.0000000000
60598  28.577  -21.958  38.751 1.0000000000
60558  27.973  -22.183  40.310 1.0000000000
60574  31.209  -23.547  37.977 1.0000000000
60596  30.124  -22.856  37.533 1.0000000000
60597  29.162  -22.264  38.281 1.0000000000
57416  30.005  -25.078  45.452 0.5555559993
57429  29.405  -25.217  44.866 0.7777780294
59492  35.645  -25.174  42.526 0.1111110002
59491  35.854  -24.792  42.853 0.1111110002
58447  29.303  -23.870  44.149 0.7777780294
60530  29.273  -22.250  43.148 0.7777780294
59511  28.776  -23.182  42.756 0.8888890147
59510  29.198  -23.175  43.678 0.7777780294
61583  28.516  -21.187  41.938 0.7777780294
60543  28.603  -21.879  42.523 0.7777780294
59524  34.938  -25.029  40.800 0.2222220004
61611  28.286  -21.217  39.535 1.0000000000
59540  34.436  -25.151  39.609 0.4444440007
61627  28.722  -21.106  38.450 1.0000000000
61628  28.340  -21.417  38.983 1.0000000000
60576  28.271  -22.013  39.414 1.0000000000
59558  32.715  -24.572  38.744 0.8888890147
60573  32.124  -23.821  38.097 0.8888890147
57415  30.368  -24.659  45.689 0.4444440007
58419  30.368  -24.171  45.299 0.5555559993
60504  29.913  -22.827  46.384 0.3333329856
59474  29.833  -23.382  45.011 0.3333329856
59490  36.904  -25.040  43.187 0.1111110002
60517  29.755  -22.475  44.462 0.3333329856
59493  29.840  -23.347  44.183 0.6666669846
59507  36.269  -24.816  42.157 0.1111110002
60518  29.635  -22.124  43.873 0.3333329856
60529  29.799  -22.731  43.755 0.4444440007
59523  35.830  -24.701  41.120 0.2222220004
62672  29.988  -20.210  43.807 0.4444440007
61561  29.599  -21.174  43.757 0.3333329856
61560  29.727  -21.788  44.218 0.3333329856
62708  29.250  -20.030  41.751 0.7777780294
62773  28.670  -20.336  38.970 1.0000000000
62750  28.501  -20.539  39.714 0.8888890147
60617  30.586  -22.433  37.143 1.0000000000
61626  29.479  -21.354  37.698 1.0000000000
62749  28.893  -19.886  39.473 1.0000000000
62616  31.382  -20.542  46.444 0.2222220004
62633  31.150  -20.383  45.958 0.3333329856
61545  29.936  -21.254  44.763 0.3333329856
62651  30.700  -20.101  45.202 0.3333329856
59539  35.303  -24.673  40.040 0.3333329856
63813  29.890  -19.578  43.126 0.4444440007
59557  33.688  -24.976  38.449 0.5555559993
63812  30.335  -19.263  42.502 0.5555559993
59575  33.457  -24.401  37.326 0.7777780294
60593  32.470  -23.586  37.083 0.8888890147
60595  30.867  -22.963  37.276 1.0000000000
62772  29.584  -19.962  38.575 0.8888890147
63880  29.512  -19.510  39.787 0.7777780294
60615  31.794  -22.405  36.624 0.8888890147
61644  31.166  -21.174  36.736 1.0000000000
62791  29.971  -20.558  37.561 1.0000000000
62650  31.331  -19.669  45.592 0.2222220004
63777  30.705  -19.279  44.355 0.4444440007
63836  30.063  -18.989  41.202 0.7777780294
63792  30.890  -18.665  43.585 0.4444440007
28804  -1.310  -52.331  55.915 0.4444440007
28805  -1.677  -52.266  55.386 0.4444440007
31058  5.538  -50.038  55.343 0.2222220004
29938  3.704  -50.650  55.549 0.2222220004
29937  4.503  -50.810  55.700 0.2222220004
33171  6.340  -48.184  55.903 0.2222220004
29949  -1.316  -51.429  54.650 0.4444440007
28812  -2.444  -51.614  54.210 0.2222220004
29952  -2.558  -51.091  54.108 0.2222220004
29961  -2.425  -50.609  54.146 0.4444440007
28816  -2.691  -51.363  53.838 0.2222220004
29965  -2.925  -50.405  53.270 0.1111110002
28822  -2.724  -51.235  53.453 0.2222220004
27691  -2.891  -51.904  53.596 0.2222220004
32093  5.422  -49.723  54.871 0.2222220004
29944  3.369  -50.341  54.906 0.2222220004
33186  6.640  -47.858  53.948 0.2222220004
31080  3.898  -49.681  53.630 0.3333329856
31070  2.711  -49.914  53.845 0.5555559993
35303  7.142  -46.491  52.342 0.2222220004
34260  6.127  -47.569  52.852 0.2222220004
34269  6.524  -46.731  51.977 0.4444440007
35282  7.400  -46.676  53.014 0.2222220004
29969  -2.831  -50.402  52.502 0.1111110002
31081  3.333  -49.508  53.419 0.4444440007
33218  5.207  -47.670  52.446 0.3333329856
32140  2.375  -47.959  52.545 0.5555559993
31083  1.713  -48.818  53.018 0.5555559993
33219  4.469  -47.986  52.514 0.4444440007
33221  2.380  -47.487  52.415 0.7777780294
33190  -0.091  -47.687  53.886 0.7777780294
32110  -1.260  -48.807  54.086 0.5555559993
31075  -2.346  -49.778  54.206 0.5555559993
36415  8.104  -45.619  51.453 0.4444440007
35324  6.878  -46.216  51.531 0.4444440007
35338  6.293  -46.036  51.370 0.5555559993
34282  5.990  -46.513  51.549 0.5555559993
32112  -2.930  -48.918  54.151 0.5555559993
32128  -3.373  -49.437  53.580 0.2222220004
32107  1.247  -48.396  53.479 0.5555559993
33206  1.675  -47.564  52.956 0.6666669846
33189  0.691  -47.701  53.916 0.6666669846
34272  3.679  -46.837  51.799 0.7777780294
33222  1.914  -47.439  52.575 0.7777780294
35340  4.273  -45.363  51.384 0.8888890147
34261  1.348  -46.704  53.368 0.7777780294
35306  1.459  -45.817  53.619 0.8888890147
37607  6.364  -43.373  50.132 0.7777780294
37608  5.626  -42.865  50.435 0.8888890147
37588  4.658  -43.731  51.341 0.8888890147
38818  8.678  -42.988  49.354 0.7777780294
38819  6.868  -42.962  49.803 0.7777780294
38815  11.264  -43.671  49.404 0.7777780294
38788  4.333  -42.634  52.628 0.8888890147
38839  6.524  -41.896  50.043 0.8888890147
37623  12.616  -43.740  49.030 0.6666669846
38833  11.859  -43.505  48.726 0.7777780294
37636  13.108  -43.570  48.559 0.6666669846
40025  5.696  -41.584  50.959 0.8888890147
40057  8.699  -41.220  49.263 0.8888890147
40059  6.719  -41.529  50.039 0.8888890147
40041  6.821  -40.879  50.628 0.8888890147
41055  6.620  -40.479  51.976 0.7777780294
41096  7.176  -40.260  50.694 0.7777780294
42097  19.775  -40.698  47.722 0.5555559993
40053  15.426  -42.775  48.284 0.6666669846
40074  10.609  -41.056  48.119 0.8888890147
40070  15.182  -42.333  47.383 0.7777780294
40083  12.764  -40.954  47.103 0.7777780294
41054  7.042  -39.830  52.080 0.5555559993
41095  7.700  -40.082  50.212 0.8888890147
42123  19.425  -40.156  45.941 0.5555559993
43097  19.948  -39.660  46.058 0.5555559993
41126  15.827  -42.071  47.263 0.7777780294
43098  18.938  -39.649  45.577 0.6666669846
43099  18.332  -39.686  45.603 0.6666669846
41141  13.378  -40.302  46.577 0.7777780294
46267  22.955  -36.343  43.321 0.7777780294
44188  22.001  -37.016  43.571 0.8888890147
46280  21.790  -35.980  42.686 0.8888890147
45244  22.385  -36.879  43.616 0.6666669846
44148  20.635  -38.274  44.778 0.6666669846
44190  20.443  -37.062  43.435 0.7777780294
42999  8.920  -38.524  51.866 0.7777780294
41053  7.641  -39.176  52.321 0.5555559993
42104  9.662  -39.357  49.066 0.8888890147
46277  24.093  -34.940  43.006 0.7777780294
42140  17.276  -39.452  45.089 0.7777780294
41152  14.139  -40.076  46.253 0.8888890147
41127  11.964  -39.990  47.457 0.8888890147
47270  22.604  -34.621  42.320 0.8888890147
46295  21.976  -35.208  42.484 0.8888890147
43100  15.726  -38.964  45.076 0.8888890147
47301  21.423  -34.559  42.317 0.8888890147
42041  9.364  -38.558  51.486 0.7777780294
42084  10.039  -38.805  49.563 0.8888890147
47269  23.673  -34.398  42.638 0.8888890147
47281  21.730  -34.653  42.251 0.8888890147
43120  14.781  -37.674  45.515 0.7777780294
43102  14.005  -37.808  45.749 0.7777780294
49339  23.470  -32.508  42.299 0.8888890147
48288  21.496  -33.980  41.999 0.8888890147
48287  22.169  -33.965  41.646 0.8888890147
48289  21.198  -34.056  42.521 0.8888890147
48300  21.477  -34.237  42.178 0.8888890147
46268  20.014  -34.704  44.153 0.7777780294
42061  10.836  -38.414  50.680 0.6666669846
48266  25.540  -33.572  44.119 0.6666669846
43064  13.473  -37.760  47.678 0.6666669846
45229  15.656  -36.054  45.707 0.7777780294
45230  15.134  -36.245  46.173 0.7777780294
44131  14.043  -36.822  46.369 0.7777780294
44110  14.015  -36.725  47.081 0.5555559993
50524  23.371  -32.004  42.168 0.8888890147
49340  22.495  -32.255  41.977 0.8888890147
49341  21.626  -32.222  43.044 0.8888890147
47273  20.476  -34.281  43.758 0.7777780294
46258  19.123  -34.974  45.554 0.7777780294
49314  26.197  -32.526  44.919 0.6666669846
51797  24.011  -30.694  42.809 0.8888890147
45214  16.516  -35.587  46.835 0.6666669846
45202  15.198  -36.318  47.329 0.5555559993
44109  14.767  -36.608  47.211 0.5555559993
51799  21.894  -30.451  42.272 0.8888890147
51778  20.970  -30.117  43.656 0.7777780294
53040  21.236  -29.912  43.244 0.7777780294
50493  21.011  -31.114  43.646 0.7777780294
50482  20.469  -31.075  44.840 0.7777780294
49316  20.501  -32.009  45.604 0.7777780294
47251  21.116  -33.970  45.871 0.7777780294
46256  20.695  -34.347  45.892 0.7777780294
44044  19.903  -35.937  52.107 0.3333329856
43011  18.615  -36.260  51.957 0.2222220004
42993  18.859  -36.817  52.596 0.2222220004
42994  17.832  -36.986  52.470 0.1111110002
42995  17.062  -37.020  51.937 0.1111110002
42036  14.087  -38.118  51.616 0.1111110002
42058  13.927  -37.888  50.702 0.1111110002
45157  21.301  -35.041  50.943 0.1111110002
44054  20.826  -35.519  51.542 0.1111110002
44068  20.606  -35.313  50.793 0.3333329856
45149  21.350  -35.162  52.302 0.1111110002
44069  19.937  -35.126  50.510 0.3333329856
44056  19.441  -35.774  51.387 0.3333329856
44072  17.284  -35.517  50.242 0.2222220004
43034  16.508  -36.306  50.422 0.2222220004
43016  13.205  -37.637  50.882 0.2222220004
50442  27.947  -32.226  46.754 0.3333329856
45169  20.991  -34.463  50.270 0.2222220004
45171  19.944  -34.715  49.810 0.3333329856
44071  18.266  -35.412  50.298 0.2222220004
44073  16.625  -35.757  49.691 0.2222220004
47231  22.033  -33.156  48.851 0.3333329856
47220  21.932  -33.507  49.570 0.3333329856
48213  21.993  -32.713  49.507 0.3333329856
46223  21.665  -33.968  49.392 0.2222220004
46224  21.169  -34.229  49.156 0.2222220004
45182  20.020  -35.167  48.912 0.3333329856
45183  19.111  -34.777  48.748 0.3333329856
45185  17.527  -34.898  48.772 0.4444440007
44089  18.757  -34.963  49.574 0.3333329856
44093  15.497  -35.870  48.640 0.3333329856
43061  15.161  -36.200  49.046 0.3333329856
43062  14.592  -37.101  48.689 0.3333329856
50480  26.007  -31.447  44.358 0.6666669846
50425  20.815  -30.816  48.655 0.4444440007
51701  21.518  -29.668  48.695 0.4444440007
50461  20.971  -30.883  46.853 0.5555559993
49291  20.960  -31.835  48.358 0.7777780294
49290  21.095  -32.183  49.036 0.4444440007
47232  21.023  -33.388  48.539 0.5555559993
48225  21.673  -32.638  49.108 0.4444440007
46236  20.596  -34.045  47.949 0.5555559993
46238  19.724  -34.568  47.587 0.6666669846
45195  20.279  -34.442  48.129 0.5555559993
45196  19.965  -34.617  48.151 0.5555559993
44107  16.012  -35.527  47.710 0.4444440007
45200  16.874  -35.358  48.113 0.5555559993
44129  15.656  -35.837  47.389 0.4444440007
51757  20.678  -29.922  45.342 0.7777780294
52999  21.231  -28.742  46.390 0.7777780294
51720  21.009  -29.726  47.588 0.6666669846
51719  21.351  -28.983  48.193 0.7777780294
49303  20.672  -31.856  47.270 0.7777780294
49315  20.476  -31.589  46.473 0.7777780294
48240  20.994  -32.530  46.899 0.7777780294
46246  20.914  -34.036  47.130 0.5555559993
45212  18.766  -35.166  47.024 0.6666669846
46249  18.976  -35.146  46.442 0.6666669846
51756  25.517  -30.998  44.233 0.8888890147
53039  21.400  -29.284  43.591 0.8888890147
49304  20.581  -32.217  46.512 0.7777780294
53059  23.383  -29.772  42.211 0.8888890147
50477  28.064  -31.674  45.403 0.5555559993
52970  22.251  -28.395  48.237 0.4444440007
53037  25.346  -30.253  43.320 0.8888890147
54146  21.831  -28.274  44.216 0.7777780294
54100  22.101  -27.740  46.320 0.6666669846
53057  25.180  -29.875  42.509 0.8888890147
54169  22.472  -27.546  42.785 0.7777780294
55282  22.274  -27.542  43.741 0.7777780294
54170  21.733  -28.249  43.043 0.8888890147
55260  22.908  -27.033  44.453 0.6666669846
52997  23.205  -27.526  47.651 0.5555559993
51752  28.552  -31.640  44.597 0.6666669846
54120  23.725  -27.040  45.983 0.6666669846
56387  23.414  -26.680  44.181 0.6666669846
55259  24.135  -26.348  44.631 0.6666669846
54195  24.050  -28.444  41.538 1.0000000000
54196  23.164  -27.956  41.953 0.8888890147
55333  23.677  -27.055  41.864 1.0000000000
55305  24.233  -26.694  42.590 1.0000000000
51815  26.376  -30.232  41.689 1.0000000000
50474  30.562  -32.389  45.199 0.5555559993
55304  25.130  -26.565  42.407 0.8888890147
53095  26.345  -29.468  40.621 1.0000000000
53096  25.694  -29.060  40.935 1.0000000000
51637  27.789  -28.482  51.626 0.1111110002
51749  31.307  -31.745  44.705 0.3333329856
51792  29.910  -31.089  43.194 1.0000000000
51683  27.628  -27.883  49.908 0.2222220004
53055  29.825  -30.685  42.942 1.0000000000
51844  28.171  -29.982  40.571 1.0000000000
53093  27.837  -29.802  40.462 1.0000000000
53109  27.482  -29.280  39.999 1.0000000000
51682  28.387  -28.528  49.730 0.2222220004
52966  27.229  -27.404  48.556 0.4444440007
54164  32.089  -29.699  42.911 0.6666669846
54190  31.093  -29.503  41.737 0.7777780294
53122  30.573  -28.840  40.335 1.0000000000
56414  27.680  -25.637  42.234 1.0000000000
55274  33.216  -28.520  42.906 0.3333329856
55354  28.375  -26.810  39.817 1.0000000000
57465  27.816  -25.238  40.752 1.0000000000
56425  31.998  -26.693  40.063 0.7777780294
56455  29.469  -26.193  38.903 1.0000000000
57464  28.179  -25.569  40.242 1.0000000000
58459  28.015  -24.278  41.585 1.0000000000
58450  28.232  -24.720  42.311 0.8888890147
56453  30.650  -26.076  38.605 1.0000000000
57493  30.373  -25.413  38.483 1.0000000000
58481  27.959  -23.728  39.578 1.0000000000
55275  29.726  -26.149  44.162 0.7777780294
59512  29.045  -22.855  42.019 0.8888890147
58497  28.261  -23.883  38.910 1.0000000000
59576  30.327  -23.819  38.100 1.0000000000
57430  29.377  -25.459  44.270 0.7777780294
58433  29.879  -24.266  44.672 0.7777780294
62732  28.285  -21.228  40.277 1.0000000000
62709  28.597  -20.633  41.190 1.0000000000
60575  30.730  -23.570  38.011 1.0000000000
61572  28.769  -20.993  42.899 0.5555559993
62731  28.395  -20.865  40.499 1.0000000000
60594  31.506  -23.241  37.234 1.0000000000
62652  30.325  -20.262  44.365 0.4444440007
62691  29.366  -19.897  43.251 0.4444440007
62730  28.849  -19.978  40.445 0.8888890147
60572  32.707  -24.541  37.850 0.8888890147
61645  30.347  -21.566  37.099 1.0000000000
61528  30.531  -21.265  45.988 0.2222220004
63764  31.674  -19.199  45.618 0.2222220004
63778  30.323  -19.825  44.018 0.4444440007
60616  31.041  -22.303  36.953 1.0000000000
63776  31.686  -19.099  44.788 0.4444440007
32111  -2.116  -48.643  54.540 0.4444440007
32095  -2.024  -48.065  54.776 0.4444440007
33175  -2.020  -47.622  55.239 0.2222220004
33172  0.229  -47.101  54.395 0.6666669846
33173  -0.381  -47.055  54.931 0.3333329856
33174  -1.277  -47.373  55.202 0.2222220004
34252  0.636  -46.912  54.241 0.6666669846
34251  0.977  -46.224  54.317 0.6666669846
33158  -0.670  -46.610  56.108 0.3333329856
34238  -0.174  -46.540  55.516 0.3333329856
34237  0.312  -46.366  55.107 0.6666669846
34236  1.056  -45.605  55.516 0.6666669846
35305  2.091  -44.929  53.654 0.7777780294
35284  1.615  -45.274  54.833 0.6666669846
35265  1.665  -45.039  55.742 0.5555559993
36369  2.420  -44.256  54.527 0.4444440007
35283  2.121  -44.723  54.932 0.5555559993
35264  2.164  -44.788  55.762 0.3333329856
36347  2.232  -44.192  55.766 0.4444440007
36368  2.857  -43.737  54.039 0.4444440007
36346  2.439  -44.659  56.273 0.3333329856
35263  2.621  -44.852  56.046 0.3333329856
37515  3.374  -42.860  55.696 0.3333329856
37516  2.554  -43.496  55.963 0.3333329856
37532  3.919  -42.594  54.074 0.4444440007
37533  3.313  -43.062  54.566 0.4444440007
37514  3.885  -42.119  56.040 0.2222220004
37501  2.646  -43.671  56.310 0.1111110002
38741  3.800  -42.317  55.570 0.2222220004
38757  3.789  -42.384  55.007 0.3333329856
38756  4.590  -42.122  54.831 0.2222220004
38755  5.269  -41.580  54.703 0.4444440007
38773  5.555  -41.529  53.780 0.5555559993
38739  4.821  -41.282  55.853 0.1111110002
38740  4.192  -41.979  55.543 0.2222220004
38738  5.570  -40.573  55.600 0.1111110002
38772  5.613  -41.051  53.987 0.4444440007
38754  5.521  -40.829  54.491 0.3333329856
44145  23.881  -37.700  44.625 0.2222220004
44169  22.936  -37.157  44.501 0.5555559993
39981  5.786  -40.482  53.739 0.2222220004
41032  6.442  -39.736  52.902 0.3333329856
45209  24.836  -37.344  44.967 0.3333329856
45210  24.265  -37.595  44.698 0.2222220004
45225  23.878  -37.011  44.737 0.2222220004
42008  7.257  -39.135  53.205 0.3333329856
42973  21.144  -36.526  54.200 0.1111110002
42974  20.604  -36.711  53.657 0.1111110002
44032  20.916  -36.583  52.782 0.1111110002
44042  21.145  -36.161  52.316 0.1111110002
44043  20.554  -36.159  52.274 0.1111110002
41991  7.519  -39.171  53.930 0.2222220004
42007  7.957  -38.799  53.257 0.3333329856
41013  8.654  -39.133  55.172 0.2222220004
41014  7.710  -39.140  54.990 0.2222220004
41990  8.545  -38.786  54.418 0.3333329856
42947  8.751  -38.533  53.684 0.3333329856
42961  8.718  -38.476  53.012 0.3333329856
42026  8.254  -38.701  52.505 0.4444440007
42025  9.815  -38.413  52.224 0.3333329856
51640  23.902  -29.439  52.455 0.1111110002
51641  22.955  -30.459  52.590 0.2222220004
50395  21.529  -30.984  51.248 0.2222220004
51664  22.969  -29.489  51.715 0.2222220004
51665  22.441  -29.791  50.642 0.2222220004
52896  24.353  -28.359  51.110 0.2222220004
52897  23.266  -28.654  50.935 0.2222220004
51686  22.034  -29.722  49.754 0.2222220004
50394  22.331  -31.139  52.080 0.2222220004
49278  21.324  -31.889  49.583 0.3333329856
50409  21.400  -30.818  50.265 0.3333329856
62790  30.603  -20.335  37.253 0.8888890147
62789  31.383  -19.434  37.294 0.7777780294
54093  29.535  -26.614  47.008 0.3333329856
54113  30.518  -27.077  46.256 0.3333329856
55255  29.669  -26.044  44.969 0.4444440007
62748  33.195  -18.221  39.600 0.7777780294
119575  31.578  -18.411  39.114 0.6666669846
119569  30.724  -19.366  38.384 0.6666669846
63898  34.169  -17.788  39.073 0.6666669846
62770  33.571  -18.054  38.950 0.6666669846
66182  34.736  -16.532  37.544 0.7777780294
62771  32.718  -18.222  38.584 0.7777780294
55240  30.383  -26.587  45.653 0.3333329856
56368  30.341  -25.793  45.441 0.4444440007
65023  35.539  -18.156  40.715 0.3333329856
63878  34.948  -17.925  40.308 0.4444440007
62727  33.577  -18.233  40.314 0.4444440007
62728  32.504  -18.220  39.812 0.7777780294
119570  31.391  -18.375  40.052 0.5555559993
63860  30.648  -18.740  39.879 0.7777780294
65070  36.003  -17.205  39.629 0.4444440007
65049  35.504  -17.603  40.109 0.5555559993
62747  33.866  -18.156  39.646 0.5555559993
65084  35.792  -16.912  38.936 0.5555559993
65072  34.378  -17.421  38.487 0.6666669846
67282  35.428  -15.865  37.276 0.7777780294
69498  36.705  -14.985  36.207 0.7777780294
68352  35.687  -15.656  36.585 0.7777780294
55239  31.159  -26.810  45.756 0.3333329856
57407  30.525  -25.544  45.629 0.4444440007
62723  37.405  -17.598  41.872 0.1111110002
63835  30.944  -18.424  41.336 0.4444440007
62724  36.600  -17.887  41.729 0.2222220004
62725  35.670  -18.079  41.435 0.3333329856
62704  35.054  -17.897  41.801 0.2222220004
62705  34.031  -17.816  41.255 0.3333329856
63834  32.169  -18.352  41.459 0.3333329856
66132  41.052  -16.498  41.555 0.1111110002
65043  39.852  -16.884  41.418 0.1111110002
65044  39.510  -17.384  41.193 0.3333329856
65046  38.100  -17.391  40.613 0.5555559993
65021  36.782  -17.489  40.813 0.3333329856
63857  35.455  -18.266  40.887 0.3333329856
62726  34.645  -18.076  40.713 0.4444440007
62706  33.050  -18.231  40.983 0.5555559993
62729  31.859  -18.251  40.084 0.5555559993
67239  41.107  -16.227  41.031 0.1111110002
66164  39.468  -16.099  40.434 0.2222220004
66165  38.472  -16.398  39.962 0.4444440007
65069  36.931  -17.203  39.731 0.5555559993
67263  40.364  -15.807  40.581 0.1111110002
67278  38.509  -15.327  39.631 0.3333329856
66179  37.551  -15.938  39.451 0.6666669846
66180  36.629  -16.338  39.005 0.6666669846
68350  37.064  -14.895  37.796 0.7777780294
67280  37.222  -15.469  38.672 0.7777780294
68351  36.361  -15.164  36.968 0.7777780294
59456  30.500  -23.436  46.414 0.2222220004
58418  30.512  -24.196  45.931 0.2222220004
63810  32.620  -18.230  42.540 0.3333329856
63811  31.438  -18.379  42.513 0.4444440007
62703  36.030  -17.983  42.250 0.2222220004
62689  34.387  -17.683  42.370 0.2222220004
63833  33.048  -18.225  41.831 0.3333329856
60505  29.877  -22.410  45.577 0.2222220004
62687  36.349  -17.867  43.162 0.1111110002
63809  33.590  -17.793  42.469 0.2222220004
62688  35.470  -17.857  42.813 0.1111110002
63791  31.934  -18.288  43.717 0.3333329856
64962  31.484  -18.659  44.283 0.3333329856
62670  35.857  -17.563  43.771 0.1111110002
62671  35.011  -17.439  43.372 0.1111110002
63789  34.181  -17.675  43.010 0.1111110002
63775  33.083  -18.259  44.400 0.2222220004
63790  33.341  -17.951  43.332 0.2222220004
63774  34.429  -17.461  43.995 0.1111110002
36393  2.566  -44.301  53.647 0.6666669846
45226  23.239  -37.091  44.616 0.4444440007
45224  25.055  -36.635  44.295 0.4444440007
50424  21.114  -30.726  49.428 0.2222220004
56369  29.880  -25.999  45.214 0.5555559993
59473  30.052  -23.447  45.802 0.2222220004
33192  -2.119  -47.941  54.795 0.4444440007
42998  9.261  -38.452  52.129 0.5555559993
42991  20.380  -36.631  52.984 0.1111110002
37534  2.776  -43.608  55.096 0.4444440007
119573  30.743  -19.735  37.652 0.7777780294
55254  30.524  -26.260  45.413 0.4444440007
119572  32.253  -18.195  39.183 0.7777780294
119568  31.844  -18.230  39.715 0.6666669846
119574  31.230  -18.512  39.592 0.5555559993
63897  34.789  -17.674  39.723 0.5555559993
65085  34.890  -16.954  38.339 0.7777780294
66183  34.366  -16.904  36.809 0.7777780294
67283  34.813  -16.338  36.911 0.7777780294
56357  31.177  -25.981  45.566 0.3333329856
65022  36.015  -17.849  40.671 0.3333329856
63856  36.138  -18.035  41.103 0.3333329856
63879  34.439  -17.923  39.785 0.4444440007
62746  34.466  -18.017  40.118 0.4444440007
62707  32.263  -18.267  40.574 0.5555559993
63859  31.555  -18.308  40.545 0.3333329856
65083  36.408  -16.871  39.401 0.6666669846
65071  35.053  -17.339  39.208 0.5555559993
65048  36.433  -17.477  40.209 0.3333329856
67297  35.216  -16.093  36.464 0.7777780294
67281  36.394  -15.709  37.981 0.7777780294
66181  35.678  -16.466  38.139 0.7777780294
69483  36.744  -14.597  36.687 0.7777780294
63855  37.335  -17.570  41.262 0.2222220004
62690  33.575  -17.793  41.738 0.3333329856
65019  40.219  -16.911  41.566 0.1111110002
66148  40.123  -16.396  41.075 0.1111110002
66149  39.163  -16.880  40.672 0.3333329856
65045  38.857  -17.631  40.610 0.5555559993
66150  38.727  -17.062  40.471 0.4444440007
65068  37.772  -17.016  40.164 0.5555559993
65067  38.413  -17.114  40.434 0.5555559993
65047  37.291  -17.322  40.406 0.5555559993
63877  37.624  -17.464  40.835 0.3333329856
66163  39.988  -15.962  40.569 0.2222220004
66166  37.376  -16.660  39.611 0.5555559993
66167  36.818  -16.769  39.482 0.5555559993
66178  38.074  -15.710  39.619 0.2222220004
67279  37.847  -15.168  39.283 0.5555559993
69481  37.591  -14.069  37.631 0.7777780294
69482  36.858  -14.164  37.092 0.7777780294
70635  37.154  -13.897  36.806 0.7777780294
27708  -2.919  -51.759  53.196 0.1111110002
33207  -2.668  -47.922  53.720 0.1111110002
32127  -3.341  -49.029  53.328 0.1111110002
33193  -2.318  -47.620  54.628 0.3333329856
31025  5.339  -50.251  58.078 0.1111110002
31024  5.994  -49.295  58.241 0.1111110002
33124  7.509  -48.495  58.065 0.1111110002
32068  6.830  -48.547  57.701 0.1111110002
31023  6.481  -49.126  58.419 0.1111110002
33156  6.541  -48.198  56.921 0.1111110002
32069  6.411  -48.817  57.577 0.1111110002
32078  6.049  -48.844  56.552 0.1111110002
35247  0.766  -45.275  56.419 0.4444440007
34217  0.901  -45.441  56.052 0.6666669846
33138  7.229  -48.219  57.486 0.1111110002
35232  0.794  -44.846  57.106 0.2222220004
33170  7.093  -48.047  55.183 0.1111110002
33136  9.370  -47.533  57.439 0.1111110002
33137  8.271  -47.649  57.121 0.1111110002
34196  9.135  -47.383  56.619 0.1111110002
33154  8.016  -47.403  56.454 0.1111110002
36320  1.534  -44.492  57.729 0.1111110002
34214  9.011  -47.149  55.862 0.1111110002
34233  8.861  -46.986  55.092 0.1111110002
34216  7.627  -47.533  55.361 0.1111110002
34234  8.089  -47.164  54.700 0.1111110002
35260  11.325  -46.285  55.021 0.1111110002
34231  10.586  -46.539  55.558 0.1111110002
35261  10.495  -46.304  54.779 0.1111110002
34232  9.699  -46.657  55.242 0.1111110002
35278  10.328  -46.223  53.988 0.1111110002
35262  9.864  -46.398  54.547 0.1111110002
34248  8.742  -46.645  54.370 0.1111110002
35299  10.043  -45.903  53.318 0.1111110002
35279  9.500  -46.369  53.953 0.1111110002
35281  7.992  -46.570  53.312 0.1111110002
35301  8.742  -46.503  52.605 0.1111110002
36389  9.774  -45.730  52.623 0.1111110002
35322  8.293  -46.113  52.020 0.2222220004
36414  9.191  -45.685  51.801 0.1111110002
37578  17.032  -43.988  51.199 0.2222220004
35259  11.990  -46.516  55.232 0.1111110002
35276  12.215  -46.469  54.356 0.1111110002
35277  11.182  -46.191  54.109 0.1111110002
43059  22.285  -40.074  47.655 0.2222220004
35297  11.947  -45.800  53.262 0.1111110002
35298  10.831  -45.766  53.367 0.1111110002
42095  21.710  -40.733  47.974 0.3333329856
36387  11.206  -45.420  52.674 0.1111110002
42096  20.324  -40.581  47.891 0.4444440007
37566  10.205  -44.969  51.536 0.2222220004
36412  10.683  -45.339  52.019 0.2222220004
36413  9.989  -45.348  52.103 0.1111110002
37586  9.536  -44.615  51.097 0.4444440007
36431  16.757  -44.627  51.872 0.2222220004
36407  16.238  -45.075  52.642 0.1111110002
36384  14.757  -46.101  53.158 0.1111110002
37579  16.185  -44.335  51.182 0.2222220004
36408  15.153  -45.405  52.550 0.1111110002
37597  16.521  -43.971  50.755 0.2222220004
36409  13.842  -46.006  52.375 0.1111110002
35296  13.194  -46.360  53.408 0.1111110002
42093  23.233  -39.821  48.034 0.1111110002
42094  22.797  -40.192  48.133 0.2222220004
37580  15.273  -44.657  50.927 0.2222220004
36433  14.639  -45.339  51.532 0.1111110002
36434  13.466  -45.365  51.375 0.1111110002
36410  12.602  -45.640  52.075 0.1111110002
36411  11.617  -45.408  51.725 0.1111110002
43076  21.772  -39.598  47.103 0.3333329856
42111  20.669  -40.308  47.234 0.4444440007
37565  10.887  -45.013  51.286 0.2222220004
37585  10.423  -44.353  50.954 0.5555559993
42074  24.911  -40.064  48.769 0.1111110002
42075  23.771  -40.067  48.669 0.1111110002
37598  15.946  -44.075  50.465 0.2222220004
37581  14.191  -44.939  50.658 0.1111110002
36435  12.467  -45.260  51.215 0.2222220004
37582  13.094  -44.595  50.769 0.3333329856
36436  11.899  -45.293  51.058 0.2222220004
42110  21.226  -40.083  47.283 0.4444440007
37603  10.839  -43.819  50.278 0.6666669846
43077  20.784  -39.778  46.800 0.4444440007
43057  23.662  -39.690  47.578 0.1111110002
43032  24.464  -39.660  48.139 0.1111110002
43058  22.760  -39.692  47.569 0.2222220004
43075  22.851  -39.204  46.672 0.2222220004
43095  21.919  -38.932  46.012 0.4444440007
43096  20.969  -39.283  46.142 0.4444440007
42073  25.878  -40.019  48.710 0.1111110002
43031  25.298  -39.531  48.173 0.1111110002
43114  21.242  -38.823  45.450 0.4444440007
42049  27.446  -39.724  49.382 0.1111110002
43030  26.140  -39.273  48.325 0.1111110002
43074  23.877  -39.556  46.529 0.1111110002
44106  23.433  -39.122  46.230 0.1111110002
44127  22.358  -38.613  45.837 0.4444440007
44147  21.928  -38.264  45.225 0.4444440007
42048  28.281  -39.709  49.896 0.1111110002
42960  9.347  -38.460  53.465 0.2222220004
42979  9.484  -38.503  52.784 0.2222220004
42072  26.685  -39.612  48.858 0.1111110002
44087  25.434  -38.923  47.071 0.1111110002
44104  25.137  -38.700  46.262 0.1111110002
42997  13.328  -37.846  51.370 0.1111110002
42059  12.818  -37.748  51.315 0.1111110002
44105  24.048  -39.300  45.724 0.1111110002
44126  23.048  -38.520  45.857 0.3333329856
44040  29.991  -37.456  50.430 0.1111110002
42990  29.474  -38.473  50.585 0.1111110002
42017  29.715  -39.287  51.430 0.1111110002
42945  9.986  -38.639  54.373 0.2222220004
42946  9.349  -38.478  54.127 0.2222220004
45147  30.088  -36.522  50.501 0.1111110002
42031  29.101  -39.616  50.517 0.1111110002
42006  10.648  -38.737  54.248 0.2222220004
42959  9.985  -38.433  53.796 0.2222220004
45155  29.366  -36.655  49.691 0.1111110002
44052  29.165  -37.666  49.869 0.1111110002
43008  28.693  -38.677  49.797 0.1111110002
43009  28.030  -39.100  49.414 0.1111110002
42071  27.171  -39.360  48.870 0.1111110002
41074  12.038  -38.585  52.725 0.1111110002
42024  10.642  -38.562  53.061 0.2222220004
42978  9.863  -38.567  53.283 0.2222220004
46212  29.243  -35.373  49.163 0.1111110002
45156  28.984  -36.231  49.272 0.1111110002
45168  28.589  -36.645  48.890 0.1111110002
44083  28.239  -37.990  48.539 0.1111110002
43052  27.841  -38.345  48.492 0.1111110002
43053  27.260  -38.434  48.176 0.1111110002
42038  12.529  -38.255  51.947 0.1111110002
42039  11.596  -38.412  52.194 0.1111110002
47211  28.903  -34.962  48.780 0.1111110002
46213  28.918  -35.689  48.908 0.1111110002
44067  28.220  -37.391  48.514 0.1111110002
45180  27.517  -37.309  47.639 0.1111110002
43054  26.498  -38.661  47.863 0.1111110002
48211  28.643  -34.321  48.064 0.1111110002
47218  28.356  -34.849  48.253 0.1111110002
47219  27.688  -34.607  47.868 0.1111110002
46222  27.730  -35.119  47.371 0.1111110002
44085  27.009  -37.831  47.322 0.1111110002
48212  27.821  -33.940  48.202 0.1111110002
44123  25.870  -37.406  45.753 0.1111110002
44125  24.295  -38.299  45.028 0.1111110002
49276  28.296  -33.324  47.969 0.1111110002
49277  27.682  -33.268  47.798 0.1111110002
47229  27.406  -34.589  47.109 0.1111110002
44146  23.182  -37.707  44.794 0.2222220004
46221  28.111  -35.762  47.830 0.1111110002
45179  27.814  -36.820  48.024 0.1111110002
46234  27.406  -35.686  46.871 0.1111110002
46233  27.713  -36.155  47.345 0.1111110002
44102  26.966  -37.277  46.685 0.1111110002
46235  26.808  -35.744  45.714 0.1111110002
45194  26.848  -36.666  46.305 0.1111110002
47230  27.038  -34.700  46.255 0.1111110002
46245  26.175  -35.624  44.872 0.1111110002
54138  33.750  -29.029  43.864 0.1111110002
56367  34.915  -27.316  43.763 0.1111110002
57414  35.014  -26.966  43.277 0.1111110002
60613  34.003  -22.758  36.202 0.6666669846
59592  33.383  -23.516  36.718 0.7777780294
60624  34.753  -22.607  36.206 0.6666669846
60614  32.797  -22.601  36.309 0.6666669846
61643  32.170  -21.151  36.417 0.6666669846
61655  34.447  -21.756  35.667 0.6666669846
61656  33.584  -20.703  35.658 0.6666669846
62788  32.752  -19.614  36.452 0.6666669846
62801  35.167  -20.557  35.361 0.6666669846
62803  33.587  -19.802  35.726 0.6666669846
63912  33.304  -18.138  37.481 0.6666669846
62785  40.556  -20.475  36.916 0.5555559993
62786  39.580  -21.339  36.973 0.5555559993
62799  37.455  -21.225  35.417 0.6666669846
65086  34.049  -17.340  37.540 0.6666669846
62796  40.115  -20.061  36.325 0.5555559993
62797  39.585  -20.407  36.285 0.5555559993
63922  37.885  -20.242  35.281 0.6666669846
63923  36.867  -20.302  35.104 0.6666669846
65111  34.298  -18.832  35.663 0.6666669846
65087  33.722  -18.078  36.757 0.6666669846
63899  33.489  -17.933  38.480 0.6666669846
63930  38.190  -19.465  34.802 0.5555559993
63932  36.327  -19.392  35.218 0.6666669846
63933  35.335  -19.420  35.363 0.6666669846
63919  40.480  -19.603  36.344 0.5555559993
63921  38.917  -19.854  35.485 0.5555559993
65106  38.902  -18.823  34.812 0.5555559993
65110  34.697  -18.299  35.655 0.6666669846
65099  34.173  -17.738  36.486 0.6666669846
65108  36.764  -18.521  35.129 0.6666669846
67298  34.860  -16.723  36.294 0.6666669846
67319  34.992  -17.177  35.853 0.6666669846
66216  36.180  -17.565  35.322 0.6666669846
66217  35.304  -17.613  35.575 0.6666669846
63876  38.353  -17.725  40.903 0.1111110002
65095  41.706  -18.838  36.410 0.4444440007
66194  41.178  -18.348  35.592 0.4444440007
65096  40.738  -18.811  36.163 0.5555559993
66195  40.302  -18.396  35.463 0.5555559993
65105  39.563  -18.676  35.242 0.6666669846
66196  39.861  -18.495  35.348 0.5555559993
65107  37.790  -18.606  34.747 0.6666669846
67317  36.605  -16.647  35.282 0.6666669846
68388  36.143  -15.858  35.435 0.6666669846
66215  37.235  -17.603  35.129 0.6666669846
67318  35.555  -16.576  35.692 0.6666669846
63875  39.097  -18.177  41.001 0.3333329856
66193  42.127  -18.253  35.746 0.3333329856
68369  36.018  -15.422  36.039 0.6666669846
66213  39.567  -17.918  34.960 0.6666669846
66214  38.334  -17.679  34.869 0.6666669846
65093  43.337  -18.449  36.765 0.3333329856
66192  43.113  -17.819  36.080 0.3333329856
69514  36.553  -15.348  35.628 0.6666669846
66209  43.076  -17.658  35.275 0.3333329856
66210  42.455  -17.834  35.126 0.3333329856
66211  41.538  -17.954  34.908 0.4444440007
67314  39.995  -16.828  34.879 0.6666669846
67316  37.638  -16.599  35.008 0.6666669846
68387  36.975  -15.773  35.235 0.6666669846
67329  39.477  -16.028  34.277 0.6666669846
67315  38.792  -16.594  34.668 0.6666669846
68386  37.881  -15.365  34.667 0.6666669846
68349  37.677  -14.545  38.557 0.5555559993
70633  38.190  -13.422  37.169 0.5555559993
70634  37.375  -13.669  36.983 0.6666669846
68401  39.982  -15.394  34.164 0.6666669846
69532  38.568  -14.312  34.602 0.6666669846
70646  37.782  -13.632  36.295 0.5555559993
68384  44.687  -17.108  35.104 0.2222220004
67325  43.425  -17.046  34.430 0.4444440007
67326  42.338  -17.103  33.807 0.5555559993
68400  40.658  -15.931  33.789 0.6666669846
68402  39.135  -15.118  34.189 0.6666669846
69513  37.095  -14.924  35.481 0.6666669846
67296  44.039  -17.453  36.294 0.2222220004
67310  43.739  -17.431  35.291 0.3333329856
67312  41.844  -17.473  34.459 0.3333329856
67328  40.381  -16.295  34.359 0.6666669846
67330  38.699  -15.660  34.253 0.6666669846
69512  37.737  -14.235  35.492 0.6666669846
70645  38.925  -13.159  36.325 0.5555559993
71687  39.486  -12.807  36.362 0.4444440007
70644  39.421  -12.812  36.680 0.4444440007
68365  47.217  -16.341  35.853 0.2222220004
68366  46.224  -16.559  35.706 0.2222220004
68367  45.360  -16.819  35.865 0.2222220004
69531  39.545  -14.388  34.149 0.6666669846
70675  39.134  -13.484  34.501 0.5555559993
71711  39.522  -12.721  34.895 0.5555559993
68381  47.869  -16.144  35.042 0.1111110002
68383  45.747  -16.868  34.825 0.2222220004
68398  44.146  -16.840  34.331 0.4444440007
69530  40.475  -14.783  33.782 0.6666669846
70674  40.144  -13.459  34.162 0.6666669846
68396  45.860  -15.930  33.907 0.2222220004
68413  44.804  -16.465  33.071 0.3333329856
67336  44.238  -16.839  33.029 0.4444440007
67338  42.501  -16.975  32.820 0.5555559993
69529  40.820  -15.811  33.036 0.5555559993
71694  40.069  -12.339  35.622 0.5555559993
68380  48.523  -15.872  35.144 0.1111110002
68364  48.334  -16.421  35.651 0.1111110002
69523  49.774  -15.362  34.278 0.1111110002
69511  47.809  -16.060  34.413 0.1111110002
68395  46.711  -15.965  33.979 0.1111110002
69547  40.677  -13.938  33.534 0.5555559993
70686  40.628  -13.375  33.633 0.5555559993
70683  50.153  -15.044  33.640 0.2222220004
70673  49.355  -15.369  33.872 0.1111110002
69526  47.401  -15.938  33.805 0.1111110002
67350  44.100  -16.742  32.803 0.5555559993
68424  42.548  -16.003  32.173 0.5555559993
69546  41.281  -14.706  33.223 0.5555559993
70685  41.102  -13.445  33.119 0.5555559993
70682  50.754  -14.435  33.292 0.2222220004
70695  50.317  -15.086  33.032 0.2222220004
69540  48.994  -15.633  33.618 0.1111110002
69541  48.197  -15.810  33.194 0.2222220004
69543  46.177  -15.568  32.940 0.2222220004
69544  45.447  -15.741  32.696 0.4444440007
69561  43.685  -14.911  32.165 0.5555559993
69562  42.480  -15.016  32.803 0.5555559993
69563  41.646  -14.083  32.766 0.5555559993
70699  41.582  -13.513  32.708 0.5555559993
71693  40.741  -11.813  35.685 0.4444440007
71723  40.637  -12.741  33.796 0.5555559993
71731  51.366  -13.865  32.930 0.1111110002
69556  49.277  -15.408  32.725 0.2222220004
69558  46.820  -15.420  32.097 0.2222220004
69559  45.830  -15.403  31.979 0.3333329856
69560  44.785  -15.387  32.164 0.5555559993
70697  43.014  -13.689  31.961 0.5555559993
70698  42.110  -13.654  32.514 0.5555559993
71735  41.609  -12.948  32.629 0.4444440007
70691  53.508  -14.272  32.213 0.1111110002
70706  51.922  -14.321  32.026 0.1111110002
69555  50.279  -14.775  32.147 0.1111110002
69572  48.573  -15.335  31.292 0.2222220004
69573  47.438  -15.248  31.254 0.3333329856
69576  44.366  -14.332  31.569 0.5555559993
69577  43.704  -14.014  31.711 0.5555559993
71734  42.295  -12.753  32.171 0.4444440007
70705  52.139  -14.582  31.989 0.1111110002
69574  46.438  -14.683  31.258 0.4444440007
68428  53.289  -15.088  31.005 0.1111110002
72738  42.580  -10.939  34.233 0.3333329856
71692  41.860  -11.607  35.350 0.3333329856
71709  40.982  -11.897  34.371 0.3333329856
71708  41.750  -11.565  33.805 0.4444440007
72758  43.213  -11.487  32.314 0.4444440007
72759  42.555  -11.945  32.333 0.4444440007
71721  41.934  -12.101  32.814 0.4444440007
71722  41.288  -12.405  33.369 0.4444440007
71733  43.185  -12.419  31.925 0.5555559993
69590  46.499  -13.927  30.526 0.5555559993
70707  45.757  -13.851  30.848 0.5555559993
70709  44.049  -13.466  31.570 0.5555559993
71742  43.567  -13.101  31.679 0.5555559993
69595  54.543  -14.149  29.685 0.1111110002
69583  54.040  -14.485  30.541 0.1111110002
68439  52.923  -15.236  30.508 0.1111110002
68430  51.207  -15.179  30.984 0.2222220004
69571  49.848  -15.236  31.414 0.2222220004
69588  48.274  -14.710  30.431 0.3333329856
71755  54.900  -13.484  29.909 0.1111110002
70716  54.440  -14.193  30.832 0.1111110002
72749  42.543  -11.423  33.083 0.4444440007
71740  44.863  -12.182  31.071 0.4444440007
72766  44.677  -11.675  31.451 0.5555559993
71732  43.689  -11.798  31.932 0.5555559993
71750  45.533  -12.465  30.659 0.5555559993
70708  44.941  -13.318  31.194 0.5555559993
71741  44.171  -12.378  31.650 0.5555559993
69596  53.694  -14.789  29.632 0.1111110002
69585  51.579  -14.889  30.589 0.2222220004
69586  50.701  -14.936  30.592 0.2222220004
69587  49.411  -14.721  30.421 0.2222220004
69589  47.360  -14.565  30.501 0.4444440007
70719  46.992  -13.276  29.809 0.5555559993
70734  55.409  -13.834  28.445 0.1111110002
69604  54.273  -14.426  28.868 0.1111110002
68447  53.225  -15.143  29.865 0.2222220004
69598  51.389  -14.437  29.531 0.2222220004
69599  50.253  -14.254  29.681 0.2222220004
69600  49.472  -13.893  29.703 0.3333329856
70717  48.788  -13.877  29.986 0.4444440007
70743  55.052  -13.594  27.291 0.2222220004
69597  52.644  -14.922  29.783 0.2222220004
70761  54.431  -13.319  26.262 0.4444440007
69610  54.867  -14.299  28.272 0.3333329856
69611  54.141  -14.386  27.915 0.4444440007
72765  45.580  -11.247  31.228 0.4444440007
71748  47.019  -12.106  29.873 0.4444440007
71749  46.351  -12.376  30.308 0.4444440007
71759  47.825  -12.452  29.588 0.4444440007
69605  53.383  -14.537  28.735 0.3333329856
69607  51.463  -13.857  28.599 0.3333329856
70727  50.731  -13.705  28.945 0.3333329856
70730  48.353  -13.199  29.460 0.4444440007
70744  53.903  -14.092  26.963 0.4444440007
70745  53.028  -13.769  27.094 0.4444440007
69612  53.219  -14.310  27.761 0.3333329856
69606  52.364  -14.244  28.571 0.3333329856
70728  49.896  -13.215  29.112 0.4444440007
70762  53.468  -13.317  26.550 0.4444440007
72781  48.676  -11.134  29.530 0.4444440007
72772  47.748  -11.277  29.973 0.4444440007
71756  49.763  -12.649  28.904 0.4444440007
71757  49.454  -12.250  29.116 0.4444440007
71758  48.651  -12.331  29.498 0.4444440007
69613  52.539  -13.900  27.679 0.4444440007
70735  51.888  -13.579  27.944 0.4444440007
70736  51.026  -13.058  28.100 0.4444440007
71807  52.998  -11.651  25.611 0.4444440007
71790  52.710  -12.456  26.381 0.4444440007
75762  49.360  -8.574  31.618 0.1111110002
74729  49.601  -9.279  29.920 0.2222220004
74730  48.968  -8.989  30.725 0.3333329856
74736  49.741  -9.655  29.467 0.2222220004
73761  49.067  -9.789  29.828 0.4444440007
73762  48.358  -10.025  30.243 0.4444440007
72780  49.648  -11.203  28.853 0.4444440007
73767  49.328  -10.158  29.449 0.4444440007
73768  48.737  -10.417  29.679 0.4444440007
72771  48.234  -10.785  29.865 0.4444440007
72790  49.936  -11.650  28.569 0.4444440007
71765  49.735  -11.888  28.732 0.4444440007
70747  51.714  -13.029  27.612 0.4444440007
71764  50.130  -12.351  28.573 0.4444440007
72829  53.028  -10.861  25.639 0.3333329856
72812  52.538  -11.303  26.102 0.4444440007
71773  52.271  -12.607  26.997 0.4444440007
75761  50.444  -8.200  31.481 0.1111110002
75769  50.507  -8.473  30.426 0.1111110002
74727  51.242  -8.625  29.567 0.1111110002
74728  50.744  -8.756  29.619 0.2222220004
74741  50.961  -9.364  28.394 0.2222220004
73766  49.968  -10.463  28.719 0.3333329856
73770  51.295  -10.180  27.639 0.2222220004
73771  51.043  -10.038  27.892 0.2222220004
73772  50.469  -9.923  28.358 0.2222220004
72789  50.389  -11.084  28.346 0.4444440007
73774  51.474  -9.931  27.419 0.2222220004
72787  51.231  -10.715  27.749 0.3333329856
72788  51.322  -11.031  27.812 0.3333329856
71763  50.898  -11.987  27.986 0.4444440007
73802  53.473  -10.109  25.389 0.3333329856
73785  52.823  -10.318  26.098 0.1111110002
73786  52.195  -10.119  26.573 0.2222220004
72798  51.594  -10.912  27.195 0.2222220004
71774  51.705  -12.244  27.284 0.4444440007
76770  51.298  -7.610  31.787 0.1111110002
75760  51.325  -8.148  30.973 0.1111110002
75768  51.442  -8.456  30.022 0.1111110002
74734  51.453  -8.755  29.116 0.1111110002
74745  52.208  -9.513  27.117 0.2222220004
73775  51.722  -10.029  26.801 0.2222220004
76763  52.164  -7.560  32.263 0.1111110002
76769  52.179  -7.739  31.283 0.1111110002
76775  52.318  -7.752  30.616 0.1111110002
75759  51.855  -7.946  30.571 0.1111110002
75766  53.105  -7.706  30.041 0.1111110002
75775  52.374  -8.384  29.203 0.1111110002
75776  51.861  -8.377  29.590 0.1111110002
75774  53.385  -7.819  29.014 0.1111110002
75780  52.877  -8.574  28.747 0.1111110002
74733  52.027  -8.798  28.864 0.1111110002
75779  53.300  -8.443  28.156 0.1111110002
74740  52.220  -9.309  28.302 0.2222220004
75784  53.905  -8.392  27.092 0.1111110002
74750  52.469  -9.811  26.593 0.2222220004
72785  56.462  -13.346  28.901 0.1111110002
72777  56.509  -13.538  29.367 0.1111110002
71771  56.548  -13.049  27.723 0.1111110002
72796  55.921  -13.355  28.491 0.1111110002
34235  7.418  -47.545  54.600 0.1111110002
34250  7.439  -46.994  53.826 0.1111110002
37600  13.790  -44.494  49.901 0.2222220004
45223  25.720  -36.194  44.616 0.2222220004
55253  34.344  -27.967  43.698 0.1111110002
57413  35.353  -26.509  43.561 0.1111110002
43113  21.686  -38.672  45.580 0.4444440007
34218  0.480  -45.822  56.265 0.4444440007
35246  1.297  -45.022  56.249 0.4444440007
44124  25.386  -37.689  45.643 0.1111110002
63911  33.807  -17.661  38.236 0.5555559993
64960  33.981  -17.590  44.605 0.1111110002
45208  26.100  -36.950  45.178 0.1111110002
42023  11.470  -38.547  52.960 0.1111110002
66197  34.600  -17.397  36.121 0.6666669846
69497  37.223  -14.240  36.326 0.6666669846
63854  38.325  -17.588  41.469 0.1111110002
33155  7.339  -47.712  56.329 0.1111110002
35233  0.510  -45.303  56.679 0.2222220004
35231  1.901  -44.816  57.014 0.2222220004
34197  8.465  -47.347  56.396 0.1111110002
34215  8.187  -47.340  55.783 0.1111110002
34249  8.123  -46.613  54.034 0.1111110002
34247  9.326  -46.600  54.655 0.1111110002
35280  8.746  -46.533  53.584 0.1111110002
35300  9.460  -46.374  53.054 0.1111110002
36390  9.372  -46.186  52.472 0.1111110002
35321  12.281  -45.651  52.674 0.1111110002
36386  11.920  -45.513  52.529 0.1111110002
36388  10.370  -45.403  52.771 0.1111110002
37567  9.761  -45.183  51.631 0.1111110002
36432  15.705  -44.908  51.775 0.2222220004
36385  14.026  -46.356  53.115 0.1111110002
35320  12.742  -45.917  52.737 0.1111110002
37584  11.200  -44.531  50.686 0.3333329856
37564  11.482  -45.132  50.988 0.2222220004
37583  12.067  -44.811  50.603 0.5555559993
43056  24.819  -39.508  47.180 0.1111110002
43094  22.542  -38.779  46.132 0.1111110002
43055  25.699  -39.032  47.656 0.1111110002
43028  27.560  -38.932  48.839 0.1111110002
43029  26.915  -39.083  48.451 0.1111110002
44086  26.024  -38.487  47.070 0.1111110002
45167  28.867  -37.145  49.459 0.1111110002
44066  28.647  -37.741  49.094 0.1111110002
46204  29.159  -36.163  49.432 0.1111110002
43027  28.234  -38.500  48.984 0.1111110002
41052  11.476  -38.590  53.361 0.1111110002
44084  27.698  -37.735  48.097 0.1111110002
44103  26.113  -37.564  46.355 0.1111110002
45193  27.516  -36.809  47.124 0.1111110002
59591  34.210  -23.806  37.025 0.7777780294
61642  33.309  -21.607  35.845 0.6666669846
61641  33.937  -22.066  35.943 0.6666669846
62802  34.205  -20.458  35.503 0.6666669846
61654  35.705  -21.770  35.666 0.6666669846
63925  33.458  -18.855  36.273 0.6666669846
62808  34.884  -19.785  35.380 0.6666669846
62809  34.466  -19.872  35.419 0.6666669846
62810  34.019  -19.861  35.475 0.6666669846
62768  40.490  -21.398  37.658 0.5555559993
62798  38.587  -21.048  36.110 0.6666669846
61651  38.552  -21.865  36.496 0.6666669846
63920  39.692  -19.621  36.032 0.5555559993
63931  37.282  -19.454  34.860 0.6666669846
63924  36.016  -20.143  35.383 0.6666669846
65100  34.016  -18.506  36.043 0.6666669846
65109  35.743  -18.470  35.335 0.6666669846
65097  39.932  -18.890  35.846 0.5555559993
65098  39.429  -19.193  35.446 0.5555559993
66218  34.853  -17.616  35.760 0.6666669846
66212  40.616  -17.819  34.930 0.5555559993
68389  35.732  -15.864  35.728 0.6666669846
67311  42.820  -17.382  34.729 0.3333329856
67313  41.005  -16.945  34.903 0.4444440007
68403  38.539  -15.087  34.341 0.6666669846
68348  38.416  -14.314  39.247 0.4444440007
70676  38.732  -13.589  34.904 0.5555559993
69496  37.557  -13.997  36.033 0.5555559993
70658  38.398  -13.582  35.436 0.5555559993
67309  44.435  -17.303  35.790 0.2222220004
68385  44.011  -17.129  34.783 0.3333329856
68399  41.230  -16.681  32.953 0.6666669846
67327  41.228  -16.701  34.125 0.5555559993
71695  39.507  -12.769  35.837 0.5555559993
70657  39.033  -13.200  35.308 0.5555559993
68382  46.867  -16.270  34.674 0.2222220004
68397  44.907  -16.565  34.218 0.2222220004
67337  43.682  -17.018  33.294 0.4444440007
68412  45.535  -15.829  33.199 0.3333329856
67351  43.454  -16.730  32.451 0.5555559993
68414  44.366  -16.680  33.773 0.3333329856
66241  43.055  -17.102  32.620 0.5555559993
68415  42.096  -16.279  32.564 0.5555559993
67352  42.772  -16.626  32.353 0.5555559993
69545  41.376  -15.894  32.810 0.6666669846
69508  49.775  -15.683  34.979 0.1111110002
69509  49.041  -15.555  34.763 0.1111110002
67308  48.706  -16.119  35.386 0.1111110002
69510  48.459  -15.853  34.581 0.1111110002
71710  40.241  -12.334  34.672 0.5555559993
69524  49.128  -15.594  34.129 0.1111110002
69527  46.658  -15.678  33.563 0.2222220004
70684  49.537  -15.320  33.643 0.2222220004
70696  49.812  -15.293  33.391 0.2222220004
69525  48.388  -15.998  33.942 0.1111110002
68422  44.038  -16.075  32.357 0.5555559993
68423  43.116  -15.943  31.958 0.5555559993
69557  47.871  -15.165  32.357 0.2222220004
69542  47.149  -15.242  33.091 0.2222220004
69554  51.007  -14.382  31.930 0.1111110002
70693  51.556  -14.154  32.271 0.1111110002
69575  45.319  -14.561  31.402 0.5555559993
69552  53.122  -14.631  32.097 0.1111110002
69567  53.474  -14.632  31.610 0.1111110002
70704  54.094  -14.226  31.380 0.1111110002
70692  52.472  -14.295  32.334 0.1111110002
69553  51.361  -14.363  31.965 0.1111110002
69569  51.639  -14.776  31.640 0.1111110002
68433  47.524  -15.114  30.776 0.3333329856
70710  43.571  -13.570  31.706 0.5555559993
69568  52.659  -14.963  31.707 0.1111110002
69584  52.331  -15.124  30.900 0.1111110002
68429  52.801  -15.223  31.076 0.1111110002
69570  50.764  -15.007  31.378 0.2222220004
68432  47.878  -15.227  30.716 0.3333329856
68438  53.417  -15.107  30.255 0.1111110002
70720  46.049  -13.201  30.363 0.5555559993
70721  45.520  -13.221  30.699 0.5555559993
70725  55.133  -13.817  29.398 0.1111110002
69582  54.408  -14.133  30.176 0.1111110002
68441  51.009  -15.038  30.769 0.2222220004
68442  47.845  -14.897  30.511 0.3333329856
72757  44.162  -10.934  31.887 0.3333329856
70718  47.915  -13.877  29.854 0.4444440007
71762  55.710  -13.572  28.798 0.1111110002
71772  55.940  -13.088  27.850 0.1111110002
69603  54.973  -14.249  29.041 0.1111110002
70731  47.750  -13.231  29.528 0.4444440007
72774  45.964  -11.839  30.634 0.4444440007
73763  47.086  -10.619  30.582 0.4444440007
70729  49.107  -13.156  29.416 0.4444440007
72782  48.253  -11.808  29.666 0.4444440007
70737  50.440  -13.098  28.704 0.4444440007
70746  52.350  -13.110  27.236 0.4444440007
70763  52.891  -13.194  26.811 0.4444440007
75771  49.149  -8.626  31.054 0.1111110002
75770  49.621  -8.584  30.823 0.1111110002
74735  50.338  -9.547  29.071 0.2222220004
72779  50.002  -10.934  28.635 0.4444440007
71791  51.990  -11.583  26.624 0.4444440007
76771  50.748  -7.748  32.181 0.1111110002
74742  50.583  -9.575  28.574 0.2222220004
72813  52.082  -10.732  26.555 0.2222220004
74739  53.056  -9.148  28.183 0.1111110002
75767  52.149  -7.883  30.003 0.1111110002
74744  53.159  -9.208  27.655 0.1111110002
74749  53.305  -9.430  26.410 0.1111110002
72794  56.653  -13.170  28.393 0.1111110002
72795  56.286  -13.224  28.379 0.1111110002
71754  55.441  -13.568  29.676 0.1111110002
27672  -1.841  -52.356  55.208 0.1111110002
33157  0.002  -46.170  56.362 0.1111110002
33140  0.254  -45.651  57.590 0.1111110002
39956  11.531  -40.062  55.396 0.1111110002
41012  11.080  -39.650  55.527 0.1111110002
40999  10.458  -39.509  55.460 0.1111110002
41000  9.389  -39.538  55.488 0.1111110002
41011  11.165  -39.132  55.153 0.1111110002
40998  10.607  -39.215  55.205 0.1111110002
41971  10.336  -39.267  55.171 0.1111110002
41029  11.581  -38.730  54.116 0.1111110002
41107  19.877  -41.998  49.128 0.3333329856
35218  0.952  -44.757  58.406 0.1111110002
38717  10.705  -40.337  57.164 0.1111110002
39917  10.382  -40.159  56.480 0.1111110002
39937  10.107  -39.981  56.004 0.1111110002
39938  8.939  -40.007  55.971 0.1111110002
41001  8.447  -39.389  55.619 0.1111110002
39980  11.979  -39.739  54.677 0.1111110002
38700  10.426  -40.510  58.081 0.1111110002
38718  9.599  -40.200  57.328 0.1111110002
39919  8.665  -39.960  56.701 0.1111110002
39939  7.534  -39.438  56.000 0.1111110002
39959  6.080  -39.735  55.138 0.1111110002
41015  6.684  -39.489  54.203 0.1111110002
59537  37.098  -23.933  40.534 0.3333329856
59554  36.733  -23.924  39.496 0.3333329856
59573  35.371  -24.198  38.100 0.4444440007
59553  37.734  -23.955  39.603 0.3333329856
60571  37.967  -23.699  38.806 0.2222220004
59588  37.169  -23.704  38.007 0.4444440007
59589  36.739  -23.693  37.477 0.5555559993
60592  35.279  -23.696  37.542 0.5555559993
60591  35.888  -23.683  37.470 0.5555559993
60612  35.105  -23.282  36.824 0.5555559993
60570  38.849  -24.163  39.115 0.2222220004
61609  40.071  -22.822  38.733 0.2222220004
60588  39.328  -22.991  38.407 0.3333329856
60609  38.703  -22.842  37.508 0.3333329856
60610  37.633  -23.301  37.328 0.4444440007
60611  36.388  -22.987  36.670 0.5555559993
61637  39.629  -22.013  37.433 0.2222220004
61640  37.391  -22.605  36.496 0.5555559993
61653  36.785  -22.141  35.768 0.5555559993
60623  35.421  -22.510  36.146 0.5555559993
61625  40.131  -22.277  38.084 0.2222220004
62787  38.955  -21.613  36.629 0.4444440007
61652  37.921  -22.020  35.993 0.5555559993
62800  36.326  -21.066  35.350 0.5555559993
62767  41.738  -20.832  37.911 0.2222220004
62784  41.211  -20.127  37.324 0.4444440007
63909  41.800  -19.714  37.118 0.4444440007
65082  42.380  -19.135  36.870 0.2222220004
65094  42.645  -18.609  36.455 0.2222220004
66176  44.698  -17.543  37.460 0.1111110002
66177  43.910  -17.904  37.118 0.2222220004
67276  44.972  -17.071  36.950 0.1111110002
68345  45.031  -16.947  36.388 0.1111110002
68368  44.863  -17.098  35.919 0.1111110002
67292  47.178  -16.659  36.668 0.1111110002
69480  38.518  -13.947  38.047 0.4444440007
69479  39.309  -13.601  38.626 0.4444440007
70632  39.298  -12.950  37.436 0.4444440007
70656  41.026  -11.631  36.437 0.2222220004
72704  40.441  -12.040  36.378 0.2222220004
71686  39.969  -12.424  36.575 0.3333329856
72748  43.444  -10.872  33.240 0.3333329856
27666  -1.374  -52.454  56.472 0.2222220004
27673  -2.145  -52.411  54.789 0.1111110002
28815  -2.650  -51.668  54.033 0.1111110002
59556  34.858  -24.765  38.863 0.5555559993
27678  -2.522  -52.004  54.194 0.1111110002
34219  0.049  -46.332  55.901 0.2222220004
35245  2.080  -44.702  56.310 0.3333329856
41992  6.909  -39.334  53.465 0.1111110002
41973  9.209  -39.092  55.015 0.1111110002
59574  34.446  -24.554  37.757 0.5555559993
62769  39.915  -21.718  37.590 0.4444440007
63918  41.184  -19.395  36.523 0.4444440007
63910  41.011  -19.819  36.905 0.4444440007
67277  44.421  -17.330  36.891 0.1111110002
67294  45.815  -16.759  36.383 0.1111110002
72721  40.399  -12.133  36.092 0.4444440007
34199  0.208  -45.327  57.079 0.1111110002
60622  36.079  -22.375  36.053 0.5555559993
61639  38.241  -22.515  36.745 0.5555559993
61638  39.092  -22.186  36.945 0.5555559993
33125  0.325  -45.708  58.085 0.1111110002
39957  10.891  -39.853  55.790 0.1111110002
39918  9.724  -40.159  56.563 0.1111110002
39958  7.001  -39.496  55.111 0.1111110002
59555  35.848  -24.434  39.199 0.3333329856
59572  36.445  -23.989  38.337 0.4444440007
59590  34.831  -23.809  37.559 0.5555559993
59571  37.285  -23.791  38.753 0.3333329856
60590  37.683  -23.568  38.227 0.3333329856
60589  38.347  -23.378  38.247 0.2222220004
60608  39.404  -22.485  37.633 0.3333329856
61624  41.091  -21.817  38.384 0.2222220004
61623  41.627  -21.534  38.645 0.1111110002
63908  42.745  -19.539  37.309 0.2222220004
65080  43.560  -18.610  37.409 0.1111110002
68344  45.354  -16.895  36.573 0.1111110002
32116  14.819  -48.358  53.759 0.1111110002
41091  22.595  -41.165  50.034 0.1111110002
40019  21.532  -42.297  51.206 0.1111110002
34185  18.590  -46.141  55.443 0.1111110002
42076  22.839  -40.723  49.043 0.1111110002
42077  22.183  -41.001  48.830 0.1111110002
41093  20.982  -42.230  50.195 0.2222220004
40020  20.754  -42.498  51.181 0.2222220004
37561  19.604  -43.562  52.261 0.1111110002
37547  18.971  -44.358  53.249 0.1111110002
36363  19.144  -44.281  54.185 0.1111110002
36328  18.794  -45.249  55.812 0.1111110002
41105  21.722  -41.303  49.088 0.2222220004
41106  20.695  -41.958  49.387 0.2222220004
40021  20.015  -42.938  51.021 0.2222220004
38786  19.512  -43.424  51.871 0.1111110002
37562  18.973  -43.658  52.232 0.1111110002
41121  20.917  -41.190  48.488 0.2222220004
40048  19.950  -42.323  49.688 0.2222220004
35244  2.750  -44.782  56.304 0.1111110002
32074  15.830  -48.293  56.061 0.1111110002
33167  16.468  -47.786  55.592 0.1111110002
33150  17.117  -47.147  55.768 0.1111110002
35225  17.889  -46.039  55.709 0.1111110002
36380  18.448  -44.455  53.424 0.1111110002
35253  18.011  -45.528  55.016 0.1111110002
38799  18.363  -43.466  51.036 0.1111110002
37577  18.017  -43.976  51.644 0.1111110002
36381  17.881  -44.625  53.207 0.1111110002
38809  18.725  -43.180  50.522 0.2222220004
34188  15.786  -47.209  56.919 0.1111110002
32065  15.686  -48.157  56.799 0.1111110002
33133  16.258  -47.483  56.885 0.1111110002
33132  17.058  -47.061  56.428 0.1111110002
35226  17.016  -46.376  56.203 0.1111110002
34186  17.427  -46.513  55.970 0.1111110002
35240  17.356  -45.958  55.726 0.1111110002
35254  17.488  -45.646  55.206 0.1111110002
36343  17.572  -45.366  54.736 0.1111110002
36430  17.361  -44.320  51.700 0.1111110002
35227  16.189  -46.586  56.644 0.1111110002
35255  16.751  -45.842  55.432 0.1111110002
36345  16.483  -45.953  55.024 0.1111110002
36344  16.872  -45.551  54.917 0.1111110002
36366  16.915  -45.537  54.189 0.1111110002
36406  17.064  -44.753  52.683 0.1111110002
36330  2.725  -43.950  56.672 0.1111110002
49256  21.570  -32.170  50.777 0.2222220004
51639  25.424  -29.070  52.079 0.1111110002
59522  36.638  -24.433  41.338 0.2222220004
59538  36.221  -24.329  40.326 0.2222220004
52991  28.965  -26.669  47.992 0.1111110002
57406  30.531  -25.133  46.074 0.2222220004
65081  43.024  -18.955  37.048 0.1111110002
67265  39.246  -15.533  39.842 0.1111110002
40036  19.526  -42.469  50.228 0.2222220004
40022  19.280  -42.921  50.497 0.2222220004
49266  21.589  -32.011  50.235 0.2222220004
51614  24.582  -29.375  53.229 0.1111110002
41120  21.447  -41.079  48.510 0.2222220004
33182  15.707  -48.278  54.600 0.1111110002
41104  22.343  -41.034  49.288 0.1111110002
41092  21.626  -41.794  50.365 0.1111110002
41068  21.942  -41.970  50.965 0.1111110002
40034  21.071  -42.318  50.703 0.2222220004
39999  21.237  -42.827  51.759 0.1111110002
33131  17.722  -46.665  55.643 0.1111110002
40035  20.384  -42.373  50.405 0.2222220004
40000  20.611  -43.004  51.610 0.1111110002
38797  19.746  -43.321  51.508 0.1111110002
38785  20.099  -43.379  52.012 0.1111110002
37546  19.948  -43.968  52.885 0.1111110002
37531  19.041  -44.218  53.928 0.1111110002
36364  18.567  -44.401  54.039 0.1111110002
36342  18.487  -45.122  54.973 0.1111110002
35239  18.362  -45.670  55.423 0.1111110002
35238  18.946  -45.195  56.036 0.1111110002
38798  19.207  -43.399  51.223 0.1111110002
37563  18.338  -44.329  52.585 0.1111110002
33151  16.432  -47.647  56.343 0.1111110002
33166  17.231  -47.292  55.145 0.1111110002
33181  16.314  -47.864  54.802 0.1111110002
37548  18.422  -44.490  53.109 0.1111110002
36365  17.713  -44.976  54.109 0.1111110002
37576  18.642  -43.597  51.544 0.1111110002
36405  17.584  -44.487  52.258 0.1111110002
34187  16.762  -46.850  56.741 0.1111110002
36382  16.960  -45.151  53.383 0.1111110002
35241  16.442  -46.010  56.136 0.1111110002
51734  33.120  -31.798  46.068 0.1111110002
51733  33.438  -30.735  45.612 0.1111110002
51747  32.930  -30.565  45.068 0.1111110002
65020  39.940  -17.214  41.722 0.1111110002
71680  39.989  -12.449  37.433 0.2222220004
72737  43.643  -10.597  34.501 0.1111110002
72747  44.675  -10.287  33.536 0.2222220004
73749  45.322  -9.989  33.836 0.2222220004
72756  45.460  -10.216  32.270 0.3333329856
73754  45.810  -10.420  31.582 0.2222220004
72764  46.151  -11.087  30.977 0.2222220004
73759  45.956  -10.924  31.295 0.2222220004
72755  46.490  -10.147  32.907 0.1111110002
73752  47.445  -9.682  32.437 0.1111110002
71787  55.964  -12.461  26.604 0.2222220004
70760  55.228  -13.087  26.246 0.2222220004
74706  48.550  -8.897  33.727 0.1111110002
73757  47.176  -9.872  31.217 0.2222220004
71804  55.582  -12.598  25.524 0.2222220004
71822  55.466  -12.392  24.482 0.3333329856
71805  54.629  -12.772  25.277 0.3333329856
74715  48.224  -9.364  32.340 0.1111110002
73756  48.004  -9.747  31.681 0.2222220004
70775  54.922  -13.091  25.759 0.2222220004
70776  54.605  -13.033  25.802 0.3333329856
71806  53.651  -12.202  25.179 0.3333329856
71835  55.410  -11.899  23.757 0.2222220004
75763  48.927  -8.744  31.178 0.3333329856
71823  54.577  -12.102  24.221 0.3333329856
71824  53.943  -11.544  24.489 0.3333329856
72828  53.471  -11.201  25.099 0.3333329856
72846  54.379  -11.233  23.843 0.2222220004
73821  54.192  -9.864  24.539 0.1111110002
72847  53.928  -10.671  24.380 0.1111110002
73784  53.201  -9.942  25.974 0.1111110002
74788  54.092  -9.502  24.927 0.1111110002
75807  54.745  -8.334  24.336 0.1111110002
74764  54.502  -8.616  24.779 0.1111110002
76840  54.714  -8.042  23.912 0.1111110002
76839  55.092  -8.021  24.018 0.1111110002
74787  54.557  -9.071  24.401 0.1111110002
75787  54.419  -8.013  25.798 0.1111110002
74765  54.117  -8.985  25.351 0.1111110002
76797  54.256  -7.639  25.349 0.1111110002
75794  54.327  -8.440  25.611 0.1111110002
76816  54.624  -8.040  24.382 0.1111110002
75793  54.450  -8.240  25.072 0.1111110002
70655  41.324  -11.626  36.015 0.1111110002
72773  46.544  -11.344  30.602 0.3333329856
71789  53.888  -12.821  25.949 0.3333329856
74722  48.576  -9.137  31.407 0.3333329856
73764  46.631  -10.865  30.741 0.3333329856
72736  44.586  -10.440  34.822 0.2222220004
72746  45.743  -10.002  33.487 0.2222220004
73758  46.341  -10.669  31.119 0.2222220004
73753  46.402  -9.823  31.887 0.1111110002
74711  47.842  -9.187  32.817 0.1111110002
73751  47.932  -9.698  32.174 0.1111110002
74716  47.836  -9.450  32.530 0.1111110002
72827  56.274  -11.970  24.884 0.2222220004
71836  55.038  -11.413  23.665 0.2222220004
75788  54.127  -8.545  26.142 0.1111110002
27652  -0.220  -52.683  59.034 0.1111110002
27654  -0.919  -53.108  58.506 0.1111110002
28785  0.260  -52.475  59.029 0.1111110002
28786  -0.206  -52.627  58.604 0.1111110002
28792  -0.090  -52.227  58.124 0.1111110002
28798  -0.404  -52.305  57.117 0.1111110002
27659  -1.296  -53.152  57.958 0.1111110002
26495  -1.603  -53.434  57.968 0.1111110002
26500  -1.858  -53.576  57.561 0.1111110002
27657  -0.628  -52.523  57.479 0.1111110002
26506  -1.884  -53.458  56.872 0.1111110002
27662  -0.864  -52.337  57.062 0.1111110002
27667  -1.841  -52.642  56.133 0.1111110002
51681  28.775  -29.082  49.591 0.1111110002
53014  33.217  -29.902  44.819 0.1111110002
60476  32.154  -22.088  47.935 0.1111110002
61467  32.643  -21.414  49.454 0.1111110002
60464  32.712  -21.955  48.258 0.1111110002
59439  31.095  -23.286  46.989 0.1111110002
60491  30.573  -22.451  46.828 0.1111110002
61527  30.566  -21.788  46.558 0.1111110002
64951  33.566  -18.289  45.728 0.1111110002
62632  31.704  -19.768  46.127 0.1111110002
68347  39.142  -13.932  39.671 0.1111110002
69478  39.757  -13.405  39.317 0.1111110002
69473  40.370  -13.390  39.667 0.1111110002
70631  40.439  -12.610  38.341 0.1111110002
71802  57.157  -12.501  25.471 0.1111110002
70788  57.338  -12.854  24.538 0.1111110002
72826  56.837  -11.530  25.279 0.1111110002
72811  56.336  -11.822  25.788 0.1111110002
28799  -1.047  -52.326  56.686 0.1111110002
51636  28.819  -28.796  51.156 0.1111110002
60492  30.263  -22.165  46.298 0.1111110002
63763  32.353  -18.701  45.687 0.1111110002
72810  56.796  -11.671  26.228 0.1111110002
27647  -1.301  -53.002  59.586 0.1111110002
27653  -0.664  -52.998  58.680 0.1111110002
28793  -0.456  -52.704  58.111 0.1111110002
27658  -0.952  -52.865  57.734 0.1111110002
27664  -1.446  -53.110  57.197 0.1111110002
27663  -1.196  -52.533  56.974 0.1111110002
60477  31.331  -22.217  47.419 0.1111110002
61490  32.762  -21.538  48.628 0.1111110002
60463  32.328  -22.155  48.968 0.1111110002
61508  31.892  -21.150  47.512 0.1111110002
72809  57.202  -12.068  26.325 0.1111110002
72825  57.317  -11.770  25.462 0.1111110002
71801  57.303  -12.308  25.101 0.1111110002
72842  57.503  -12.030  24.690 0.1111110002
70801  57.468  -13.179  23.935 0.1111110002
32070  -1.268  -46.600  56.595 0.1111110002
32080  -1.792  -47.141  56.403 0.1111110002
32071  -1.836  -46.672  56.583 0.1111110002
32081  -2.247  -47.094  56.438 0.1111110002
33159  -1.595  -47.270  55.939 0.1111110002
33160  -2.223  -47.358  56.051 0.1111110002
54092  30.562  -26.880  47.266 0.1111110002
54072  30.463  -26.720  48.484 0.1111110002
55215  31.290  -26.660  48.287 0.1111110002
55229  31.243  -26.643  47.499 0.1111110002
56345  30.858  -26.066  47.149 0.1111110002
59521  37.560  -24.473  41.389 0.1111110002
59536  37.986  -24.251  40.544 0.1111110002
59520  38.519  -24.510  41.384 0.1111110002
32079  -1.134  -46.992  55.783 0.1111110002
55230  31.282  -27.020  46.731 0.1111110002
56346  31.532  -26.433  46.108 0.1111110002
59552  38.354  -24.260  39.895 0.1111110002
54073  29.748  -26.635  47.939 0.1111110002
55216  31.035  -26.765  47.578 0.1111110002
62766  42.682  -20.477  38.000 0.1111110002
63896  42.510  -20.168  37.570 0.1111110002
70821  51.232  -13.108  22.357 0.1111110002
71848  51.490  -12.905  21.904 0.1111110002
71849  50.656  -12.578  22.255 0.1111110002
72870  56.438  -11.589  22.535 0.1111110002
72871  56.188  -10.964  22.768 0.1111110002
71859  55.504  -12.480  21.677 0.1111110002
73848  56.207  -11.044  22.059 0.1111110002
71860  54.593  -12.388  21.495 0.1111110002
70833  53.889  -13.067  21.847 0.1111110002
70834  52.896  -12.750  21.931 0.1111110002
70820  52.000  -13.176  22.408 0.1111110002
71837  50.553  -12.780  23.208 0.1111110002
71850  49.713  -12.010  22.492 0.1111110002
70835  52.107  -12.776  21.659 0.1111110002
71861  53.605  -12.283  21.602 0.1111110002
71863  51.575  -12.481  21.177 0.1111110002
72844  56.677  -11.657  24.263 0.1111110002
72858  56.352  -11.554  23.341 0.1111110002
72845  56.097  -11.937  23.865 0.1111110002
72859  55.809  -10.995  23.327 0.1111110002
72880  55.318  -11.419  21.496 0.1111110002
73849  55.917  -10.519  21.840 0.1111110002
73838  55.953  -10.294  22.478 0.1111110002
73827  55.470  -10.091  23.033 0.1111110002
72863  48.656  -11.246  23.605 0.1111110002
74838  55.969  -9.853  22.019 0.1111110002
72874  49.902  -11.843  21.604 0.1111110002
71862  52.553  -12.277  21.265 0.1111110002
71873  52.018  -12.204  20.542 0.1111110002
72881  54.333  -11.481  21.567 0.1111110002
72882  53.297  -11.603  21.520 0.1111110002
72860  55.018  -10.678  23.500 0.1111110002
73829  54.363  -10.136  24.024 0.1111110002
73850  55.004  -10.363  21.597 0.1111110002
74839  55.598  -9.815  21.883 0.1111110002
73851  53.982  -10.806  21.774 0.1111110002
73837  56.179  -10.805  22.296 0.1111110002
72857  56.931  -11.911  23.536 0.1111110002
70819  53.183  -13.324  22.599 0.1111110002
72879  56.089  -11.552  21.782 0.1111110002
74827  55.493  -9.646  22.471 0.1111110002
73828  54.799  -9.954  23.481 0.1111110002
72861  54.448  -10.545  23.787 0.1111110002
26501  -1.943  -53.684  57.789 0.1111110002
28833  -2.774  -51.424  53.146 0.1111110002
32064  6.438  -48.996  58.156 0.1111110002
33139  6.720  -48.416  57.410 0.1111110002
33202  6.308  -47.710  53.186 0.2222220004
35328  1.505  -46.268  53.012 0.8888890147
36331  2.434  -43.798  56.210 0.2222220004
37513  4.219  -41.669  55.990 0.2222220004
38821  5.758  -42.051  50.574 0.8888890147
40023  6.627  -40.718  51.202 0.7777780294
40060  6.500  -41.695  50.194 0.8888890147
41030  7.424  -39.047  52.848 0.3333329856
41031  7.084  -39.356  52.704 0.3333329856
41148  17.678  -40.467  46.244 0.6666669846
41972  9.890  -39.283  55.088 0.1111110002
41988  10.331  -39.031  54.852 0.1111110002
41989  9.550  -38.880  54.667 0.2222220004
42009  6.848  -39.306  53.042 0.2222220004
42139  17.652  -39.490  45.285 0.7777780294
42972  21.623  -36.491  54.560 0.1111110002
42980  8.797  -38.506  52.313 0.5555559993
43015  13.623  -37.939  51.087 0.2222220004
43019  10.484  -38.477  50.273 0.7777780294
43040  10.657  -38.394  50.125 0.7777780294
43073  24.511  -39.442  46.334 0.1111110002
45186  17.074  -35.202  48.707 0.4444440007
45192  27.806  -36.381  47.566 0.1111110002
45201  15.398  -36.109  47.267 0.5555559993
45216  15.116  -36.294  46.851 0.5555559993
45261  21.873  -36.529  43.096 0.8888890147
46215  21.062  -34.430  49.881 0.2222220004
46225  17.489  -35.102  48.432 0.4444440007
46239  17.351  -35.233  48.250 0.4444440007
46240  17.261  -35.194  48.479 0.4444440007
46255  25.009  -36.031  43.895 0.5555559993
46298  19.875  -35.121  42.753 0.7777780294
47242  21.084  -34.073  46.723 0.6666669846
47300  21.613  -34.444  42.194 0.8888890147
48253  21.393  -33.001  46.860 0.6666669846
48301  21.344  -34.342  42.361 0.8888890147
49353  22.874  -31.879  41.906 0.8888890147
50525  23.167  -31.761  42.028 0.8888890147
51758  20.645  -30.360  44.340 0.7777780294
51800  21.339  -30.472  43.008 0.7777780294
52895  25.059  -27.906  51.140 0.2222220004
53018  27.242  -27.100  47.121 0.6666669846
53094  27.211  -29.791  40.492 1.0000000000
54074  25.761  -26.763  48.372 0.4444440007
54194  24.774  -28.590  41.517 1.0000000000
54237  30.810  -28.578  40.554 0.8888890147
55242  24.136  -26.445  45.289 0.6666669846
55243  23.335  -26.712  45.248 0.6666669846
55244  22.667  -27.356  45.096 0.6666669846
55281  22.971  -26.934  43.559 0.6666669846
56359  23.581  -26.397  45.033 0.6666669846
56370  23.814  -26.317  44.893 0.6666669846
56371  23.460  -26.524  44.721 0.6666669846
56386  23.781  -26.471  44.442 0.6666669846
56396  29.578  -25.770  43.884 0.7777780294
56399  27.804  -25.578  42.443 1.0000000000
57427  35.064  -25.834  42.708 0.2222220004
57431  28.383  -24.956  43.053 0.8888890147
57432  28.319  -25.118  42.875 0.8888890147
57445  27.806  -25.422  42.249 1.0000000000
57455  27.696  -25.490  42.035 1.0000000000
58435  28.372  -24.788  42.892 0.8888890147
58449  28.391  -24.544  42.880 0.8888890147
59525  28.645  -23.605  42.392 0.8888890147
60545  27.783  -22.557  41.034 1.0000000000
61509  31.106  -21.311  46.820 0.1111110002
61510  30.993  -20.826  46.379 0.2222220004
61546  30.066  -20.769  44.126 0.4444440007
61596  28.150  -21.498  40.562 1.0000000000
61597  28.218  -21.522  40.020 1.0000000000
61610  28.304  -20.842  39.056 1.0000000000
62673  29.841  -19.841  43.488 0.4444440007
62692  29.708  -19.729  43.305 0.4444440007
62751  28.340  -21.063  40.016 1.0000000000
63793  30.258  -19.551  43.525 0.4444440007
63794  29.950  -19.690  43.338 0.4444440007
63808  34.071  -17.653  42.608 0.2222220004
63830  35.862  -18.210  41.137 0.3333329856
63831  35.648  -18.391  41.001 0.3333329856
63832  35.495  -18.531  40.893 0.3333329856
63858  35.298  -18.491  40.776 0.3333329856
63861  29.657  -19.406  40.606 0.7777780294
63913  30.286  -19.928  37.813 0.7777780294
63934  34.594  -19.248  35.471 0.6666669846
63935  33.985  -19.256  35.589 0.6666669846
64963  31.256  -18.930  44.464 0.4444440007
64975  31.321  -18.483  43.991 0.3333329856
64976  31.087  -18.711  44.201 0.3333329856
65001  35.754  -18.217  40.921 0.3333329856
65002  35.575  -18.391  40.876 0.3333329856
65003  35.438  -18.830  40.938 0.3333329856
65024  35.466  -18.613  40.894 0.3333329856
66242  42.704  -16.943  32.651 0.5555559993
66257  43.096  -16.863  32.454 0.5555559993
66258  42.888  -16.915  32.512 0.5555559993
67290  49.074  -16.334  35.600 0.1111110002
67291  48.826  -16.325  35.571 0.1111110002
67295  44.656  -17.204  36.399 0.1111110002
67307  48.965  -16.171  35.445 0.1111110002
68370  35.521  -15.837  36.047 0.6666669846
68431  50.899  -15.199  30.919 0.2222220004
68440  51.185  -14.958  30.706 0.2222220004
68443  47.639  -14.980  30.612 0.3333329856
68448  53.053  -15.241  30.062 0.2222220004
69528  41.029  -16.217  32.784 0.6666669846
69551  53.378  -14.515  32.016 0.1111110002
69594  54.904  -14.065  29.381 0.1111110002
70647  37.372  -13.817  36.650 0.6666669846
70715  54.615  -13.903  30.298 0.1111110002
70726  54.779  -13.723  29.821 0.1111110002
70789  57.314  -13.087  24.374 0.1111110002
70800  57.565  -12.874  24.325 0.1111110002
71788  54.368  -12.970  25.847 0.3333329856
71819  57.351  -12.446  24.728 0.1111110002
71820  57.079  -12.822  24.756 0.1111110002
71821  57.024  -13.113  24.583 0.1111110002
72703  40.585  -11.859  36.423 0.2222220004
72720  40.554  -11.923  36.192 0.2222220004
72797  51.368  -10.573  27.578 0.3333329856
72824  57.411  -12.110  25.108 0.1111110002
73803  53.133  -10.460  25.736 0.1111110002
74707  48.022  -9.001  33.350 0.1111110002
74717  46.090  -10.384  31.442 0.2222220004
74718  45.927  -10.596  31.422 0.2222220004
74723  46.105  -10.721  31.300 0.2222220004
74724  45.890  -10.765  31.388 0.2222220004
74746  52.025  -9.768  26.738 0.2222220004
74751  52.216  -9.878  26.624 0.2222220004
119571  31.437  -18.399  39.751 0.5555559993
