#!ascii label  , from subject 4005 vox2ras=TkReg
843
80488  19.247  -4.186  -13.156 0.2500000000
80501  19.779  -3.979  -13.953 0.2500000000
80500  20.516  -4.412  -14.299 0.7500000000
83592  18.043  -1.786  -12.143 0.2500000000
82512  18.685  -2.198  -12.774 0.1250000000
82523  19.105  -1.955  -13.274 0.3750000000
82511  19.244  -2.452  -13.257 0.2500000000
80475  18.916  -3.816  -12.617 0.2500000000
81510  20.185  -3.243  -14.556 0.7500000000
81498  19.601  -3.032  -13.715 0.3750000000
81509  20.981  -3.611  -14.861 0.8750000000
81508  21.511  -3.924  -15.269 0.8750000000
82532  19.939  -2.226  -14.544 0.8750000000
82574  20.439  -3.092  -16.639 1.0000000000
82550  19.605  -2.875  -16.119 1.0000000000
81535  21.335  -3.713  -16.458 1.0000000000
81525  20.262  -3.153  -15.476 0.8750000000
80538  21.753  -4.308  -17.167 1.0000000000
83591  18.532  -1.053  -12.542 0.2500000000
82522  19.532  -1.872  -13.730 0.8750000000
83685  20.017  -2.345  -18.189 1.0000000000
83659  20.116  -2.609  -16.263 1.0000000000
83641  20.015  -2.312  -15.910 1.0000000000
81559  22.822  -3.431  -17.331 1.0000000000
81561  21.136  -3.321  -18.070 1.0000000000
80546  21.811  -3.671  -17.393 1.0000000000
80548  20.603  -3.918  -17.980 1.0000000000
84600  17.930  -0.944  -12.163 0.1250000000
83609  19.238  -1.209  -13.135 0.6250000000
83621  19.951  -1.153  -14.418 1.0000000000
83608  19.656  -0.951  -13.755 0.8750000000
83640  20.463  -1.479  -15.411 1.0000000000
82571  22.473  -2.363  -17.005 1.0000000000
83674  21.469  -2.274  -17.004 1.0000000000
83675  20.920  -2.269  -16.893 1.0000000000
83657  21.175  -1.682  -16.239 1.0000000000
81557  23.824  -2.950  -17.478 1.0000000000
82583  22.298  -2.779  -17.285 1.0000000000
81544  25.106  -3.392  -17.149 1.0000000000
81558  23.549  -3.263  -17.408 1.0000000000
86382  18.796  2.101  -12.068 0.2500000000
84599  18.449  -0.185  -12.253 0.3750000000
84630  19.605  -0.130  -14.250 1.0000000000
84618  18.975  0.025  -12.992 0.6250000000
83639  21.343  -0.792  -15.848 1.0000000000
84646  20.246  -0.215  -14.904 1.0000000000
83683  23.532  -2.165  -16.968 1.0000000000
83673  22.676  -1.778  -16.635 1.0000000000
83656  22.106  -1.046  -16.282 1.0000000000
83672  23.660  -1.614  -16.744 1.0000000000
82569  24.729  -2.779  -17.319 1.0000000000
83671  24.663  -1.926  -17.032 1.0000000000
83670  25.702  -1.740  -17.066 1.0000000000
87294  19.126  2.457  -13.269 0.5000000000
86402  18.811  1.744  -12.523 0.3750000000
86403  18.534  1.278  -12.029 0.3750000000
85544  18.912  1.070  -12.967 0.5000000000
86439  19.370  1.652  -14.010 0.5000000000
85554  19.493  0.851  -14.150 0.8750000000
85567  19.913  0.767  -14.713 1.0000000000
86457  20.308  1.675  -14.880 1.0000000000
83638  21.820  -0.444  -15.977 1.0000000000
84645  20.840  -0.118  -15.512 1.0000000000
84662  23.759  -0.401  -16.602 1.0000000000
84663  22.828  -0.144  -16.455 1.0000000000
84677  25.379  -0.785  -16.807 1.0000000000
84678  24.360  -1.021  -16.659 1.0000000000
87270  19.064  2.654  -12.707 0.5000000000
86420  19.160  1.759  -13.363 0.5000000000
87315  19.349  2.483  -13.977 0.6250000000
87331  19.996  2.402  -14.619 0.6250000000
86438  19.744  1.598  -14.469 1.0000000000
85565  21.099  0.877  -15.727 1.0000000000
85580  24.284  0.605  -16.711 1.0000000000
85581  23.366  0.670  -16.460 1.0000000000
85583  21.870  0.876  -15.872 1.0000000000
85579  25.317  0.498  -16.988 0.8750000000
84661  24.755  -0.206  -16.743 1.0000000000
85595  25.978  -0.343  -17.189 0.8750000000
88150  19.711  3.091  -14.371 0.5000000000
88164  19.855  2.840  -14.558 0.8750000000
87328  21.846  2.836  -15.680 1.0000000000
87348  21.815  2.271  -15.873 1.0000000000
86475  23.715  1.541  -16.562 1.0000000000
87357  22.888  2.033  -16.462 1.0000000000
87345  24.232  2.229  -16.323 1.0000000000
86472  26.499  1.493  -16.329 1.0000000000
86473  25.761  1.402  -16.602 1.0000000000
87344  25.229  2.328  -16.274 1.0000000000
88136  19.447  3.409  -13.742 0.5000000000
88163  20.141  3.129  -14.757 1.0000000000
89037  22.670  3.895  -14.883 1.0000000000
88161  21.311  3.560  -15.477 1.0000000000
89048  25.296  4.231  -16.156 1.0000000000
88175  24.558  3.221  -15.987 1.0000000000
88174  25.713  3.353  -16.465 1.0000000000
88176  23.877  2.589  -15.856 1.0000000000
87343  26.181  2.429  -16.197 1.0000000000
87342  26.935  2.493  -16.325 0.8750000000
91797  21.541  6.779  -13.956 1.0000000000
119798  20.165  6.540  -13.923 0.3750000000
90916  21.579  6.197  -14.166 0.8750000000
89954  22.332  4.403  -14.662 1.0000000000
89049  24.580  4.225  -15.533 1.0000000000
89036  23.697  4.166  -15.138 1.0000000000
91814  21.770  7.520  -13.896 0.8750000000
91813  22.142  7.099  -13.891 1.0000000000
90915  22.734  6.193  -13.961 1.0000000000
89953  23.081  4.729  -14.716 1.0000000000
89964  24.941  4.820  -15.833 1.0000000000
89952  24.399  5.388  -15.213 1.0000000000
92722  22.029  7.904  -14.018 0.7500000000
91812  23.200  7.185  -14.003 1.0000000000
90914  23.544  6.504  -14.550 1.0000000000
90939  25.432  6.451  -16.184 1.0000000000
90928  24.919  6.515  -15.507 1.0000000000
89951  25.125  5.934  -15.726 1.0000000000
91811  23.902  7.372  -14.688 1.0000000000
90929  24.282  6.535  -14.942 1.0000000000
97282  23.475  13.475  -14.198 0.1250000000
97272  23.105  12.862  -13.064 0.1250000000
96401  23.230  12.406  -14.169 0.2500000000
96411  23.580  12.790  -15.161 0.3750000000
98088  23.087  15.041  -15.658 0.2500000000
96421  24.255  12.959  -16.035 0.5000000000
97291  24.202  13.938  -15.119 0.2500000000
97304  24.352  13.892  -16.518 0.3750000000
98078  23.246  14.637  -14.463 0.2500000000
98097  23.009  15.245  -16.694 0.2500000000
98808  22.671  16.515  -17.163 0.2500000000
98096  24.054  15.037  -16.810 0.2500000000
97303  24.747  13.780  -16.660 0.3750000000
98102  23.163  15.667  -17.227 0.2500000000
98095  25.042  14.471  -16.323 0.2500000000
80489  18.813  -4.275  -12.681 0.1250000000
81486  19.279  -3.150  -12.802 0.2500000000
82513  18.150  -2.590  -12.160 0.1250000000
80535  24.101  -4.513  -17.225 1.0000000000
87330  20.536  2.616  -15.099 0.8750000000
79416  18.383  -5.185  -12.287 0.1250000000
79455  21.497  -5.148  -15.291 0.7500000000
82494  17.628  -2.425  -11.707 0.1250000000
79454  22.327  -5.318  -15.611 1.0000000000
80477  17.979  -3.821  -11.739 0.1250000000
79478  22.022  -5.026  -16.939 1.0000000000
80536  23.349  -4.617  -17.272 1.0000000000
80534  24.961  -4.343  -16.940 1.0000000000
84583  18.251  -0.204  -11.694 0.3750000000
85525  18.394  0.887  -11.811 0.2500000000
83669  26.204  -1.668  -16.732 0.8750000000
85578  26.404  0.287  -17.008 0.8750000000
84659  26.394  -0.736  -16.612 0.8750000000
86471  27.012  1.559  -16.110 0.8750000000
90904  19.758  6.691  -13.510 0.1250000000
90919  19.812  6.488  -13.648 0.1250000000
89012  19.615  3.796  -13.710 0.3750000000
88148  20.703  4.356  -14.921 0.6250000000
88173  26.656  3.426  -16.592 1.0000000000
90901  20.694  6.780  -13.947 0.5000000000
119797  20.028  6.072  -14.153 0.3750000000
89939  20.496  5.311  -14.356 0.8750000000
89962  26.514  5.372  -16.417 1.0000000000
90937  26.902  6.297  -16.474 1.0000000000
93598  23.091  8.734  -13.696 0.8750000000
92736  24.347  8.382  -14.842 1.0000000000
91826  24.552  7.432  -15.389 1.0000000000
97264  22.970  12.429  -12.597 0.1250000000
96393  22.727  11.692  -13.294 0.1250000000
95441  23.836  11.361  -14.255 0.6250000000
96431  24.192  12.612  -17.354 0.5000000000
97316  24.294  13.121  -17.920 0.5000000000
98786  22.786  15.783  -14.903 0.2500000000
98800  22.079  15.618  -15.674 0.2500000000
97315  24.629  13.480  -17.609 0.5000000000
99517  22.474  16.866  -16.284 0.1250000000
98799  24.136  15.988  -16.369 0.2500000000
98086  25.504  14.933  -15.815 0.2500000000
97302  25.564  13.767  -16.599 0.3750000000
98085  26.444  14.459  -15.468 0.2500000000
99516  23.369  16.652  -16.187 0.1250000000
79427  18.675  -4.716  -12.747 0.1250000000
80487  19.801  -4.870  -13.661 0.5000000000
81487  18.664  -3.205  -12.326 0.1250000000
80499  21.287  -4.477  -14.892 0.7500000000
81524  21.166  -3.429  -15.588 0.8750000000
80513  22.552  -4.392  -15.808 1.0000000000
81534  22.299  -3.970  -16.164 1.0000000000
82549  20.152  -2.556  -15.383 1.0000000000
81536  20.165  -3.398  -16.236 1.0000000000
80537  22.533  -4.324  -17.266 1.0000000000
81547  23.055  -4.076  -17.300 1.0000000000
84617  19.361  -0.401  -13.574 0.8750000000
82581  24.128  -2.606  -17.396 1.0000000000
81545  24.268  -3.465  -17.359 1.0000000000
85504  18.402  0.326  -11.865 0.3750000000
84631  19.274  0.252  -13.749 0.8750000000
83655  23.107  -1.013  -16.537 1.0000000000
84679  23.844  -1.048  -16.604 1.0000000000
84676  26.091  -0.831  -17.011 1.0000000000
85555  19.222  0.947  -13.534 0.6250000000
85566  20.472  0.807  -15.290 1.0000000000
86456  20.832  1.771  -15.440 1.0000000000
84664  22.169  0.019  -16.056 1.0000000000
84644  21.561  0.068  -15.758 1.0000000000
85596  25.738  -0.085  -17.153 0.8750000000
86455  21.505  1.730  -15.756 1.0000000000
86474  24.762  1.448  -16.671 1.0000000000
85582  22.610  0.788  -16.100 1.0000000000
86476  22.923  1.585  -16.389 1.0000000000
85577  26.734  0.925  -16.390 0.8750000000
87327  22.542  2.743  -15.742 1.0000000000
87329  21.175  2.713  -15.592 1.0000000000
87347  22.423  2.256  -16.229 1.0000000000
86488  23.241  1.806  -16.492 1.0000000000
86477  22.154  1.630  -16.144 1.0000000000
87346  23.233  2.301  -16.301 1.0000000000
88149  20.233  3.885  -14.401 0.6250000000
88162  20.686  3.693  -15.150 1.0000000000
89039  20.827  4.179  -15.166 1.0000000000
88160  22.138  3.400  -15.409 1.0000000000
89038  21.687  4.091  -14.933 1.0000000000
88158  24.062  3.677  -15.483 1.0000000000
89047  26.153  4.380  -16.612 1.0000000000
88159  23.333  3.184  -15.492 1.0000000000
90917  20.615  6.250  -14.283 0.7500000000
89938  21.002  5.281  -14.400 1.0000000000
89025  21.120  4.573  -14.737 1.0000000000
89937  22.075  5.093  -14.461 1.0000000000
92721  22.718  7.950  -13.998 0.8750000000
89936  23.280  5.661  -14.650 1.0000000000
89963  25.525  5.368  -16.138 1.0000000000
89935  23.872  6.035  -14.870 1.0000000000
92720  23.492  8.185  -14.309 1.0000000000
97273  22.657  12.098  -12.773 0.1250000000
98087  24.676  15.208  -16.133 0.2500000000
98094  25.914  14.361  -16.256 0.2500000000
79426  19.137  -5.380  -13.080 0.1250000000
79439  20.393  -5.371  -13.885 0.6250000000
79438  20.952  -5.497  -14.604 0.7500000000
78420  22.511  -5.351  -16.559 1.0000000000
90918  19.827  5.877  -13.787 0.5000000000
89011  19.888  4.194  -13.790 0.6250000000
89040  20.550  4.490  -15.216 0.8750000000
89027  20.389  4.722  -14.616 0.7500000000
89026  20.542  4.561  -14.781 0.8750000000
89940  20.362  5.132  -13.975 0.8750000000
92743  25.604  8.214  -16.551 1.0000000000
95452  24.186  11.733  -15.581 0.7500000000
95453  23.726  12.247  -15.401 0.7500000000
95442  23.541  12.091  -14.980 0.5000000000
96420  24.207  12.244  -16.437 0.7500000000
97301  26.433  13.632  -16.292 0.2500000000
97313  25.992  13.107  -16.870 0.3750000000
75322  22.393  -9.742  -15.094 0.7500000000
74350  24.092  -10.334  -15.456 0.7500000000
76325  22.040  -9.068  -14.948 0.7500000000
75344  23.811  -9.484  -15.777 0.7500000000
75345  23.090  -9.636  -15.476 0.7500000000
76347  22.818  -8.607  -15.483 0.7500000000
77344  22.202  -8.206  -14.685 0.7500000000
75357  24.201  -8.766  -15.842 0.7500000000
75358  23.817  -8.674  -15.966 0.7500000000
76361  23.628  -8.032  -15.840 0.7500000000
78406  21.541  -5.875  -15.257 0.7500000000
77381  23.338  -7.399  -15.620 0.7500000000
78404  23.151  -6.625  -15.630 0.8750000000
78405  22.284  -6.465  -15.349 0.8750000000
76345  24.653  -8.201  -15.679 0.7500000000
76360  24.144  -8.037  -15.847 0.7500000000
77379  24.220  -7.162  -15.950 0.7500000000
78418  23.427  -6.072  -15.996 0.8750000000
79465  23.270  -5.633  -15.980 0.8750000000
77378  24.819  -6.916  -16.442 0.7500000000
77393  24.371  -6.544  -16.376 0.8750000000
78431  22.934  -6.073  -16.876 0.8750000000
78417  24.655  -5.918  -16.323 0.7500000000
78429  24.120  -5.924  -16.563 0.8750000000
79475  23.817  -5.338  -17.094 0.8750000000
80512  25.400  -4.954  -15.763 0.8750000000
80523  25.228  -4.666  -16.116 0.8750000000
80522  25.696  -4.081  -16.687 0.8750000000
80533  25.426  -3.808  -16.979 0.8750000000
81506  26.964  -3.397  -14.712 0.3750000000
81521  26.558  -3.447  -15.615 0.6250000000
81532  26.154  -3.447  -16.484 0.7500000000
81543  25.702  -3.339  -16.958 0.7500000000
82531  27.280  -2.571  -14.191 0.5000000000
82547  26.958  -2.422  -14.961 0.5000000000
82548  26.707  -2.426  -15.633 0.7500000000
83653  26.474  -1.598  -16.116 0.7500000000
84611  27.931  -1.433  -13.362 0.1250000000
83636  27.179  -1.621  -14.549 0.3750000000
83637  26.799  -1.557  -15.378 0.6250000000
84643  26.608  -0.664  -15.950 0.6250000000
84610  28.459  -0.672  -12.864 0.1250000000
85552  27.935  0.366  -13.577 0.1250000000
85553  27.412  0.420  -14.718 0.6250000000
85563  27.001  0.405  -16.022 0.6250000000
85538  28.629  0.603  -12.778 0.1250000000
86416  29.083  1.619  -12.507 0.1250000000
86437  27.765  1.562  -14.319 0.1250000000
86454  27.314  1.503  -15.364 0.5000000000
85537  29.414  0.610  -12.385 0.1250000000
87312  27.832  2.986  -13.729 0.5000000000
87313  27.450  2.590  -14.883 0.5000000000
87326  27.291  2.512  -15.847 0.6250000000
93599  22.383  8.420  -13.579 0.6250000000
93585  22.532  9.084  -13.307 0.5000000000
89024  27.449  4.132  -15.010 0.6250000000
89035  27.465  4.554  -15.612 0.6250000000
89023  28.045  4.785  -14.457 0.5000000000
89034  27.827  5.161  -15.200 0.6250000000
89046  26.961  4.421  -16.385 0.7500000000
93584  22.942  9.645  -13.701 0.7500000000
90938  26.135  6.317  -16.494 0.8750000000
89961  27.123  5.439  -16.044 0.7500000000
91834  26.565  7.174  -16.802 0.8750000000
89022  28.839  5.250  -13.635 0.3750000000
89949  28.052  5.766  -14.937 0.5000000000
89933  29.336  5.941  -13.536 0.2500000000
89934  28.489  5.893  -14.125 0.3750000000
90913  28.407  6.660  -14.723 0.5000000000
93583  23.265  10.073  -13.895 0.6250000000
94493  24.262  10.299  -14.414 0.7500000000
93597  23.812  9.414  -14.164 0.8750000000
93614  24.859  9.534  -15.034 0.8750000000
91825  25.227  7.361  -16.041 0.8750000000
92742  26.145  8.028  -17.237 0.7500000000
91835  25.816  7.232  -16.666 0.8750000000
90927  27.460  6.392  -16.050 0.6250000000
91824  27.887  7.281  -16.054 0.7500000000
91810  28.801  7.569  -14.567 0.5000000000
92734  27.709  8.062  -16.669 0.7500000000
90912  29.090  6.733  -14.078 0.2500000000
94483  23.716  10.472  -13.799 0.6250000000
93613  25.554  9.323  -16.042 0.8750000000
94514  25.490  10.277  -16.628 0.7500000000
93621  27.277  9.044  -17.028 0.7500000000
92718  29.211  8.425  -14.569 0.2500000000
92719  28.315  8.495  -14.862 0.5000000000
91823  28.121  7.503  -15.160 0.5000000000
91809  29.691  7.568  -14.083 0.2500000000
95433  23.418  11.063  -13.519 0.5000000000
94515  24.856  10.965  -16.151 0.7500000000
94504  25.290  10.233  -15.695 0.7500000000
94526  25.511  10.429  -17.655 0.7500000000
94527  24.893  11.051  -17.183 0.7500000000
93634  25.789  9.780  -17.720 0.7500000000
93633  26.165  9.518  -17.648 0.7500000000
93620  28.102  9.611  -16.742 0.5000000000
94512  27.357  9.828  -17.183 0.6250000000
93596  28.830  9.116  -14.869 0.2500000000
93611  28.369  9.188  -15.626 0.3750000000
93619  28.995  9.568  -16.297 0.3750000000
95458  24.455  11.646  -16.704 0.7500000000
95467  24.298  11.711  -17.669 0.7500000000
94541  24.614  10.977  -18.169 0.7500000000
94540  25.257  10.707  -18.555 0.7500000000
94539  25.887  10.468  -18.699 0.6250000000
93631  28.469  10.087  -17.199 0.3750000000
94524  26.677  10.097  -17.719 0.3750000000
93609  30.541  9.422  -15.419 0.1250000000
94510  30.015  10.467  -16.748 0.1250000000
94511  29.403  10.085  -16.570 0.2500000000
96430  24.285  12.069  -17.083 0.6250000000
94538  26.843  10.531  -18.670 0.3750000000
94525  25.863  10.170  -18.038 0.7500000000
94522  29.032  10.499  -17.524 0.2500000000
94523  27.825  10.181  -17.713 0.3750000000
95463  31.418  10.880  -18.018 0.1250000000
94521  30.314  10.878  -17.756 0.1250000000
93618  30.601  10.207  -16.178 0.1250000000
96439  24.201  12.607  -18.385 0.6250000000
95479  24.329  11.622  -18.643 0.3750000000
94556  25.069  10.684  -19.470 0.3750000000
94554  26.928  10.628  -19.663 0.2500000000
94535  30.019  10.751  -18.798 0.1250000000
94537  28.074  10.909  -18.726 0.3750000000
94519  31.949  10.182  -17.839 0.1250000000
94536  29.160  10.984  -18.620 0.1250000000
97341  24.851  13.278  -18.942 0.3750000000
95480  24.259  12.171  -18.843 0.3750000000
95493  24.580  11.674  -19.520 0.3750000000
95494  24.342  12.258  -19.134 0.3750000000
94586  25.579  10.896  -20.859 0.3750000000
94572  25.008  10.703  -20.329 0.3750000000
94573  24.571  10.942  -19.874 0.3750000000
94571  25.983  10.537  -20.538 0.3750000000
94555  25.844  10.494  -19.647 0.3750000000
94567  30.386  10.883  -21.008 0.1250000000
95490  28.611  10.871  -19.274 0.1250000000
94553  28.032  10.671  -19.679 0.2500000000
95487  31.731  11.200  -19.201 0.1250000000
96446  25.185  12.530  -19.349 0.2500000000
96463  25.691  11.844  -20.056 0.2500000000
95492  25.125  11.700  -19.781 0.3750000000
94585  26.254  10.724  -21.440 0.1250000000
95506  25.125  11.259  -20.467 0.3750000000
94582  29.069  10.319  -21.768 0.1250000000
94570  27.047  10.395  -20.653 0.1250000000
96428  26.243  12.608  -17.629 0.3750000000
96438  25.573  13.065  -18.598 0.3750000000
95517  25.965  11.320  -21.171 0.1250000000
96477  26.325  12.197  -21.514 0.1250000000
95516  26.373  11.460  -22.105 0.1250000000
94581  29.936  10.709  -22.248 0.1250000000
94595  27.400  10.350  -22.531 0.1250000000
96461  27.159  12.824  -20.912 0.1250000000
95526  27.379  11.479  -22.882 0.1250000000
96486  26.862  12.630  -22.479 0.1250000000
94604  28.091  10.430  -23.697 0.1250000000
94593  29.104  10.549  -22.986 0.1250000000
78430  23.595  -5.935  -16.711 0.8750000000
80511  25.974  -4.506  -15.916 0.6250000000
88147  27.620  3.652  -14.497 0.6250000000
94505  24.596  10.690  -15.159 0.8750000000
93623  25.816  9.230  -17.191 0.7500000000
93622  26.508  8.852  -17.255 0.7500000000
92733  28.254  8.200  -15.899 0.5000000000
93612  27.854  8.887  -16.329 0.5000000000
95505  28.673  10.126  -21.079 0.1250000000
96478  25.863  11.694  -20.826 0.2500000000
95524  27.922  10.518  -23.292 0.1250000000
84642  27.153  -0.626  -15.127 0.5000000000
85564  26.753  -0.170  -16.584 0.7500000000
88146  28.316  4.037  -13.563 0.3750000000
94584  27.200  10.237  -21.629 0.1250000000
89920  29.936  6.064  -13.078 0.1250000000
73405  22.402  -11.530  -14.567 0.7500000000
74334  22.083  -10.629  -14.667 0.7500000000
75323  21.789  -9.804  -14.531 0.7500000000
76326  21.597  -8.940  -14.259 0.7500000000
73414  23.849  -10.886  -15.061 0.7500000000
74351  23.437  -10.372  -15.387 0.7500000000
74349  24.662  -10.195  -15.181 0.7500000000
78385  21.176  -6.754  -14.633 0.6250000000
78384  22.034  -7.321  -14.705 0.7500000000
75343  24.656  -9.317  -15.480 0.6250000000
77362  25.314  -7.336  -15.790 0.7500000000
78403  25.236  -6.267  -16.031 0.6250000000
79437  26.182  -5.384  -15.348 0.5000000000
80497  26.681  -4.199  -14.708 0.3750000000
80498  26.342  -4.401  -15.169 0.5000000000
81497  27.627  -3.505  -13.746 0.1250000000
83602  27.806  -2.085  -13.276 0.1250000000
84594  29.231  -1.162  -12.299 0.1250000000
85517  30.269  0.575  -12.128 0.1250000000
86415  29.991  1.358  -12.378 0.1250000000
87289  30.147  2.468  -12.365 0.1250000000
87290  29.074  3.510  -13.114 0.1250000000
88131  29.134  4.169  -12.762 0.1250000000
89007  28.737  4.653  -13.391 0.2500000000
94484  22.925  10.560  -13.244 0.5000000000
91795  30.921  7.116  -13.683 0.1250000000
90899  29.734  6.789  -13.410 0.2500000000
92731  31.371  8.562  -15.084 0.1250000000
93617  31.640  9.653  -16.493 0.1250000000
93628  32.577  9.537  -17.697 0.1250000000
94532  33.115  10.386  -18.739 0.1250000000
93643  32.867  10.009  -18.373 0.1250000000
95512  31.754  11.325  -21.719 0.1250000000
98069  23.727  14.212  -13.445 0.1250000000
96436  27.287  12.588  -18.423 0.2500000000
96444  27.190  12.842  -19.765 0.1250000000
97326  27.793  13.639  -18.760 0.1250000000
97366  27.317  13.608  -21.891 0.1250000000
95532  27.280  10.948  -23.781 0.1250000000
95522  30.211  11.162  -22.868 0.1250000000
94605  27.471  10.508  -23.898 0.1250000000
82568  25.360  -2.622  -17.144 0.7500000000
88172  27.265  3.459  -16.205 0.7500000000
92723  21.616  7.762  -13.786 0.3750000000
79474  24.456  -5.238  -16.793 0.8750000000
79453  23.026  -5.829  -15.747 0.8750000000
79476  23.021  -5.444  -17.222 0.8750000000
82559  26.394  -2.538  -16.299 0.7500000000
92735  25.121  8.369  -15.607 0.8750000000
97328  24.501  13.237  -18.503 0.3750000000
97314  25.354  13.394  -17.438 0.3750000000
96409  26.858  13.083  -15.979 0.1250000000
95466  27.084  12.379  -17.744 0.2500000000
74333  22.733  -10.586  -15.146 0.7500000000
74332  24.264  -10.649  -14.957 0.7500000000
77345  21.314  -7.973  -13.953 0.7500000000
76346  23.408  -8.912  -15.808 0.7500000000
76362  23.296  -7.717  -15.658 0.7500000000
77365  22.898  -7.391  -15.443 0.7500000000
77380  23.622  -6.991  -15.725 0.8750000000
77363  24.592  -7.491  -15.888 0.7500000000
77394  23.954  -6.513  -16.324 0.8750000000
77395  23.646  -6.237  -16.256 0.8750000000
79452  25.036  -5.353  -15.871 0.7500000000
79464  24.728  -5.038  -16.237 0.8750000000
79451  25.600  -5.476  -15.685 0.6250000000
81507  26.487  -3.798  -14.975 0.5000000000
83620  27.508  -1.841  -13.767 0.2500000000
82521  27.718  -2.624  -13.583 0.1250000000
84629  27.548  -0.707  -13.862 0.2500000000
84609  28.942  0.050  -12.360 0.1250000000
84628  27.912  -0.334  -13.402 0.1250000000
86436  28.531  1.555  -13.522 0.1250000000
88157  27.427  3.465  -15.443 0.6250000000
89950  27.621  5.628  -15.550 0.6250000000
91833  27.300  7.170  -16.626 0.7500000000
92741  27.012  7.960  -17.304 0.7500000000
90926  27.867  6.542  -15.401 0.5000000000
93594  30.281  8.997  -14.807 0.1250000000
92732  30.690  8.802  -14.767 0.1250000000
92717  30.162  8.433  -14.484 0.2500000000
91808  30.588  7.695  -14.086 0.1250000000
94513  27.005  9.657  -17.269 0.6250000000
93630  28.896  9.818  -16.964 0.3750000000
93610  29.377  9.535  -15.513 0.1250000000
94503  29.461  9.836  -16.068 0.3750000000
94557  24.691  11.118  -19.123 0.3750000000
94502  29.850  10.198  -15.916 0.1250000000
94509  30.850  10.544  -16.829 0.1250000000
95474  30.768  11.259  -18.473 0.1250000000
95473  31.544  11.098  -18.508 0.1250000000
93629  31.920  10.006  -17.360 0.1250000000
97329  24.249  12.926  -18.703 0.3750000000
95491  28.330  11.021  -19.152 0.2500000000
95489  30.511  11.053  -19.017 0.1250000000
94551  30.170  10.887  -19.712 0.1250000000
94552  29.059  10.438  -19.495 0.1250000000
97342  24.422  13.024  -19.087 0.3750000000
94550  31.217  10.967  -19.887 0.1250000000
94568  29.202  10.457  -20.728 0.1250000000
94569  28.220  10.165  -20.774 0.1250000000
94549  32.493  10.675  -19.609 0.1250000000
96445  26.384  12.404  -19.532 0.2500000000
96437  26.474  12.505  -18.557 0.2500000000
96462  26.386  12.299  -20.503 0.2500000000
94596  26.706  10.725  -22.286 0.1250000000
94594  28.176  10.325  -22.747 0.1250000000
94583  28.147  10.041  -21.749 0.1250000000
96476  26.981  13.011  -21.753 0.1250000000
97340  27.636  13.813  -20.319 0.1250000000
73404  23.287  -11.274  -14.976 0.7500000000
74315  21.620  -10.613  -13.996 0.7500000000
73390  21.822  -11.333  -14.228 0.7500000000
78402  25.838  -6.333  -15.569 0.6250000000
93608  31.341  9.142  -15.678 0.1250000000
95502  31.663  11.100  -21.186 0.1250000000
95513  30.787  11.211  -21.934 0.1250000000
76310  20.990  -8.933  -13.750 0.5000000000
72333  22.999  -12.551  -13.947 0.6250000000
72344  23.427  -11.806  -14.446 0.6250000000
73402  24.386  -11.035  -13.887 0.3750000000
73403  23.988  -11.298  -14.479 0.6250000000
74330  25.351  -10.112  -13.844 0.2500000000
74331  24.728  -10.371  -14.394 0.3750000000
79436  26.671  -5.136  -14.638 0.3750000000
94485  22.408  9.778  -13.169 0.3750000000
72345  22.872  -12.212  -14.333 0.6250000000
75342  25.327  -9.109  -15.072 0.5000000000
77343  25.791  -7.785  -15.278 0.5000000000
77361  25.992  -7.077  -15.313 0.3750000000
73388  24.636  -11.452  -13.385 0.5000000000
73389  24.197  -11.634  -13.855 0.6250000000
71291  22.551  -12.904  -13.872 0.6250000000
74316  21.017  -10.603  -13.437 0.3750000000
72346  22.307  -12.290  -14.323 0.6250000000
73391  21.300  -11.561  -13.596 0.6250000000
72316  23.828  -12.848  -12.848 0.3750000000
71290  23.051  -12.739  -13.749 0.6250000000
77330  20.770  -8.452  -13.705 0.2500000000
73373  25.043  -11.518  -12.563 0.3750000000
75305  25.944  -9.717  -13.590 0.2500000000
74298  25.133  -10.867  -12.997 0.2500000000
75320  25.625  -9.416  -14.381 0.2500000000
77342  26.288  -7.482  -14.703 0.3750000000
78383  26.423  -6.320  -14.921 0.2500000000
80486  27.186  -4.355  -14.242 0.2500000000
91798  21.271  7.211  -13.834 0.2500000000
85505  18.025  0.408  -11.466 0.2500000000
89028  20.325  4.489  -14.263 0.3750000000
76344  25.285  -8.396  -15.408 0.5000000000
75306  21.304  -9.767  -13.865 0.5000000000
75321  25.115  -9.778  -15.011 0.5000000000
77331  20.548  -8.129  -13.712 0.3750000000
78386  20.340  -6.390  -13.774 0.2500000000
72334  21.783  -12.213  -14.150 0.6250000000
77346  20.321  -7.527  -14.049 0.3750000000
72332  23.617  -12.267  -13.784 0.5000000000
74314  24.855  -10.626  -13.564 0.2500000000
74313  25.480  -10.251  -13.188 0.2500000000
76324  25.826  -8.475  -14.902 0.3750000000
72315  24.499  -12.259  -13.165 0.5000000000
75307  20.737  -9.729  -13.332 0.3750000000
71302  22.120  -12.726  -14.204 0.6250000000
72298  23.801  -12.954  -12.205 0.3750000000
71276  23.116  -13.135  -13.339 0.5000000000
76323  26.197  -8.387  -14.175 0.2500000000
78370  26.754  -6.735  -14.315 0.2500000000
85483  17.499  0.606  -11.050 0.1250000000
71278  21.254  -13.702  -12.875 0.5000000000
71258  23.145  -13.564  -12.251 0.2500000000
71259  22.458  -14.018  -12.387 0.3750000000
71277  22.212  -13.721  -12.973 0.5000000000
71292  21.721  -13.073  -13.670 0.5000000000
71279  20.423  -13.416  -12.543 0.3750000000
72317  20.722  -12.293  -12.900 0.5000000000
72335  21.326  -12.454  -13.498 0.5000000000
71293  21.170  -12.978  -13.018 0.5000000000
70172  19.144  -14.473  -11.588 0.1250000000
70193  19.627  -14.449  -12.085 0.3750000000
73374  20.660  -11.345  -13.070 0.2500000000
67922  18.620  -16.468  -11.382 0.1250000000
69019  19.296  -15.462  -11.905 0.2500000000
69017  20.697  -14.959  -12.316 0.3750000000
70169  22.976  -14.008  -11.423 0.2500000000
70171  21.756  -14.754  -12.015 0.3750000000
70191  21.352  -14.525  -12.497 0.5000000000
69000  18.517  -15.562  -11.336 0.1250000000
72283  19.083  -13.195  -11.029 0.1250000000
73375  20.034  -11.658  -12.414 0.1250000000
89006  29.642  5.067  -12.737 0.1250000000
74299  20.460  -10.608  -12.841 0.2500000000
75290  20.308  -9.742  -12.732 0.2500000000
71257  23.881  -13.072  -11.660 0.2500000000
70190  22.070  -14.350  -12.409 0.3750000000
70192  20.545  -14.431  -12.461 0.3750000000
71280  19.638  -13.387  -12.142 0.2500000000
72318  19.985  -12.673  -12.387 0.1250000000
68999  19.029  -15.032  -11.645 0.1250000000
70173  18.661  -14.521  -11.243 0.1250000000
71260  19.190  -13.787  -11.472 0.1250000000
71261  18.777  -13.905  -11.142 0.1250000000
67923  18.270  -16.019  -11.059 0.1250000000
67941  18.857  -15.873  -11.811 0.1250000000
69018  20.015  -15.401  -12.247 0.3750000000
68996  21.972  -15.091  -11.439 0.2500000000
72299  19.391  -12.623  -11.700 0.1250000000
67939  19.808  -16.091  -12.012 0.2500000000
68997  20.978  -15.418  -11.855 0.2500000000
70170  22.437  -14.366  -11.863 0.2500000000
67940  19.246  -16.053  -12.032 0.1250000000
68998  20.259  -15.842  -12.000 0.2500000000
67920  20.252  -16.270  -11.569 0.1250000000
77347  19.939  -7.247  -13.666 0.1250000000
93586  21.847  8.758  -13.135 0.1250000000
93600  21.807  8.164  -13.615 0.1250000000
93574  21.746  8.977  -12.416 0.1250000000
94474  22.089  10.375  -12.616 0.1250000000
94486  22.199  9.295  -13.085 0.1250000000
93564  21.714  9.712  -11.874 0.1250000000
94475  22.044  9.499  -12.720 0.1250000000
119827  22.350  11.097  -12.651 0.1250000000
92708  20.670  7.773  -12.878 0.1250000000
93553  21.385  10.169  -10.881 0.1250000000
91799  20.131  7.065  -13.550 0.1250000000
92707  21.158  7.949  -13.421 0.1250000000
88113  19.255  3.394  -13.120 0.1250000000
76312  20.091  -8.009  -13.523 0.1250000000
89923  19.806  5.178  -13.460 0.1250000000
91787  20.195  7.330  -12.513 0.1250000000
92700  20.841  7.953  -12.106 0.1250000000
92679  20.425  8.496  -10.540 0.1250000000
119833  21.777  11.036  -11.807 0.1250000000
79425  20.041  -5.766  -13.378 0.1250000000
76327  20.139  -8.031  -13.809 0.1250000000
88988  19.505  4.148  -13.115 0.1250000000
78371  20.120  -6.213  -13.378 0.1250000000
76328  19.913  -7.781  -13.932 0.1250000000
78372  19.876  -6.508  -13.077 0.1250000000
77332  20.084  -7.579  -13.076 0.1250000000
92699  21.165  8.460  -12.695 0.1250000000
92689  21.366  8.700  -11.852 0.1250000000
93565  20.937  9.237  -11.124 0.1250000000
94447  21.874  11.036  -10.739 0.1250000000
72297  24.497  -12.445  -12.116 0.1250000000
73355  25.140  -11.710  -11.834 0.1250000000
74297  25.787  -10.501  -12.343 0.1250000000
75319  26.213  -9.071  -13.790 0.1250000000
76309  26.511  -8.370  -13.452 0.1250000000
77313  27.408  -7.398  -12.633 0.1250000000
77328  27.095  -7.056  -13.200 0.1250000000
77329  26.708  -7.451  -13.808 0.1250000000
78357  27.367  -6.352  -12.804 0.1250000000
78382  26.898  -5.980  -14.324 0.1250000000
79413  27.861  -5.571  -12.475 0.1250000000
79414  27.531  -5.444  -13.174 0.1250000000
79424  27.137  -5.292  -13.899 0.1250000000
70154  22.633  -14.607  -11.035 0.1250000000
71242  24.112  -13.357  -10.923 0.1250000000
72296  25.121  -12.203  -11.286 0.1250000000
71256  24.515  -12.747  -11.248 0.1250000000
73372  25.547  -11.212  -12.001 0.1250000000
74296  26.121  -10.038  -11.928 0.1250000000
75288  26.458  -9.351  -12.062 0.1250000000
76296  26.924  -8.430  -12.804 0.1250000000
76295  27.457  -8.320  -12.136 0.1250000000
78356  28.008  -6.478  -12.322 0.1250000000
80469  27.600  -4.532  -13.521 0.1250000000
80468  28.006  -4.561  -12.705 0.1250000000
80449  28.163  -5.049  -12.185 0.1250000000
78369  27.109  -6.340  -13.656 0.1250000000
71243  23.463  -13.582  -11.364 0.1250000000
74280  26.000  -10.986  -11.910 0.1250000000
75304  26.444  -9.198  -13.155 0.1250000000
75289  25.997  -9.789  -12.865 0.1250000000
77314  26.840  -7.716  -13.119 0.1250000000
79398  28.362  -5.604  -11.941 0.1250000000
68979  22.254  -15.411  -10.568 0.1250000000
70137  22.883  -14.747  -10.303 0.1250000000
73354  25.746  -11.349  -11.329 0.1250000000
80448  28.618  -4.513  -11.840 0.1250000000
69020  18.899  -15.533  -11.711 0.1250000000
71301  22.443  -12.570  -14.205 0.6250000000
72331  24.322  -11.992  -13.623 0.6250000000
73415  23.660  -10.737  -15.240 0.7500000000
77364  23.283  -7.007  -15.602 0.8750000000
78387  20.031  -6.732  -13.511 0.1250000000
78419  22.914  -5.723  -16.489 0.8750000000
78432  22.292  -5.687  -16.915 0.8750000000
78433  22.177  -5.275  -16.800 1.0000000000
78440  22.739  -5.967  -17.139 0.8750000000
78441  22.521  -5.814  -17.108 0.8750000000
79466  23.055  -5.021  -15.982 1.0000000000
79467  22.339  -4.919  -16.548 1.0000000000
79477  22.337  -5.246  -17.095 1.0000000000
79481  22.905  -5.795  -17.201 0.8750000000
79482  22.683  -5.672  -17.183 0.8750000000
80476  18.384  -4.134  -12.291 0.1250000000
80514  21.830  -4.511  -15.505 1.0000000000
80524  22.599  -4.394  -16.161 1.0000000000
80525  21.733  -4.390  -16.751 1.0000000000
80526  21.259  -3.972  -16.944 1.0000000000
80539  20.995  -3.864  -17.458 1.0000000000
80540  20.461  -3.829  -17.801 1.0000000000
80545  22.275  -3.625  -17.347 1.0000000000
80547  20.989  -3.862  -17.848 1.0000000000
81520  26.842  -2.932  -15.259 0.6250000000
81522  22.495  -3.992  -15.852 1.0000000000
81523  22.021  -3.876  -15.725 0.8750000000
81533  22.679  -4.102  -15.966 1.0000000000
81546  23.529  -3.898  -17.314 1.0000000000
81548  21.017  -3.680  -16.997 1.0000000000
81549  20.633  -3.403  -17.198 1.0000000000
81550  20.193  -3.161  -16.437 1.0000000000
81560  22.029  -3.072  -17.403 1.0000000000
81562  20.472  -3.582  -18.108 1.0000000000
82551  19.605  -3.137  -16.335 1.0000000000
82560  20.178  -2.884  -16.501 1.0000000000
82567  26.033  -2.574  -16.914 0.7500000000
82570  23.156  -2.131  -16.873 1.0000000000
82572  21.878  -2.565  -17.228 1.0000000000
82573  20.514  -3.168  -16.869 1.0000000000
82582  23.312  -2.615  -17.287 1.0000000000
82584  21.360  -2.719  -17.749 1.0000000000
82585  20.481  -2.855  -18.233 1.0000000000
82586  19.944  -3.032  -18.056 1.0000000000
83654  23.594  -1.047  -16.578 1.0000000000
83658  20.607  -2.231  -16.177 1.0000000000
83676  20.627  -2.651  -16.904 1.0000000000
83682  23.877  -2.186  -17.116 1.0000000000
83684  20.684  -2.296  -18.034 1.0000000000
83686  19.955  -2.457  -17.782 1.0000000000
84660  25.324  -0.133  -16.960 1.0000000000
84680  20.990  -2.301  -17.676 1.0000000000
84681  20.658  -2.118  -17.771 1.0000000000
84682  20.544  -2.399  -17.479 1.0000000000
84689  20.337  -2.105  -17.996 1.0000000000
84690  20.012  -2.106  -17.870 1.0000000000
84691  20.121  -2.610  -17.550 1.0000000000
85524  18.581  0.754  -12.372 0.2500000000
86489  22.994  1.822  -16.466 1.0000000000
87314  19.591  2.168  -14.316 0.6250000000
87332  19.672  2.620  -14.389 0.8750000000
87356  23.133  2.028  -16.487 1.0000000000
88135  19.859  3.853  -13.994 0.6250000000
88989  19.507  3.787  -13.500 0.2500000000
90900  21.133  6.669  -14.105 1.0000000000
90902  20.381  6.667  -13.927 0.3750000000
91796  30.241  7.254  -13.531 0.1250000000
92716  30.941  8.286  -14.427 0.1250000000
93595  29.699  9.111  -14.792 0.1250000000
93632  26.704  9.441  -17.353 0.6250000000
94520  31.401  10.569  -17.493 0.1250000000
94533  32.311  10.454  -18.428 0.1250000000
94534  31.681  10.576  -18.093 0.1250000000
94566  31.624  10.911  -20.662 0.1250000000
94592  29.692  10.893  -22.830 0.1250000000
94614  27.558  10.634  -24.266 0.1250000000
95457  27.184  12.833  -16.257 0.1250000000
95464  31.155  11.183  -17.945 0.1250000000
95465  27.316  12.539  -17.886 0.2500000000
95468  24.168  12.144  -18.224 0.3750000000
95472  32.147  11.094  -18.890 0.1250000000
95475  28.897  11.040  -19.142 0.1250000000
95476  28.624  11.142  -18.993 0.1250000000
95477  27.104  12.320  -18.101 0.2500000000
95478  27.215  13.024  -18.047 0.2500000000
95488  30.994  11.268  -19.135 0.1250000000
95503  31.245  11.167  -21.268 0.1250000000
95504  28.884  10.243  -21.243 0.1250000000
95507  24.639  11.068  -20.163 0.3750000000
95514  28.649  10.046  -21.412 0.1250000000
95515  28.430  9.993  -21.249 0.1250000000
95520  31.957  11.358  -22.304 0.1250000000
95523  29.635  10.803  -23.151 0.1250000000
95525  27.736  10.635  -23.131 0.1250000000
95529  29.941  10.477  -23.629 0.1250000000
95531  27.616  10.506  -23.576 0.1250000000
96410  23.975  12.397  -15.728 0.7500000000
96419  26.652  12.852  -16.618 0.1250000000
96427  27.209  12.741  -17.171 0.2500000000
96429  25.536  13.230  -18.052 0.3750000000
96447  24.430  12.526  -19.179 0.3750000000
96448  24.252  12.579  -18.900 0.3750000000
96485  27.073  13.258  -22.163 0.1250000000
97327  25.030  13.475  -18.294 0.3750000000
97343  24.274  12.804  -19.000 0.3750000000
97355  27.397  13.515  -21.325 0.1250000000
98089  22.168  15.440  -16.146 0.2500000000
98098  22.067  15.717  -16.677 0.2500000000
98103  22.513  15.761  -17.274 0.2500000000
98104  22.029  16.021  -17.112 0.2500000000
98787  21.889  16.141  -15.563 0.2500000000
98788  21.392  16.317  -15.931 0.2500000000
98801  21.317  15.700  -16.008 0.2500000000
98802  21.402  16.287  -16.413 0.2500000000
98807  23.329  16.180  -17.025 0.2500000000
98809  21.670  15.991  -16.704 0.2500000000
98810  21.637  16.383  -16.791 0.2500000000
98813  22.835  16.207  -17.347 0.2500000000
98814  22.288  16.372  -17.261 0.2500000000
98815  21.874  16.492  -17.096 0.2500000000
99508  21.964  16.608  -15.950 0.1250000000
99509  21.623  16.550  -16.336 0.2500000000
99518  21.963  16.844  -16.475 0.2500000000
99519  21.678  16.683  -16.829 0.2500000000
99523  22.774  16.655  -16.800 0.2500000000
99524  22.140  16.781  -17.018 0.2500000000
99529  22.072  16.621  -17.240 0.2500000000
119646  19.736  -3.009  -16.362 1.0000000000
119647  19.840  -3.196  -16.394 1.0000000000
119648  19.717  -2.997  -16.355 1.0000000000
119649  19.972  -3.040  -16.446 1.0000000000
119799  20.002  6.661  -13.730 0.3750000000
119800  19.951  6.452  -13.858 0.3750000000
119969  21.827  16.756  -17.101 0.2500000000
