#!ascii label  , from subject 4005 vox2ras=TkReg
1651
14459  35.316  -65.341  -3.162 0.2000000030
15471  35.970  -65.053  -3.514 0.2000000030
15486  35.532  -64.726  -4.186 0.2000000030
15518  33.584  -64.418  -6.021 0.1000000015
14458  36.453  -65.316  -2.992 0.3000000119
15487  34.460  -64.836  -4.298 0.1000000015
14465  34.403  -65.349  -3.781 0.2000000030
16587  35.228  -63.949  -5.573 0.1000000015
15517  34.220  -64.060  -5.906 0.1000000015
16604  34.105  -63.981  -6.274 0.1000000015
16618  34.971  -63.491  -7.369 0.1000000015
16619  33.999  -63.781  -6.955 0.1000000015
16651  36.022  -63.098  -9.130 0.1000000015
16638  34.115  -63.609  -8.566 0.1000000015
17771  35.954  -62.764  -10.116 0.2000000030
16652  35.025  -62.946  -9.701 0.1000000015
16601  36.880  -63.824  -6.761 0.1000000015
15502  35.781  -64.319  -5.229 0.2000000030
16602  35.807  -63.578  -6.618 0.1000000015
16586  35.812  -63.718  -5.816 0.1000000015
16636  36.285  -63.281  -8.308 0.1000000015
17803  37.516  -62.251  -11.401 0.2000000030
17787  36.802  -62.740  -10.748 0.2000000030
19878  37.527  -60.535  -11.468 0.1000000015
19862  37.052  -60.103  -11.462 0.2000000030
19894  35.936  -60.816  -12.266 0.1000000015
19892  37.017  -59.847  -13.052 0.1000000015
16617  36.046  -63.435  -7.528 0.1000000015
17731  37.408  -63.471  -7.988 0.1000000015
20851  37.659  -59.577  -11.674 0.2000000030
21909  37.648  -58.806  -13.056 0.2000000030
20866  36.890  -59.923  -12.522 0.2000000030
20885  37.295  -59.220  -13.243 0.1000000015
20886  36.837  -59.177  -13.459 0.2000000030
16635  36.753  -63.370  -8.312 0.1000000015
17750  37.161  -63.390  -8.437 0.1000000015
17770  37.046  -62.993  -9.426 0.1000000015
17786  37.742  -62.571  -10.285 0.2000000030
18859  38.995  -60.869  -10.911 0.2000000030
18860  38.235  -61.381  -11.322 0.3000000119
21929  37.559  -58.366  -13.334 0.3000000119
21930  36.697  -58.251  -13.352 0.2000000030
20887  35.913  -59.307  -13.157 0.2000000030
19877  38.549  -60.316  -11.378 0.3000000119
17802  38.193  -62.022  -10.740 0.2000000030
21908  38.213  -58.250  -12.763 0.3000000119
23022  38.237  -57.494  -13.481 0.3000000119
24116  38.154  -56.626  -13.778 0.3000000119
23023  37.546  -57.539  -13.472 0.3000000119
23024  37.044  -57.421  -13.358 0.2000000030
21931  36.113  -58.552  -13.066 0.2000000030
21911  35.621  -58.512  -12.584 0.2000000030
24115  39.209  -56.170  -13.863 0.4000000060
21907  38.841  -57.650  -12.507 0.3000000119
23005  38.823  -57.187  -13.044 0.3000000119
20850  38.718  -59.170  -11.481 0.2000000030
20864  38.142  -58.998  -12.138 0.2000000030
24099  37.643  -56.468  -13.462 0.3000000119
23006  36.517  -57.453  -12.926 0.2000000030
24100  37.095  -56.833  -13.143 0.2000000030
23007  36.027  -57.789  -12.543 0.2000000030
25249  39.251  -55.141  -14.468 0.3000000119
25250  38.681  -55.709  -14.166 0.3000000119
25235  37.433  -56.074  -12.868 0.2000000030
25221  36.210  -55.761  -11.687 0.2000000030
25220  36.954  -55.632  -12.285 0.2000000030
24061  35.531  -56.323  -11.472 0.1000000015
22992  36.177  -57.246  -12.287 0.2000000030
22994  35.032  -57.591  -11.516 0.2000000030
24083  35.974  -56.765  -11.802 0.2000000030
21893  35.285  -58.246  -11.846 0.2000000030
26428  38.650  -54.873  -14.338 0.3000000119
26412  38.276  -54.400  -13.492 0.3000000119
119434  38.319  -53.043  -12.925 0.2000000030
26413  37.563  -55.006  -12.764 0.3000000119
27571  37.590  -53.445  -12.476 0.2000000030
25234  38.057  -55.637  -13.694 0.3000000119
26401  36.735  -54.718  -12.085 0.1000000015
25201  35.328  -55.583  -11.265 0.1000000015
26402  35.837  -54.670  -11.556 0.1000000015
24062  34.850  -56.577  -11.219 0.1000000015
27596  39.552  -53.132  -14.259 0.3000000119
119436  38.624  -53.268  -13.451 0.2000000030
119440  38.560  -52.217  -12.881 0.2000000030
30938  38.287  -51.173  -12.360 0.2000000030
30923  37.619  -50.882  -11.598 0.1000000015
28704  37.573  -52.368  -12.234 0.1000000015
28690  37.150  -52.112  -11.654 0.1000000015
28705  37.301  -52.694  -11.859 0.1000000015
27560  36.529  -53.883  -11.662 0.1000000015
26384  35.145  -54.655  -10.873 0.1000000015
119435  39.125  -52.611  -13.644 0.2000000030
29811  37.056  -51.394  -11.298 0.1000000015
29794  36.504  -51.418  -10.800 0.1000000015
29812  36.615  -51.949  -11.273 0.1000000015
28677  36.164  -52.246  -10.806 0.1000000015
28691  36.682  -52.864  -11.384 0.1000000015
28678  35.438  -52.868  -10.327 0.1000000015
27547  35.019  -53.848  -10.507 0.1000000015
27561  35.740  -53.641  -11.094 0.1000000015
30887  36.560  -50.417  -10.166 0.1000000015
28679  34.874  -52.864  -9.815 0.1000000015
27548  34.517  -53.507  -9.996 0.1000000015
30886  36.997  -50.342  -10.419 0.1000000015
16637  35.369  -63.253  -8.427 0.1000000015
18861  37.038  -61.574  -11.839 0.1000000015
21698  33.324  -58.421  0.400 0.5000000000
22796  34.519  -57.893  1.709 0.5000000000
21678  33.364  -58.365  1.078 0.5000000000
21699  32.678  -58.231  -0.103 0.5000000000
22755  35.263  -57.380  3.242 0.2000000030
22756  33.746  -57.383  3.440 0.3000000119
22773  34.181  -57.544  2.460 0.3000000119
22797  33.275  -57.991  1.585 0.5000000000
22798  32.123  -57.558  1.714 0.5000000000
22817  32.416  -57.942  0.566 0.5000000000
22818  31.448  -57.265  0.738 0.5000000000
21721  33.052  -58.308  -0.654 0.5000000000
23917  32.086  -56.551  -0.582 0.5000000000
22853  33.159  -57.519  -1.288 0.5000000000
22850  35.674  -57.677  -2.164 0.5000000000
22774  32.925  -57.544  2.657 0.5000000000
22832  31.729  -57.360  -0.131 0.5000000000
23941  32.791  -56.584  -1.165 0.5000000000
23940  33.646  -56.491  -1.528 0.5000000000
22862  38.712  -57.607  -3.128 0.4000000060
22863  37.777  -57.411  -3.108 0.5000000000
22864  37.054  -56.954  -2.840 0.5000000000
22865  36.190  -56.960  -2.634 0.5000000000
23939  34.475  -56.493  -1.811 0.5000000000
22880  38.920  -57.815  -3.353 0.4000000060
22740  34.367  -57.435  4.308 0.3000000119
22741  33.164  -57.426  4.413 0.4000000060
22757  32.600  -57.188  3.628 0.4000000060
22776  31.023  -56.882  2.418 0.5000000000
22799  31.131  -57.125  1.765 0.5000000000
23897  30.501  -56.522  0.798 0.5000000000
25047  30.675  -55.688  0.004 0.5000000000
23918  31.242  -56.560  -0.091 0.5000000000
25067  32.462  -55.815  -1.036 0.5000000000
23938  35.232  -56.589  -2.229 0.5000000000
25064  34.642  -55.914  -2.086 0.5000000000
20744  39.524  -58.832  -3.025 0.4000000060
21776  39.275  -58.240  -3.266 0.4000000060
22881  38.271  -57.701  -3.350 0.5000000000
23796  36.281  -56.894  7.890 0.1000000015
23798  34.751  -56.790  7.807 0.1000000015
23786  34.204  -56.429  8.379 0.1000000015
22704  35.439  -57.271  7.160 0.1000000015
23799  33.891  -56.846  7.728 0.1000000015
22705  34.492  -57.411  7.117 0.1000000015
22706  33.537  -57.517  7.097 0.1000000015
22707  32.740  -57.415  7.017 0.1000000015
22726  34.813  -57.636  5.258 0.2000000030
22717  34.125  -57.613  6.214 0.1000000015
22775  31.734  -57.112  2.848 0.5000000000
23898  30.053  -56.283  1.328 0.5000000000
25029  29.928  -55.597  0.867 0.5000000000
25048  30.356  -55.565  0.412 0.5000000000
25066  33.230  -55.530  -1.426 0.5000000000
23954  35.503  -56.497  -2.774 0.5000000000
23953  36.343  -56.631  -3.000 0.5000000000
21777  38.680  -58.190  -3.450 0.4000000060
18734  40.868  -60.784  -2.278 0.5000000000
21587  36.479  -58.477  9.073 0.1000000015
22681  36.650  -57.829  8.703 0.1000000015
23773  36.299  -57.144  8.670 0.1000000015
23783  36.565  -56.992  8.148 0.1000000015
23797  35.583  -56.811  7.926 0.1000000015
23785  34.843  -56.355  8.552 0.1000000015
23784  35.646  -56.549  8.652 0.1000000015
23787  33.443  -56.334  8.427 0.1000000015
23813  29.863  -56.434  6.364 0.2000000030
24984  29.232  -55.851  6.266 0.2000000030
22716  35.172  -57.533  6.237 0.1000000015
22718  33.139  -57.546  6.223 0.1000000015
22719  32.267  -57.333  6.340 0.1000000015
23812  30.647  -56.775  6.439 0.2000000030
22729  31.850  -57.213  5.548 0.2000000030
23830  30.357  -56.554  4.624 0.2000000030
23821  29.712  -56.291  5.430 0.2000000030
24985  28.840  -55.131  6.166 0.2000000030
22728  32.661  -57.433  5.373 0.2000000030
22742  32.105  -57.049  4.571 0.2000000030
23828  31.725  -56.864  4.240 0.3000000119
23842  30.227  -56.300  3.754 0.3000000119
23858  29.839  -56.130  2.789 0.4000000060
23878  30.414  -56.595  1.991 0.5000000000
25065  34.022  -55.604  -1.845 0.5000000000
23879  29.946  -55.947  1.843 0.4000000060
25079  33.064  -55.040  -2.590 0.5000000000
26253  33.469  -54.828  -2.067 0.5000000000
25099  34.644  -55.974  -2.892 0.5000000000
25078  34.037  -55.534  -2.299 0.5000000000
26252  33.953  -55.056  -1.965 0.5000000000
25046  31.636  -55.490  -0.685 0.5000000000
23973  36.386  -56.863  -3.251 0.5000000000
23974  35.423  -56.497  -3.130 0.5000000000
25098  35.125  -56.191  -2.855 0.5000000000
26227  32.929  -54.717  -1.638 0.5000000000
23952  36.986  -56.943  -3.185 0.5000000000
25077  34.889  -56.060  -2.533 0.5000000000
20722  39.320  -59.452  -2.874 0.4000000060
20544  36.185  -59.245  9.255 0.1000000015
22682  36.024  -57.600  9.159 0.1000000015
22683  35.184  -57.431  9.405 0.1000000015
23761  33.904  -56.311  9.978 0.1000000015
23774  35.500  -56.663  9.243 0.1000000015
24954  35.140  -56.082  9.268 0.1000000015
24956  34.062  -55.663  8.898 0.1000000015
23788  32.472  -56.332  8.374 0.1000000015
23789  31.563  -56.382  8.259 0.1000000015
23801  32.004  -56.994  7.441 0.1000000015
24971  30.133  -56.252  7.857 0.2000000030
24972  29.447  -55.834  7.382 0.2000000030
23811  31.430  -57.101  6.484 0.1000000015
23803  30.137  -56.495  7.142 0.2000000030
23831  29.702  -55.954  4.543 0.3000000119
24989  28.681  -54.942  5.331 0.2000000030
23843  29.639  -55.748  3.691 0.3000000119
24993  29.057  -55.234  4.402 0.2000000030
25003  29.714  -55.695  2.274 0.4000000060
26167  28.954  -54.823  3.307 0.3000000119
25013  29.635  -55.242  1.798 0.4000000060
25004  29.350  -55.363  2.678 0.4000000060
26255  31.716  -53.880  -2.680 0.5000000000
27409  31.685  -53.260  -2.240 0.5000000000
27408  31.960  -53.739  -1.738 0.5000000000
26176  29.710  -54.866  1.203 0.5000000000
29637  31.604  -51.730  -2.176 0.5000000000
28507  31.578  -52.608  -1.500 0.5000000000
27381  31.726  -53.269  -1.556 0.5000000000
26228  32.251  -54.189  -1.509 0.6000000238
26209  30.427  -55.118  0.334 0.5000000000
26189  30.018  -54.302  0.632 0.5000000000
29615  31.407  -51.607  -1.235 0.5000000000
28492  31.566  -53.016  -0.906 0.5000000000
27380  31.787  -53.586  -1.191 0.6000000238
26206  32.372  -54.568  -1.364 0.5000000000
25045  32.462  -55.033  -1.180 0.5000000000
17641  40.834  -62.188  -1.827 0.4000000060
18735  40.245  -61.315  -2.285 0.4000000060
20720  40.943  -59.583  -2.300 0.4000000060
23763  32.062  -56.221  10.459 0.1000000015
24922  33.650  -55.356  10.268 0.1000000015
26086  33.368  -54.648  10.179 0.1000000015
24939  34.994  -56.145  9.451 0.1000000015
23760  34.401  -56.009  9.891 0.1000000015
26104  34.343  -54.995  9.972 0.1000000015
24940  34.524  -55.732  9.603 0.1000000015
26105  33.843  -54.672  9.943 0.1000000015
26106  32.752  -54.184  9.924 0.1000000015
24957  33.033  -55.533  8.941 0.1000000015
24943  32.612  -54.869  9.445 0.1000000015
24958  31.885  -55.479  8.936 0.1000000015
26120  30.206  -55.076  8.789 0.2000000030
26121  29.302  -54.852  8.365 0.2000000030
26134  28.875  -55.101  7.539 0.2000000030
24973  28.946  -55.335  6.884 0.2000000030
26148  28.627  -54.314  6.103 0.2000000030
30624  35.437  -50.410  3.131 0.2000000030
24994  28.619  -54.759  4.761 0.2000000030
30656  35.266  -50.063  2.373 0.2000000030
31711  34.081  -49.746  2.574 0.2000000030
31689  33.404  -49.995  3.028 0.2000000030
30659  31.971  -50.079  2.864 0.2000000030
26159  29.024  -54.929  3.853 0.2000000030
31732  34.671  -49.484  1.757 0.2000000030
31733  33.756  -49.138  1.706 0.2000000030
31713  32.053  -49.507  2.149 0.2000000030
30688  31.343  -49.853  2.140 0.2000000030
30689  30.742  -50.392  1.505 0.2000000030
29564  30.312  -51.402  1.542 0.4000000060
32833  33.505  -48.529  0.293 0.2000000030
32821  33.257  -48.669  1.131 0.3000000119
31735  31.530  -49.348  1.233 0.3000000119
31736  30.995  -49.914  0.791 0.4000000060
28463  30.110  -52.326  1.168 0.5000000000
27338  29.165  -53.688  1.750 0.4000000060
26177  29.281  -54.266  1.614 0.5000000000
31787  32.252  -49.318  -1.664 0.5000000000
31760  32.146  -49.229  -1.193 0.4000000060
32848  32.021  -49.121  -0.775 0.4000000060
32835  31.898  -49.024  -0.403 0.4000000060
30703  30.926  -50.835  -0.042 0.4000000060
29581  30.900  -51.520  -0.009 0.5000000000
29582  30.563  -51.397  0.609 0.5000000000
28479  30.459  -52.275  0.537 0.5000000000
30719  31.246  -50.542  -0.883 0.5000000000
28493  31.398  -52.343  -0.720 0.5000000000
26207  31.823  -54.305  -0.931 0.5000000000
27366  31.392  -53.868  -0.549 0.5000000000
26208  30.900  -54.476  -0.303 0.5000000000
24925  30.745  -55.379  10.622 0.1000000015
23764  31.213  -56.150  10.556 0.1000000015
24924  31.818  -55.206  10.526 0.1000000015
27234  31.098  -53.591  10.747 0.1000000015
26087  32.390  -54.206  10.378 0.1000000015
27233  31.735  -53.436  10.603 0.1000000015
27249  32.151  -53.363  10.308 0.1000000015
28371  31.582  -52.926  10.365 0.1000000015
26107  31.726  -54.256  9.422 0.1000000015
27251  30.828  -53.466  9.563 0.1000000015
26109  29.897  -54.543  8.934 0.2000000030
27252  29.699  -53.790  9.072 0.2000000030
26135  28.623  -54.603  7.024 0.2000000030
26154  28.481  -54.266  5.154 0.2000000030
29517  35.786  -50.742  3.896 0.1000000015
30625  34.415  -50.473  3.068 0.2000000030
31688  33.814  -50.259  3.002 0.2000000030
30626  33.381  -50.598  3.398 0.2000000030
26160  28.596  -54.452  4.139 0.2000000030
29491  36.141  -50.924  4.404 0.1000000015
29492  35.395  -51.205  4.672 0.1000000015
29518  34.887  -50.895  3.919 0.1000000015
29519  33.908  -51.117  3.877 0.1000000015
30627  32.412  -50.736  3.446 0.1000000015
30660  31.013  -50.463  2.658 0.1000000015
29540  30.318  -51.063  2.377 0.2000000030
26170  28.964  -54.620  2.505 0.3000000119
26168  28.649  -54.151  3.172 0.2000000030
30628  31.557  -50.700  3.326 0.1000000015
28450  30.042  -51.916  2.044 0.3000000119
27328  29.022  -53.470  2.150 0.2000000030
28478  30.943  -52.303  -0.038 0.5000000000
27352  30.218  -53.091  0.515 0.5000000000
26188  30.580  -53.794  0.099 0.5000000000
27351  31.086  -53.364  -0.273 0.5000000000
27350  31.374  -53.208  -0.505 0.5000000000
24908  29.926  -55.881  10.927 0.1000000015
26072  30.008  -54.056  10.887 0.1000000015
27217  29.957  -53.404  11.060 0.1000000015
27235  30.507  -53.656  10.830 0.1000000015
27216  30.828  -53.163  11.028 0.1000000015
28333  30.521  -52.729  10.967 0.1000000015
28352  31.347  -52.985  10.874 0.1000000015
28372  30.901  -52.669  9.965 0.1000000015
29383  30.341  -52.166  10.615 0.1000000015
28373  30.067  -52.708  9.453 0.2000000030
27264  28.714  -53.718  8.172 0.2000000030
27281  28.491  -53.157  7.770 0.2000000030
27265  28.548  -54.104  7.532 0.2000000030
28399  28.493  -52.496  7.573 0.2000000030
27282  28.393  -53.549  7.075 0.2000000030
27295  28.595  -53.433  5.821 0.2000000030
27303  28.491  -53.500  4.710 0.2000000030
29474  35.807  -51.056  5.139 0.1000000015
29494  33.444  -51.340  4.580 0.1000000015
29520  32.920  -51.210  3.896 0.1000000015
29521  31.911  -51.194  3.832 0.1000000015
28425  28.802  -52.882  4.024 0.1000000015
27310  28.543  -53.637  3.815 0.2000000030
29522  30.658  -51.018  3.547 0.1000000015
29541  29.717  -51.596  2.897 0.1000000015
27327  29.158  -52.932  2.534 0.2000000030
27324  28.838  -53.243  3.073 0.2000000030
27218  28.962  -53.534  11.590 0.1000000015
28317  27.819  -52.259  12.318 0.1000000015
28334  29.485  -52.596  11.345 0.1000000015
29385  28.897  -51.525  11.465 0.1000000015
30492  30.060  -51.488  10.494 0.1000000015
29406  30.417  -51.965  10.179 0.1000000015
29425  29.499  -51.700  9.290 0.1000000015
29440  29.071  -51.933  8.580 0.1000000015
29426  28.828  -51.430  8.712 0.1000000015
29441  28.672  -51.647  8.086 0.1000000015
28408  28.529  -52.528  6.519 0.2000000030
29467  28.804  -51.783  6.196 0.2000000030
28415  28.866  -52.443  5.306 0.2000000030
28414  29.224  -52.149  5.027 0.1000000015
32773  36.014  -48.992  4.903 0.1000000015
30584  35.238  -50.597  5.499 0.1000000015
30585  34.324  -50.714  5.667 0.1000000015
28424  29.341  -52.187  4.510 0.2000000030
30586  33.408  -50.623  5.694 0.1000000015
29477  32.977  -51.044  5.132 0.1000000015
29495  32.454  -51.353  4.498 0.1000000015
29496  31.428  -51.232  4.449 0.1000000015
29523  29.787  -51.647  3.914 0.1000000015
30478  27.759  -50.262  12.817 0.1000000015
30494  28.770  -50.266  11.351 0.1000000015
30515  29.581  -50.755  9.987 0.1000000015
30529  28.737  -50.638  8.875 0.1000000015
30530  28.627  -51.116  8.428 0.1000000015
30561  28.629  -50.703  7.183 0.1000000015
29456  28.519  -51.538  7.137 0.1000000015
30574  28.799  -50.987  6.524 0.2000000030
30573  29.363  -50.531  6.120 0.1000000015
31643  34.064  -49.072  6.378 0.1000000015
30571  32.954  -49.966  6.154 0.1000000015
31645  32.344  -49.303  6.182 0.1000000015
31659  32.348  -49.781  5.755 0.1000000015
30589  30.547  -50.699  5.364 0.1000000015
30590  29.747  -50.930  5.513 0.1000000015
29466  29.197  -51.313  5.885 0.1000000015
31656  35.479  -49.527  5.325 0.1000000015
31657  34.523  -49.743  5.645 0.1000000015
31658  33.714  -49.875  5.881 0.1000000015
30587  32.486  -50.346  5.556 0.1000000015
29479  31.029  -51.167  5.037 0.1000000015
29480  30.156  -51.271  5.053 0.1000000015
29478  31.986  -51.105  5.081 0.1000000015
29497  30.462  -51.313  4.486 0.1000000015
32698  28.633  -48.421  11.864 0.1000000015
31582  28.752  -49.199  11.388 0.1000000015
31599  29.097  -49.480  10.140 0.1000000015
31609  29.180  -49.547  9.225 0.1000000015
31620  28.853  -49.586  8.144 0.1000000015
31635  28.741  -50.118  7.530 0.1000000015
33845  32.653  -47.428  6.274 0.1000000015
33846  31.846  -47.367  6.662 0.1000000015
32745  31.052  -47.768  6.999 0.1000000015
32756  30.731  -48.563  6.590 0.1000000015
31634  29.198  -49.480  7.165 0.1000000015
33844  33.156  -47.334  5.767 0.1000000015
32754  32.574  -48.343  6.548 0.1000000015
32755  31.660  -48.421  6.559 0.1000000015
31647  30.337  -49.288  6.055 0.1000000015
31648  29.550  -49.686  6.355 0.1000000015
33853  33.865  -47.650  5.571 0.1000000015
32753  33.474  -48.275  6.268 0.1000000015
31646  31.308  -49.155  6.052 0.1000000015
31662  29.995  -50.096  5.685 0.1000000015
32736  28.743  -48.322  9.131 0.1000000015
33830  29.176  -47.255  8.715 0.1000000015
32747  29.442  -48.668  7.605 0.1000000015
33829  29.894  -46.859  8.189 0.1000000015
33839  29.588  -47.675  7.867 0.1000000015
34901  32.855  -46.609  5.961 0.1000000015
33837  31.183  -46.944  7.038 0.1000000015
33838  30.421  -47.045  7.435 0.1000000015
32757  29.834  -48.869  6.742 0.1000000015
34910  33.524  -46.468  5.671 0.1000000015
22758  31.901  -56.816  3.793 0.4000000060
23800  32.983  -57.068  7.798 0.1000000015
22727  33.693  -57.535  5.284 0.2000000030
23856  31.411  -56.798  3.507 0.4000000060
23857  30.859  -56.551  3.017 0.4000000060
21588  35.643  -58.502  9.238 0.1000000015
24955  34.772  -55.841  9.127 0.1000000015
23820  30.478  -56.715  5.508 0.3000000119
23819  31.179  -57.036  5.602 0.2000000030
23829  31.215  -56.982  4.660 0.2000000030
23841  30.905  -56.801  3.905 0.3000000119
24988  29.133  -55.621  5.353 0.2000000030
23859  29.472  -55.710  3.161 0.3000000119
26254  32.341  -54.363  -2.272 0.5000000000
22684  34.164  -57.257  9.606 0.1000000015
24921  34.246  -55.438  10.098 0.1000000015
24942  33.516  -54.911  9.489 0.1000000015
24941  34.216  -55.211  9.571 0.1000000015
23802  30.887  -56.714  7.524 0.1000000015
24959  30.768  -55.851  8.467 0.1000000015
24960  29.901  -55.641  8.257 0.2000000030
25000  29.276  -55.305  3.518 0.3000000119
28532  31.579  -52.481  -2.224 0.5000000000
28546  31.585  -52.388  -3.056 0.5000000000
31788  31.572  -49.955  -1.543 0.5000000000
24923  32.784  -55.236  10.370 0.1000000015
26119  31.044  -54.976  8.977 0.1000000015
30655  36.057  -50.400  2.246 0.2000000030
31710  34.823  -49.754  2.222 0.2000000030
31712  32.943  -49.467  2.620 0.2000000030
31734  32.633  -48.984  1.683 0.2000000030
28464  29.817  -52.463  1.748 0.4000000060
32834  32.540  -48.640  -0.102 0.5000000000
32823  31.815  -48.883  0.348 0.4000000060
31743  33.974  -48.767  0.932 0.2000000030
31744  31.289  -49.777  0.130 0.4000000060
30704  30.867  -50.355  0.583 0.5000000000
27353  29.837  -53.602  0.884 0.5000000000
28451  29.530  -52.401  2.313 0.3000000119
32875  33.080  -48.764  -1.671 0.5000000000
32846  33.352  -48.535  -0.716 0.5000000000
29598  31.155  -51.538  -0.481 0.5000000000
26089  30.522  -54.368  10.702 0.1000000015
26088  31.428  -54.306  10.588 0.1000000015
27250  31.844  -53.246  9.821 0.1000000015
28353  30.842  -52.647  10.487 0.1000000015
26108  30.555  -54.356  9.204 0.1000000015
28385  29.218  -52.707  8.724 0.2000000030
29493  34.434  -51.345  4.660 0.1000000015
26090  29.805  -54.672  10.940 0.1000000015
26073  29.350  -54.386  11.364 0.1000000015
29384  29.859  -51.899  10.969 0.1000000015
29424  30.301  -52.037  9.728 0.1000000015
28386  28.796  -52.309  8.255 0.2000000030
30583  35.965  -50.341  5.195 0.1000000015
29475  34.931  -51.276  5.340 0.1000000015
28440  29.185  -52.494  3.298 0.2000000030
28335  28.331  -52.625  11.753 0.1000000015
27219  27.971  -53.725  12.081 0.1000000015
29366  27.578  -51.460  12.848 0.1000000015
29365  28.087  -51.720  12.022 0.1000000015
30477  28.120  -50.763  12.069 0.1000000015
30493  29.556  -50.950  10.901 0.1000000015
30514  30.065  -51.435  10.142 0.1000000015
29407  30.067  -51.534  9.876 0.1000000015
29482  29.114  -51.858  5.694 0.2000000030
29481  29.452  -51.761  5.231 0.1000000015
31655  36.033  -49.852  5.175 0.1000000015
29476  33.936  -51.282  5.332 0.1000000015
31568  28.399  -49.520  12.478 0.1000000015
31600  28.918  -49.639  10.844 0.1000000015
30516  29.152  -50.227  10.630 0.1000000015
30543  28.641  -50.269  8.278 0.1000000015
30544  28.546  -50.759  7.951 0.1000000015
30560  29.004  -50.227  6.802 0.1000000015
31644  33.226  -49.165  6.385 0.1000000015
32752  34.031  -48.605  6.182 0.1000000015
32761  34.546  -48.598  5.758 0.1000000015
31661  30.907  -49.890  5.591 0.1000000015
30588  31.479  -50.559  5.348 0.1000000015
29498  29.798  -51.606  4.646 0.1000000015
31581  28.913  -49.022  10.728 0.1000000015
32712  28.688  -48.452  10.172 0.1000000015
32723  29.028  -48.741  9.447 0.1000000015
32735  28.976  -48.430  8.576 0.1000000015
34902  32.224  -46.392  6.339 0.1000000015
32746  30.236  -48.129  7.288 0.1000000015
34893  30.595  -46.121  8.092 0.1000000015
35976  33.250  -45.522  6.545 0.1000000015
35989  33.714  -45.884  5.991 0.1000000015
34903  31.717  -46.340  7.077 0.1000000015
23853  37.803  -56.331  2.866 0.1000000015
23854  36.916  -56.629  2.613 0.1000000015
23855  36.071  -57.092  2.709 0.1000000015
23838  36.998  -56.471  3.510 0.1000000015
22754  36.239  -57.149  3.642 0.1000000015
23852  38.210  -56.637  3.221 0.2000000030
23876  37.792  -56.742  2.059 0.2000000030
23896  38.322  -56.961  1.748 0.2000000030
23877  37.088  -57.066  2.076 0.1000000015
22772  35.328  -57.407  2.266 0.1000000015
23895  38.470  -57.110  1.750 0.2000000030
22793  37.427  -57.181  1.625 0.2000000030
22771  36.312  -57.250  2.175 0.2000000030
22794  36.656  -57.407  1.555 0.2000000030
22795  35.625  -57.791  1.480 0.3000000119
22814  37.125  -57.594  0.974 0.2000000030
22815  36.284  -57.879  0.927 0.2000000030
22812  38.854  -57.435  1.368 0.2000000030
21693  38.639  -57.911  0.610 0.2000000030
19699  40.278  -60.380  1.229 0.1000000015
22813  38.051  -57.218  1.220 0.2000000030
21676  34.784  -58.432  1.145 0.3000000119
21677  33.908  -58.537  1.193 0.4000000060
21673  39.722  -58.300  1.178 0.1000000015
22811  39.449  -57.752  1.223 0.1000000015
20659  39.559  -59.214  1.326 0.1000000015
21697  34.373  -58.786  0.455 0.4000000060
21694  37.660  -58.178  0.450 0.2000000030
21692  39.664  -58.217  0.728 0.2000000030
19698  41.188  -60.329  1.194 0.1000000015
20657  41.231  -59.388  0.881 0.2000000030
20658  40.463  -59.302  1.095 0.1000000015
21695  36.622  -58.474  0.293 0.2000000030
21696  35.517  -58.657  0.535 0.4000000060
21672  40.420  -58.729  0.832 0.1000000015
21718  35.968  -59.136  -0.578 0.4000000060
21720  33.937  -58.533  -0.438 0.4000000060
21716  38.163  -58.643  -0.186 0.3000000119
20688  39.148  -59.008  -0.818 0.4000000060
21715  39.005  -58.667  -0.056 0.3000000119
30621  37.689  -50.517  3.546 0.1000000015
29516  36.559  -50.752  3.788 0.1000000015
21719  34.891  -58.931  -0.457 0.4000000060
21717  37.212  -59.087  -0.651 0.4000000060
21743  35.334  -58.525  -1.401 0.5000000000
20710  38.091  -58.859  -1.384 0.4000000060
20689  38.509  -59.011  -0.742 0.3000000119
20690  37.929  -59.104  -0.805 0.4000000060
20711  37.654  -59.081  -1.218 0.4000000060
29515  37.052  -50.752  3.706 0.1000000015
30623  36.293  -50.410  3.111 0.1000000015
21744  34.410  -58.332  -1.227 0.4000000060
22851  34.868  -57.501  -1.757 0.5000000000
22852  34.034  -57.439  -1.506 0.5000000000
30654  36.834  -50.663  2.216 0.1000000015
29563  37.103  -50.864  0.883 0.1000000015
30701  35.737  -50.021  0.891 0.1000000015
23839  36.279  -56.775  3.091 0.1000000015
23837  37.798  -56.497  3.714 0.1000000015
22739  35.566  -57.450  4.322 0.1000000015
30687  35.294  -49.818  1.644 0.1000000015
22769  38.368  -57.134  2.731 0.1000000015
30622  37.014  -50.549  3.154 0.1000000015
30686  35.880  -50.264  1.488 0.1000000015
23827  37.348  -56.592  4.394 0.1000000015
16523  31.261  -63.565  -1.782 0.1000000015
15449  31.274  -64.295  -2.243 0.1000000015
14424  32.848  -65.456  -1.711 0.1000000015
15450  30.606  -64.568  -2.448 0.1000000015
15430  33.576  -64.495  -1.612 0.1000000015
16540  30.696  -63.903  -2.234 0.1000000015
16541  29.957  -63.939  -2.345 0.1000000015
15434  28.423  -64.428  -1.924 0.1000000015
11538  31.538  -68.702  3.110 0.1000000015
15377  27.303  -64.681  1.074 0.1000000015
15391  26.875  -64.740  0.403 0.1000000015
16521  33.187  -63.461  -1.387 0.1000000015
15411  27.040  -64.519  -0.322 0.1000000015
15432  31.884  -64.329  -1.861 0.1000000015
16526  28.131  -63.430  -1.222 0.1000000015
14423  34.050  -65.510  -1.504 0.1000000015
12410  30.829  -67.354  3.994 0.1000000015
11537  32.126  -68.143  3.033 0.1000000015
11550  31.799  -68.368  2.813 0.1000000015
12390  31.862  -67.226  5.050 0.1000000015
12423  31.670  -67.800  3.364 0.1000000015
12437  31.821  -67.731  2.328 0.1000000015
13362  29.222  -66.420  2.354 0.1000000015
14359  28.032  -65.591  2.196 0.1000000015
16522  32.202  -63.550  -1.547 0.1000000015
16524  30.257  -63.378  -1.887 0.1000000015
15429  34.492  -64.595  -1.412 0.1000000015
11549  32.262  -67.959  2.958 0.1000000015
12389  32.837  -67.286  5.342 0.1000000015
12409  31.800  -67.260  4.073 0.1000000015
12422  32.509  -67.439  3.313 0.1000000015
13358  32.560  -67.105  3.012 0.1000000015
12436  32.285  -67.639  2.730 0.1000000015
13359  32.232  -66.966  2.536 0.1000000015
14356  30.670  -66.182  2.661 0.1000000015
13361  30.187  -66.801  2.313 0.1000000015
14357  29.657  -65.735  2.614 0.1000000015
15365  28.996  -65.277  2.823 0.1000000015
15366  28.370  -64.784  2.521 0.1000000015
16471  27.604  -63.985  1.459 0.1000000015
17623  29.111  -62.425  -0.316 0.1000000015
17642  32.498  -62.905  -1.124 0.1000000015
17621  31.176  -62.275  -0.646 0.1000000015
17644  30.725  -62.800  -1.299 0.1000000015
17646  28.720  -62.916  -1.180 0.1000000015
16520  34.156  -63.722  -1.386 0.1000000015
13344  32.605  -66.668  3.227 0.1000000015
12367  32.943  -67.856  6.421 0.1000000015
12408  32.749  -67.238  4.309 0.1000000015
13343  33.127  -66.773  3.546 0.1000000015
14340  31.978  -66.200  3.385 0.1000000015
14341  30.933  -65.723  3.347 0.1000000015
15353  29.343  -64.755  3.355 0.1000000015
12388  33.848  -67.610  5.454 0.1000000015
12407  33.645  -67.251  4.618 0.1000000015
12421  33.424  -67.125  3.910 0.1000000015
14342  30.197  -65.470  3.029 0.1000000015
16460  28.058  -63.684  2.214 0.1000000015
16461  27.867  -64.284  2.039 0.1000000015
17570  28.349  -62.690  2.360 0.1000000015
16470  27.774  -63.416  1.487 0.1000000015
18692  28.574  -62.294  0.784 0.1000000015
17588  28.047  -62.817  1.233 0.1000000015
18709  29.810  -61.887  0.030 0.1000000015
17603  28.795  -62.280  0.331 0.1000000015
17605  27.753  -63.089  0.203 0.1000000015
17620  32.149  -62.276  -0.562 0.1000000015
17622  30.201  -62.312  -0.603 0.1000000015
17619  33.170  -62.616  -0.541 0.1000000015
16501  33.925  -63.052  -0.967 0.1000000015
15428  35.274  -64.577  -1.070 0.1000000015
16519  34.851  -63.902  -1.139 0.1000000015
15410  36.079  -64.573  -0.785 0.1000000015
16499  35.559  -63.542  -0.643 0.1000000015
14339  33.080  -65.995  3.628 0.1000000015
12365  34.741  -68.136  5.908 0.1000000015
12406  34.513  -67.285  4.776 0.1000000015
13341  34.249  -66.801  4.240 0.1000000015
13342  33.895  -66.708  3.990 0.1000000015
14338  33.567  -66.367  3.849 0.1000000015
14330  31.383  -65.562  3.828 0.1000000015
15343  30.586  -64.765  4.305 0.1000000015
15344  29.620  -64.236  3.988 0.1000000015
16447  29.246  -63.983  3.781 0.1000000015
15354  28.492  -64.224  2.956 0.1000000015
16448  28.661  -63.551  3.344 0.1000000015
16439  28.679  -62.997  3.858 0.1000000015
18675  29.341  -61.450  1.582 0.1000000015
18649  28.737  -61.817  2.469 0.1000000015
17602  32.674  -61.932  -0.092 0.1000000015
18688  32.225  -61.483  0.592 0.1000000015
18707  31.585  -61.651  -0.131 0.1000000015
18689  31.047  -61.274  0.652 0.1000000015
18690  30.015  -61.394  0.694 0.1000000015
18691  29.124  -61.868  0.617 0.1000000015
18708  30.632  -61.691  -0.079 0.1000000015
17601  33.406  -61.968  0.502 0.1000000015
17618  34.313  -62.620  -0.205 0.1000000015
16500  34.666  -63.230  -0.860 0.1000000015
16498  36.522  -63.864  -0.437 0.1000000015
10664  34.371  -69.117  6.654 0.1000000015
11501  33.809  -68.614  6.842 0.1000000015
11515  35.154  -68.030  5.733 0.1000000015
12405  35.081  -67.311  5.003 0.1000000015
14328  33.158  -65.581  4.437 0.1000000015
11500  34.678  -68.590  6.260 0.1000000015
12387  34.793  -67.749  5.524 0.1000000015
13326  35.051  -67.039  4.623 0.1000000015
14312  35.061  -66.092  5.006 0.1000000015
14329  32.019  -65.495  4.309 0.1000000015
14315  31.835  -65.199  5.019 0.1000000015
14314  32.515  -65.263  5.112 0.1000000015
15334  31.480  -64.494  5.527 0.1000000015
16437  30.217  -63.966  4.899 0.1000000015
16438  29.398  -63.470  4.449 0.1000000015
16429  29.617  -62.851  5.194 0.1000000015
17542  28.739  -62.427  4.088 0.1000000015
18617  29.001  -61.774  4.221 0.1000000015
18628  28.850  -61.736  3.437 0.1000000015
18648  29.571  -61.187  2.646 0.1000000015
18673  31.427  -61.000  1.402 0.1000000015
18674  30.362  -60.960  1.687 0.1000000015
18687  32.949  -61.521  1.127 0.1000000015
18672  32.351  -61.108  1.642 0.1000000015
17587  33.405  -61.676  1.178 0.1000000015
17617  35.032  -62.918  -0.404 0.1000000015
14296  34.465  -66.240  6.065 0.1000000015
10663  34.815  -69.598  6.431 0.1000000015
11499  35.303  -68.543  6.066 0.1000000015
12386  35.285  -67.584  5.557 0.1000000015
13310  35.337  -66.833  4.951 0.1000000015
14313  33.692  -65.542  5.346 0.1000000015
15332  33.313  -65.192  6.048 0.1000000015
11516  35.010  -68.240  5.803 0.1000000015
13311  35.331  -66.675  5.257 0.1000000015
15333  32.761  -64.842  5.863 0.1000000015
15320  32.135  -64.146  6.690 0.1000000015
16427  31.136  -63.788  6.077 0.1000000015
17533  30.247  -62.666  6.121 0.1000000015
17541  29.189  -62.333  4.813 0.1000000015
18616  29.383  -61.345  4.849 0.1000000015
18627  29.458  -61.298  3.742 0.1000000015
19679  30.663  -60.740  2.517 0.1000000015
19703  32.160  -60.751  2.343 0.1000000015
19705  30.990  -60.741  1.894 0.1000000015
18671  33.294  -61.348  1.740 0.1000000015
17600  34.394  -62.291  0.775 0.1000000015
11484  35.476  -68.298  7.132 0.1000000015
10662  35.468  -69.709  6.527 0.1000000015
11483  35.597  -68.732  6.654 0.1000000015
12353  35.285  -67.787  7.198 0.1000000015
13277  35.072  -66.984  6.860 0.1000000015
14280  34.288  -66.022  7.267 0.1000000015
9791  35.087  -70.686  6.683 0.1000000015
13276  35.554  -67.300  6.074 0.1000000015
13292  35.280  -66.688  5.759 0.1000000015
14297  33.728  -65.531  6.462 0.1000000015
14281  33.505  -65.288  7.537 0.1000000015
15319  33.032  -64.917  6.695 0.1000000015
16415  31.273  -63.203  6.698 0.1000000015
16416  30.568  -62.870  6.312 0.1000000015
17523  30.442  -62.159  6.677 0.1000000015
19661  30.717  -60.451  3.384 0.1000000015
18646  32.756  -60.973  2.259 0.1000000015
19704  31.539  -60.702  2.080 0.1000000015
18670  34.140  -61.402  2.075 0.1000000015
10645  35.768  -69.828  7.134 0.1000000015
13259  34.477  -66.688  8.186 0.1000000015
14262  33.391  -64.875  8.541 0.1000000015
15301  32.814  -64.468  7.722 0.1000000015
15302  32.317  -63.706  7.593 0.1000000015
16390  31.405  -62.713  7.561 0.1000000015
17522  30.975  -62.512  7.227 0.1000000015
18595  30.422  -61.276  6.816 0.1000000015
17524  29.928  -61.749  6.262 0.1000000015
19627  30.875  -60.258  5.746 0.1000000015
18610  29.866  -61.128  5.871 0.1000000015
19646  30.782  -60.256  4.391 0.1000000015
19659  32.586  -60.294  3.802 0.1000000015
19678  31.534  -60.640  2.825 0.1000000015
19676  33.131  -60.657  3.278 0.1000000015
19677  32.467  -60.688  2.960 0.1000000015
18645  33.408  -61.021  2.649 0.1000000015
18669  34.751  -61.474  2.294 0.1000000015
18668  36.554  -61.624  2.023 0.1000000015
11467  35.199  -69.062  7.897 0.1000000015
11468  35.195  -68.219  7.639 0.1000000015
14261  33.983  -65.666  8.579 0.1000000015
10630  35.854  -70.158  8.069 0.1000000015
15280  32.967  -64.232  8.771 0.1000000015
16366  31.728  -62.842  8.091 0.1000000015
17498  31.047  -62.335  7.715 0.1000000015
18561  30.870  -61.787  7.730 0.1000000015
19587  30.998  -60.963  7.462 0.1000000015
19644  32.848  -60.251  4.770 0.1000000015
19645  31.831  -60.040  4.635 0.1000000015
18626  33.684  -60.795  3.229 0.1000000015
18644  34.322  -61.040  2.932 0.1000000015
19673  36.137  -60.536  2.333 0.1000000015
19702  37.023  -60.616  1.801 0.1000000015
10617  35.770  -69.639  8.604 0.1000000015
12320  35.069  -68.238  8.711 0.1000000015
12321  34.765  -67.336  9.067 0.1000000015
14243  34.135  -65.360  9.746 0.1000000015
14244  33.686  -65.067  9.258 0.1000000015
16364  32.651  -63.710  8.924 0.1000000015
16340  32.647  -63.199  9.208 0.1000000015
19571  31.700  -61.193  8.214 0.1000000015
19606  31.823  -60.091  6.723 0.1000000015
21633  35.992  -58.681  4.483 0.1000000015
20616  35.399  -59.191  4.259 0.1000000015
19642  34.360  -59.794  5.033 0.1000000015
19643  33.708  -60.211  4.826 0.1000000015
20601  32.766  -60.009  5.819 0.1000000015
19626  32.261  -59.871  5.705 0.1000000015
21642  36.400  -58.645  3.577 0.1000000015
21643  35.782  -59.010  3.946 0.1000000015
20617  34.880  -59.480  4.613 0.1000000015
20626  36.093  -59.184  2.923 0.1000000015
19656  35.136  -60.144  3.420 0.1000000015
19657  34.588  -60.244  3.779 0.1000000015
19658  33.503  -60.444  3.849 0.1000000015
21641  37.440  -57.990  3.914 0.1000000015
21654  37.441  -58.015  2.696 0.1000000015
20639  35.878  -59.835  2.754 0.1000000015
19675  34.831  -60.806  3.081 0.1000000015
20637  37.491  -58.854  1.811 0.1000000015
20661  37.450  -59.729  1.641 0.1000000015
11438  36.399  -68.685  9.907 0.1000000015
11454  35.707  -69.075  9.216 0.1000000015
12305  35.557  -67.776  9.902 0.1000000015
12306  34.830  -67.076  9.865 0.1000000015
13235  35.239  -66.569  10.379 0.1000000015
15262  33.862  -64.760  9.828 0.1000000015
15263  33.488  -64.421  9.429 0.1000000015
16312  33.680  -63.987  9.840 0.1000000015
16339  33.351  -63.552  9.594 0.1000000015
18545  32.216  -62.220  8.921 0.1000000015
18559  31.963  -61.723  8.636 0.1000000015
19585  32.492  -60.341  7.587 0.1000000015
19604  33.748  -59.908  6.620 0.1000000015
20583  32.427  -59.863  6.252 0.1000000015
20599  35.498  -58.897  5.142 0.1000000015
20600  35.030  -59.502  5.653 0.1000000015
19625  33.097  -60.098  5.786 0.1000000015
21621  36.417  -58.625  5.374 0.1000000015
22770  38.130  -57.335  3.202 0.1000000015
13234  36.384  -66.847  10.720 0.1000000015
14226  36.048  -65.653  10.740 0.1000000015
14227  34.929  -65.502  10.387 0.1000000015
15243  34.504  -64.500  10.299 0.1000000015
16311  34.124  -63.699  10.173 0.1000000015
16338  33.945  -63.202  10.069 0.1000000015
18544  32.594  -62.032  9.210 0.1000000015
19569  33.180  -60.646  8.322 0.1000000015
18558  32.865  -61.364  8.847 0.1000000015
19583  34.454  -60.235  7.395 0.1000000015
19568  34.190  -60.589  8.210 0.1000000015
19584  33.488  -60.169  7.524 0.1000000015
20580  36.072  -59.099  6.193 0.1000000015
19603  34.757  -59.802  6.508 0.1000000015
19605  32.821  -59.888  6.690 0.1000000015
21632  36.952  -58.456  4.625 0.1000000015
19624  33.958  -59.869  5.748 0.1000000015
21631  37.869  -57.877  4.933 0.1000000015
15242  35.674  -64.567  10.484 0.1000000015
16310  35.212  -63.416  10.266 0.1000000015
17418  34.832  -62.787  10.064 0.1000000015
17442  34.102  -62.584  9.836 0.1000000015
18543  33.454  -61.868  9.400 0.1000000015
19567  34.976  -60.642  8.007 0.1000000015
19582  35.503  -60.453  7.446 0.1000000015
22737  37.999  -57.424  4.206 0.1000000015
14225  37.274  -65.925  10.670 0.1000000015
15241  37.034  -64.703  10.517 0.1000000015
15261  37.227  -64.085  9.701 0.1000000015
16337  36.058  -63.162  9.634 0.1000000015
16309  36.368  -63.837  10.073 0.1000000015
17441  35.429  -62.324  9.456 0.1000000015
18542  34.400  -61.775  9.346 0.1000000015
18556  35.014  -61.342  8.631 0.1000000015
19602  35.830  -59.868  6.803 0.1000000015
21620  37.485  -58.704  5.561 0.1000000015
22752  38.278  -57.011  3.771 0.1000000015
16336  36.969  -63.395  9.289 0.1000000015
17440  36.447  -62.719  9.160 0.1000000015
17469  35.741  -61.782  8.754 0.1000000015
18555  35.866  -61.464  8.372 0.1000000015
18576  35.563  -60.994  8.080 0.1000000015
22736  38.477  -57.269  4.781 0.1000000015
17467  37.399  -62.686  8.239 0.1000000015
16363  37.058  -62.842  8.726 0.1000000015
18574  37.258  -61.366  7.410 0.1000000015
17496  37.482  -62.255  7.692 0.1000000015
17468  36.517  -62.129  8.427 0.1000000015
18594  37.981  -61.121  7.009 0.1000000015
18575  36.313  -61.257  7.824 0.1000000015
21619  38.493  -58.398  5.453 0.1000000015
21614  36.865  -58.876  5.880 0.1000000015
20579  37.322  -59.332  6.139 0.1000000015
23836  38.062  -56.742  3.943 0.1000000015
17497  36.868  -61.797  7.787 0.1000000015
19600  37.977  -60.361  6.624 0.1000000015
20598  37.905  -59.192  5.865 0.1000000015
19580  37.353  -60.641  7.071 0.1000000015
19601  36.848  -59.932  6.751 0.1000000015
14369  27.340  -65.554  1.495 0.1000000015
15367  27.715  -64.795  1.816 0.1000000015
17589  27.630  -63.385  0.978 0.1000000015
16482  27.344  -63.933  0.464 0.1000000015
14425  32.252  -64.864  -1.840 0.1000000015
17625  27.838  -63.154  -0.321 0.1000000015
15431  32.653  -64.350  -1.669 0.1000000015
17645  29.681  -62.745  -1.350 0.1000000015
16502  27.967  -63.269  -0.807 0.1000000015
16525  29.190  -63.614  -2.019 0.1000000015
15451  29.471  -64.568  -2.320 0.1000000015
12424  30.744  -68.074  3.448 0.1000000015
14382  26.871  -65.183  0.910 0.1000000015
16503  27.683  -63.530  -0.546 0.1000000015
14358  28.767  -65.681  2.528 0.1000000015
17643  31.686  -62.843  -1.231 0.1000000015
14355  31.474  -66.473  2.793 0.1000000015
13360  31.342  -66.968  2.290 0.1000000015
17604  28.372  -62.589  0.268 0.1000000015
15352  30.259  -65.170  3.498 0.1000000015
12420  34.121  -67.045  4.252 0.1000000015
18676  28.634  -62.081  1.498 0.1000000015
14327  34.005  -66.111  4.341 0.1000000015
12366  34.217  -67.937  6.189 0.1000000015
14325  35.058  -66.701  4.625 0.1000000015
13328  34.320  -66.570  4.329 0.1000000015
15342  31.442  -65.069  4.832 0.1000000015
15335  30.624  -64.197  5.140 0.1000000015
17553  28.588  -62.507  3.268 0.1000000015
15321  31.507  -63.921  6.270 0.1000000015
16428  30.405  -63.377  5.637 0.1000000015
18647  30.141  -60.903  2.387 0.1000000015
17586  33.942  -61.790  1.324 0.1000000015
17599  35.424  -62.674  0.385 0.1000000015
12364  35.708  -67.876  5.952 0.1000000015
13291  35.447  -67.153  5.551 0.1000000015
17534  29.669  -62.236  5.802 0.1000000015
19662  30.021  -60.831  3.161 0.1000000015
17585  34.955  -61.957  1.629 0.1000000015
12352  35.541  -67.826  6.565 0.1000000015
16414  31.945  -63.529  7.107 0.1000000015
17499  30.747  -62.063  7.501 0.1000000015
19647  29.939  -60.679  4.072 0.1000000015
19628  30.036  -60.596  5.006 0.1000000015
12336  34.791  -67.708  7.917 0.1000000015
16365  32.243  -63.243  8.422 0.1000000015
18609  30.341  -60.884  6.413 0.1000000015
19607  30.793  -60.632  7.009 0.1000000015
19660  31.645  -60.247  3.597 0.1000000015
18643  35.098  -61.249  2.601 0.1000000015
17568  35.614  -61.778  2.193 0.1000000015
18642  35.708  -61.157  2.386 0.1000000015
17471  31.363  -62.288  8.185 0.1000000015
19586  31.507  -60.771  7.675 0.1000000015
18625  34.020  -60.689  3.454 0.1000000015
13247  34.502  -66.333  9.526 0.1000000015
17443  33.036  -62.639  9.534 0.1000000015
19570  32.236  -60.893  8.336 0.1000000015
20628  35.035  -59.610  4.002 0.1000000015
20627  35.487  -59.596  3.504 0.1000000015
21655  36.523  -58.706  2.782 0.1000000015
19674  35.323  -60.464  2.960 0.1000000015
22753  37.867  -57.471  3.547 0.1000000015
20638  36.654  -59.392  2.249 0.1000000015
20660  38.371  -59.275  1.466 0.1000000015
20581  35.387  -59.565  6.308 0.1000000015
19623  34.469  -59.692  5.741 0.1000000015
18557  33.855  -61.255  8.799 0.1000000015
19581  36.537  -60.549  7.282 0.1000000015
21742  36.369  -58.582  -1.792 0.4000000060
20708  39.407  -58.823  -1.332 0.3000000119
20709  38.750  -58.770  -1.470 0.3000000119
21740  38.268  -58.308  -2.110 0.3000000119
21741  37.441  -58.563  -1.850 0.4000000060
21757  36.280  -57.717  -2.390 0.4000000060
21756  36.874  -57.657  -2.470 0.4000000060
13420  39.474  -66.629  -1.505 0.1000000015
14420  39.888  -66.044  -1.305 0.1000000015
14419  40.424  -65.296  -1.652 0.2000000030
17659  40.964  -62.777  -2.120 0.3000000119
21714  39.841  -58.857  -0.535 0.3000000119
19755  39.702  -60.312  -2.562 0.4000000060
16518  40.952  -63.756  -1.999 0.2000000030
18724  40.603  -61.835  -2.023 0.3000000119
19757  38.335  -59.740  -2.946 0.4000000060
21778  37.826  -58.181  -3.477 0.4000000060
12502  39.277  -67.300  -1.031 0.1000000015
20746  38.234  -59.039  -3.176 0.4000000060
21779  36.862  -58.230  -3.572 0.4000000060
22883  36.545  -57.429  -3.480 0.4000000060
12525  39.096  -67.156  -1.620 0.1000000015
23975  34.300  -56.524  -3.272 0.5000000000
15446  40.598  -64.501  -2.555 0.2000000030
16539  40.631  -63.520  -2.702 0.3000000119
18736  39.252  -61.291  -2.662 0.3000000119
20747  37.240  -59.203  -3.435 0.4000000060
25100  33.470  -55.911  -3.023 0.4000000060
25080  32.462  -54.829  -2.714 0.4000000060
19777  37.762  -60.283  -3.188 0.4000000060
21780  35.822  -58.316  -3.702 0.4000000060
21781  35.054  -58.044  -3.837 0.4000000060
22884  35.703  -57.332  -3.489 0.5000000000
13436  38.983  -66.545  -2.068 0.2000000030
14439  39.613  -65.647  -2.283 0.2000000030
17661  39.550  -62.223  -2.662 0.3000000119
18737  38.510  -61.376  -3.013 0.3000000119
12526  38.785  -67.104  -1.764 0.1000000015
17660  40.297  -62.558  -2.456 0.3000000119
19776  38.224  -60.836  -3.108 0.4000000060
20748  36.242  -59.284  -3.648 0.4000000060
23976  33.378  -56.755  -3.442 0.5000000000
26273  32.141  -54.737  -2.816 0.4000000060
21797  35.173  -58.643  -3.965 0.4000000060
22886  33.816  -57.384  -3.514 0.5000000000
25101  32.214  -55.364  -3.189 0.4000000060
14438  40.284  -65.152  -2.485 0.2000000030
16557  39.790  -63.403  -3.601 0.2000000030
17677  39.745  -62.780  -3.038 0.3000000119
17662  38.887  -62.076  -2.933 0.3000000119
21782  34.197  -58.147  -3.635 0.5000000000
23977  32.415  -56.611  -3.606 0.5000000000
26274  31.735  -54.427  -3.212 0.4000000060
17678  39.218  -62.785  -3.527 0.4000000060
18756  37.172  -61.343  -3.559 0.4000000060
19779  35.875  -60.043  -3.803 0.4000000060
21783  33.383  -58.161  -3.635 0.5000000000
15447  39.982  -64.850  -3.112 0.2000000030
14440  38.388  -65.543  -2.726 0.2000000030
27426  31.597  -53.460  -3.105 0.4000000060
15466  40.031  -64.199  -3.951 0.2000000030
18755  37.921  -61.350  -3.334 0.3000000119
19778  36.580  -60.447  -3.658 0.4000000060
20758  35.233  -59.515  -4.007 0.4000000060
13437  38.154  -66.708  -1.892 0.2000000030
15448  39.208  -64.950  -3.135 0.2000000030
16558  39.373  -63.257  -3.984 0.4000000060
17679  38.301  -62.225  -3.514 0.3000000119
21798  34.590  -58.792  -4.042 0.5000000000
23988  31.768  -56.811  -4.313 0.5000000000
31809  31.704  -50.010  -2.268 0.4000000060
14441  37.281  -65.934  -2.487 0.2000000030
19789  36.368  -61.206  -4.062 0.4000000060
23978  31.620  -56.094  -3.776 0.5000000000
27441  31.695  -53.806  -3.720 0.4000000060
17696  37.678  -62.329  -4.271 0.4000000060
21802  32.997  -58.884  -4.817 0.5000000000
22901  32.281  -57.585  -4.127 0.5000000000
14442  36.193  -66.056  -2.442 0.2000000030
17695  38.726  -62.898  -4.452 0.4000000060
18765  37.303  -61.891  -3.901 0.3000000119
20759  34.264  -59.557  -4.425 0.5000000000
21800  32.807  -58.332  -4.064 0.5000000000
25102  31.583  -55.295  -3.880 0.5000000000
32845  34.396  -48.447  -0.497 0.2000000030
30760  31.671  -50.818  -2.597 0.4000000060
16574  39.379  -63.338  -4.645 0.4000000060
26286  31.689  -54.489  -4.119 0.4000000060
27425  31.846  -53.008  -3.750 0.4000000060
14457  37.370  -65.238  -3.209 0.2000000030
15467  39.484  -64.729  -4.112 0.2000000030
15481  39.803  -64.053  -5.133 0.2000000030
15468  38.477  -64.780  -3.828 0.2000000030
31827  32.717  -49.951  -3.246 0.4000000060
29650  32.043  -51.548  -3.933 0.4000000060
29667  32.446  -51.860  -4.307 0.4000000060
19790  35.697  -60.791  -4.311 0.3000000119
21803  32.503  -58.155  -4.824 0.5000000000
27440  32.144  -53.655  -4.389 0.4000000060
18766  36.902  -61.775  -4.231 0.4000000060
18767  36.352  -61.466  -4.610 0.3000000119
19791  34.664  -60.410  -4.614 0.4000000060
17708  38.224  -62.558  -5.093 0.4000000060
30774  32.369  -50.611  -3.604 0.4000000060
25115  31.793  -55.248  -4.638 0.5000000000
23995  31.824  -55.776  -5.068 0.5000000000
19798  35.239  -61.022  -5.258 0.4000000060
20760  33.653  -59.471  -4.838 0.5000000000
23994  31.996  -56.560  -5.216 0.5000000000
20764  33.353  -59.348  -5.534 0.5000000000
19800  33.835  -59.877  -5.344 0.5000000000
21755  37.667  -57.687  -2.626 0.4000000060
22882  37.348  -57.430  -3.404 0.4000000060
31808  32.340  -49.585  -2.619 0.4000000060
30775  31.769  -50.851  -3.330 0.4000000060
22910  32.517  -57.441  -5.627 0.5000000000
20707  41.280  -59.457  -1.189 0.3000000119
21737  41.072  -59.209  -1.659 0.3000000119
22848  39.398  -58.188  -2.570 0.2000000030
22849  39.081  -57.744  -2.770 0.2000000030
18684  43.040  -61.170  0.808 0.2000000030
20706  41.725  -59.746  -1.365 0.3000000119
20719  41.480  -59.748  -2.030 0.3000000119
21752  40.669  -58.914  -2.275 0.3000000119
18705  42.308  -61.858  -0.550 0.2000000030
18722  42.035  -61.308  -1.554 0.2000000030
19753  41.222  -60.326  -2.231 0.2000000030
15427  40.968  -64.318  -1.348 0.2000000030
14444  34.740  -66.622  -2.809 0.1000000015
13441  34.449  -67.026  -2.994 0.1000000015
16613  39.504  -62.918  -7.777 0.1000000015
21691  40.867  -58.766  0.246 0.1000000015
21738  40.085  -58.614  -1.786 0.2000000030
21712  41.437  -59.441  -0.564 0.2000000030
21713  40.871  -59.302  -0.792 0.2000000030
18662  42.585  -61.179  1.338 0.1000000015
19714  42.409  -60.302  0.821 0.2000000030
18663  41.876  -61.301  1.567 0.1000000015
17578  42.246  -62.332  1.489 0.1000000015
13438  37.044  -66.954  -1.921 0.1000000015
13439  35.910  -66.968  -2.277 0.1000000015
15484  37.736  -64.558  -4.804 0.1000000015
15499  38.778  -64.259  -5.929 0.1000000015
15498  39.250  -63.746  -5.960 0.1000000015
17717  39.522  -62.652  -6.564 0.1000000015
15500  37.965  -64.360  -5.763 0.1000000015
15514  38.883  -63.929  -6.828 0.1000000015
16598  39.604  -63.281  -6.850 0.1000000015
16614  39.068  -63.520  -7.543 0.1000000015
17729  39.632  -62.441  -7.436 0.1000000015
19820  38.883  -61.039  -7.612 0.1000000015
19831  38.722  -60.213  -8.145 0.1000000015
20656  41.688  -59.723  0.719 0.2000000030
19697  42.029  -60.258  1.107 0.1000000015
16584  39.158  -63.191  -5.290 0.1000000015
18776  36.887  -62.010  -5.222 0.3000000119
15469  37.481  -64.652  -3.841 0.1000000015
15483  38.797  -64.796  -5.036 0.1000000015
15482  39.538  -64.431  -5.111 0.1000000015
16583  39.413  -63.374  -5.677 0.1000000015
18774  38.487  -62.432  -5.643 0.2000000030
18786  36.366  -61.517  -5.970 0.3000000119
19810  35.545  -60.838  -6.351 0.3000000119
20769  34.023  -59.491  -6.713 0.3000000119
14460  34.336  -66.162  -3.231 0.1000000015
15470  36.579  -64.815  -3.669 0.1000000015
17718  39.249  -62.577  -6.234 0.1000000015
18785  37.562  -61.595  -6.309 0.2000000030
19823  35.289  -59.973  -7.246 0.3000000119
15485  36.662  -64.496  -4.574 0.1000000015
18792  38.388  -61.420  -6.944 0.1000000015
19821  37.759  -60.642  -7.383 0.2000000030
20780  35.969  -59.470  -7.854 0.3000000119
20779  37.075  -59.644  -7.891 0.2000000030
20799  35.623  -58.771  -8.307 0.4000000060
19832  37.956  -59.827  -8.206 0.1000000015
21824  36.928  -58.382  -8.879 0.3000000119
23875  38.269  -56.829  2.295 0.1000000015
22792  38.529  -57.332  1.757 0.1000000015
25127  32.621  -55.611  -5.588 0.4000000060
21807  32.818  -58.442  -5.787 0.4000000060
19799  34.430  -60.441  -5.551 0.3000000119
20770  33.482  -59.157  -6.326 0.4000000060
21812  33.567  -58.448  -6.822 0.4000000060
21811  34.354  -58.217  -7.573 0.4000000060
22916  34.288  -57.381  -7.556 0.4000000060
20781  34.922  -58.986  -7.732 0.4000000060
21826  34.957  -58.110  -8.162 0.5000000000
20798  36.526  -58.914  -8.435 0.3000000119
21825  35.965  -58.005  -8.796 0.5000000000
20796  38.574  -59.433  -8.759 0.2000000030
19842  39.522  -60.363  -9.389 0.1000000015
20795  39.271  -59.828  -8.983 0.1000000015
20810  38.378  -58.768  -9.226 0.2000000030
20797  37.604  -59.026  -8.675 0.2000000030
18820  38.950  -61.679  -9.638 0.1000000015
20809  39.236  -58.897  -9.361 0.2000000030
17785  38.411  -62.142  -9.862 0.1000000015
18841  39.408  -60.895  -10.063 0.1000000015
27458  32.563  -54.004  -5.047 0.4000000060
26300  32.670  -54.657  -5.380 0.4000000060
22909  33.143  -57.529  -6.408 0.4000000060
24001  32.844  -56.628  -5.994 0.4000000060
22917  33.761  -57.524  -7.163 0.4000000060
25138  33.262  -55.987  -6.235 0.4000000060
21827  34.575  -57.743  -7.815 0.4000000060
24024  34.763  -56.514  -8.110 0.4000000060
24009  34.324  -56.554  -7.436 0.4000000060
22934  35.218  -57.169  -8.646 0.5000000000
22933  35.720  -57.392  -8.972 0.4000000060
21844  37.667  -58.164  -9.364 0.3000000119
21845  36.785  -57.799  -9.215 0.4000000060
22958  36.109  -57.258  -9.376 0.4000000060
20831  40.185  -59.282  -10.520 0.2000000030
20808  40.148  -59.179  -9.692 0.2000000030
21843  38.753  -58.139  -9.787 0.2000000030
19876  39.452  -59.935  -10.820 0.1000000015
19860  39.923  -59.970  -10.081 0.2000000030
17772  35.396  -63.014  -10.588 0.1000000015
27457  33.203  -53.984  -5.497 0.4000000060
27439  32.890  -53.305  -4.988 0.4000000060
26299  33.485  -54.826  -6.057 0.4000000060
26314  34.610  -54.939  -7.034 0.4000000060
26315  34.069  -54.980  -6.518 0.4000000060
25149  34.701  -55.735  -7.716 0.4000000060
24023  35.072  -56.366  -8.504 0.4000000060
25165  34.870  -56.045  -8.202 0.4000000060
24043  35.542  -56.497  -9.070 0.3000000119
24042  36.532  -56.371  -9.687 0.4000000060
22975  38.552  -57.416  -10.367 0.3000000119
22956  38.013  -57.624  -9.851 0.3000000119
22957  37.197  -57.200  -9.731 0.4000000060
20849  39.872  -58.933  -11.224 0.2000000030
21888  40.043  -58.293  -11.190 0.2000000030
21842  39.883  -58.083  -9.844 0.2000000030
16681  35.144  -63.573  -11.629 0.1000000015
17789  35.388  -63.160  -10.919 0.1000000015
17788  35.794  -63.015  -11.166 0.1000000015
29649  32.794  -50.957  -4.104 0.3000000119
28560  33.610  -52.520  -4.960 0.4000000060
29665  34.142  -51.656  -4.714 0.3000000119
27456  34.109  -53.903  -5.916 0.4000000060
27455  35.009  -53.483  -6.087 0.4000000060
26298  34.203  -54.563  -6.408 0.4000000060
26313  34.967  -54.563  -7.245 0.4000000060
27471  34.690  -54.210  -6.459 0.4000000060
25164  35.142  -55.623  -8.361 0.4000000060
26328  35.093  -54.795  -7.680 0.4000000060
25186  35.729  -55.556  -9.178 0.4000000060
26348  35.508  -54.784  -8.511 0.3000000119
24080  38.254  -56.156  -11.271 0.3000000119
24081  37.687  -55.920  -11.049 0.3000000119
24059  37.492  -56.456  -10.425 0.3000000119
24060  36.803  -55.914  -9.995 0.3000000119
25185  36.338  -55.427  -9.719 0.3000000119
21889  39.131  -58.148  -11.825 0.2000000030
22991  39.595  -57.435  -11.442 0.2000000030
24079  39.161  -56.425  -11.629 0.3000000119
24057  39.280  -56.937  -11.159 0.2000000030
24041  37.082  -56.683  -9.926 0.3000000119
22974  39.632  -57.398  -10.701 0.2000000030
30773  33.198  -50.427  -3.721 0.3000000119
31824  35.202  -49.237  -3.709 0.3000000119
30772  33.985  -50.197  -4.027 0.3000000119
30796  34.548  -50.842  -4.519 0.4000000060
29666  32.954  -51.644  -4.517 0.3000000119
29692  35.866  -51.844  -5.261 0.3000000119
29664  35.238  -51.680  -4.943 0.4000000060
28595  35.673  -53.090  -6.479 0.4000000060
28576  35.587  -52.431  -5.579 0.4000000060
27470  35.279  -54.091  -6.960 0.4000000060
27486  36.177  -53.442  -8.194 0.3000000119
27487  35.647  -54.067  -7.850 0.4000000060
26382  37.710  -54.535  -11.185 0.3000000119
27546  37.326  -54.003  -10.560 0.2000000030
27530  36.828  -53.529  -9.897 0.2000000030
27508  36.278  -53.583  -8.996 0.2000000030
27509  35.851  -54.060  -8.709 0.3000000119
25218  38.736  -55.501  -11.698 0.3000000119
25199  37.381  -55.404  -10.830 0.3000000119
26383  37.010  -54.561  -10.483 0.2000000030
26367  36.403  -54.592  -9.903 0.2000000030
26368  35.905  -54.721  -9.273 0.2000000030
24098  39.344  -56.685  -13.120 0.2000000030
24097  39.592  -55.959  -12.777 0.3000000119
25232  39.303  -55.388  -12.172 0.3000000119
25217  39.117  -55.802  -11.860 0.3000000119
32896  34.930  -48.490  -2.178 0.3000000119
32898  33.265  -48.840  -2.514 0.3000000119
32913  33.708  -48.932  -3.130 0.3000000119
28593  37.287  -52.173  -6.706 0.3000000119
28660  37.014  -52.820  -9.333 0.2000000030
28637  37.460  -52.434  -8.624 0.2000000030
28613  36.745  -52.773  -7.739 0.2000000030
28676  37.967  -52.619  -10.724 0.2000000030
28638  36.683  -53.031  -8.791 0.2000000030
32874  34.162  -48.367  -1.431 0.2000000030
18842  38.695  -61.486  -10.433 0.1000000015
21890  38.507  -58.608  -12.010 0.2000000030
21754  38.497  -57.705  -2.718 0.3000000119
22861  39.298  -57.852  -3.057 0.3000000119
21753  39.720  -58.548  -2.669 0.3000000119
18723  41.182  -61.304  -1.967 0.2000000030
21739  39.082  -58.231  -2.152 0.2000000030
16573  39.782  -63.731  -4.786 0.1000000015
17709  37.571  -62.305  -4.964 0.3000000119
32897  33.956  -48.597  -2.343 0.3000000119
28561  32.402  -52.451  -4.418 0.3000000119
17707  38.949  -62.857  -5.577 0.3000000119
18787  35.740  -61.287  -5.710 0.2000000030
18775  37.939  -62.143  -5.575 0.2000000030
20684  42.328  -60.135  -0.070 0.2000000030
21736  41.386  -59.475  -1.825 0.3000000119
19727  42.456  -60.673  -0.396 0.1000000015
19742  42.274  -60.558  -1.225 0.2000000030
21690  41.487  -59.328  -0.105 0.2000000030
17706  39.377  -62.885  -6.064 0.1000000015
18791  39.370  -61.823  -7.110 0.1000000015
18793  37.812  -61.210  -6.888 0.1000000015
18784  38.710  -62.147  -6.261 0.2000000030
19809  36.866  -61.006  -6.685 0.3000000119
19808  37.507  -61.119  -6.827 0.3000000119
19822  36.397  -60.345  -7.315 0.3000000119
25126  33.315  -55.501  -6.133 0.4000000060
23999  34.147  -56.168  -6.915 0.4000000060
24000  33.656  -56.616  -6.785 0.4000000060
21841  40.289  -58.255  -10.203 0.2000000030
28578  33.680  -53.370  -5.316 0.4000000060
24058  38.745  -56.849  -10.993 0.3000000119
21866  39.444  -57.771  -10.210 0.2000000030
28559  34.750  -52.272  -5.082 0.4000000060
28577  34.511  -53.060  -5.385 0.4000000060
25219  37.964  -55.443  -11.305 0.3000000119
23004  39.293  -57.154  -12.459 0.2000000030
27469  36.053  -53.323  -7.238 0.4000000060
26381  38.162  -53.990  -11.423 0.2000000030
27545  37.673  -53.359  -10.890 0.2000000030
27529  37.350  -53.214  -10.202 0.2000000030
27531  36.187  -54.065  -9.369 0.2000000030
30795  35.463  -50.635  -4.712 0.3000000119
31850  34.819  -49.902  -4.363 0.2000000030
32912  34.611  -48.791  -3.049 0.2000000030
32911  35.572  -48.660  -2.989 0.2000000030
17616  42.190  -62.497  -0.856 0.1000000015
16496  41.754  -63.284  -0.439 0.1000000015
17640  41.511  -62.299  -1.550 0.1000000015
15406  41.180  -64.380  -0.490 0.1000000015
16517  41.524  -63.340  -1.341 0.1000000015
15426  41.440  -63.876  -0.768 0.1000000015
32844  35.459  -48.803  -0.372 0.1000000015
32843  36.386  -49.277  -0.673 0.1000000015
32872  36.253  -48.755  -1.255 0.1000000015
32895  35.962  -48.436  -2.101 0.1000000015
32894  37.036  -48.639  -2.104 0.1000000015
31823  36.117  -48.905  -3.858 0.1000000015
31849  35.767  -49.717  -4.389 0.2000000030
32910  36.581  -48.574  -3.025 0.1000000015
32909  37.683  -48.622  -3.177 0.2000000030
30821  36.033  -51.231  -5.129 0.2000000030
31822  37.831  -48.943  -3.756 0.2000000030
31848  36.726  -49.518  -4.378 0.2000000030
30794  36.360  -50.390  -4.790 0.2000000030
31820  39.270  -49.224  -3.575 0.2000000030
31847  37.729  -49.276  -4.319 0.2000000030
30793  37.291  -50.164  -4.875 0.2000000030
29691  36.489  -51.874  -5.618 0.2000000030
28575  36.274  -52.282  -5.824 0.2000000030
28594  36.652  -52.416  -6.454 0.2000000030
28612  37.599  -52.233  -7.272 0.1000000015
32908  38.788  -48.557  -2.988 0.2000000030
30820  36.840  -50.940  -5.371 0.2000000030
29690  37.332  -51.473  -5.797 0.2000000030
29710  37.040  -51.942  -6.039 0.1000000015
29709  37.592  -51.830  -6.487 0.1000000015
32873  35.211  -48.502  -1.277 0.1000000015
31759  35.888  -49.539  0.036 0.1000000015
31758  36.547  -49.995  -0.461 0.1000000015
32842  36.950  -49.780  -0.845 0.1000000015
32871  37.437  -49.141  -1.183 0.1000000015
32929  37.068  -48.799  -3.865 0.2000000030
31870  38.255  -49.896  -5.151 0.2000000030
24114  39.949  -54.817  -13.815 0.2000000030
25231  39.935  -54.847  -12.755 0.2000000030
24130  39.603  -54.991  -14.231 0.2000000030
24129  39.989  -54.560  -14.281 0.2000000030
26398  39.096  -54.053  -12.047 0.2000000030
24113  40.296  -54.340  -13.561 0.2000000030
25266  39.811  -54.461  -14.412 0.2000000030
26399  38.712  -54.562  -11.740 0.2000000030
25247  40.111  -53.512  -13.304 0.1000000015
25264  40.584  -52.837  -14.063 0.2000000030
27559  39.370  -53.667  -12.527 0.2000000030
27544  38.674  -53.510  -11.857 0.2000000030
119445  40.505  -52.342  -14.239 0.1000000015
119430  40.658  -52.437  -13.677 0.1000000015
119438  40.023  -52.836  -13.130 0.1000000015
31997  39.937  -50.987  -13.613 0.1000000015
31988  39.260  -50.980  -12.958 0.1000000015
32892  39.368  -48.674  -2.100 0.1000000015
28675  38.643  -52.479  -11.617 0.1000000015
30936  40.305  -51.944  -13.029 0.1000000015
119429  39.414  -52.952  -12.623 0.1000000015
31996  40.248  -51.164  -13.615 0.1000000015
119442  40.610  -51.931  -13.944 0.1000000015
31974  39.320  -50.195  -12.333 0.1000000015
31987  40.118  -50.393  -13.353 0.1000000015
31960  38.583  -49.955  -11.340 0.1000000015
32906  39.955  -48.944  -3.029 0.1000000015
31781  40.964  -49.432  -1.496 0.1000000015
31805  40.313  -49.089  -2.054 0.1000000015
28659  37.526  -52.704  -9.925 0.1000000015
29824  39.677  -51.916  -12.538 0.1000000015
119439  39.537  -51.608  -12.062 0.1000000015
31986  40.668  -50.554  -13.019 0.1000000015
31959  39.692  -49.608  -11.685 0.1000000015
31804  41.359  -49.289  -2.502 0.1000000015
31846  38.764  -49.576  -4.394 0.1000000015
29791  39.838  -51.276  -10.498 0.1000000015
28658  38.301  -52.035  -10.423 0.1000000015
29809  41.091  -50.779  -11.049 0.1000000015
119443  39.613  -51.445  -11.566 0.1000000015
29792  39.199  -51.540  -11.102 0.1000000015
30919  40.891  -50.701  -12.025 0.1000000015
30920  40.218  -51.330  -12.328 0.1000000015
31957  41.384  -49.994  -11.522 0.1000000015
31939  40.944  -49.668  -10.710 0.1000000015
31958  40.731  -49.555  -11.810 0.1000000015
31972  40.971  -49.993  -12.370 0.1000000015
31819  40.359  -49.065  -3.324 0.1000000015
29773  38.086  -51.966  -9.325 0.1000000015
31938  41.680  -50.106  -10.359 0.1000000015
30904  41.602  -50.526  -10.760 0.1000000015
29751  38.096  -52.129  -8.667 0.1000000015
26442  40.249  -53.070  -14.319 0.1000000015
119441  40.076  -52.526  -14.349 0.1000000015
31973  40.446  -49.724  -12.744 0.1000000015
29772  39.022  -51.501  -9.758 0.1000000015
18910  35.097  -62.007  -14.284 0.1000000015
19895  34.694  -60.633  -13.149 0.1000000015
18894  34.608  -61.589  -14.055 0.1000000015
16732  34.496  -63.650  -14.634 0.1000000015
15643  35.030  -64.838  -15.096 0.1000000015
14607  34.497  -65.759  -15.165 0.1000000015
18893  35.363  -61.416  -14.039 0.1000000015
19909  35.096  -60.752  -13.876 0.1000000015
17854  34.790  -62.656  -14.384 0.1000000015
16731  35.224  -63.698  -14.516 0.1000000015
20868  34.884  -59.323  -12.529 0.1000000015
20888  35.292  -60.150  -13.259 0.1000000015
19908  35.637  -60.520  -13.537 0.1000000015
18892  35.977  -61.305  -13.375 0.1000000015
18909  35.371  -62.036  -14.092 0.1000000015
18879  34.325  -61.386  -13.171 0.1000000015
19907  36.364  -60.177  -13.114 0.1000000015
20869  34.154  -60.191  -12.371 0.1000000015
21912  35.077  -58.640  -12.152 0.1000000015
21894  34.587  -58.538  -11.624 0.1000000015
20854  33.938  -59.408  -11.549 0.1000000015
20853  34.428  -59.062  -11.946 0.1000000015
13631  34.132  -66.518  -15.130 0.1000000015
12335  34.950  -68.333  8.032 0.1000000015
13327  34.632  -66.841  4.444 0.1000000015
13440  35.055  -67.056  -2.559 0.1000000015
13630  34.677  -66.513  -15.168 0.1000000015
14311  35.145  -66.467  4.747 0.1000000015
14326  34.760  -66.428  4.608 0.1000000015
14443  35.222  -66.315  -2.634 0.1000000015
14456  37.950  -65.082  -3.429 0.2000000030
14464  34.921  -65.032  -3.847 0.2000000030
14608  33.938  -66.002  -15.022 0.1000000015
15244  33.874  -64.280  10.008 0.1000000015
15281  32.590  -63.886  8.270 0.1000000015
15433  29.021  -64.192  -2.108 0.1000000015
15497  39.572  -63.764  -5.494 0.1000000015
15503  34.601  -64.262  -5.220 0.1000000015
15513  39.294  -63.639  -6.669 0.1000000015
15559  34.603  -63.793  -11.304 0.1000000015
15644  34.485  -64.907  -15.249 0.1000000015
16389  31.854  -63.193  7.556 0.1000000015
16527  27.761  -63.672  -0.994 0.1000000015
16538  41.188  -63.150  -1.993 0.3000000119
16542  29.536  -64.024  -2.239 0.1000000015
16575  38.967  -63.175  -4.981 0.4000000060
16582  39.683  -63.774  -5.294 0.1000000015
16585  36.353  -63.726  -6.182 0.1000000015
16599  39.299  -63.647  -6.996 0.1000000015
16600  37.454  -63.870  -7.277 0.1000000015
16603  34.792  -63.728  -6.179 0.1000000015
16616  36.983  -63.546  -7.788 0.1000000015
16650  36.634  -63.289  -8.740 0.1000000015
16666  35.486  -63.245  -11.407 0.1000000015
16667  34.963  -63.370  -11.049 0.1000000015
16747  34.734  -64.244  -15.091 0.1000000015
17419  34.455  -63.105  10.175 0.1000000015
17444  32.403  -62.651  9.055 0.1000000015
17470  31.956  -62.515  8.602 0.1000000015
17472  30.908  -62.038  7.943 0.1000000015
17564  42.085  -62.787  2.023 0.1000000015
17569  35.119  -61.647  2.203 0.1000000015
17615  42.403  -61.916  -0.942 0.2000000030
17624  28.170  -62.978  -0.577 0.1000000015
17639  42.218  -61.884  -1.215 0.2000000030
17647  28.337  -63.081  -1.011 0.1000000015
17680  37.628  -61.904  -3.664 0.3000000119
17694  39.198  -63.107  -4.160 0.4000000060
17697  37.230  -62.160  -4.669 0.4000000060
17730  37.575  -63.424  -8.157 0.1000000015
17838  34.422  -62.353  -14.128 0.1000000015
17853  35.329  -62.614  -14.151 0.1000000015
18560  31.236  -61.549  7.967 0.1000000015
18577  31.115  -61.173  7.631 0.1000000015
18578  30.750  -61.431  7.392 0.1000000015
18596  30.185  -61.426  6.415 0.1000000015
18661  42.981  -61.091  1.122 0.1000000015
18704  42.434  -61.375  -0.892 0.2000000030
18706  32.194  -61.735  -0.126 0.1000000015
18757  36.671  -61.258  -3.782 0.4000000060
18777  36.007  -61.417  -5.190 0.3000000119
18783  39.314  -62.288  -6.558 0.1000000015
18862  36.241  -61.251  -12.084 0.1000000015
18863  35.884  -61.168  -12.154 0.1000000015
18878  36.050  -61.153  -12.443 0.1000000015
19680  30.086  -60.909  2.686 0.1000000015
19695  42.955  -60.839  1.058 0.2000000030
19696  42.718  -60.632  1.082 0.2000000030
19712  42.970  -60.870  0.814 0.2000000030
19713  42.620  -60.594  0.517 0.2000000030
19743  41.778  -60.464  -1.839 0.2000000030
19754  40.560  -60.250  -2.381 0.5000000000
19756  38.701  -60.332  -2.828 0.4000000060
19792  34.070  -60.059  -4.897 0.4000000060
19811  34.566  -60.100  -6.542 0.3000000119
19819  39.326  -61.376  -7.780 0.1000000015
19824  34.553  -59.559  -7.148 0.3000000119
19861  37.372  -60.001  -11.499 0.2000000030
19879  36.497  -60.478  -11.821 0.2000000030
19880  35.844  -60.915  -11.890 0.1000000015
19893  36.364  -60.474  -12.677 0.1000000015
19906  36.922  -59.588  -13.274 0.1000000015
20582  32.780  -59.939  6.106 0.1000000015
20597  38.452  -59.020  5.755 0.1000000015
20602  32.574  -59.878  5.959 0.1000000015
20668  42.341  -60.200  0.298 0.2000000030
20669  42.098  -59.873  0.399 0.2000000030
20670  41.474  -59.384  0.443 0.2000000030
20685  41.891  -59.662  -0.487 0.2000000030
20686  41.449  -59.512  -0.891 0.3000000119
20687  39.464  -58.992  -0.896 0.3000000119
20705  42.288  -60.057  -0.756 0.2000000030
20721  40.115  -59.350  -2.627 0.4000000060
20723  38.754  -59.443  -3.036 0.4000000060
20745  39.036  -58.797  -3.248 0.4000000060
20763  33.859  -59.828  -6.025 0.4000000060
20782  34.087  -59.034  -7.277 0.4000000060
20783  33.748  -59.063  -6.822 0.4000000060
20807  40.357  -58.735  -10.382 0.2000000030
20830  40.270  -58.706  -10.889 0.2000000030
20832  37.228  -59.740  -11.543 0.2000000030
20833  36.904  -59.845  -11.642 0.2000000030
20848  40.155  -58.645  -11.131 0.2000000030
20852  37.099  -59.661  -12.034 0.2000000030
20865  37.532  -59.309  -12.641 0.2000000030
20867  35.476  -59.054  -12.787 0.2000000030
21613  37.202  -58.957  5.882 0.1000000015
21745  33.643  -58.176  -1.171 0.4000000060
21751  41.206  -59.289  -2.084 0.3000000119
21799  33.659  -58.812  -4.168 0.5000000000
21808  32.492  -57.883  -5.287 0.5000000000
21810  34.739  -58.453  -7.834 0.4000000060
21864  40.298  -58.273  -10.730 0.2000000030
21865  40.068  -57.839  -10.369 0.2000000030
21867  37.395  -59.607  -11.765 0.2000000030
21868  37.140  -59.609  -11.765 0.2000000030
21891  37.361  -59.640  -11.969 0.2000000030
21892  37.367  -59.667  -12.101 0.2000000030
21910  36.178  -58.111  -12.938 0.2000000030
21928  38.012  -58.058  -13.307 0.3000000119
22671  33.786  -56.907  9.776 0.1000000015
22743  31.581  -57.135  5.063 0.2000000030
22816  33.054  -58.229  0.936 0.5000000000
22831  32.426  -57.600  -0.587 0.5000000000
22885  34.776  -57.278  -3.470 0.5000000000
22887  32.904  -57.553  -3.616 0.5000000000
22905  32.165  -57.446  -4.911 0.5000000000
22935  34.674  -57.249  -7.967 0.4000000060
22954  40.072  -57.780  -10.241 0.2000000030
22955  39.973  -57.639  -10.185 0.2000000030
22959  35.603  -57.101  -9.075 0.4000000060
22973  40.129  -57.817  -10.701 0.2000000030
22976  37.791  -57.229  -10.142 0.3000000119
22990  40.148  -57.946  -11.024 0.2000000030
22993  35.686  -57.618  -11.946 0.2000000030
23775  34.737  -56.449  9.558 0.1000000015
23776  34.305  -56.435  9.747 0.1000000015
23840  31.477  -56.841  4.007 0.3000000119
23972  36.865  -57.067  -3.335 0.5000000000
23989  31.568  -55.995  -4.478 0.5000000000
24010  33.959  -57.000  -7.311 0.4000000060
24082  36.708  -56.583  -12.316 0.2000000030
24084  35.408  -56.979  -11.546 0.2000000030
24096  40.099  -54.694  -13.249 0.2000000030
24117  37.495  -57.003  -13.493 0.3000000119
24926  30.002  -55.158  10.768 0.1000000015
25014  29.288  -54.904  2.127 0.4000000060
25028  30.324  -55.870  0.469 0.5000000000
25114  32.213  -55.088  -5.109 0.5000000000
25128  32.041  -55.428  -5.128 0.5000000000
25136  34.420  -55.826  -7.066 0.4000000060
25137  33.905  -55.609  -6.581 0.4000000060
25148  34.921  -55.316  -7.845 0.4000000060
25200  36.806  -55.412  -10.296 0.3000000119
25233  38.962  -55.099  -11.928 0.3000000119
25248  40.403  -54.205  -13.794 0.2000000030
25265  40.406  -53.959  -14.270 0.2000000030
26085  34.035  -54.868  10.210 0.1000000015
26122  28.713  -54.512  7.778 0.2000000030
26171  28.783  -53.941  2.338 0.2000000030
26178  28.967  -53.841  1.906 0.2000000030
26190  29.633  -53.841  1.101 0.5000000000
26226  33.662  -55.015  -1.780 0.5000000000
26285  32.160  -54.529  -4.766 0.4000000060
26329  34.819  -55.178  -7.579 0.4000000060
26400  38.271  -55.013  -11.497 0.3000000119
26410  39.374  -54.450  -12.421 0.2000000030
26411  39.086  -54.893  -12.078 0.2000000030
26427  39.390  -54.263  -14.406 0.3000000119
26443  39.983  -53.785  -14.524 0.1000000015
27220  27.618  -53.515  12.510 0.1000000015
27323  29.027  -52.879  2.965 0.2000000030
27336  30.000  -52.883  1.055 0.5000000000
27337  29.562  -53.168  1.482 0.4000000060
27365  31.509  -53.446  -0.680 0.5000000000
27586  38.878  -53.994  -14.117 0.2000000030
28332  30.996  -52.924  11.080 0.1000000015
28351  31.641  -53.121  10.732 0.1000000015
28370  31.779  -53.109  10.590 0.1000000015
28398  28.620  -52.866  8.177 0.2000000030
28441  28.911  -52.867  3.466 0.2000000030
28477  31.376  -52.938  -0.488 0.5000000000
28506  31.648  -53.135  -1.242 0.6000000238
28545  31.925  -52.335  -3.808 0.4000000060
28558  35.217  -52.152  -5.152 0.4000000060
28661  35.136  -52.212  -9.696 0.1000000015
28692  36.065  -52.927  -10.820 0.1000000015
29651  31.621  -51.442  -3.042 0.5000000000
29793  36.874  -51.190  -10.937 0.1000000015
29810  40.201  -51.210  -11.443 0.1000000015
29825  37.645  -51.546  -12.068 0.1000000015
30572  32.590  -49.839  5.910 0.1000000015
30657  34.659  -50.000  2.587 0.2000000030
30658  32.805  -50.118  3.186 0.2000000030
30684  37.488  -50.730  1.155 0.1000000015
30685  36.666  -50.656  1.290 0.1000000015
30739  31.646  -50.792  -1.751 0.5000000000
30759  31.902  -50.171  -3.073 0.4000000060
30797  33.614  -50.939  -4.285 0.3000000119
30905  37.014  -50.754  -10.773 0.1000000015
30937  40.038  -51.580  -12.534 0.1000000015
30939  37.853  -51.037  -12.034 0.1000000015
31621  28.621  -50.156  7.991 0.1000000015
31660  31.846  -49.762  5.599 0.1000000015
31675  36.025  -49.558  5.088 0.1000000015
31745  31.051  -50.015  0.516 0.5000000000
31761  31.769  -49.430  -0.940 0.4000000060
31786  32.778  -49.132  -2.285 0.4000000060
31807  32.925  -49.175  -3.032 0.3000000119
31821  38.337  -49.069  -3.673 0.2000000030
31825  34.301  -49.438  -3.651 0.3000000119
31826  33.466  -49.669  -3.503 0.3000000119
31976  37.967  -50.562  -11.666 0.1000000015
31998  39.822  -51.813  -14.022 0.1000000015
32762  33.954  -48.327  5.929 0.1000000015
32822  32.481  -48.644  0.809 0.4000000060
32847  32.397  -48.957  -0.993 0.4000000060
32876  32.599  -49.030  -1.429 0.4000000060
32891  39.921  -48.916  -2.707 0.1000000015
32907  39.636  -48.785  -2.972 0.1000000015
32928  37.572  -48.893  -3.793 0.2000000030
33807  28.459  -47.957  10.086 0.1000000015
33831  28.612  -47.849  9.117 0.1000000015
119427  39.651  -53.396  -12.818 0.2000000030
119428  39.878  -53.107  -13.003 0.1000000015
119431  40.442  -52.531  -13.426 0.1000000015
119432  38.653  -53.013  -12.026 0.1000000015
119433  39.423  -52.107  -12.419 0.1000000015
119437  40.527  -52.293  -13.427 0.1000000015
119444  40.929  -52.277  -14.121 0.1000000015
