#!ascii label  , from subject 3780 vox2ras=TkReg
1552
50025  -46.490  -20.413  43.268 0.0000000000
45538  -33.662  -24.501  53.416 0.0000000000
59701  -48.929  -12.235  30.530 0.0000000000
50154  -39.381  -19.812  32.555 0.0000000000
58401  -46.095  -13.299  38.236 0.0000000000
51109  -40.613  -19.269  50.514 0.0000000000
43653  -39.711  -26.560  45.255 0.0000000000
48913  -36.113  -20.953  38.639 0.0000000000
49888  -25.793  -20.903  52.123 0.0000000000
63158  -56.203  -9.943  32.538 0.0000000000
45703  -30.733  -23.979  40.543 0.0000000000
50095  -42.461  -20.167  37.756 0.0000000000
56074  -41.192  -16.209  36.193 0.0000000000
54913  -46.777  -16.714  40.777 0.0000000000
49953  -44.129  -20.198  47.779 0.0000000000
51216  -39.104  -18.810  43.812 0.0000000000
51262  -41.358  -19.837  40.015 0.0000000000
51293  -37.374  -20.119  36.222 0.0000000000
65247  -53.934  -7.468  30.495 0.0000000000
45535  -30.130  -24.111  53.196 0.0000000000
45631  -27.167  -24.200  45.796 0.0000000000
46633  -30.413  -23.119  47.540 0.0000000000
58444  -46.688  -13.567  34.501 0.0000000000
48679  -36.979  -21.279  53.048 0.0000000000
47624  -36.267  -22.754  47.559 0.0000000000
48802  -37.437  -21.661  46.717 0.0000000000
46718  -36.823  -23.448  42.159 0.0000000000
48646  -22.436  -21.786  54.224 0.0000000000
61940  -50.924  -10.620  39.887 0.0000000000
59645  -51.494  -13.211  35.930 0.0000000000
62018  -55.044  -11.332  35.218 0.0000000000
58483  -53.538  -14.214  32.479 0.0000000000
58522  -56.438  -14.543  30.422 0.0000000000
48798  -23.427  -22.247  46.317 0.0000000000
44697  -34.025  -26.001  44.059 0.0000000000
48895  -45.279  -21.164  40.777 0.0000000000
52560  -44.319  -18.756  39.322 0.0000000000
51253  -47.251  -19.321  41.393 0.0000000000
49976  -45.263  -20.163  46.090 0.0000000000
52463  -43.641  -19.054  44.220 0.0000000000
51252  -44.112  -20.776  41.748 0.0000000000
48906  -42.294  -21.544  39.033 0.0000000000
59747  -48.407  -12.298  27.695 0.0000000000
59733  -50.372  -12.513  28.943 0.0000000000
44571  -31.733  -25.146  53.522 0.0000000000
44650  -30.043  -25.756  49.433 0.0000000000
45576  -32.191  -24.561  50.848 0.0000000000
53826  -39.274  -18.209  31.249 0.0000000000
57196  -43.754  -14.542  38.110 0.0000000000
56090  -41.629  -14.606  34.728 0.0000000000
57215  -44.309  -13.911  35.389 0.0000000000
57239  -44.548  -13.840  33.287 0.0000000000
58415  -46.443  -13.477  36.314 0.0000000000
51086  -38.290  -19.858  51.804 0.0000000000
48774  -36.410  -21.204  49.296 0.0000000000
51147  -37.867  -18.982  48.443 0.0000000000
51259  -37.959  -19.536  40.911 0.0000000000
50035  -38.333  -20.616  42.755 0.0000000000
47753  -35.722  -22.107  40.913 0.0000000000
51336  -38.271  -19.339  34.281 0.0000000000
60793  -51.066  -12.110  37.712 0.0000000000
57218  -55.159  -14.631  34.917 0.0000000000
58467  -55.515  -13.823  33.250 0.0000000000
57270  -55.158  -15.178  31.560 0.0000000000
59689  -55.280  -13.325  32.051 0.0000000000
60911  -52.848  -10.925  28.831 0.0000000000
47556  -24.008  -22.063  53.263 0.0000000000
48744  -22.732  -22.309  50.166 0.0000000000
46583  -24.282  -22.883  50.280 0.0000000000
47723  -28.541  -22.588  42.244 0.0000000000
47734  -26.592  -22.754  41.866 0.0000000000
46749  -28.985  -23.484  39.108 0.0000000000
46671  -38.101  -24.343  44.929 0.0000000000
46668  -35.167  -23.456  44.210 0.0000000000
43635  -36.778  -27.159  45.314 0.0000000000
50137  -41.194  -20.275  34.941 0.0000000000
53777  -40.248  -18.100  34.488 0.0000000000
52563  -42.066  -18.476  37.370 0.0000000000
54924  -43.691  -16.410  38.903 0.0000000000
57176  -45.411  -14.903  40.100 0.0000000000
51148  -42.089  -19.273  49.027 0.0000000000
52408  -39.406  -18.463  47.523 0.0000000000
52444  -41.496  -18.166  45.570 0.0000000000
52531  -40.665  -18.167  41.623 0.0000000000
50081  -37.982  -20.641  38.791 0.0000000000
50088  -35.787  -20.620  37.539 0.0000000000
48927  -38.693  -21.203  37.498 0.0000000000
50106  -40.430  -20.846  36.477 0.0000000000
64184  -55.309  -8.931  31.711 0.0000000000
68910  -56.343  -5.113  31.508 0.0000000000
47557  -28.636  -22.549  52.860 0.0000000000
45586  -26.268  -23.648  49.652 0.0000000000
44616  -28.237  -24.989  49.958 0.0000000000
45646  -29.038  -24.399  45.922 0.0000000000
46684  -30.446  -22.743  43.590 0.0000000000
54960  -39.610  -16.320  33.726 0.0000000000
58493  -45.429  -12.861  31.779 0.0000000000
58495  -47.608  -12.898  31.830 0.0000000000
46528  -36.042  -23.491  53.016 0.0000000000
45592  -34.789  -24.108  50.569 0.0000000000
46590  -36.655  -23.249  49.470 0.0000000000
46618  -37.514  -23.035  46.880 0.0000000000
47687  -39.333  -23.287  45.399 0.0000000000
51199  -38.264  -19.534  44.954 0.0000000000
48852  -38.755  -22.066  43.925 0.0000000000
44726  -38.426  -25.466  43.392 0.0000000000
55992  -45.954  -16.179  43.561 0.0000000000
47529  -34.437  -22.458  54.938 0.0000000000
51042  -38.094  -19.525  54.202 0.0000000000
52301  -40.265  -18.451  52.767 0.0000000000
54882  -48.530  -16.039  43.548 0.0000000000
58342  -48.768  -14.401  42.305 0.0000000000
58375  -47.641  -13.252  41.241 0.0000000000
60701  -50.219  -10.803  41.785 0.0000000000
59593  -48.118  -12.055  39.470 0.0000000000
59632  -48.650  -12.654  36.644 0.0000000000
58430  -49.680  -13.157  35.444 0.0000000000
58479  -49.526  -12.861  32.742 0.0000000000
59637  -53.817  -12.886  36.790 0.0000000000
58449  -52.134  -13.681  34.532 0.0000000000
59685  -50.987  -12.675  31.714 0.0000000000
58533  -52.528  -13.418  29.712 0.0000000000
60899  -53.816  -11.758  30.546 0.0000000000
48722  -21.003  -21.374  51.785 0.0000000000
48850  -22.314  -21.297  43.436 0.0000000000
47655  -25.250  -22.875  46.011 0.0000000000
47732  -24.729  -21.958  42.027 0.0000000000
48799  -32.905  -21.913  47.828 0.0000000000
46686  -32.630  -22.891  43.506 0.0000000000
44722  -32.621  -25.701  42.280 0.0000000000
41488  -32.975  -28.289  43.587 0.0000000000
48880  -46.207  -20.852  42.061 0.0000000000
50066  -46.121  -20.019  41.099 0.0000000000
50040  -47.429  -20.111  41.997 0.0000000000
50008  -45.686  -20.236  44.254 0.0000000000
50023  -45.254  -20.577  43.914 0.0000000000
50037  -45.234  -20.810  42.793 0.0000000000
48878  -44.596  -21.300  41.211 0.0000000000
59713  -47.826  -12.488  29.442 0.0000000000
59731  -48.569  -12.383  28.629 0.0000000000
59748  -49.360  -12.328  27.853 0.0000000000
59715  -49.647  -12.386  29.702 0.0000000000
44561  -32.875  -25.151  54.145 0.0000000000
44602  -31.737  -25.117  51.979 0.0000000000
44604  -33.271  -24.559  51.972 0.0000000000
51377  -38.142  -19.055  31.396 0.0000000000
51368  -39.073  -19.102  31.417 0.0000000000
57203  -44.546  -14.104  37.585 0.0000000000
57208  -44.019  -13.939  36.455 0.0000000000
57209  -44.871  -13.776  36.839 0.0000000000
58425  -45.095  -13.743  35.760 0.0000000000
58410  -46.394  -13.211  37.305 0.0000000000
51087  -39.383  -19.457  51.524 0.0000000000
51126  -37.119  -19.632  49.952 0.0000000000
51127  -38.521  -18.922  49.539 0.0000000000
50070  -36.898  -20.265  39.723 0.0000000000
50060  -36.481  -20.572  40.476 0.0000000000
48902  -35.665  -21.381  39.426 0.0000000000
47776  -34.685  -22.626  38.882 0.0000000000
52620  -38.486  -19.371  33.131 0.0000000000
52618  -36.808  -18.384  33.454 0.0000000000
52641  -37.753  -18.724  32.631 0.0000000000
60846  -56.074  -12.001  33.770 0.0000000000
60864  -55.717  -11.787  33.101 0.0000000000
59673  -55.402  -13.022  32.853 0.0000000000
60863  -55.234  -11.264  32.418 0.0000000000
48671  -25.122  -21.512  52.627 0.0000000000
47584  -24.458  -22.387  51.121 0.0000000000
46557  -25.081  -22.417  50.502 0.0000000000
46713  -29.562  -22.861  41.232 0.0000000000
47751  -28.819  -22.544  41.279 0.0000000000
45702  -30.061  -24.181  39.898 0.0000000000
44754  -29.809  -25.447  39.520 0.0000000000
44742  -30.623  -25.523  40.396 0.0000000000
45662  -38.844  -25.181  45.475 0.0000000000
44701  -37.842  -25.752  45.137 0.0000000000
43637  -38.876  -26.910  45.824 0.0000000000
50108  -42.061  -20.302  36.560 0.0000000000
51294  -41.757  -19.610  36.340 0.0000000000
51286  -42.470  -19.638  37.512 0.0000000000
53748  -45.633  -17.711  40.124 0.0000000000
53751  -44.019  -17.790  39.044 0.0000000000
54926  -45.147  -16.746  40.057 0.0000000000
56055  -44.147  -15.721  39.209 0.0000000000
56043  -45.675  -15.792  40.331 0.0000000000
51149  -42.696  -19.497  48.626 0.0000000000
52411  -41.982  -18.587  47.111 0.0000000000
51180  -42.975  -19.424  46.659 0.0000000000
52533  -43.162  -19.082  41.630 0.0000000000
52508  -42.209  -18.250  42.650 0.0000000000
52546  -41.343  -18.968  40.413 0.0000000000
51261  -39.890  -18.799  40.351 0.0000000000
50073  -39.989  -20.121  39.279 0.0000000000
50082  -38.647  -20.808  38.672 0.0000000000
48904  -40.295  -20.570  38.883 0.0000000000
48919  -42.635  -21.277  38.418 0.0000000000
48929  -40.966  -20.524  37.529 0.0000000000
50107  -41.417  -20.664  36.445 0.0000000000
50122  -40.898  -20.609  35.580 0.0000000000
46536  -29.242  -23.154  53.235 0.0000000000
46560  -28.266  -23.779  51.323 0.0000000000
45559  -29.249  -24.930  51.428 0.0000000000
45621  -30.715  -24.131  47.980 0.0000000000
45620  -29.533  -24.758  47.932 0.0000000000
45647  -29.542  -23.836  45.737 0.0000000000
45656  -29.272  -23.652  44.611 0.0000000000
46664  -30.211  -22.807  44.769 0.0000000000
54947  -40.429  -17.281  35.384 0.0000000000
54953  -39.673  -17.581  33.759 0.0000000000
56088  -40.255  -16.004  34.600 0.0000000000
57236  -41.479  -14.374  33.546 0.0000000000
56107  -40.797  -14.409  33.219 0.0000000000
57252  -41.318  -14.134  32.726 0.0000000000
58458  -45.683  -13.636  33.587 0.0000000000
58475  -44.969  -13.439  32.699 0.0000000000
58476  -46.116  -13.272  32.614 0.0000000000
58494  -46.550  -12.763  31.552 0.0000000000
58459  -46.897  -13.411  33.539 0.0000000000
47560  -36.774  -22.356  53.033 0.0000000000
46561  -36.583  -23.147  51.946 0.0000000000
47588  -36.593  -22.486  51.700 0.0000000000
49952  -36.754  -21.006  48.099 0.0000000000
47625  -37.096  -22.509  48.144 0.0000000000
47639  -37.334  -22.467  47.060 0.0000000000
46619  -38.176  -23.070  46.463 0.0000000000
47685  -38.164  -22.415  45.797 0.0000000000
52442  -39.318  -18.192  45.671 0.0000000000
52426  -38.867  -18.341  46.557 0.0000000000
52458  -38.827  -18.743  44.850 0.0000000000
47740  -37.080  -22.675  41.974 0.0000000000
48862  -38.826  -21.338  43.466 0.0000000000
47725  -38.441  -22.848  43.337 0.0000000000
46690  -38.702  -23.758  43.787 0.0000000000
50102  -36.188  -20.373  36.883 0.0000000000
51059  -39.079  -19.321  53.102 0.0000000000
53593  -42.849  -17.505  50.941 0.0000000000
54857  -47.898  -16.537  43.407 0.0000000000
58335  -49.768  -13.768  44.090 0.0000000000
58343  -49.488  -13.948  42.926 0.0000000000
58357  -47.908  -14.121  41.759 0.0000000000
59544  -49.326  -12.764  42.554 0.0000000000
61920  -50.535  -10.590  40.569 0.0000000000
60726  -49.297  -11.258  40.650 0.0000000000
60747  -49.446  -11.122  39.737 0.0000000000
59620  -48.483  -12.448  37.498 0.0000000000
60791  -49.742  -11.632  37.930 0.0000000000
59623  -51.735  -12.321  37.489 0.0000000000
58417  -50.141  -13.061  36.066 0.0000000000
58418  -50.505  -13.087  35.887 0.0000000000
58447  -49.915  -13.272  34.545 0.0000000000
58448  -51.015  -13.499  34.578 0.0000000000
60816  -54.820  -11.899  35.829 0.0000000000
57242  -54.425  -14.846  33.713 0.0000000000
57229  -53.774  -14.690  35.014 0.0000000000
58465  -53.360  -14.341  33.427 0.0000000000
59671  -51.753  -13.320  32.627 0.0000000000
58497  -52.265  -13.467  31.457 0.0000000000
59705  -52.163  -13.241  30.744 0.0000000000
58498  -53.159  -13.785  31.659 0.0000000000
56136  -56.264  -15.200  30.715 0.0000000000
57287  -55.073  -15.286  30.824 0.0000000000
56143  -56.090  -15.349  30.093 0.0000000000
65248  -54.894  -7.596  31.140 0.0000000000
63194  -54.054  -9.681  30.985 0.0000000000
63207  -53.088  -9.556  30.226 0.0000000000
48772  -22.929  -22.446  48.770 0.0000000000
48771  -22.125  -21.597  48.523 0.0000000000
48780  -21.939  -21.481  47.345 0.0000000000
48817  -21.591  -20.887  45.079 0.0000000000
48818  -22.561  -21.504  45.479 0.0000000000
45603  -26.696  -24.264  48.360 0.0000000000
47619  -25.796  -23.175  47.367 0.0000000000
46647  -25.885  -23.269  45.354 0.0000000000
47733  -25.501  -22.278  41.658 0.0000000000
45732  -26.358  -24.341  37.285 0.0000000000
46600  -34.824  -23.511  49.210 0.0000000000
47621  -33.917  -23.064  48.719 0.0000000000
47636  -34.687  -22.377  47.601 0.0000000000
45658  -35.356  -24.622  44.076 0.0000000000
46667  -34.268  -22.928  44.018 0.0000000000
45674  -33.988  -24.617  43.189 0.0000000000
45673  -33.195  -23.853  42.941 0.0000000000
44711  -33.607  -25.737  43.346 0.0000000000
42589  -32.346  -27.452  42.560 0.0000000000
50075  -43.747  -20.911  39.318 0.0000000000
51282  -43.704  -19.572  39.013 0.0000000000
51276  -44.778  -19.537  39.963 0.0000000000
52556  -46.187  -18.919  40.684 0.0000000000
52547  -46.366  -18.166  40.482 0.0000000000
49975  -44.728  -20.373  46.446 0.0000000000
51181  -43.650  -19.806  46.148 0.0000000000
51188  -44.888  -20.321  45.007 0.0000000000
51217  -44.230  -19.921  42.867 0.0000000000
51264  -42.964  -20.583  40.813 0.0000000000
50061  -41.757  -20.813  39.875 0.0000000000
50051  -43.290  -21.156  40.647 0.0000000000
48893  -43.489  -21.369  39.982 0.0000000000
58556  -51.514  -13.209  27.621 0.0000000000
44558  -31.077  -25.044  53.693 0.0000000000
43571  -30.177  -25.709  51.909 0.0000000000
43560  -31.257  -25.505  52.229 0.0000000000
45590  -31.119  -24.942  50.226 0.0000000000
45622  -31.271  -23.775  48.670 0.0000000000
56071  -42.512  -15.458  37.214 0.0000000000
56082  -41.632  -15.054  35.508 0.0000000000
57206  -42.262  -14.904  36.085 0.0000000000
57225  -42.379  -14.093  34.618 0.0000000000
57226  -43.388  -13.937  34.461 0.0000000000
57238  -43.522  -13.982  33.440 0.0000000000
57227  -44.543  -14.090  34.302 0.0000000000
58443  -45.622  -13.744  34.628 0.0000000000
58427  -46.579  -13.611  35.441 0.0000000000
49894  -37.519  -20.525  52.555 0.0000000000
48730  -36.659  -21.481  51.694 0.0000000000
49942  -36.831  -20.236  50.647 0.0000000000
51145  -36.471  -19.727  49.100 0.0000000000
49963  -37.000  -20.688  47.255 0.0000000000
51248  -39.214  -19.081  42.291 0.0000000000
51231  -38.421  -19.594  42.917 0.0000000000
51229  -36.865  -19.740  42.321 0.0000000000
48875  -36.720  -21.448  41.609 0.0000000000
47739  -36.170  -22.450  41.305 0.0000000000
46728  -35.750  -23.866  40.976 0.0000000000
46739  -34.911  -23.468  39.863 0.0000000000
52578  -37.520  -19.334  35.133 0.0000000000
52595  -36.857  -18.769  34.448 0.0000000000
61941  -51.867  -10.669  39.853 0.0000000000
60749  -51.204  -10.947  39.079 0.0000000000
60750  -52.184  -11.047  39.066 0.0000000000
59608  -52.796  -11.917  37.963 0.0000000000
59624  -52.889  -12.436  37.401 0.0000000000
62038  -55.771  -10.844  34.694 0.0000000000
59646  -54.978  -12.663  35.638 0.0000000000
59647  -55.364  -12.728  34.878 0.0000000000
57219  -55.327  -14.400  34.315 0.0000000000
57243  -55.134  -14.908  33.297 0.0000000000
57269  -54.648  -14.843  32.029 0.0000000000
57257  -55.329  -15.000  32.247 0.0000000000
57258  -55.578  -14.715  31.940 0.0000000000
58500  -55.249  -13.556  31.222 0.0000000000
66427  -53.269  -6.367  29.995 0.0000000000
64212  -52.610  -8.454  29.672 0.0000000000
64224  -51.878  -8.594  28.446 0.0000000000
48647  -23.363  -21.593  54.337 0.0000000000
47570  -22.519  -22.122  52.463 0.0000000000
47571  -23.191  -22.376  52.529 0.0000000000
47606  -23.318  -22.647  50.125 0.0000000000
47629  -23.753  -22.482  47.942 0.0000000000
45653  -27.423  -23.868  44.090 0.0000000000
46661  -26.228  -23.551  44.191 0.0000000000
46711  -27.375  -22.733  42.305 0.0000000000
47764  -28.135  -22.406  40.270 0.0000000000
46735  -27.894  -22.748  39.082 0.0000000000
45733  -27.317  -24.259  37.574 0.0000000000
44764  -28.623  -25.445  38.392 0.0000000000
46651  -37.121  -23.258  45.487 0.0000000000
47661  -35.538  -22.408  46.167 0.0000000000
47702  -36.573  -23.300  44.814 0.0000000000
45659  -36.491  -24.723  44.399 0.0000000000
43649  -35.298  -26.671  44.753 0.0000000000
50156  -40.248  -20.189  33.076 0.0000000000
52644  -40.166  -19.308  33.194 0.0000000000
51323  -40.845  -19.380  34.022 0.0000000000
53767  -40.978  -18.335  35.827 0.0000000000
54937  -41.430  -17.458  36.923 0.0000000000
52565  -43.129  -18.337  38.276 0.0000000000
54939  -42.680  -17.317  37.710 0.0000000000
54932  -42.590  -16.347  37.760 0.0000000000
57186  -43.351  -15.148  38.317 0.0000000000
57197  -44.576  -14.354  38.660 0.0000000000
58389  -45.301  -14.132  39.312 0.0000000000
51129  -40.946  -19.240  49.820 0.0000000000
52364  -40.427  -18.855  49.163 0.0000000000
52388  -40.834  -18.742  48.512 0.0000000000
52428  -41.373  -18.183  46.575 0.0000000000
52460  -40.518  -17.933  44.588 0.0000000000
52462  -42.672  -18.463  44.411 0.0000000000
52461  -41.514  -18.021  44.611 0.0000000000
52506  -39.788  -18.368  42.824 0.0000000000
51260  -39.312  -18.938  40.970 0.0000000000
51272  -38.499  -19.461  39.951 0.0000000000
50080  -37.028  -20.406  38.925 0.0000000000
48924  -35.362  -20.923  38.115 0.0000000000
48914  -37.222  -20.793  38.307 0.0000000000
48926  -37.536  -21.050  37.726 0.0000000000
50091  -38.659  -20.777  36.827 0.0000000000
48917  -40.604  -20.501  38.278 0.0000000000
48928  -39.977  -20.909  37.369 0.0000000000
50119  -38.191  -20.075  35.568 0.0000000000
50120  -38.954  -20.241  35.260 0.0000000000
50135  -39.733  -20.363  34.318 0.0000000000
63177  -55.724  -9.792  32.110 0.0000000000
65229  -56.518  -7.625  31.805 0.0000000000
66392  -56.172  -6.616  31.547 0.0000000000
67641  -55.480  -5.743  31.159 0.0000000000
67659  -54.247  -5.323  30.262 0.0000000000
68921  -54.110  -4.509  29.791 0.0000000000
48701  -27.383  -21.793  52.034 0.0000000000
46558  -25.971  -23.040  50.893 0.0000000000
46559  -27.497  -23.316  51.077 0.0000000000
44615  -27.470  -24.544  49.662 0.0000000000
44646  -27.304  -24.804  47.753 0.0000000000
44633  -28.897  -25.327  49.430 0.0000000000
44661  -28.556  -25.013  47.620 0.0000000000
45644  -27.884  -24.518  45.257 0.0000000000
45671  -28.498  -23.665  44.132 0.0000000000
46683  -29.288  -22.971  43.753 0.0000000000
46715  -31.363  -23.406  41.761 0.0000000000
53789  -39.723  -18.107  33.277 0.0000000000
53806  -39.248  -17.665  31.843 0.0000000000
56096  -39.977  -15.288  34.018 0.0000000000
59680  -46.804  -12.628  30.811 0.0000000000
59682  -48.271  -12.599  31.465 0.0000000000
46540  -34.922  -23.620  53.421 0.0000000000
45561  -34.002  -24.419  52.080 0.0000000000
45562  -35.255  -24.262  51.919 0.0000000000
46576  -35.827  -23.829  50.672 0.0000000000
46602  -36.627  -23.105  48.257 0.0000000000
47610  -36.688  -22.610  49.585 0.0000000000
46591  -37.226  -23.113  48.568 0.0000000000
46617  -36.850  -23.032  47.319 0.0000000000
46636  -37.819  -23.250  46.136 0.0000000000
46653  -39.033  -24.010  45.680 0.0000000000
45650  -40.099  -25.162  45.476 0.0000000000
52386  -38.767  -18.594  48.309 0.0000000000
52424  -37.560  -19.202  46.573 0.0000000000
49987  -37.668  -20.709  45.633 0.0000000000
50021  -38.405  -20.281  43.554 0.0000000000
48840  -38.656  -21.037  44.263 0.0000000000
48821  -38.264  -22.182  45.493 0.0000000000
47703  -39.203  -22.792  44.738 0.0000000000
46673  -39.886  -24.213  44.905 0.0000000000
50087  -35.020  -20.683  37.732 0.0000000000
52464  -45.544  -18.847  44.138 0.0000000000
53688  -46.461  -17.863  43.359 0.0000000000
49846  -23.752  -20.627  54.752 0.0000000000
49847  -26.950  -20.215  53.285 0.0000000000
49849  -28.251  -21.074  53.686 0.0000000000
47542  -29.114  -22.379  53.990 0.0000000000
45513  -31.080  -24.717  54.773 0.0000000000
45526  -32.331  -24.352  54.748 0.0000000000
46524  -33.252  -23.869  54.328 0.0000000000
46525  -34.044  -23.401  54.400 0.0000000000
47544  -35.382  -22.410  53.996 0.0000000000
47558  -35.895  -21.927  53.741 0.0000000000
49874  -36.553  -20.922  53.973 0.0000000000
49856  -36.895  -20.164  54.458 0.0000000000
49876  -37.524  -20.381  53.276 0.0000000000
51071  -38.437  -19.695  52.654 0.0000000000
51072  -39.347  -19.345  52.445 0.0000000000
51073  -40.096  -19.256  52.079 0.0000000000
51089  -41.032  -18.917  50.963 0.0000000000
51111  -42.239  -19.218  50.263 0.0000000000
51131  -42.612  -19.274  49.578 0.0000000000
53668  -45.193  -18.139  45.636 0.0000000000
53706  -47.762  -17.830  42.793 0.0000000000
53727  -48.708  -17.846  42.333 0.0000000000
54900  -48.252  -16.952  41.653 0.0000000000
57131  -49.216  -14.665  44.259 0.0000000000
56036  -48.683  -16.037  42.063 0.0000000000
56045  -47.370  -15.932  40.886 0.0000000000
57178  -47.055  -15.060  40.868 0.0000000000
59573  -46.604  -13.512  40.418 0.0000000000
59591  -46.480  -13.113  39.912 0.0000000000
59576  -49.068  -11.848  41.008 0.0000000000
59592  -47.335  -12.609  39.719 0.0000000000
59618  -46.727  -12.779  38.166 0.0000000000
59619  -47.434  -12.625  37.664 0.0000000000
58416  -47.241  -13.218  36.146 0.0000000000
58428  -47.626  -13.317  35.382 0.0000000000
60792  -50.467  -11.860  37.766 0.0000000000
59642  -48.569  -12.824  35.809 0.0000000000
58445  -47.763  -13.448  34.440 0.0000000000
58460  -48.000  -13.267  33.512 0.0000000000
58478  -48.300  -12.901  32.478 0.0000000000
59683  -49.256  -12.375  31.380 0.0000000000
59625  -53.771  -12.621  37.561 0.0000000000
58420  -53.118  -13.414  36.293 0.0000000000
58422  -54.472  -13.221  35.829 0.0000000000
58433  -53.267  -13.862  35.368 0.0000000000
58432  -52.025  -13.518  35.695 0.0000000000
58463  -51.224  -13.229  33.536 0.0000000000
59669  -50.285  -12.735  32.278 0.0000000000
59702  -49.883  -12.367  30.611 0.0000000000
59716  -50.581  -12.582  29.835 0.0000000000
58532  -51.830  -13.297  29.184 0.0000000000
58546  -52.490  -13.487  28.681 0.0000000000
57286  -54.467  -14.830  31.264 0.0000000000
58547  -53.459  -13.721  29.030 0.0000000000
58558  -53.168  -13.763  28.007 0.0000000000
62096  -54.998  -10.655  31.817 0.0000000000
59687  -54.222  -12.240  31.166 0.0000000000
58520  -55.330  -13.504  30.414 0.0000000000
62131  -53.016  -10.625  29.890 0.0000000000
59719  -54.072  -12.235  29.770 0.0000000000
58536  -55.761  -13.600  29.845 0.0000000000
48723  -21.746  -21.831  51.532 0.0000000000
46585  -25.616  -23.054  49.412 0.0000000000
47617  -24.649  -22.494  48.405 0.0000000000
47675  -23.857  -22.540  46.003 0.0000000000
47711  -25.783  -23.117  43.638 0.0000000000
47695  -24.820  -22.453  44.647 0.0000000000
47709  -24.001  -22.294  43.750 0.0000000000
48859  -23.245  -21.601  42.943 0.0000000000
46574  -33.577  -24.275  50.716 0.0000000000
46598  -32.691  -23.466  49.421 0.0000000000
47657  -31.335  -22.481  47.677 0.0000000000
47682  -34.727  -22.161  45.486 0.0000000000
47698  -32.802  -21.845  45.005 0.0000000000
46650  -31.082  -22.328  45.437 0.0000000000
46685  -31.484  -22.575  43.512 0.0000000000
46701  -31.620  -23.152  42.614 0.0000000000
45694  -31.590  -24.586  41.404 0.0000000000
42547  -35.943  -27.931  45.482 0.0000000000
42559  -34.827  -27.692  45.116 0.0000000000
43647  -33.633  -26.667  44.065 0.0000000000
43662  -32.691  -26.687  42.756 0.0000000000
43674  -32.031  -26.617  42.057 0.0000000000
44732  -30.866  -26.141  41.115 0.0000000000
48865  -46.227  -20.891  42.446 0.0000000000
50039  -46.752  -20.462  42.496 0.0000000000
51235  -46.954  -20.050  43.043 0.0000000000
51203  -46.032  -19.920  43.981 0.0000000000
50024  -45.857  -20.629  43.528 0.0000000000
50038  -46.123  -20.919  42.874 0.0000000000
48864  -45.789  -21.120  42.299 0.0000000000
59700  -48.011  -12.394  30.388 0.0000000000
59714  -48.720  -12.293  29.570 0.0000000000
59732  -49.484  -12.362  28.782 0.0000000000
45537  -33.277  -24.623  54.015 0.0000000000
44589  -33.136  -24.780  52.578 0.0000000000
44574  -33.605  -24.853  52.941 0.0000000000
51367  -38.716  -19.325  31.726 0.0000000000
51352  -39.425  -19.475  32.195 0.0000000000
58400  -45.343  -13.838  38.402 0.0000000000
58409  -45.448  -13.586  37.475 0.0000000000
51108  -39.577  -19.329  50.583 0.0000000000
50079  -36.381  -20.716  39.279 0.0000000000
50069  -36.272  -20.890  39.916 0.0000000000
51351  -38.780  -19.571  32.547 0.0000000000
52642  -38.260  -19.169  32.866 0.0000000000
51366  -38.182  -19.203  32.033 0.0000000000
63159  -56.516  -9.981  32.948 0.0000000000
62078  -56.305  -10.971  33.244 0.0000000000
62077  -55.894  -10.610  32.588 0.0000000000
49887  -25.401  -21.201  52.380 0.0000000000
47573  -24.964  -22.325  51.883 0.0000000000
48699  -25.449  -21.680  51.925 0.0000000000
45693  -30.235  -23.303  40.882 0.0000000000
45692  -30.143  -23.255  40.466 0.0000000000
44741  -30.235  -25.089  39.859 0.0000000000
43638  -39.457  -26.476  45.743 0.0000000000
44686  -38.925  -25.893  45.808 0.0000000000
42550  -39.098  -27.509  46.019 0.0000000000
50109  -42.387  -20.188  37.161 0.0000000000
51295  -42.344  -19.827  36.828 0.0000000000
53740  -46.343  -17.383  40.547 0.0000000000
53747  -44.777  -17.716  39.578 0.0000000000
54912  -46.005  -16.695  40.431 0.0000000000
51150  -43.513  -19.995  48.127 0.0000000000
51165  -42.572  -19.254  47.539 0.0000000000
51166  -43.419  -19.965  47.120 0.0000000000
51249  -42.033  -19.412  40.550 0.0000000000
52532  -41.929  -18.529  41.434 0.0000000000
52553  -40.622  -19.117  40.018 0.0000000000
51274  -40.519  -19.741  39.645 0.0000000000
50074  -40.849  -20.449  39.451 0.0000000000
50084  -42.758  -20.677  38.181 0.0000000000
50083  -42.346  -20.739  38.148 0.0000000000
50094  -42.074  -20.657  37.412 0.0000000000
46523  -29.756  -23.573  53.558 0.0000000000
46548  -29.342  -23.912  52.213 0.0000000000
45547  -29.586  -24.521  52.088 0.0000000000
45635  -29.732  -23.591  47.151 0.0000000000
46649  -30.237  -22.716  46.320 0.0000000000
54948  -40.780  -16.547  35.742 0.0000000000
56080  -40.444  -16.527  35.130 0.0000000000
57237  -42.382  -14.233  33.613 0.0000000000
47577  -36.795  -22.324  52.424 0.0000000000
46562  -36.947  -22.849  52.185 0.0000000000
48706  -36.718  -21.975  52.119 0.0000000000
48786  -37.041  -21.735  47.660 0.0000000000
47663  -37.802  -22.324  46.193 0.0000000000
52459  -39.629  -18.281  44.773 0.0000000000
52479  -39.122  -18.668  44.232 0.0000000000
47724  -37.839  -22.479  42.701 0.0000000000
46704  -37.490  -23.644  42.831 0.0000000000
46703  -36.624  -23.962  42.181 0.0000000000
51292  -36.759  -19.927  36.365 0.0000000000
51303  -36.440  -19.413  35.906 0.0000000000
61921  -51.526  -10.151  40.692 0.0000000000
61939  -50.172  -10.742  39.952 0.0000000000
60748  -50.290  -11.124  39.333 0.0000000000
60769  -49.443  -11.534  38.718 0.0000000000
59635  -51.955  -13.043  36.603 0.0000000000
59644  -51.136  -12.997  36.012 0.0000000000
58431  -50.812  -13.297  35.449 0.0000000000
62036  -54.179  -10.874  34.924 0.0000000000
62017  -54.564  -11.267  35.804 0.0000000000
58466  -54.017  -14.679  32.986 0.0000000000
58482  -52.539  -13.561  32.514 0.0000000000
57288  -56.346  -14.794  30.892 0.0000000000
56137  -56.538  -15.130  30.093 0.0000000000
57289  -56.607  -14.780  30.274 0.0000000000
64201  -54.003  -8.572  30.728 0.0000000000
64200  -53.323  -8.155  30.351 0.0000000000
48781  -22.983  -21.763  47.886 0.0000000000
48797  -22.900  -21.841  46.661 0.0000000000
48819  -23.294  -22.088  45.709 0.0000000000
45617  -26.857  -24.356  47.058 0.0000000000
46613  -26.082  -23.512  46.961 0.0000000000
46632  -26.399  -23.759  46.115 0.0000000000
46757  -25.497  -23.300  37.499 0.0000000000
47623  -35.684  -22.786  48.025 0.0000000000
47622  -34.834  -23.034  48.382 0.0000000000
47637  -35.511  -22.502  47.130 0.0000000000
44698  -34.829  -25.779  44.041 0.0000000000
45675  -34.659  -24.932  43.559 0.0000000000
44712  -34.236  -25.456  43.584 0.0000000000
50076  -44.136  -20.516  39.931 0.0000000000
51275  -43.989  -20.155  39.390 0.0000000000
50064  -44.936  -20.494  40.412 0.0000000000
51267  -46.406  -19.443  41.109 0.0000000000
51266  -45.872  -19.767  40.812 0.0000000000
52548  -47.183  -18.625  40.936 0.0000000000
49990  -44.971  -20.505  45.566 0.0000000000
51234  -44.474  -20.604  42.485 0.0000000000
51218  -44.705  -20.403  43.423 0.0000000000
51233  -44.240  -20.104  41.894 0.0000000000
52534  -43.620  -19.705  41.529 0.0000000000
51251  -43.623  -20.446  41.189 0.0000000000
50063  -43.238  -20.902  40.918 0.0000000000
50052  -43.742  -20.975  41.082 0.0000000000
48894  -44.139  -20.811  40.530 0.0000000000
48877  -43.670  -21.006  40.619 0.0000000000
48908  -43.694  -21.091  39.741 0.0000000000
59749  -50.228  -12.529  28.071 0.0000000000
59750  -50.940  -12.933  28.280 0.0000000000
43535  -31.400  -25.245  53.444 0.0000000000
43559  -30.734  -25.520  52.526 0.0000000000
43547  -31.326  -25.343  52.972 0.0000000000
45575  -31.570  -24.910  50.803 0.0000000000
44620  -31.569  -25.153  51.091 0.0000000000
45607  -31.186  -24.357  49.136 0.0000000000
45591  -31.968  -24.224  49.834 0.0000000000
52680  -39.086  -18.674  31.125 0.0000000000
57195  -43.161  -15.042  37.652 0.0000000000
56076  -42.529  -15.068  36.624 0.0000000000
57201  -43.057  -15.017  36.963 0.0000000000
57214  -43.161  -13.811  35.507 0.0000000000
58426  -45.746  -13.752  35.632 0.0000000000
58442  -45.057  -13.757  35.126 0.0000000000
49914  -37.953  -20.215  52.370 0.0000000000
49929  -37.039  -20.369  51.357 0.0000000000
51106  -37.469  -19.809  51.093 0.0000000000
51146  -37.179  -19.317  48.855 0.0000000000
49962  -36.448  -20.267  47.941 0.0000000000
51162  -37.056  -19.468  47.730 0.0000000000
51247  -38.251  -19.465  41.893 0.0000000000
51246  -37.042  -19.608  41.761 0.0000000000
48889  -35.830  -21.404  40.416 0.0000000000
48890  -36.294  -21.064  41.033 0.0000000000
48874  -36.102  -21.674  41.097 0.0000000000
47738  -35.705  -22.572  40.922 0.0000000000
46716  -35.722  -23.127  40.974 0.0000000000
47752  -35.334  -22.597  40.425 0.0000000000
51320  -38.005  -19.456  34.947 0.0000000000
52596  -37.580  -19.168  34.611 0.0000000000
61942  -52.730  -10.541  39.680 0.0000000000
60752  -53.836  -11.046  39.103 0.0000000000
60773  -53.404  -11.475  38.506 0.0000000000
59609  -53.632  -12.160  38.152 0.0000000000
63122  -56.362  -10.161  33.918 0.0000000000
63140  -56.126  -9.669  33.838 0.0000000000
63121  -56.202  -10.298  34.283 0.0000000000
60830  -56.001  -11.651  34.368 0.0000000000
59660  -55.691  -12.867  33.543 0.0000000000
58451  -55.502  -13.723  33.962 0.0000000000
57232  -55.364  -14.495  33.681 0.0000000000
57244  -55.451  -14.579  32.848 0.0000000000
58485  -55.516  -13.987  32.456 0.0000000000
58501  -55.555  -14.159  31.620 0.0000000000
59688  -54.809  -12.752  31.628 0.0000000000
66426  -52.721  -6.272  29.261 0.0000000000
65258  -52.769  -7.155  29.757 0.0000000000
48669  -23.806  -21.711  53.588 0.0000000000
47555  -23.403  -22.005  53.358 0.0000000000
47597  -24.267  -22.480  50.742 0.0000000000
47596  -23.935  -22.665  50.638 0.0000000000
47607  -24.021  -23.075  49.820 0.0000000000
47615  -23.398  -22.674  49.459 0.0000000000
47616  -23.833  -22.613  48.897 0.0000000000
46681  -27.685  -23.258  43.333 0.0000000000
46697  -27.405  -22.899  42.870 0.0000000000
46712  -27.705  -22.716  42.443 0.0000000000
46723  -28.796  -22.621  40.132 0.0000000000
47750  -28.301  -22.461  40.967 0.0000000000
46736  -28.493  -22.790  39.503 0.0000000000
46748  -28.404  -23.393  38.802 0.0000000000
45722  -28.351  -24.286  38.264 0.0000000000
45723  -28.959  -24.019  38.714 0.0000000000
43703  -30.046  -26.638  39.626 0.0000000000
44753  -29.076  -25.743  38.962 0.0000000000
46670  -37.251  -23.895  44.688 0.0000000000
43651  -37.155  -26.377  45.059 0.0000000000
44700  -36.850  -25.648  44.673 0.0000000000
44699  -35.811  -25.652  44.449 0.0000000000
43650  -36.270  -26.450  44.850 0.0000000000
50147  -40.924  -20.257  34.255 0.0000000000
51339  -40.643  -19.796  33.514 0.0000000000
51324  -41.149  -19.751  34.373 0.0000000000
52567  -41.628  -18.724  36.791 0.0000000000
52580  -41.144  -18.994  35.944 0.0000000000
53760  -41.205  -18.042  36.476 0.0000000000
53754  -41.670  -17.904  37.231 0.0000000000
52558  -43.065  -18.837  38.304 0.0000000000
52559  -43.538  -18.666  38.675 0.0000000000
54934  -43.682  -17.097  38.829 0.0000000000
53750  -43.452  -17.737  38.452 0.0000000000
54933  -43.060  -16.775  38.176 0.0000000000
56066  -42.819  -15.741  38.004 0.0000000000
56054  -43.423  -15.755  38.663 0.0000000000
57188  -44.688  -14.804  39.527 0.0000000000
58372  -45.338  -14.443  39.786 0.0000000000
51130  -41.789  -19.362  49.678 0.0000000000
52365  -41.232  -19.063  49.193 0.0000000000
52389  -41.572  -18.998  48.678 0.0000000000
52443  -40.514  -17.989  45.554 0.0000000000
53666  -41.274  -17.885  45.097 0.0000000000
52446  -43.369  -19.065  45.257 0.0000000000
53705  -41.565  -18.047  42.387 0.0000000000
52482  -41.912  -18.021  43.472 0.0000000000
53704  -41.016  -17.726  42.469 0.0000000000
52481  -40.720  -17.765  43.392 0.0000000000
52507  -40.455  -18.022  42.364 0.0000000000
52530  -39.898  -18.472  41.874 0.0000000000
51273  -39.722  -19.280  39.820 0.0000000000
50071  -37.821  -20.147  39.445 0.0000000000
48916  -39.399  -20.913  38.431 0.0000000000
48915  -38.236  -21.129  38.278 0.0000000000
50090  -37.870  -20.580  37.147 0.0000000000
48891  -42.173  -21.331  39.682 0.0000000000
48905  -41.228  -21.191  39.116 0.0000000000
50092  -40.656  -20.829  37.088 0.0000000000
48938  -39.761  -20.873  36.769 0.0000000000
50105  -39.332  -20.630  36.290 0.0000000000
50121  -39.996  -20.615  35.395 0.0000000000
50136  -40.571  -20.472  34.658 0.0000000000
50145  -39.738  -20.270  33.345 0.0000000000
67624  -56.477  -5.939  31.957 0.0000000000
67642  -56.189  -5.670  31.560 0.0000000000
66412  -55.425  -6.790  31.220 0.0000000000
68922  -54.963  -4.902  30.416 0.0000000000
70123  -55.013  -3.743  30.133 0.0000000000
48702  -28.166  -22.106  52.535 0.0000000000
47587  -27.197  -22.537  51.434 0.0000000000
47574  -27.809  -22.850  51.737 0.0000000000
45574  -28.577  -24.851  50.642 0.0000000000
45573  -27.854  -24.195  50.473 0.0000000000
45588  -27.223  -24.598  48.865 0.0000000000
44632  -27.929  -24.857  48.992 0.0000000000
43597  -30.051  -26.204  50.604 0.0000000000
44618  -29.634  -26.046  50.742 0.0000000000
44634  -29.757  -25.920  49.946 0.0000000000
45619  -28.843  -24.482  47.329 0.0000000000
44662  -29.081  -25.221  48.192 0.0000000000
45633  -28.442  -24.446  46.770 0.0000000000
44672  -28.053  -24.728  46.912 0.0000000000
45645  -28.495  -24.516  45.694 0.0000000000
45655  -28.681  -24.396  44.671 0.0000000000
46663  -29.736  -22.984  44.221 0.0000000000
46700  -30.467  -22.669  42.547 0.0000000000
52622  -40.497  -18.938  33.778 0.0000000000
52643  -39.767  -18.914  32.618 0.0000000000
53790  -40.131  -18.328  33.727 0.0000000000
54959  -39.439  -17.284  33.361 0.0000000000
54967  -39.099  -16.642  32.626 0.0000000000
56089  -40.752  -15.067  34.825 0.0000000000
57251  -40.373  -14.537  32.568 0.0000000000
57255  -44.372  -13.608  32.719 0.0000000000
58516  -45.786  -12.644  31.104 0.0000000000
59681  -47.372  -12.607  31.061 0.0000000000
45529  -35.777  -24.006  53.762 0.0000000000
45550  -34.981  -23.765  52.923 0.0000000000
45551  -35.872  -23.569  52.644 0.0000000000
46577  -36.186  -23.343  50.856 0.0000000000
45580  -35.850  -23.732  51.013 0.0000000000
46589  -35.687  -23.890  50.007 0.0000000000
49928  -36.494  -21.007  50.874 0.0000000000
48750  -36.347  -21.893  50.917 0.0000000000
48764  -36.375  -21.795  49.840 0.0000000000
47611  -37.181  -22.689  49.076 0.0000000000
46603  -37.166  -22.949  47.721 0.0000000000
46635  -36.952  -23.086  46.464 0.0000000000
47665  -38.934  -23.087  45.791 0.0000000000
46637  -38.578  -23.317  45.887 0.0000000000
46638  -39.160  -23.555  45.642 0.0000000000
45649  -39.936  -25.008  45.678 0.0000000000
46654  -39.702  -24.223  45.441 0.0000000000
52387  -39.899  -18.619  48.404 0.0000000000
52363  -39.532  -18.683  49.082 0.0000000000
52441  -38.375  -18.766  45.649 0.0000000000
52425  -37.896  -18.840  46.410 0.0000000000
51186  -37.667  -19.624  45.778 0.0000000000
51185  -37.408  -20.226  46.058 0.0000000000
49988  -37.790  -20.247  45.078 0.0000000000
48853  -38.908  -21.255  43.972 0.0000000000
48839  -38.376  -21.695  44.796 0.0000000000
45677  -38.836  -24.836  43.589 0.0000000000
46691  -39.403  -24.420  44.312 0.0000000000
45678  -39.381  -25.177  44.171 0.0000000000
45663  -39.904  -25.054  44.755 0.0000000000
44714  -38.929  -25.796  43.825 0.0000000000
48925  -36.473  -20.853  37.926 0.0000000000
49845  -23.245  -21.072  55.005 0.0000000000
49848  -27.726  -20.567  54.031 0.0000000000
46507  -30.511  -23.931  55.447 0.0000000000
47543  -34.761  -22.976  54.298 0.0000000000
47530  -35.010  -21.897  54.728 0.0000000000
48678  -36.545  -21.451  53.512 0.0000000000
52260  -37.942  -18.838  54.627 0.0000000000
52259  -36.988  -18.971  54.726 0.0000000000
51041  -37.371  -19.717  54.405 0.0000000000
51057  -37.748  -20.038  53.898 0.0000000000
49895  -37.809  -20.254  52.819 0.0000000000
51058  -38.346  -19.604  53.466 0.0000000000
52300  -39.586  -18.994  53.053 0.0000000000
52324  -41.173  -18.586  51.717 0.0000000000
52345  -41.523  -18.798  51.028 0.0000000000
52346  -42.284  -18.436  50.928 0.0000000000
52367  -42.617  -18.926  50.206 0.0000000000
52368  -43.139  -18.389  49.847 0.0000000000
51132  -43.425  -19.339  49.050 0.0000000000
52447  -45.487  -18.870  45.145 0.0000000000
54855  -45.859  -17.098  43.733 0.0000000000
52487  -47.500  -18.556  42.804 0.0000000000
54856  -46.798  -16.901  43.450 0.0000000000
54858  -48.273  -15.886  43.744 0.0000000000
53690  -48.160  -17.271  43.044 0.0000000000
54881  -48.611  -16.795  42.950 0.0000000000
53726  -48.474  -17.866  41.707 0.0000000000
54901  -48.701  -16.947  42.252 0.0000000000
57145  -49.040  -15.095  42.566 0.0000000000
57146  -49.400  -14.921  43.409 0.0000000000
56035  -48.124  -16.011  41.371 0.0000000000
57162  -48.452  -15.135  41.853 0.0000000000
57161  -47.680  -15.143  41.382 0.0000000000
58374  -46.942  -14.026  40.900 0.0000000000
59574  -47.194  -13.106  40.517 0.0000000000
61878  -50.663  -10.316  42.224 0.0000000000
60677  -49.545  -11.863  42.332 0.0000000000
60700  -49.621  -11.414  41.586 0.0000000000
60746  -48.715  -11.596  40.069 0.0000000000
59604  -47.396  -12.410  38.731 0.0000000000
59631  -47.789  -12.793  36.807 0.0000000000
59641  -47.941  -12.860  36.116 0.0000000000
60771  -51.497  -11.600  38.234 0.0000000000
59633  -49.626  -12.742  36.308 0.0000000000
59643  -49.114  -12.907  35.621 0.0000000000
58429  -48.590  -13.273  35.214 0.0000000000
58446  -48.817  -13.260  34.470 0.0000000000
58462  -50.188  -13.170  33.680 0.0000000000
58461  -49.090  -13.017  33.608 0.0000000000
59667  -48.938  -12.541  32.067 0.0000000000
59626  -54.335  -12.366  37.291 0.0000000000
58435  -54.924  -13.703  35.357 0.0000000000
58450  -53.030  -14.306  34.404 0.0000000000
57216  -53.878  -14.387  35.432 0.0000000000
59686  -51.631  -13.283  31.971 0.0000000000
59670  -51.140  -12.910  32.694 0.0000000000
59684  -50.134  -12.420  31.479 0.0000000000
59703  -50.862  -12.462  30.760 0.0000000000
59718  -52.141  -13.169  30.418 0.0000000000
59717  -51.623  -12.783  29.962 0.0000000000
57299  -55.250  -15.161  29.934 0.0000000000
57298  -54.392  -14.685  30.415 0.0000000000
57307  -54.366  -14.400  29.452 0.0000000000
63176  -54.793  -9.761  31.425 0.0000000000
62117  -53.467  -10.680  30.714 0.0000000000
60882  -54.116  -11.234  31.318 0.0000000000
59707  -54.634  -13.095  30.794 0.0000000000
59706  -54.247  -12.532  30.406 0.0000000000
63206  -52.611  -9.462  29.545 0.0000000000
62130  -52.654  -10.282  29.309 0.0000000000
59736  -54.439  -12.427  29.023 0.0000000000
59721  -55.566  -13.301  29.425 0.0000000000
47582  -22.760  -22.459  51.878 0.0000000000
47581  -22.266  -22.090  52.049 0.0000000000
47594  -22.326  -22.243  51.413 0.0000000000
48758  -21.225  -21.261  49.490 0.0000000000
48779  -21.001  -20.825  46.839 0.0000000000
48835  -21.525  -20.842  44.040 0.0000000000
50003  -21.182  -20.677  44.547 0.0000000000
48849  -21.467  -21.000  43.054 0.0000000000
50032  -21.795  -21.184  41.814 0.0000000000
45571  -26.370  -23.560  50.026 0.0000000000
46570  -25.607  -23.157  50.207 0.0000000000
47631  -25.390  -22.918  46.963 0.0000000000
47618  -25.560  -22.721  47.908 0.0000000000
47630  -24.625  -22.522  47.452 0.0000000000
47654  -24.585  -22.583  46.496 0.0000000000
46679  -26.314  -23.180  43.264 0.0000000000
47720  -25.885  -22.781  42.763 0.0000000000
48873  -24.963  -21.913  41.633 0.0000000000
47719  -25.088  -21.899  42.817 0.0000000000
48851  -23.013  -21.726  43.861 0.0000000000
47718  -24.138  -21.876  42.545 0.0000000000
44775  -27.985  -25.092  37.733 0.0000000000
44774  -27.095  -25.212  37.431 0.0000000000
45578  -34.403  -24.353  51.132 0.0000000000
46575  -34.218  -24.087  50.516 0.0000000000
48783  -33.356  -22.051  47.939 0.0000000000
47620  -33.294  -23.206  48.916 0.0000000000
47634  -32.688  -22.554  48.388 0.0000000000
47633  -31.506  -22.672  48.448 0.0000000000
47658  -32.459  -21.912  47.237 0.0000000000
47683  -35.712  -22.433  45.230 0.0000000000
47700  -34.969  -22.573  44.612 0.0000000000
46666  -33.186  -22.396  44.059 0.0000000000
47699  -33.918  -22.278  44.790 0.0000000000
47697  -31.851  -21.807  45.414 0.0000000000
46665  -31.755  -21.911  44.340 0.0000000000
45683  -32.642  -24.355  42.425 0.0000000000
45682  -31.920  -24.051  42.017 0.0000000000
45695  -32.166  -24.893  41.947 0.0000000000
41464  -35.600  -28.907  45.833 0.0000000000
42546  -35.291  -28.333  45.425 0.0000000000
41463  -34.898  -28.784  45.309 0.0000000000
41475  -33.568  -28.426  44.151 0.0000000000
42558  -33.958  -27.582  44.444 0.0000000000
42575  -33.322  -27.520  43.857 0.0000000000
43663  -33.247  -26.719  43.346 0.0000000000
42574  -32.831  -27.489  43.223 0.0000000000
42588  -31.699  -27.424  41.946 0.0000000000
43673  -31.300  -26.820  41.831 0.0000000000
43682  -31.490  -26.319  41.622 0.0000000000
43672  -30.957  -26.898  41.671 0.0000000000
50065  -45.769  -20.487  40.839 0.0000000000
50054  -45.928  -20.973  41.071 0.0000000000
50055  -46.507  -20.313  41.533 0.0000000000
50056  -47.347  -19.860  41.647 0.0000000000
49991  -45.457  -20.161  45.191 0.0000000000
50007  -45.198  -20.375  44.772 0.0000000000
50053  -44.446  -21.182  41.983 0.0000000000
48863  -45.144  -21.320  41.993 0.0000000000
48879  -45.682  -21.169  41.531 0.0000000000
59712  -46.909  -12.515  29.365 0.0000000000
59730  -47.633  -12.414  28.503 0.0000000000
44572  -32.373  -25.128  53.498 0.0000000000
44587  -31.739  -25.027  52.798 0.0000000000
44588  -32.408  -24.788  52.695 0.0000000000
44603  -32.421  -24.735  51.933 0.0000000000
44621  -32.612  -24.658  51.482 0.0000000000
52663  -39.469  -18.769  31.704 0.0000000000
57202  -43.638  -14.567  37.173 0.0000000000
58413  -44.771  -13.748  36.183 0.0000000000
58414  -45.549  -13.631  36.498 0.0000000000
51107  -38.361  -19.332  50.815 0.0000000000
51270  -36.965  -20.060  40.256 0.0000000000
51258  -37.059  -19.937  40.823 0.0000000000
50059  -36.226  -20.969  40.264 0.0000000000
48888  -35.255  -21.956  39.857 0.0000000000
47765  -34.991  -22.646  39.561 0.0000000000
48901  -35.006  -22.024  39.295 0.0000000000
51337  -38.975  -19.633  33.576 0.0000000000
52619  -37.927  -18.974  33.635 0.0000000000
60831  -56.456  -11.071  34.064 0.0000000000
60847  -56.388  -11.308  33.779 0.0000000000
59672  -55.169  -12.312  32.355 0.0000000000
48670  -24.479  -21.608  53.182 0.0000000000
47572  -24.158  -22.357  52.531 0.0000000000
48698  -24.917  -22.057  52.549 0.0000000000
46569  -24.525  -22.559  50.450 0.0000000000
47737  -28.719  -22.527  41.855 0.0000000000
46724  -29.398  -22.838  40.447 0.0000000000
46737  -29.330  -23.237  39.614 0.0000000000
45713  -29.474  -24.194  39.180 0.0000000000
44755  -30.331  -26.085  39.916 0.0000000000
46672  -38.710  -24.513  45.420 0.0000000000
44702  -38.491  -25.561  45.463 0.0000000000
44685  -38.349  -25.988  45.567 0.0000000000
43636  -38.018  -26.761  45.607 0.0000000000
50123  -41.453  -20.216  35.861 0.0000000000
51306  -41.412  -19.710  35.372 0.0000000000
52568  -42.239  -19.160  37.065 0.0000000000
52554  -45.138  -18.511  39.663 0.0000000000
54925  -44.308  -16.750  39.392 0.0000000000
56056  -44.849  -15.765  39.849 0.0000000000
51164  -42.088  -19.122  48.336 0.0000000000
52429  -42.325  -18.679  46.449 0.0000000000
52509  -43.107  -18.597  42.357 0.0000000000
52483  -42.943  -18.485  43.386 0.0000000000
52545  -40.484  -18.545  40.684 0.0000000000
52544  -40.032  -18.383  41.240 0.0000000000
52552  -40.175  -18.901  40.196 0.0000000000
50072  -38.960  -20.275  39.189 0.0000000000
48903  -39.657  -20.460  38.907 0.0000000000
48918  -41.773  -20.704  38.247 0.0000000000
50093  -41.221  -20.829  37.063 0.0000000000
46547  -28.661  -23.528  52.013 0.0000000000
45558  -28.717  -24.355  51.297 0.0000000000
45606  -30.243  -25.035  49.199 0.0000000000
45605  -29.764  -25.137  48.655 0.0000000000
45634  -28.934  -23.899  46.880 0.0000000000
44682  -29.050  -24.603  45.180 0.0000000000
44684  -29.364  -24.163  45.346 0.0000000000
45657  -29.463  -23.755  45.058 0.0000000000
53776  -39.894  -17.841  33.937 0.0000000000
54954  -39.785  -17.109  34.405 0.0000000000
56098  -41.880  -14.683  34.029 0.0000000000
56097  -40.885  -14.588  33.980 0.0000000000
57240  -45.097  -13.848  33.512 0.0000000000
58457  -45.065  -13.727  33.282 0.0000000000
58477  -47.234  -13.186  32.568 0.0000000000
46542  -36.534  -23.145  53.095 0.0000000000
45552  -36.535  -23.393  52.829 0.0000000000
46552  -37.037  -23.126  52.641 0.0000000000
47600  -36.452  -22.597  50.393 0.0000000000
48775  -36.756  -21.771  48.776 0.0000000000
47640  -37.892  -22.732  46.561 0.0000000000
47664  -38.376  -22.796  46.069 0.0000000000
52427  -40.163  -18.014  46.842 0.0000000000
48860  -37.616  -21.550  42.362 0.0000000000
50036  -38.912  -21.138  43.022 0.0000000000
48861  -38.379  -21.689  43.127 0.0000000000
47712  -39.153  -22.947  43.956 0.0000000000
46705  -38.178  -23.496  43.358 0.0000000000
46689  -38.062  -23.797  43.414 0.0000000000
48633  -34.681  -21.272  55.302 0.0000000000
49835  -34.833  -20.497  55.710 0.0000000000
52279  -38.531  -18.958  54.129 0.0000000000
55971  -46.140  -15.295  43.878 0.0000000000
55993  -46.977  -15.950  43.708 0.0000000000
55972  -47.085  -15.100  44.061 0.0000000000
55994  -47.834  -15.628  43.892 0.0000000000
55995  -48.566  -15.343  44.187 0.0000000000
59543  -48.767  -13.635  42.319 0.0000000000
59557  -48.284  -12.913  41.934 0.0000000000
61900  -51.350  -9.782  41.708 0.0000000000
61899  -50.738  -10.424  41.357 0.0000000000
61898  -49.955  -10.741  41.085 0.0000000000
61919  -49.828  -10.785  40.393 0.0000000000
60768  -48.773  -11.595  39.264 0.0000000000
59605  -48.373  -12.051  38.451 0.0000000000
59606  -49.098  -11.981  37.970 0.0000000000
59622  -50.539  -12.433  37.227 0.0000000000
59634  -50.819  -12.741  36.461 0.0000000000
60807  -54.634  -11.807  36.716 0.0000000000
59638  -54.460  -12.592  36.363 0.0000000000
57230  -54.507  -15.018  34.676 0.0000000000
57217  -54.439  -14.564  35.304 0.0000000000
57241  -53.835  -14.708  34.289 0.0000000000
58464  -52.334  -13.552  33.515 0.0000000000
59659  -52.041  -13.423  32.927 0.0000000000
59704  -51.774  -12.932  31.003 0.0000000000
58518  -52.700  -13.538  30.743 0.0000000000
56135  -55.688  -15.299  31.172 0.0000000000
56142  -55.703  -15.383  30.566 0.0000000000
64202  -54.862  -8.412  31.353 0.0000000000
63195  -54.555  -9.045  31.314 0.0000000000
62142  -53.152  -11.082  27.952 0.0000000000
60912  -53.528  -11.570  28.511 0.0000000000
48759  -22.410  -21.910  49.537 0.0000000000
48796  -21.913  -21.058  46.218 0.0000000000
48836  -22.382  -21.349  44.444 0.0000000000
45602  -26.216  -23.789  49.074 0.0000000000
46596  -26.041  -23.236  48.589 0.0000000000
46597  -26.261  -23.468  47.730 0.0000000000
46612  -25.715  -23.272  46.858 0.0000000000
46631  -25.752  -23.313  46.388 0.0000000000
47748  -26.523  -22.319  40.733 0.0000000000
48886  -24.472  -21.544  40.718 0.0000000000
46734  -24.048  -22.509  38.575 0.0000000000
46744  -24.512  -22.923  38.174 0.0000000000
45731  -25.351  -24.509  37.205 0.0000000000
46588  -34.618  -23.819  50.041 0.0000000000
47635  -33.933  -22.452  48.170 0.0000000000
48784  -33.934  -21.963  47.633 0.0000000000
46688  -34.506  -23.999  43.741 0.0000000000
46687  -33.671  -23.409  43.469 0.0000000000
45684  -33.402  -24.807  42.806 0.0000000000
44723  -33.120  -25.359  42.734 0.0000000000
40451  -32.724  -28.758  43.324 0.0000000000
41487  -32.554  -28.235  43.010 0.0000000000
50085  -43.498  -20.657  38.707 0.0000000000
51281  -43.031  -19.643  38.247 0.0000000000
51283  -44.183  -19.502  39.429 0.0000000000
51265  -45.395  -19.949  40.499 0.0000000000
52555  -45.684  -18.720  40.131 0.0000000000
53741  -47.050  -17.603  40.750 0.0000000000
49965  -44.477  -20.164  47.277 0.0000000000
49974  -44.069  -20.351  46.757 0.0000000000
49989  -44.354  -20.363  46.018 0.0000000000
51187  -44.396  -19.808  45.120 0.0000000000
51200  -44.342  -19.734  43.877 0.0000000000
51201  -44.795  -20.312  44.393 0.0000000000
52484  -43.748  -19.134  43.159 0.0000000000
52510  -43.833  -19.329  42.194 0.0000000000
51250  -42.927  -19.655  40.926 0.0000000000
51263  -42.333  -20.276  40.398 0.0000000000
48876  -43.201  -21.385  40.331 0.0000000000
48892  -42.860  -21.584  39.790 0.0000000000
48907  -43.327  -21.572  39.067 0.0000000000
48920  -43.138  -21.198  38.497 0.0000000000
59764  -49.174  -12.538  26.962 0.0000000000
45524  -30.670  -24.559  53.867 0.0000000000
45548  -30.064  -25.109  52.442 0.0000000000
43558  -30.307  -25.538  52.293 0.0000000000
43572  -30.650  -25.738  51.686 0.0000000000
43584  -30.591  -25.905  50.864 0.0000000000
43585  -31.019  -25.519  51.009 0.0000000000
44635  -30.492  -25.699  50.096 0.0000000000
45589  -30.581  -25.290  49.871 0.0000000000
46614  -30.654  -23.564  47.880 0.0000000000
56075  -41.791  -15.535  36.420 0.0000000000
56081  -40.952  -15.805  35.514 0.0000000000
57213  -42.275  -14.360  35.512 0.0000000000
57207  -42.981  -14.465  36.361 0.0000000000
57253  -42.497  -13.892  32.586 0.0000000000
57228  -45.130  -14.008  33.841 0.0000000000
48707  -36.914  -21.080  52.491 0.0000000000
48731  -36.864  -20.934  52.024 0.0000000000
49941  -36.422  -20.621  49.845 0.0000000000
51125  -36.441  -20.081  49.440 0.0000000000
49951  -36.324  -20.545  48.821 0.0000000000
49973  -37.561  -20.788  46.394 0.0000000000
51232  -39.154  -18.964  43.278 0.0000000000
51230  -37.517  -19.691  42.541 0.0000000000
50034  -36.972  -20.400  42.282 0.0000000000
50050  -36.502  -20.337  41.468 0.0000000000
46717  -36.244  -23.551  41.578 0.0000000000
46727  -35.394  -23.644  40.514 0.0000000000
51304  -37.514  -19.723  35.660 0.0000000000
52577  -37.003  -19.105  35.243 0.0000000000
52594  -35.802  -18.441  34.314 0.0000000000
61922  -52.393  -10.134  40.308 0.0000000000
60751  -53.079  -10.925  39.002 0.0000000000
60772  -52.557  -11.495  38.483 0.0000000000
59607  -52.179  -11.849  38.042 0.0000000000
60817  -55.222  -11.828  35.022 0.0000000000
58436  -55.351  -13.717  34.633 0.0000000000
59652  -55.726  -12.796  34.224 0.0000000000
57231  -55.115  -14.943  34.175 0.0000000000
57256  -54.664  -14.914  32.818 0.0000000000
58484  -54.166  -14.634  32.434 0.0000000000
56108  -55.464  -15.091  31.930 0.0000000000
56109  -55.677  -15.029  31.845 0.0000000000
56123  -56.009  -15.066  31.452 0.0000000000
57271  -55.949  -14.670  31.337 0.0000000000
58521  -55.956  -14.188  30.707 0.0000000000
65259  -53.375  -7.031  30.208 0.0000000000
65246  -53.107  -7.637  30.218 0.0000000000
63220  -52.294  -9.532  28.882 0.0000000000
47540  -22.829  -21.994  53.604 0.0000000000
47595  -22.922  -22.520  50.939 0.0000000000
47583  -23.560  -22.595  51.648 0.0000000000
48760  -22.905  -22.494  49.611 0.0000000000
48773  -23.444  -22.477  48.463 0.0000000000
47652  -23.404  -22.043  47.463 0.0000000000
45643  -27.373  -24.069  44.816 0.0000000000
46648  -26.749  -23.670  45.100 0.0000000000
46680  -26.995  -23.514  43.508 0.0000000000
46696  -26.782  -22.911  42.693 0.0000000000
46710  -27.025  -22.745  42.148 0.0000000000
47736  -28.066  -22.618  41.913 0.0000000000
47735  -27.437  -22.643  41.691 0.0000000000
47749  -27.408  -22.514  40.908 0.0000000000
47763  -27.509  -22.341  39.874 0.0000000000
45721  -27.763  -23.886  37.879 0.0000000000
45734  -27.913  -24.375  37.794 0.0000000000
45712  -29.049  -24.881  38.848 0.0000000000
47638  -36.307  -22.716  46.776 0.0000000000
47662  -36.381  -22.748  45.860 0.0000000000
47684  -36.366  -22.871  45.156 0.0000000000
46669  -36.127  -23.779  44.386 0.0000000000
45660  -37.532  -24.873  44.676 0.0000000000
50155  -39.762  -20.043  32.686 0.0000000000
51353  -40.110  -19.719  32.752 0.0000000000
52597  -40.903  -18.872  34.589 0.0000000000
52598  -41.309  -19.180  35.061 0.0000000000
52579  -41.036  -18.697  35.343 0.0000000000
53766  -40.627  -18.137  35.396 0.0000000000
54942  -40.721  -17.560  35.801 0.0000000000
54943  -41.027  -17.084  36.379 0.0000000000
54944  -41.592  -16.301  36.727 0.0000000000
52564  -42.626  -18.714  37.852 0.0000000000
53756  -42.887  -17.775  38.032 0.0000000000
53755  -42.344  -17.837  37.604 0.0000000000
54938  -42.139  -16.903  37.263 0.0000000000
56070  -42.098  -16.036  37.025 0.0000000000
56065  -42.345  -16.050  37.533 0.0000000000
57187  -43.865  -14.936  38.882 0.0000000000
51128  -39.966  -19.005  49.818 0.0000000000
52409  -40.350  -18.493  47.805 0.0000000000
52410  -41.417  -18.561  47.727 0.0000000000
52480  -39.683  -18.359  43.832 0.0000000000
52430  -43.124  -18.924  46.082 0.0000000000
52445  -42.415  -18.566  45.401 0.0000000000
53676  -41.021  -17.752  44.921 0.0000000000
51271  -37.530  -19.832  40.144 0.0000000000
50089  -36.827  -20.729  37.289 0.0000000000
50103  -37.179  -20.372  36.681 0.0000000000
48937  -39.283  -21.017  36.923 0.0000000000
50104  -38.119  -20.344  36.202 0.0000000000
51305  -38.297  -19.810  35.231 0.0000000000
51321  -38.753  -19.733  34.590 0.0000000000
50134  -39.239  -20.036  34.589 0.0000000000
51322  -39.338  -19.885  34.177 0.0000000000
51338  -39.500  -20.078  33.807 0.0000000000
64185  -56.277  -8.645  32.160 0.0000000000
65228  -55.701  -8.107  31.506 0.0000000000
65249  -55.807  -7.348  31.392 0.0000000000
66411  -54.717  -6.684  30.783 0.0000000000
70113  -56.296  -4.179  31.629 0.0000000000
68909  -55.660  -4.492  31.076 0.0000000000
67660  -54.818  -5.466  30.593 0.0000000000
66410  -53.905  -6.556  30.434 0.0000000000
67639  -53.781  -5.874  30.311 0.0000000000
67658  -53.398  -5.403  29.671 0.0000000000
70122  -53.918  -3.503  29.157 0.0000000000
68920  -53.202  -4.276  28.978 0.0000000000
49889  -26.596  -21.048  52.266 0.0000000000
48746  -26.063  -21.977  50.707 0.0000000000
48726  -26.811  -22.207  51.411 0.0000000000
46571  -26.650  -23.383  50.352 0.0000000000
45557  -28.073  -23.940  51.041 0.0000000000
46572  -27.301  -23.617  50.367 0.0000000000
45572  -27.044  -23.775  49.865 0.0000000000
44601  -29.505  -25.569  51.456 0.0000000000
44617  -29.081  -25.469  50.454 0.0000000000
44649  -29.510  -25.410  48.873 0.0000000000
44648  -28.648  -25.256  48.505 0.0000000000
44647  -27.871  -25.225  48.077 0.0000000000
45618  -27.424  -24.689  47.049 0.0000000000
45654  -27.957  -24.123  44.445 0.0000000000
46682  -28.386  -23.057  43.420 0.0000000000
45672  -28.914  -23.717  44.325 0.0000000000
46699  -29.184  -22.579  42.395 0.0000000000
46714  -30.497  -23.175  41.374 0.0000000000
46725  -30.969  -23.727  40.928 0.0000000000
42551  -39.309  -27.511  45.729 0.0000000000
53807  -39.440  -17.864  32.181 0.0000000000
53825  -39.120  -17.665  31.514 0.0000000000
56106  -39.952  -14.825  33.223 0.0000000000
54968  -39.681  -15.771  33.190 0.0000000000
58474  -44.329  -13.460  32.406 0.0000000000
59698  -46.214  -12.638  30.358 0.0000000000
59699  -47.168  -12.542  30.238 0.0000000000
46539  -34.267  -23.820  53.528 0.0000000000
45549  -34.174  -24.407  52.942 0.0000000000
45563  -35.945  -23.623  51.675 0.0000000000
45579  -35.407  -24.031  50.905 0.0000000000
45593  -35.163  -23.984  50.372 0.0000000000
46601  -35.825  -23.462  48.849 0.0000000000
48765  -36.759  -22.300  49.297 0.0000000000
46652  -38.183  -23.719  45.395 0.0000000000
45648  -39.372  -24.919  45.537 0.0000000000
44687  -39.632  -25.598  45.638 0.0000000000
43654  -39.750  -25.991  45.503 0.0000000000
51163  -37.878  -18.833  47.763 0.0000000000
52407  -38.353  -18.558  47.264 0.0000000000
51178  -37.290  -19.753  46.594 0.0000000000
51215  -38.644  -19.369  43.992 0.0000000000
50005  -38.258  -20.485  44.387 0.0000000000
50022  -38.915  -20.843  43.387 0.0000000000
50006  -38.727  -20.750  43.911 0.0000000000
50004  -37.781  -20.951  44.952 0.0000000000
48838  -37.912  -21.290  45.310 0.0000000000
48820  -37.878  -21.688  45.792 0.0000000000
47686  -38.722  -22.627  45.485 0.0000000000
47713  -39.455  -23.580  44.465 0.0000000000
46674  -40.128  -24.750  45.258 0.0000000000
44703  -39.978  -25.817  44.961 0.0000000000
43666  -39.674  -26.391  44.751 0.0000000000
51302  -35.592  -19.353  36.033 0.0000000000
51219  -45.980  -19.285  43.865 0.0000000000
51220  -46.558  -19.574  43.487 0.0000000000
53687  -45.568  -17.995  43.733 0.0000000000
55991  -45.090  -16.459  43.860 0.0000000000
48648  -23.920  -21.237  53.893 0.0000000000
49865  -24.389  -20.539  53.651 0.0000000000
49866  -25.227  -20.683  52.825 0.0000000000
51051  -25.857  -19.828  53.147 0.0000000000
49867  -26.328  -20.382  52.701 0.0000000000
48672  -27.718  -21.336  52.837 0.0000000000
48673  -28.264  -21.681  53.185 0.0000000000
48650  -28.547  -21.406  54.368 0.0000000000
46522  -29.475  -23.270  54.243 0.0000000000
45523  -29.984  -23.825  54.361 0.0000000000
45511  -29.612  -23.720  55.311 0.0000000000
45525  -31.083  -24.845  54.089 0.0000000000
44549  -31.599  -24.770  54.538 0.0000000000
44560  -32.154  -24.937  54.372 0.0000000000
46526  -35.044  -23.450  53.689 0.0000000000
46527  -35.596  -23.404  53.352 0.0000000000
47559  -36.122  -22.349  53.366 0.0000000000
49875  -37.017  -20.576  53.898 0.0000000000
48680  -37.379  -20.745  52.842 0.0000000000
48708  -37.475  -20.647  52.746 0.0000000000
51088  -40.424  -19.262  51.357 0.0000000000
52323  -40.485  -18.862  51.954 0.0000000000
51110  -41.541  -19.221  50.526 0.0000000000
51133  -44.018  -19.441  48.548 0.0000000000
52369  -44.280  -18.648  49.022 0.0000000000
52390  -44.474  -19.227  48.371 0.0000000000
51151  -44.291  -19.829  48.085 0.0000000000
51168  -44.888  -19.486  47.370 0.0000000000
49966  -44.990  -20.028  46.785 0.0000000000
51189  -45.520  -19.583  45.641 0.0000000000
51202  -45.811  -19.632  44.498 0.0000000000
51221  -47.232  -19.074  43.090 0.0000000000
51236  -47.467  -19.395  42.588 0.0000000000
51255  -47.918  -19.163  41.982 0.0000000000
53707  -48.201  -17.811  42.653 0.0000000000
52537  -48.333  -18.619  41.918 0.0000000000
52549  -47.668  -18.413  41.124 0.0000000000
53742  -47.790  -17.871  41.188 0.0000000000
54914  -47.481  -16.851  41.247 0.0000000000
55974  -48.308  -14.750  44.460 0.0000000000
56018  -49.035  -15.712  43.613 0.0000000000
56017  -48.980  -15.947  42.823 0.0000000000
56044  -46.556  -15.843  40.574 0.0000000000
57177  -46.312  -14.918  40.395 0.0000000000
58356  -47.373  -14.571  41.253 0.0000000000
58373  -45.924  -13.977  40.138 0.0000000000
58390  -46.017  -13.584  39.149 0.0000000000
59558  -49.096  -12.253  41.649 0.0000000000
59575  -48.267  -12.369  40.683 0.0000000000
60725  -48.850  -11.776  40.592 0.0000000000
59603  -46.563  -12.802  38.998 0.0000000000
58411  -47.052  -13.066  36.838 0.0000000000
60770  -50.427  -11.319  38.436 0.0000000000
59621  -49.520  -12.328  37.371 0.0000000000
58496  -48.041  -12.889  31.911 0.0000000000
59636  -53.056  -12.847  36.794 0.0000000000
58419  -52.545  -13.290  36.410 0.0000000000
58421  -53.903  -13.345  36.099 0.0000000000
58434  -54.153  -13.903  35.662 0.0000000000
58480  -50.526  -12.903  33.037 0.0000000000
59658  -51.680  -13.250  33.067 0.0000000000
58481  -50.956  -12.893  33.131 0.0000000000
59668  -49.595  -12.540  32.015 0.0000000000
59734  -51.143  -12.941  29.101 0.0000000000
58545  -51.693  -13.241  28.433 0.0000000000
58499  -53.907  -14.464  31.802 0.0000000000
58519  -53.624  -14.294  30.974 0.0000000000
58534  -53.577  -13.894  30.063 0.0000000000
62097  -55.547  -10.439  32.171 0.0000000000
60883  -54.701  -11.740  31.830 0.0000000000
62095  -54.264  -10.309  31.265 0.0000000000
64213  -53.183  -8.680  30.320 0.0000000000
60908  -53.428  -11.463  29.719 0.0000000000
60907  -52.943  -11.057  29.276 0.0000000000
59720  -54.905  -13.153  29.780 0.0000000000
58535  -55.329  -13.435  30.018 0.0000000000
48668  -22.350  -21.827  53.279 0.0000000000
48696  -21.887  -21.817  52.510 0.0000000000
48743  -22.082  -21.883  50.565 0.0000000000
49985  -20.327  -20.614  45.130 0.0000000000
48795  -20.982  -20.743  45.773 0.0000000000
49986  -20.932  -20.672  44.840 0.0000000000
47585  -25.385  -21.992  50.824 0.0000000000
46584  -24.798  -22.764  49.962 0.0000000000
47609  -25.465  -22.484  48.791 0.0000000000
47608  -24.751  -22.451  49.318 0.0000000000
47653  -23.813  -22.252  46.903 0.0000000000
47677  -25.265  -22.745  45.220 0.0000000000
47710  -25.304  -22.421  43.729 0.0000000000
47676  -24.616  -22.571  45.582 0.0000000000
47694  -24.016  -22.165  45.097 0.0000000000
48837  -23.231  -21.819  44.732 0.0000000000
48871  -23.588  -21.596  41.724 0.0000000000
48858  -22.296  -21.177  42.246 0.0000000000
44605  -33.642  -24.569  52.242 0.0000000000
45577  -33.311  -24.550  51.389 0.0000000000
46573  -32.994  -24.440  50.829 0.0000000000
46587  -33.623  -23.728  50.175 0.0000000000
46616  -31.602  -23.179  48.986 0.0000000000
46615  -30.688  -23.114  48.385 0.0000000000
47678  -30.694  -22.482  47.118 0.0000000000
47660  -34.504  -21.954  46.646 0.0000000000
47659  -33.391  -21.660  46.701 0.0000000000
47681  -33.654  -21.848  45.744 0.0000000000
47680  -32.578  -21.792  46.069 0.0000000000
47679  -31.467  -22.267  46.433 0.0000000000
46702  -32.392  -23.276  42.906 0.0000000000
44743  -31.206  -24.832  40.771 0.0000000000
42549  -38.462  -27.632  46.246 0.0000000000
42548  -37.282  -27.963  46.302 0.0000000000
41465  -36.357  -28.590  46.222 0.0000000000
42560  -35.422  -27.324  45.180 0.0000000000
43648  -34.356  -26.701  44.504 0.0000000000
41476  -34.240  -28.548  44.780 0.0000000000
44710  -33.086  -26.063  42.903 0.0000000000
44734  -31.944  -25.689  41.640 0.0000000000
44733  -31.248  -25.718  41.192 0.0000000000
43691  -30.450  -26.658  40.360 0.0000000000
41479  -39.271  -28.087  45.615 0.0000000000
42587  -31.183  -27.117  41.793 0.0000000000
43534  -31.300  -25.190  53.648 0.0000000000
43546  -31.096  -25.342  53.281 0.0000000000
43573  -31.149  -25.537  51.434 0.0000000000
43583  -30.071  -26.055  51.246 0.0000000000
43598  -30.249  -26.122  50.325 0.0000000000
43634  -35.903  -27.114  45.100 0.0000000000
43639  -39.662  -25.836  45.663 0.0000000000
43681  -31.035  -26.472  41.486 0.0000000000
44548  -31.381  -24.847  54.449 0.0000000000
44559  -31.422  -25.020  54.067 0.0000000000
44570  -30.729  -25.161  53.152 0.0000000000
44573  -33.138  -25.080  53.357 0.0000000000
44585  -29.952  -25.420  52.181 0.0000000000
44586  -30.371  -25.325  52.577 0.0000000000
44590  -33.647  -24.682  52.462 0.0000000000
44600  -28.927  -25.159  51.117 0.0000000000
44619  -30.884  -25.545  50.736 0.0000000000
44622  -33.061  -24.568  51.617 0.0000000000
44631  -27.354  -24.594  49.207 0.0000000000
44636  -30.956  -25.358  50.572 0.0000000000
44659  -27.344  -24.727  47.304 0.0000000000
44660  -27.798  -24.891  47.296 0.0000000000
44673  -28.192  -24.768  47.171 0.0000000000
44683  -29.223  -24.357  45.327 0.0000000000
44688  -39.885  -25.518  45.570 0.0000000000
44694  -29.081  -24.372  44.799 0.0000000000
44695  -29.258  -24.296  44.953 0.0000000000
44696  -29.358  -24.126  45.103 0.0000000000
44704  -39.967  -25.695  45.343 0.0000000000
45522  -29.469  -23.605  54.996 0.0000000000
45528  -35.558  -23.943  53.889 0.0000000000
45530  -35.896  -23.874  53.410 0.0000000000
45536  -30.344  -24.817  52.852 0.0000000000
45539  -35.536  -23.794  53.668 0.0000000000
45540  -35.867  -23.988  53.481 0.0000000000
45541  -36.211  -23.499  53.061 0.0000000000
45546  -29.062  -24.114  51.743 0.0000000000
45560  -33.536  -24.522  51.807 0.0000000000
45587  -26.887  -24.200  49.248 0.0000000000
45604  -27.383  -24.826  48.415 0.0000000000
45608  -31.754  -23.835  49.068 0.0000000000
45623  -31.477  -23.633  48.934 0.0000000000
45632  -27.765  -24.558  46.477 0.0000000000
45661  -38.352  -25.036  45.069 0.0000000000
45664  -40.170  -25.295  45.174 0.0000000000
45669  -27.479  -23.619  43.688 0.0000000000
45670  -27.888  -23.634  43.859 0.0000000000
45676  -38.065  -24.329  43.389 0.0000000000
45704  -31.200  -24.181  40.917 0.0000000000
46537  -29.556  -23.746  52.675 0.0000000000
46538  -33.551  -23.919  53.809 0.0000000000
46541  -36.071  -22.978  53.179 0.0000000000
46546  -27.996  -23.246  51.602 0.0000000000
46549  -34.648  -23.835  53.215 0.0000000000
46550  -34.864  -23.704  53.207 0.0000000000
46551  -36.450  -23.365  52.387 0.0000000000
46556  -24.612  -22.365  50.666 0.0000000000
46568  -24.210  -22.732  50.453 0.0000000000
46586  -32.799  -23.974  50.443 0.0000000000
46599  -33.843  -23.426  49.419 0.0000000000
46634  -30.683  -22.769  47.837 0.0000000000
46655  -40.043  -24.777  45.522 0.0000000000
46662  -26.918  -23.866  44.303 0.0000000000
46695  -26.334  -22.952  42.812 0.0000000000
46698  -28.115  -22.712  42.625 0.0000000000
46726  -31.225  -23.753  41.202 0.0000000000
46745  -25.108  -22.743  37.943 0.0000000000
46747  -27.541  -23.260  38.468 0.0000000000
47545  -35.731  -22.810  53.391 0.0000000000
47554  -22.830  -21.924  52.985 0.0000000000
47569  -22.251  -21.991  52.363 0.0000000000
47575  -28.139  -22.570  52.234 0.0000000000
47576  -36.758  -22.309  52.096 0.0000000000
47586  -26.390  -22.495  51.044 0.0000000000
47589  -36.840  -22.641  52.129 0.0000000000
47598  -25.913  -22.170  50.739 0.0000000000
47599  -26.177  -22.163  50.819 0.0000000000
47628  -23.408  -22.092  47.891 0.0000000000
47632  -25.724  -23.238  47.105 0.0000000000
47656  -30.685  -22.640  47.556 0.0000000000
47696  -25.531  -22.974  44.450 0.0000000000
47701  -35.832  -23.003  44.681 0.0000000000
47704  -39.667  -23.574  45.031 0.0000000000
47721  -26.387  -22.891  42.523 0.0000000000
47722  -28.309  -22.603  42.144 0.0000000000
47731  -24.262  -21.722  41.990 0.0000000000
48654  -36.345  -21.197  53.993 0.0000000000
48677  -36.191  -21.658  53.727 0.0000000000
48697  -22.413  -21.906  52.804 0.0000000000
48700  -26.238  -21.317  51.616 0.0000000000
48724  -25.808  -21.571  51.108 0.0000000000
48725  -26.348  -21.879  51.094 0.0000000000
48745  -25.854  -21.848  50.741 0.0000000000
48782  -23.326  -22.243  48.211 0.0000000000
48785  -34.295  -21.914  47.275 0.0000000000
48800  -33.311  -21.743  47.443 0.0000000000
48801  -33.903  -21.728  47.151 0.0000000000
48816  -20.963  -20.713  45.212 0.0000000000
48872  -24.525  -21.694  41.565 0.0000000000
48930  -41.557  -20.577  37.517 0.0000000000
49869  -27.887  -21.064  53.303 0.0000000000
49912  -36.800  -20.820  51.644 0.0000000000
49913  -37.427  -20.530  51.994 0.0000000000
49954  -44.378  -20.068  47.732 0.0000000000
49964  -43.911  -20.300  47.444 0.0000000000
50009  -46.161  -20.207  43.740 0.0000000000
50033  -36.661  -19.921  42.283 0.0000000000
50049  -36.505  -19.929  42.035 0.0000000000
50062  -42.755  -21.183  40.519 0.0000000000
50144  -39.332  -20.024  32.850 0.0000000000
50146  -40.468  -20.355  33.765 0.0000000000
51052  -26.462  -19.977  53.212 0.0000000000
51085  -37.582  -20.151  51.579 0.0000000000
51152  -44.704  -19.449  47.976 0.0000000000
51161  -36.424  -19.727  48.419 0.0000000000
51167  -44.579  -19.836  47.707 0.0000000000
51179  -37.599  -19.342  46.332 0.0000000000
51237  -47.894  -18.834  42.358 0.0000000000
51245  -36.708  -19.724  42.136 0.0000000000
51254  -47.758  -19.345  41.836 0.0000000000
51277  -45.669  -19.371  40.437 0.0000000000
51278  -45.978  -19.335  40.816 0.0000000000
51340  -40.950  -20.155  33.853 0.0000000000
51350  -38.249  -19.210  32.487 0.0000000000
51379  -38.856  -18.856  31.066 0.0000000000
52366  -41.681  -19.217  49.159 0.0000000000
52406  -37.532  -18.950  47.024 0.0000000000
52485  -46.198  -18.731  43.617 0.0000000000
52486  -46.970  -18.619  43.234 0.0000000000
52511  -47.899  -18.513  42.541 0.0000000000
52512  -48.247  -18.469  42.320 0.0000000000
52535  -47.466  -18.887  41.228 0.0000000000
52536  -47.847  -18.665  41.363 0.0000000000
52621  -40.030  -18.758  33.319 0.0000000000
53665  -41.018  -17.827  45.267 0.0000000000
53675  -40.751  -17.802  45.086 0.0000000000
53685  -41.420  -17.747  42.899 0.0000000000
53686  -41.769  -17.994  42.853 0.0000000000
53689  -47.503  -17.702  43.012 0.0000000000
53724  -40.819  -17.936  42.090 0.0000000000
53725  -41.195  -18.017  41.976 0.0000000000
53759  -40.912  -17.813  35.976 0.0000000000
54966  -39.073  -17.383  31.941 0.0000000000
56122  -55.579  -15.158  31.658 0.0000000000
57121  -48.600  -14.342  44.579 0.0000000000
58517  -52.195  -13.300  30.979 0.0000000000
59735  -53.740  -12.038  29.237 0.0000000000
60865  -56.186  -11.505  33.493 0.0000000000
62076  -55.412  -10.713  32.269 0.0000000000
62141  -52.760  -10.550  28.260 0.0000000000
63175  -54.366  -9.908  31.212 0.0000000000
67623  -56.106  -5.971  31.599 0.0000000000
67640  -54.464  -5.921  30.642 0.0000000000
