#!ascii label  , from subject 3780 vox2ras=TkReg
294
70809  -29.133  -3.678  -21.928 0.0000000000
74207  -28.004  -0.281  -23.457 0.0000000000
88449  -26.419  12.523  -24.369 0.0000000000
84290  -29.543  8.496  -22.643 0.0000000000
79987  -31.988  3.872  -24.787 0.0000000000
75389  -33.712  0.451  -23.768 0.0000000000
90282  -25.535  14.538  -25.629 0.0000000000
81092  -30.764  5.955  -22.979 0.0000000000
79970  -28.278  4.434  -22.235 0.0000000000
73052  -28.223  -1.699  -22.850 0.0000000000
74225  -30.537  -0.253  -24.158 0.0000000000
73055  -31.039  -1.392  -22.512 0.0000000000
65965  -25.176  -6.859  -20.107 0.0000000000
69723  -26.657  -3.907  -22.214 0.0000000000
94755  -25.235  19.422  -28.252 0.0000000000
93833  -27.012  18.411  -27.206 0.0000000000
92053  -27.386  17.100  -25.937 0.0000000000
91199  -28.515  15.264  -24.636 0.0000000000
89326  -29.805  13.005  -23.524 0.0000000000
86481  -27.820  10.514  -23.601 0.0000000000
85348  -31.430  9.807  -23.635 0.0000000000
83291  -31.733  7.706  -25.508 0.0000000000
81131  -31.655  4.963  -26.651 0.0000000000
77767  -32.890  2.449  -27.546 0.0000000000
76538  -30.255  2.043  -24.032 0.0000000000
77742  -32.849  1.904  -25.050 0.0000000000
81089  -27.637  5.449  -22.663 0.0000000000
79969  -27.087  4.425  -22.579 0.0000000000
71912  -28.604  -2.500  -22.463 0.0000000000
73054  -30.005  -1.770  -22.779 0.0000000000
71914  -30.445  -2.458  -22.013 0.0000000000
63715  -25.122  -9.597  -16.812 0.0000000000
64802  -25.158  -8.515  -17.769 0.0000000000
64823  -25.602  -8.113  -18.530 0.0000000000
71910  -26.416  -2.399  -22.700 0.0000000000
69722  -25.799  -4.215  -22.415 0.0000000000
92926  -27.104  17.786  -26.570 0.0000000000
89362  -25.847  13.705  -25.241 0.0000000000
90284  -27.180  14.523  -25.038 0.0000000000
89364  -27.408  13.840  -24.695 0.0000000000
90270  -29.762  14.379  -24.011 0.0000000000
88450  -27.707  12.607  -24.108 0.0000000000
86457  -28.237  9.694  -23.440 0.0000000000
86459  -29.793  10.479  -23.147 0.0000000000
85347  -30.621  9.605  -23.277 0.0000000000
84315  -32.200  8.661  -24.528 0.0000000000
83257  -30.947  7.657  -23.766 0.0000000000
79985  -30.990  4.977  -23.688 0.0000000000
81117  -31.700  5.571  -24.867 0.0000000000
79999  -32.245  4.889  -24.940 0.0000000000
78886  -32.093  3.476  -27.805 0.0000000000
78868  -32.426  3.337  -25.837 0.0000000000
75383  -27.311  0.462  -23.140 0.0000000000
77724  -28.364  2.327  -22.503 0.0000000000
75385  -29.052  0.840  -23.695 0.0000000000
75387  -31.973  0.295  -23.766 0.0000000000
76551  -31.801  1.594  -24.167 0.0000000000
75404  -33.199  0.909  -24.266 0.0000000000
76563  -33.778  1.865  -25.410 0.0000000000
76554  -34.439  1.390  -24.880 0.0000000000
67081  -26.887  -6.606  -19.881 0.0000000000
67103  -25.524  -6.309  -20.500 0.0000000000
67105  -27.270  -5.977  -20.270 0.0000000000
68398  -27.657  -5.482  -20.739 0.0000000000
83254  -28.435  7.404  -23.119 0.0000000000
83256  -30.279  7.610  -22.888 0.0000000000
82185  -29.146  6.529  -22.569 0.0000000000
81091  -30.050  5.516  -22.630 0.0000000000
79972  -30.613  4.371  -23.321 0.0000000000
73088  -28.503  -0.845  -23.679 0.0000000000
74223  -28.762  -0.244  -23.904 0.0000000000
73090  -29.970  -0.644  -23.737 0.0000000000
74209  -30.901  -0.569  -23.763 0.0000000000
74211  -32.371  -0.157  -23.299 0.0000000000
65926  -26.106  -7.668  -18.843 0.0000000000
73071  -26.437  -1.307  -23.693 0.0000000000
73051  -27.831  -1.718  -23.006 0.0000000000
71911  -27.559  -2.139  -22.686 0.0000000000
70808  -28.273  -3.788  -21.973 0.0000000000
94784  -27.088  19.306  -30.100 0.0000000000
93831  -24.629  18.528  -26.887 0.0000000000
94757  -26.833  19.018  -28.277 0.0000000000
93847  -28.608  18.115  -27.699 0.0000000000
92941  -29.080  17.397  -27.175 0.0000000000
92914  -29.703  16.845  -26.013 0.0000000000
91207  -25.936  15.593  -25.825 0.0000000000
92024  -28.279  16.011  -24.809 0.0000000000
92026  -29.914  16.076  -24.623 0.0000000000
91201  -30.279  15.275  -24.326 0.0000000000
90250  -31.389  13.697  -23.976 0.0000000000
88430  -31.808  12.487  -24.034 0.0000000000
87501  -26.979  11.303  -23.953 0.0000000000
87477  -28.978  11.350  -23.426 0.0000000000
87479  -30.931  11.520  -23.198 0.0000000000
86462  -32.087  10.870  -24.011 0.0000000000
85373  -31.808  9.474  -25.074 0.0000000000
82242  -31.447  6.857  -27.458 0.0000000000
82201  -31.652  6.641  -24.068 0.0000000000
81130  -31.720  5.760  -26.028 0.0000000000
78841  -27.688  3.374  -22.307 0.0000000000
78842  -28.891  3.388  -22.540 0.0000000000
77727  -30.531  2.974  -24.428 0.0000000000
76549  -29.944  1.026  -24.360 0.0000000000
77739  -30.508  2.375  -24.284 0.0000000000
78858  -31.768  3.391  -24.598 0.0000000000
77750  -32.734  2.574  -25.373 0.0000000000
77760  -33.436  2.105  -26.521 0.0000000000
68437  -26.435  -4.630  -21.931 0.0000000000
69707  -27.777  -4.300  -21.526 0.0000000000
69708  -28.644  -4.342  -21.409 0.0000000000
71894  -29.166  -3.113  -22.499 0.0000000000
71913  -29.435  -2.395  -22.314 0.0000000000
71895  -29.710  -3.080  -22.056 0.0000000000
71896  -30.206  -3.094  -21.753 0.0000000000
70810  -29.965  -3.614  -21.592 0.0000000000
63716  -26.073  -9.822  -16.924 0.0000000000
63733  -25.598  -8.982  -17.085 0.0000000000
88469  -26.017  13.207  -24.730 0.0000000000
89363  -26.668  13.597  -24.971 0.0000000000
89344  -27.231  13.206  -24.478 0.0000000000
89345  -28.075  13.476  -24.257 0.0000000000
84289  -28.617  8.350  -22.919 0.0000000000
85344  -28.222  9.014  -23.415 0.0000000000
85345  -28.777  9.258  -22.910 0.0000000000
85346  -29.697  9.518  -22.758 0.0000000000
84291  -30.485  8.591  -23.095 0.0000000000
79986  -31.455  4.446  -24.354 0.0000000000
80000  -32.203  4.183  -25.241 0.0000000000
75384  -28.381  0.542  -23.316 0.0000000000
75388  -32.799  0.445  -23.665 0.0000000000
75403  -32.313  0.812  -24.182 0.0000000000
75405  -34.122  0.883  -24.460 0.0000000000
75406  -35.315  0.984  -24.661 0.0000000000
75390  -34.566  0.466  -23.938 0.0000000000
83253  -27.387  7.308  -23.647 0.0000000000
82184  -28.085  6.441  -22.924 0.0000000000
81090  -28.808  5.499  -22.333 0.0000000000
79971  -29.506  4.406  -22.489 0.0000000000
73073  -28.694  -1.215  -23.287 0.0000000000
73089  -29.177  -0.708  -23.705 0.0000000000
73075  -30.473  -1.102  -23.406 0.0000000000
73076  -31.198  -0.879  -23.314 0.0000000000
74192  -31.809  -0.685  -22.837 0.0000000000
74193  -32.753  -0.633  -22.623 0.0000000000
73056  -32.075  -1.058  -21.810 0.0000000000
62622  -24.444  -10.193  -16.525 0.0000000000
65927  -27.064  -7.492  -18.758 0.0000000000
73072  -27.724  -1.289  -23.452 0.0000000000
70825  -27.006  -3.055  -22.285 0.0000000000
70826  -27.961  -2.996  -22.070 0.0000000000
69724  -27.463  -3.735  -21.985 0.0000000000
94771  -26.057  19.483  -29.425 0.0000000000
94772  -26.940  19.077  -29.006 0.0000000000
92925  -26.197  17.734  -27.097 0.0000000000
92938  -25.727  18.164  -27.344 0.0000000000
93845  -26.517  18.628  -27.729 0.0000000000
93846  -27.515  18.635  -28.191 0.0000000000
93834  -27.816  18.332  -27.052 0.0000000000
92940  -28.552  17.455  -26.988 0.0000000000
92054  -28.460  16.926  -26.270 0.0000000000
92068  -29.091  16.881  -26.775 0.0000000000
92055  -29.280  16.566  -26.227 0.0000000000
91198  -27.733  15.356  -24.910 0.0000000000
92025  -29.016  16.071  -24.698 0.0000000000
91200  -29.371  15.249  -24.441 0.0000000000
89347  -29.865  13.640  -23.604 0.0000000000
90248  -30.342  13.992  -23.621 0.0000000000
89327  -30.502  13.212  -23.575 0.0000000000
89328  -31.216  13.165  -23.877 0.0000000000
88429  -31.114  12.414  -23.474 0.0000000000
86480  -26.889  10.388  -24.079 0.0000000000
87502  -28.061  11.535  -23.558 0.0000000000
86482  -28.403  10.916  -23.483 0.0000000000
86460  -30.717  10.582  -23.312 0.0000000000
86461  -31.470  10.728  -23.603 0.0000000000
85374  -31.914  10.228  -24.583 0.0000000000
84316  -32.217  9.527  -24.306 0.0000000000
84336  -31.580  8.674  -25.783 0.0000000000
82228  -31.732  6.758  -26.439 0.0000000000
82187  -30.824  6.682  -23.377 0.0000000000
81144  -31.117  5.647  -27.139 0.0000000000
80017  -30.930  4.879  -27.351 0.0000000000
78876  -32.286  3.358  -26.881 0.0000000000
77781  -33.786  2.526  -27.952 0.0000000000
78840  -26.549  3.382  -22.809 0.0000000000
77725  -29.453  2.404  -23.053 0.0000000000
78843  -29.822  3.452  -23.260 0.0000000000
77726  -29.956  2.666  -24.066 0.0000000000
74224  -29.647  -0.189  -24.213 0.0000000000
75400  -29.386  0.546  -24.213 0.0000000000
75401  -30.237  0.490  -24.363 0.0000000000
77740  -31.235  2.571  -24.362 0.0000000000
77741  -32.342  2.474  -24.558 0.0000000000
77752  -34.143  2.129  -25.847 0.0000000000
77768  -34.354  1.788  -26.962 0.0000000000
68420  -28.108  -4.887  -20.990 0.0000000000
68419  -27.134  -4.872  -21.264 0.0000000000
68421  -29.064  -5.010  -20.707 0.0000000000
82183  -27.024  6.331  -23.288 0.0000000000
73053  -29.057  -1.678  -22.670 0.0000000000
70828  -31.026  -2.619  -21.591 0.0000000000
64803  -26.071  -8.405  -17.572 0.0000000000
71909  -25.447  -2.620  -22.859 0.0000000000
70824  -26.034  -3.279  -22.466 0.0000000000
92052  -26.352  16.760  -26.308 0.0000000000
90283  -26.314  14.582  -25.299 0.0000000000
90268  -27.921  14.477  -24.591 0.0000000000
90269  -28.841  14.322  -24.492 0.0000000000
89346  -29.135  13.406  -23.816 0.0000000000
86458  -28.793  10.259  -23.241 0.0000000000
84293  -32.307  9.341  -23.723 0.0000000000
84292  -31.692  8.667  -23.475 0.0000000000
83274  -31.799  7.631  -24.379 0.0000000000
81105  -31.405  5.627  -23.633 0.0000000000
81118  -32.189  5.001  -25.702 0.0000000000
80018  -31.398  4.271  -27.286 0.0000000000
80007  -32.061  4.190  -26.274 0.0000000000
77723  -27.118  2.334  -22.518 0.0000000000
76535  -27.801  1.341  -22.751 0.0000000000
76536  -28.952  1.372  -22.989 0.0000000000
76537  -29.674  1.554  -23.915 0.0000000000
75402  -31.342  0.412  -24.230 0.0000000000
76552  -32.706  1.543  -24.462 0.0000000000
76553  -33.569  1.529  -24.908 0.0000000000
76564  -34.161  1.719  -25.272 0.0000000000
76555  -34.838  1.665  -25.328 0.0000000000
130104  -35.295  1.580  -25.681 0.0000000000
130103  -35.321  1.365  -25.287 0.0000000000
67080  -25.976  -6.849  -20.004 0.0000000000
67104  -26.395  -6.174  -20.403 0.0000000000
68397  -26.754  -5.518  -20.775 0.0000000000
84288  -27.846  8.332  -23.688 0.0000000000
83255  -29.348  7.517  -22.618 0.0000000000
82186  -30.121  6.646  -22.727 0.0000000000
81104  -30.908  5.244  -23.117 0.0000000000
79973  -30.973  3.866  -23.881 0.0000000000
74222  -28.263  -0.706  -23.676 0.0000000000
74208  -28.510  0.052  -23.638 0.0000000000
73074  -29.561  -1.241  -23.337 0.0000000000
73091  -30.467  -0.616  -23.750 0.0000000000
74210  -31.568  -0.240  -23.696 0.0000000000
74212  -33.289  -0.059  -23.167 0.0000000000
61423  -24.075  -11.012  -16.073 0.0000000000
65948  -25.318  -7.618  -19.398 0.0000000000
65925  -25.701  -7.864  -18.967 0.0000000000
65949  -26.467  -7.221  -19.402 0.0000000000
65950  -27.442  -7.016  -19.379 0.0000000000
74206  -26.912  -0.419  -23.503 0.0000000000
70827  -28.645  -3.280  -22.318 0.0000000000
94770  -25.278  20.567  -29.437 0.0000000000
94746  -24.776  19.020  -27.501 0.0000000000
93844  -25.825  18.680  -27.786 0.0000000000
94756  -26.210  19.033  -28.439 0.0000000000
93857  -27.636  18.461  -29.651 0.0000000000
93835  -28.311  17.966  -27.005 0.0000000000
93848  -29.691  18.218  -27.413 0.0000000000
92928  -29.697  17.392  -26.501 0.0000000000
92915  -30.153  17.061  -25.790 0.0000000000
92036  -26.838  16.279  -25.694 0.0000000000
91208  -26.909  15.471  -25.270 0.0000000000
92037  -27.723  16.333  -25.323 0.0000000000
92038  -28.727  16.384  -25.464 0.0000000000
92039  -29.599  16.533  -25.416 0.0000000000
92040  -30.506  16.567  -25.207 0.0000000000
92027  -30.840  16.001  -24.621 0.0000000000
91202  -31.137  15.304  -24.274 0.0000000000
90271  -30.686  14.592  -23.902 0.0000000000
88448  -25.767  11.832  -24.797 0.0000000000
88451  -28.490  12.482  -23.636 0.0000000000
88427  -29.419  12.344  -23.502 0.0000000000
87478  -30.010  11.426  -23.382 0.0000000000
88428  -30.285  12.315  -23.480 0.0000000000
87480  -31.692  11.616  -23.619 0.0000000000
87481  -32.279  11.718  -24.155 0.0000000000
82259  -31.239  7.563  -27.846 0.0000000000
82213  -31.756  6.667  -25.220 0.0000000000
78844  -30.370  3.540  -24.069 0.0000000000
78845  -31.060  3.479  -24.300 0.0000000000
75399  -28.807  0.330  -23.836 0.0000000000
76550  -30.615  1.506  -24.320 0.0000000000
78859  -32.399  3.357  -24.965 0.0000000000
77759  -32.718  2.474  -26.340 0.0000000000
77751  -33.283  2.014  -25.657 0.0000000000
68438  -27.064  -4.251  -21.717 0.0000000000
74226  -31.126  -0.233  -24.083 0.0000000000
75386  -31.633  0.152  -23.918 0.0000000000
81145  -30.946  4.841  -26.982 0.0000000000
85349  -31.864  10.046  -24.010 0.0000000000
90249  -30.991  13.872  -23.705 0.0000000000
92067  -28.790  17.056  -26.903 0.0000000000
92927  -27.967  17.664  -26.556 0.0000000000
92939  -26.064  18.255  -27.536 0.0000000000
93832  -25.262  18.611  -27.381 0.0000000000
130107  -35.438  1.501  -26.275 0.0000000000
