#!ascii label  , from subject 3779 vox2ras=TkReg
2087
56656  4.728  -24.816  76.315 0.0000000000
92633  46.841  -0.471  47.981 0.0000000000
67453  27.530  -17.266  70.393 0.0000000000
75260  39.798  -13.060  73.009 0.0000000000
61829  18.654  -20.943  68.410 0.0000000000
60402  12.817  -21.841  78.997 0.0000000000
101079  56.556  5.507  42.500 0.0000000000
103949  54.555  6.902  52.509 0.0000000000
75481  41.440  -12.756  60.701 0.0000000000
105694  60.216  8.084  35.893 0.0000000000
67379  24.036  -17.231  75.438 0.0000000000
56636  9.323  -25.766  77.751 0.0000000000
101006  56.769  4.791  47.590 0.0000000000
98196  50.503  1.650  46.839 0.0000000000
88013  49.192  -4.343  53.755 0.0000000000
92562  53.148  -0.420  54.202 0.0000000000
84836  44.793  -7.274  53.819 0.0000000000
73811  34.723  -13.222  66.605 0.0000000000
69077  33.641  -16.472  71.839 0.0000000000
63009  20.105  -19.459  76.450 0.0000000000
61597  15.749  -20.525  83.787 0.0000000000
60439  15.677  -22.091  74.385 0.0000000000
59295  10.591  -23.211  72.121 0.0000000000
64578  22.986  -19.030  69.611 0.0000000000
104116  62.722  6.678  42.878 0.0000000000
106911  61.928  9.112  47.423 0.0000000000
98124  49.238  3.411  50.598 0.0000000000
78459  46.726  -9.968  61.337 0.0000000000
73775  40.627  -13.108  67.333 0.0000000000
99768  58.249  4.576  37.809 0.0000000000
101173  64.206  4.885  36.504 0.0000000000
102705  65.603  6.390  32.720 0.0000000000
67317  21.211  -17.124  79.829 0.0000000000
55161  7.192  -26.276  76.901 0.0000000000
53741  8.373  -26.467  80.920 0.0000000000
53760  5.841  -27.315  79.185 0.0000000000
98243  51.483  3.077  44.015 0.0000000000
87936  49.619  -4.593  57.463 0.0000000000
89541  52.070  -2.818  58.048 0.0000000000
58026  2.540  -22.812  81.466 0.0000000000
83320  44.082  -6.506  50.514 0.0000000000
67512  28.574  -17.024  67.417 0.0000000000
69119  31.927  -15.863  68.274 0.0000000000
69094  30.136  -16.572  71.025 0.0000000000
61748  19.750  -20.935  72.275 0.0000000000
61701  17.915  -21.326  75.534 0.0000000000
60462  17.012  -21.932  71.715 0.0000000000
63195  21.166  -20.271  69.188 0.0000000000
64527  21.646  -19.794  72.457 0.0000000000
61639  14.363  -20.261  80.057 0.0000000000
101076  59.631  5.680  42.994 0.0000000000
105592  61.868  8.505  44.330 0.0000000000
105623  58.537  7.708  43.979 0.0000000000
102482  55.733  4.993  49.812 0.0000000000
103997  58.189  5.793  49.442 0.0000000000
96723  43.923  1.715  47.293 0.0000000000
99635  45.774  3.442  48.230 0.0000000000
95324  47.467  1.785  49.405 0.0000000000
77065  41.025  -10.966  57.872 0.0000000000
78527  44.088  -9.461  58.360 0.0000000000
76995  44.960  -11.537  61.623 0.0000000000
73710  36.551  -13.378  69.627 0.0000000000
73778  37.142  -13.213  66.990 0.0000000000
73674  40.589  -13.438  70.520 0.0000000000
101119  55.312  4.840  40.711 0.0000000000
101165  55.611  5.713  38.049 0.0000000000
99736  57.864  5.017  40.279 0.0000000000
101133  61.380  4.664  40.188 0.0000000000
105748  62.832  8.432  31.891 0.0000000000
102687  61.559  6.476  33.516 0.0000000000
101234  64.220  5.580  33.841 0.0000000000
101191  61.004  5.082  35.138 0.0000000000
67426  25.735  -17.242  72.208 0.0000000000
69052  28.666  -17.074  73.438 0.0000000000
69014  26.597  -16.938  76.105 0.0000000000
59240  11.183  -23.321  78.609 0.0000000000
60373  11.877  -21.860  81.723 0.0000000000
167598  9.490  -24.029  82.041 0.0000000000
101082  54.007  4.505  42.153 0.0000000000
101041  56.335  5.022  44.400 0.0000000000
99673  53.644  4.065  44.331 0.0000000000
99627  54.012  3.159  48.152 0.0000000000
100974  52.700  4.174  49.792 0.0000000000
89678  48.847  -2.978  50.910 0.0000000000
91123  50.196  -1.205  50.307 0.0000000000
89623  51.493  -2.378  53.837 0.0000000000
75484  38.026  -12.605  61.658 0.0000000000
76832  43.414  -11.909  73.084 0.0000000000
60423  3.204  -22.053  76.849 0.0000000000
53762  3.696  -27.136  79.360 0.0000000000
56598  2.870  -24.735  80.242 0.0000000000
89749  44.429  -2.828  47.430 0.0000000000
86456  46.509  -4.714  50.223 0.0000000000
84833  47.455  -5.557  54.232 0.0000000000
84774  47.698  -5.361  57.754 0.0000000000
69163  32.662  -14.799  65.737 0.0000000000
72169  34.248  -14.625  69.104 0.0000000000
72118  36.173  -14.707  71.536 0.0000000000
69049  31.853  -16.275  73.639 0.0000000000
69029  34.946  -15.741  74.521 0.0000000000
65771  19.299  -17.775  80.807 0.0000000000
60337  19.716  -20.552  84.191 0.0000000000
62949  18.023  -19.944  79.570 0.0000000000
61677  15.829  -20.812  77.938 0.0000000000
60420  13.768  -22.253  76.887 0.0000000000
60502  13.930  -22.054  69.389 0.0000000000
59278  13.205  -22.870  73.109 0.0000000000
59261  12.018  -23.378  75.754 0.0000000000
58089  9.722  -24.289  74.989 0.0000000000
58105  7.551  -24.165  74.172 0.0000000000
58108  5.025  -23.566  74.530 0.0000000000
67544  26.197  -17.700  66.299 0.0000000000
67574  24.121  -18.030  65.466 0.0000000000
65990  25.103  -17.668  69.559 0.0000000000
65915  23.635  -18.186  72.531 0.0000000000
65852  21.385  -18.185  76.267 0.0000000000
102527  63.331  6.259  46.147 0.0000000000
104029  59.708  6.922  46.851 0.0000000000
96749  47.617  0.797  46.296 0.0000000000
99613  48.714  4.127  48.635 0.0000000000
102445  51.430  6.087  51.489 0.0000000000
95291  52.469  1.538  51.327 0.0000000000
99529  53.678  4.059  52.548 0.0000000000
83180  42.132  -7.277  54.952 0.0000000000
81449  46.117  -7.858  58.584 0.0000000000
81403  49.007  -7.860  60.560 0.0000000000
73835  37.862  -13.099  64.957 0.0000000000
73861  41.631  -13.813  64.389 0.0000000000
73670  43.881  -14.048  71.616 0.0000000000
72230  44.507  -14.476  67.774 0.0000000000
73857  44.833  -13.038  64.611 0.0000000000
78398  47.170  -10.572  65.163 0.0000000000
78409  49.764  -9.300  64.881 0.0000000000
101176  59.481  5.222  36.294 0.0000000000
99765  61.364  4.218  37.047 0.0000000000
102610  63.720  5.442  39.691 0.0000000000
67261  21.387  -17.030  81.019 0.0000000000
55184  5.566  -25.795  76.539 0.0000000000
53799  6.104  -26.572  77.734 0.0000000000
53800  5.294  -26.923  77.671 0.0000000000
86310  50.587  -5.019  59.272 0.0000000000
87922  51.078  -4.399  58.762 0.0000000000
61617  2.799  -20.043  81.570 0.0000000000
67489  28.226  -17.667  68.365 0.0000000000
69109  29.727  -16.964  68.735 0.0000000000
67452  28.589  -17.195  70.577 0.0000000000
61792  19.320  -21.677  70.297 0.0000000000
61749  18.902  -21.509  72.225 0.0000000000
60486  17.861  -22.299  70.623 0.0000000000
61876  20.468  -20.580  66.712 0.0000000000
61828  19.589  -20.683  68.679 0.0000000000
61791  20.301  -21.031  70.695 0.0000000000
61660  13.644  -20.938  79.288 0.0000000000
61641  12.769  -21.289  80.138 0.0000000000
101077  58.486  5.468  42.788 0.0000000000
102584  58.819  6.284  43.923 0.0000000000
101054  58.070  5.757  43.466 0.0000000000
102441  55.116  6.277  51.002 0.0000000000
102440  56.059  6.204  50.734 0.0000000000
94007  45.189  0.736  47.549 0.0000000000
95336  45.472  1.403  48.129 0.0000000000
94004  47.598  0.353  48.525 0.0000000000
75510  40.124  -12.389  60.109 0.0000000000
77019  41.701  -11.694  59.633 0.0000000000
75534  43.050  -11.402  59.697 0.0000000000
75479  43.860  -12.249  61.292 0.0000000000
73645  37.926  -13.854  71.161 0.0000000000
73676  38.521  -13.001  70.451 0.0000000000
73617  39.753  -13.105  71.849 0.0000000000
101099  55.436  5.198  41.554 0.0000000000
101137  56.006  4.808  40.078 0.0000000000
101097  57.231  5.358  41.760 0.0000000000
101095  59.296  5.052  42.101 0.0000000000
104201  61.340  7.717  33.742 0.0000000000
102688  60.917  6.590  33.890 0.0000000000
101237  61.043  5.867  33.916 0.0000000000
102655  60.228  6.226  34.961 0.0000000000
67394  24.841  -16.985  74.371 0.0000000000
67393  25.988  -16.728  74.436 0.0000000000
69016  25.124  -16.698  76.216 0.0000000000
167588  10.367  -24.860  78.558 0.0000000000
167595  10.462  -23.666  80.018 0.0000000000
167596  9.285  -24.744  80.399 0.0000000000
51203  8.747  -28.076  81.406 0.0000000000
52486  9.687  -27.226  81.310 0.0000000000
101060  52.705  4.797  42.655 0.0000000000
99687  53.581  4.472  43.495 0.0000000000
98256  52.288  4.077  43.287 0.0000000000
96746  50.634  1.992  45.701 0.0000000000
98194  52.612  3.123  46.021 0.0000000000
99648  51.986  2.078  47.314 0.0000000000
99609  53.135  3.072  49.279 0.0000000000
99610  52.263  3.373  48.695 0.0000000000
88027  48.873  -3.933  51.935 0.0000000000
88025  50.134  -2.776  52.243 0.0000000000
87999  50.445  -3.651  53.901 0.0000000000
101102  52.878  4.822  41.240 0.0000000000
58057  2.446  -23.818  78.286 0.0000000000
59241  2.115  -22.426  78.750 0.0000000000
89750  43.829  -3.356  47.351 0.0000000000
88084  45.299  -4.031  48.843 0.0000000000
86478  44.622  -4.717  48.979 0.0000000000
83258  44.413  -6.891  52.118 0.0000000000
84876  45.796  -6.444  51.823 0.0000000000
84835  45.942  -6.990  54.160 0.0000000000
84813  47.379  -5.751  55.890 0.0000000000
84799  46.092  -6.386  56.196 0.0000000000
69165  31.433  -16.000  65.342 0.0000000000
69106  32.333  -16.044  69.468 0.0000000000
70638  32.785  -15.475  68.569 0.0000000000
70623  33.953  -15.650  69.910 0.0000000000
72143  35.375  -14.838  70.785 0.0000000000
70615  35.199  -15.633  71.266 0.0000000000
69012  29.034  -16.235  75.552 0.0000000000
69051  29.797  -16.715  73.595 0.0000000000
69011  30.191  -15.960  75.593 0.0000000000
70562  34.032  -15.765  75.866 0.0000000000
70559  36.945  -14.672  75.313 0.0000000000
64338  19.379  -18.910  78.263 0.0000000000
62932  18.474  -19.262  80.310 0.0000000000
62971  18.876  -19.489  78.321 0.0000000000
60427  16.439  -22.037  75.239 0.0000000000
61692  16.956  -20.927  76.701 0.0000000000
61703  16.241  -21.594  76.116 0.0000000000
61694  15.202  -21.423  77.297 0.0000000000
60429  14.640  -22.060  75.593 0.0000000000
60501  14.999  -21.915  69.223 0.0000000000
59316  11.154  -22.947  70.572 0.0000000000
59315  12.093  -22.907  70.759 0.0000000000
59294  11.555  -23.190  72.240 0.0000000000
59269  12.646  -23.362  74.437 0.0000000000
58101  11.545  -23.863  74.213 0.0000000000
58088  10.634  -24.200  75.299 0.0000000000
58116  10.001  -23.964  73.080 0.0000000000
58092  6.498  -23.920  74.756 0.0000000000
66089  26.999  -17.526  64.524 0.0000000000
67597  25.570  -17.203  64.285 0.0000000000
64616  22.483  -19.192  67.353 0.0000000000
66068  23.747  -18.417  66.929 0.0000000000
66044  24.427  -18.073  67.328 0.0000000000
66021  24.082  -18.567  68.873 0.0000000000
65935  24.271  -18.198  71.594 0.0000000000
65963  23.064  -18.690  71.200 0.0000000000
63050  20.504  -19.675  74.762 0.0000000000
64438  22.047  -18.993  74.972 0.0000000000
64386  20.754  -18.603  76.515 0.0000000000
64336  20.551  -18.328  78.373 0.0000000000
61591  17.568  -20.468  84.099 0.0000000000
52491  3.256  -27.879  80.849 0.0000000000
52513  4.308  -27.677  79.875 0.0000000000
105640  63.978  7.568  42.867 0.0000000000
106953  62.288  9.186  45.956 0.0000000000
105572  62.864  7.934  45.605 0.0000000000
105554  62.769  7.490  46.658 0.0000000000
104008  62.459  6.958  48.256 0.0000000000
101016  56.983  5.267  46.520 0.0000000000
102528  58.602  6.240  46.131 0.0000000000
102512  57.824  5.608  47.388 0.0000000000
106883  59.458  8.467  49.827 0.0000000000
98139  46.601  3.965  49.652 0.0000000000
99633  47.024  3.256  48.404 0.0000000000
100959  48.319  4.730  50.072 0.0000000000
100977  49.838  5.025  49.495 0.0000000000
100936  49.772  4.957  50.889 0.0000000000
92579  51.796  -0.583  52.474 0.0000000000
93986  51.227  0.267  50.455 0.0000000000
93951  52.724  0.324  52.782 0.0000000000
83182  40.763  -7.872  54.692 0.0000000000
78481  45.709  -9.610  60.290 0.0000000000
79909  45.417  -8.372  58.601 0.0000000000
79861  46.552  -8.768  59.887 0.0000000000
81404  47.860  -7.854  59.866 0.0000000000
79845  47.977  -9.240  60.895 0.0000000000
73812  33.998  -13.446  66.096 0.0000000000
75382  34.686  -12.562  66.032 0.0000000000
73776  39.643  -12.966  67.295 0.0000000000
73808  38.100  -13.294  66.052 0.0000000000
73807  39.237  -13.301  66.218 0.0000000000
73863  39.692  -13.439  64.225 0.0000000000
73805  41.131  -13.299  66.340 0.0000000000
75297  43.436  -12.512  71.858 0.0000000000
72228  46.350  -13.692  67.608 0.0000000000
72295  45.226  -13.673  65.980 0.0000000000
73803  46.564  -12.988  66.490 0.0000000000
75413  46.327  -11.793  64.367 0.0000000000
76915  47.630  -11.216  66.355 0.0000000000
101148  56.953  4.776  38.203 0.0000000000
101162  58.499  5.190  36.970 0.0000000000
99779  59.807  4.493  36.647 0.0000000000
99755  60.007  4.163  38.226 0.0000000000
102595  62.593  5.516  41.936 0.0000000000
101132  62.719  5.194  40.133 0.0000000000
104138  63.588  6.519  40.749 0.0000000000
104136  64.423  7.012  40.900 0.0000000000
104231  64.381  7.356  32.134 0.0000000000
99790  64.436  5.027  34.961 0.0000000000
102653  65.380  6.151  36.382 0.0000000000
101158  64.643  5.763  37.393 0.0000000000
67348  22.864  -16.901  77.506 0.0000000000
68976  24.118  -16.002  77.741 0.0000000000
68939  22.885  -15.969  79.425 0.0000000000
55160  8.190  -26.055  77.056 0.0000000000
55132  8.740  -26.000  79.346 0.0000000000
53776  7.601  -26.564  78.394 0.0000000000
53743  7.387  -27.295  80.021 0.0000000000
167446  7.660  -28.052  80.734 0.0000000000
96789  50.111  1.727  44.028 0.0000000000
96769  49.140  1.420  45.092 0.0000000000
87981  49.599  -4.089  55.784 0.0000000000
87980  50.473  -3.636  55.054 0.0000000000
87935  50.463  -4.023  57.772 0.0000000000
89529  52.175  -3.038  58.834 0.0000000000
60405  2.214  -21.716  79.325 0.0000000000
60388  2.466  -21.140  80.524 0.0000000000
59211  2.867  -21.745  81.721 0.0000000000
84945  43.779  -5.743  48.809 0.0000000000
83259  43.700  -7.390  52.323 0.0000000000
69153  31.080  -16.485  66.211 0.0000000000
69121  30.011  -17.013  68.192 0.0000000000
69107  31.145  -16.607  69.343 0.0000000000
69079  31.487  -16.587  71.641 0.0000000000
63051  19.821  -20.661  74.315 0.0000000000
63010  19.353  -20.324  76.210 0.0000000000
63052  18.988  -21.222  74.680 0.0000000000
60450  17.735  -22.146  73.721 0.0000000000
61734  16.099  -21.772  72.666 0.0000000000
59309  9.084  -22.602  71.597 0.0000000000
60495  8.633  -21.809  70.500 0.0000000000
63230  21.450  -20.101  66.591 0.0000000000
64600  22.256  -19.589  68.644 0.0000000000
64556  22.071  -19.409  70.266 0.0000000000
63146  21.435  -20.001  70.809 0.0000000000
63101  21.185  -20.383  72.830 0.0000000000
62935  15.557  -20.487  81.051 0.0000000000
102581  62.317  5.819  43.113 0.0000000000
105642  62.028  7.610  43.206 0.0000000000
105643  61.148  7.482  43.611 0.0000000000
105594  60.850  7.162  44.633 0.0000000000
106955  61.095  8.260  45.694 0.0000000000
102496  56.397  4.688  49.285 0.0000000000
104014  57.642  5.728  49.059 0.0000000000
103998  57.347  5.505  49.737 0.0000000000
105500  57.684  6.354  50.840 0.0000000000
98201  45.138  2.497  46.856 0.0000000000
98161  44.449  2.179  47.388 0.0000000000
96709  46.621  2.810  49.269 0.0000000000
96693  48.726  2.669  50.410 0.0000000000
95249  54.079  1.008  54.861 0.0000000000
78549  40.868  -10.019  56.607 0.0000000000
79932  41.732  -8.941  56.880 0.0000000000
77063  42.798  -10.414  58.532 0.0000000000
77041  44.456  -10.673  59.812 0.0000000000
76994  45.972  -10.746  61.435 0.0000000000
73743  35.998  -13.725  68.406 0.0000000000
73779  36.078  -13.026  67.279 0.0000000000
73742  36.939  -13.348  68.343 0.0000000000
73708  38.764  -12.978  69.401 0.0000000000
73706  40.743  -13.477  69.369 0.0000000000
101151  54.048  5.618  38.632 0.0000000000
102623  54.346  6.440  37.986 0.0000000000
99749  55.570  4.746  39.218 0.0000000000
99747  56.600  4.684  39.492 0.0000000000
99745  58.698  4.501  39.437 0.0000000000
99744  59.697  4.338  39.259 0.0000000000
99734  59.397  4.413  40.269 0.0000000000
168036  60.640  4.471  42.034 0.0000000000
105735  61.839  8.733  33.119 0.0000000000
104215  62.506  7.043  32.541 0.0000000000
102707  63.570  6.785  32.438 0.0000000000
102684  64.878  6.082  33.321 0.0000000000
101235  63.115  5.455  33.615 0.0000000000
101214  62.388  4.915  34.393 0.0000000000
99776  62.212  4.412  35.715 0.0000000000
67439  26.676  -17.334  71.321 0.0000000000
67438  27.710  -17.260  71.508 0.0000000000
67410  27.080  -16.684  73.520 0.0000000000
69036  27.789  -16.474  74.345 0.0000000000
68990  28.181  -16.095  76.505 0.0000000000
59239  11.579  -22.780  78.397 0.0000000000
60385  11.811  -22.123  80.853 0.0000000000
59222  10.645  -22.843  80.541 0.0000000000
167586  11.059  -23.309  82.085 0.0000000000
56586  8.976  -25.258  81.300 0.0000000000
55120  10.330  -26.041  81.692 0.0000000000
101081  54.744  5.124  42.280 0.0000000000
101055  56.922  5.487  43.360 0.0000000000
101057  55.079  4.784  43.071 0.0000000000
99671  55.332  4.585  45.226 0.0000000000
99659  55.408  4.268  46.407 0.0000000000
98220  53.092  3.342  44.862 0.0000000000
98193  53.275  3.336  45.715 0.0000000000
99644  55.572  3.878  47.490 0.0000000000
99607  55.145  3.962  49.017 0.0000000000
100973  53.860  4.392  50.060 0.0000000000
102469  53.660  5.556  50.580 0.0000000000
89719  48.132  -2.320  48.850 0.0000000000
91149  49.088  -0.887  49.286 0.0000000000
89691  48.950  -2.076  50.262 0.0000000000
91096  51.216  -1.933  51.843 0.0000000000
91086  52.223  -1.172  53.658 0.0000000000
89584  51.861  -2.481  55.935 0.0000000000
91037  52.756  -1.963  55.731 0.0000000000
91035  53.866  -0.966  55.825 0.0000000000
73930  40.514  -13.060  61.549 0.0000000000
76815  41.311  -12.432  73.179 0.0000000000
101153  52.391  6.058  39.124 0.0000000000
101121  53.496  4.792  40.421 0.0000000000
101100  54.606  4.806  41.432 0.0000000000
107035  60.617  9.530  36.322 0.0000000000
107036  59.733  8.787  36.465 0.0000000000
58080  3.489  -24.335  76.256 0.0000000000
55165  3.899  -26.186  77.451 0.0000000000
56619  2.647  -24.851  77.940 0.0000000000
55134  2.836  -25.959  79.539 0.0000000000
53727  2.673  -27.228  80.930 0.0000000000
58036  2.684  -23.376  80.552 0.0000000000
92642  44.826  -0.724  46.931 0.0000000000
92650  43.357  -1.205  46.497 0.0000000000
91167  45.718  -2.216  47.367 0.0000000000
89721  46.773  -3.370  49.052 0.0000000000
88060  47.342  -3.923  50.127 0.0000000000
86440  48.023  -4.721  51.820 0.0000000000
84920  45.464  -5.653  50.131 0.0000000000
84893  47.226  -5.600  51.544 0.0000000000
86420  47.931  -5.166  53.987 0.0000000000
86382  48.706  -4.751  55.799 0.0000000000
86338  48.656  -5.071  57.464 0.0000000000
84741  49.674  -5.667  59.410 0.0000000000
72266  33.564  -14.237  66.129 0.0000000000
69135  32.275  -15.470  67.148 0.0000000000
70680  33.289  -14.643  67.688 0.0000000000
73745  34.648  -14.268  68.294 0.0000000000
72167  35.554  -13.857  69.876 0.0000000000
73679  36.490  -14.222  70.859 0.0000000000
72095  37.792  -14.076  72.523 0.0000000000
69067  29.664  -16.766  72.529 0.0000000000
69066  30.660  -16.708  72.638 0.0000000000
69064  32.779  -16.743  72.797 0.0000000000
69009  32.533  -15.763  75.320 0.0000000000
69031  33.136  -16.054  74.462 0.0000000000
69062  34.682  -16.287  72.844 0.0000000000
70592  35.901  -15.621  73.491 0.0000000000
72079  36.864  -14.507  73.580 0.0000000000
73581  38.818  -13.165  74.306 0.0000000000
64265  19.490  -18.559  81.521 0.0000000000
62900  19.301  -19.835  82.787 0.0000000000
62901  18.508  -20.115  83.026 0.0000000000
61614  16.717  -20.296  81.252 0.0000000000
61675  18.022  -20.462  77.414 0.0000000000
61657  16.540  -20.581  78.812 0.0000000000
62950  16.102  -20.199  80.516 0.0000000000
61638  15.150  -19.963  79.786 0.0000000000
61679  14.093  -21.258  78.510 0.0000000000
60410  13.681  -22.329  78.081 0.0000000000
60488  16.165  -22.155  69.903 0.0000000000
60476  15.729  -21.790  71.082 0.0000000000
60465  14.797  -21.930  72.450 0.0000000000
60491  12.510  -22.582  70.122 0.0000000000
59304  13.431  -22.841  71.755 0.0000000000
60454  14.048  -22.633  73.822 0.0000000000
60441  13.979  -22.552  74.882 0.0000000000
60431  13.123  -22.505  76.128 0.0000000000
59246  12.301  -22.651  77.278 0.0000000000
58067  11.306  -23.483  76.818 0.0000000000
56650  10.533  -24.492  76.209 0.0000000000
56651  9.838  -25.179  76.423 0.0000000000
58117  8.957  -23.734  73.154 0.0000000000
58104  8.771  -24.243  74.310 0.0000000000
56652  8.527  -25.289  76.370 0.0000000000
56653  7.370  -25.151  75.907 0.0000000000
56674  5.741  -24.480  75.698 0.0000000000
58094  4.753  -23.878  75.462 0.0000000000
59262  3.778  -22.889  75.192 0.0000000000
59255  3.424  -22.380  75.969 0.0000000000
67569  28.530  -17.313  65.333 0.0000000000
67513  27.767  -17.736  67.379 0.0000000000
67490  27.249  -17.898  68.480 0.0000000000
67545  25.317  -17.559  66.453 0.0000000000
67492  25.397  -17.868  67.998 0.0000000000
67469  26.358  -17.634  69.237 0.0000000000
67440  25.714  -17.404  71.113 0.0000000000
67412  24.548  -17.458  73.169 0.0000000000
67395  23.794  -17.421  74.381 0.0000000000
65917  22.690  -19.062  72.771 0.0000000000
67397  22.471  -17.736  74.446 0.0000000000
67380  22.993  -17.296  75.246 0.0000000000
67350  21.489  -17.368  78.349 0.0000000000
65793  20.628  -17.430  79.603 0.0000000000
53761  4.817  -27.301  79.116 0.0000000000
52499  5.758  -27.718  80.148 0.0000000000
105590  63.314  8.048  44.621 0.0000000000
101039  58.096  5.810  44.222 0.0000000000
104061  59.672  6.933  45.302 0.0000000000
105541  60.743  7.841  47.286 0.0000000000
105526  59.704  6.566  49.028 0.0000000000
106898  60.147  8.286  48.773 0.0000000000
106879  61.181  8.767  49.060 0.0000000000
96770  48.050  1.234  45.232 0.0000000000
98197  49.451  1.355  47.150 0.0000000000
96732  46.743  2.229  46.924 0.0000000000
98177  48.812  2.215  47.937 0.0000000000
99630  50.679  2.609  48.927 0.0000000000
100995  50.960  4.451  49.246 0.0000000000
100955  51.241  5.316  50.240 0.0000000000
103973  52.964  6.966  51.951 0.0000000000
93994  49.660  0.516  49.562 0.0000000000
95312  49.421  1.582  49.956 0.0000000000
96675  50.904  2.601  51.151 0.0000000000
95268  53.827  1.788  53.358 0.0000000000
96662  52.890  2.694  52.106 0.0000000000
99544  51.176  4.181  51.862 0.0000000000
100908  51.901  5.361  52.493 0.0000000000
103938  52.724  6.539  53.050 0.0000000000
81577  41.747  -7.769  52.479 0.0000000000
83204  43.522  -7.431  54.142 0.0000000000
81476  42.865  -8.371  56.774 0.0000000000
83132  44.163  -7.351  56.482 0.0000000000
84777  45.347  -6.683  56.521 0.0000000000
84757  46.954  -6.483  57.766 0.0000000000
83088  48.442  -6.804  59.054 0.0000000000
83071  50.154  -6.609  60.534 0.0000000000
75366  36.440  -12.892  66.221 0.0000000000
75416  38.375  -13.001  63.385 0.0000000000
73889  39.610  -13.346  63.242 0.0000000000
73909  41.434  -13.319  62.465 0.0000000000
75299  41.805  -13.093  71.847 0.0000000000
75320  42.035  -13.240  71.208 0.0000000000
73704  42.582  -14.428  69.352 0.0000000000
72164  43.708  -14.404  69.451 0.0000000000
73736  42.417  -14.391  67.987 0.0000000000
72264  42.921  -14.508  66.407 0.0000000000
73859  43.372  -13.390  64.400 0.0000000000
75438  43.936  -12.876  62.956 0.0000000000
76960  44.994  -12.226  63.213 0.0000000000
76958  46.486  -11.215  63.610 0.0000000000
78422  47.335  -10.232  63.370 0.0000000000
76913  48.354  -10.387  66.869 0.0000000000
78396  48.620  -9.835  65.481 0.0000000000
78421  48.362  -9.733  63.552 0.0000000000
79819  49.836  -8.486  63.300 0.0000000000
105695  59.360  8.021  36.344 0.0000000000
104181  59.640  7.085  35.850 0.0000000000
101192  60.410  5.305  35.425 0.0000000000
99777  61.407  4.347  36.086 0.0000000000
99764  62.381  4.168  36.677 0.0000000000
99743  60.745  4.396  39.166 0.0000000000
99741  63.035  4.359  39.184 0.0000000000
101159  64.282  5.235  37.776 0.0000000000
104159  64.429  5.616  39.084 0.0000000000
62920  19.590  -19.358  81.457 0.0000000000
64279  20.109  -18.642  81.227 0.0000000000
55163  5.691  -26.689  77.182 0.0000000000
55185  4.783  -25.893  76.762 0.0000000000
86300  50.728  -5.347  59.989 0.0000000000
86309  51.286  -4.814  59.657 0.0000000000
65988  27.876  -17.863  69.155 0.0000000000
67467  28.364  -17.574  69.385 0.0000000000
61810  18.894  -21.197  69.329 0.0000000000
61772  18.525  -22.047  71.154 0.0000000000
61811  17.903  -21.214  69.060 0.0000000000
61661  13.049  -21.211  79.663 0.0000000000
60393  12.573  -21.368  79.656 0.0000000000
101078  57.528  5.622  42.574 0.0000000000
101053  58.587  5.791  43.420 0.0000000000
103971  54.798  6.546  51.840 0.0000000000
103970  55.757  6.309  51.675 0.0000000000
103948  55.374  6.921  52.323 0.0000000000
92640  46.230  -0.526  47.494 0.0000000000
94017  46.434  0.156  47.597 0.0000000000
75509  41.123  -12.089  59.965 0.0000000000
75480  42.591  -12.545  61.041 0.0000000000
75508  42.272  -11.956  60.004 0.0000000000
73619  38.334  -13.482  72.141 0.0000000000
73644  38.508  -13.457  71.307 0.0000000000
73618  39.323  -13.139  72.388 0.0000000000
101098  56.330  5.266  41.690 0.0000000000
105706  60.749  8.036  35.044 0.0000000000
104190  60.275  7.123  35.262 0.0000000000
102668  60.551  6.580  34.466 0.0000000000
67378  25.126  -16.919  75.581 0.0000000000
67361  24.861  -16.739  76.255 0.0000000000
167587  10.004  -25.485  78.307 0.0000000000
167590  9.588  -25.212  79.213 0.0000000000
99709  51.463  4.575  41.906 0.0000000000
99689  51.988  4.565  42.856 0.0000000000
98195  51.655  2.136  46.404 0.0000000000
98174  51.645  2.032  47.432 0.0000000000
99629  51.775  2.631  48.021 0.0000000000
98175  51.078  2.004  47.697 0.0000000000
86429  49.388  -4.153  52.711 0.0000000000
88012  49.686  -3.992  53.276 0.0000000000
89760  42.378  -3.177  46.584 0.0000000000
88115  43.262  -3.771  47.640 0.0000000000
86507  44.316  -4.330  48.446 0.0000000000
86508  43.774  -4.713  48.346 0.0000000000
84856  44.908  -7.004  53.102 0.0000000000
84855  45.558  -6.629  52.918 0.0000000000
84815  46.080  -6.816  55.331 0.0000000000
69092  32.439  -16.461  70.636 0.0000000000
69105  33.276  -16.090  69.884 0.0000000000
69091  33.593  -16.117  70.781 0.0000000000
69090  34.355  -15.984  71.230 0.0000000000
68988  30.551  -15.850  76.506 0.0000000000
64359  19.788  -19.001  77.708 0.0000000000
64360  19.275  -19.260  77.893 0.0000000000
62992  19.169  -19.759  77.299 0.0000000000
60428  15.531  -22.066  75.411 0.0000000000
60418  15.352  -21.671  76.324 0.0000000000
60440  14.816  -22.385  74.612 0.0000000000
59307  10.817  -23.241  71.356 0.0000000000
59280  11.392  -23.829  72.644 0.0000000000
58114  11.832  -23.799  73.578 0.0000000000
58115  11.031  -24.202  73.315 0.0000000000
59281  10.422  -23.649  72.618 0.0000000000
64599  22.640  -19.245  68.402 0.0000000000
64626  23.086  -18.822  66.649 0.0000000000
64615  23.221  -18.810  67.649 0.0000000000
66045  24.075  -18.739  67.904 0.0000000000
64577  23.644  -18.839  69.246 0.0000000000
65992  24.097  -18.955  69.902 0.0000000000
65993  23.302  -18.833  70.495 0.0000000000
63026  20.491  -19.276  75.619 0.0000000000
64414  20.839  -18.642  75.736 0.0000000000
63008  20.540  -18.946  76.075 0.0000000000
64387  20.302  -19.042  77.129 0.0000000000
61592  16.853  -20.582  84.267 0.0000000000
167456  3.393  -28.405  81.186 0.0000000000
167458  4.340  -28.583  80.575 0.0000000000
104130  63.984  6.351  42.095 0.0000000000
105641  63.172  7.448  42.921 0.0000000000
106933  62.435  9.201  46.734 0.0000000000
106932  62.852  8.862  46.704 0.0000000000
106909  62.594  8.479  47.110 0.0000000000
105538  62.676  7.641  47.061 0.0000000000
106894  61.826  8.457  47.559 0.0000000000
101015  57.536  5.377  46.922 0.0000000000
101005  57.305  5.289  47.488 0.0000000000
98125  48.310  3.629  50.411 0.0000000000
99569  47.425  4.305  49.776 0.0000000000
99568  48.121  4.404  50.199 0.0000000000
100958  48.952  4.722  50.274 0.0000000000
99547  49.567  4.519  50.596 0.0000000000
92571  52.599  -0.474  53.519 0.0000000000
93952  52.214  0.097  52.344 0.0000000000
93939  53.173  0.206  53.570 0.0000000000
81518  40.572  -8.424  54.853 0.0000000000
78480  46.608  -9.469  60.541 0.0000000000
79862  45.917  -8.883  59.672 0.0000000000
79860  47.370  -8.842  60.276 0.0000000000
78458  47.600  -9.717  61.545 0.0000000000
75383  34.297  -12.830  66.050 0.0000000000
73806  40.256  -13.044  66.296 0.0000000000
73774  41.352  -13.612  67.303 0.0000000000
72191  47.427  -13.366  68.649 0.0000000000
73771  46.938  -12.967  67.400 0.0000000000
73802  47.226  -12.337  67.024 0.0000000000
75379  47.268  -11.870  66.263 0.0000000000
75378  48.019  -11.580  67.013 0.0000000000
99769  57.646  4.607  38.191 0.0000000000
101163  57.276  5.079  37.774 0.0000000000
99767  59.248  4.506  37.225 0.0000000000
102594  63.005  5.979  42.396 0.0000000000
102601  63.046  5.687  41.228 0.0000000000
104129  64.360  6.699  41.770 0.0000000000
104246  65.136  7.627  31.685 0.0000000000
104230  65.328  7.143  32.235 0.0000000000
102725  65.981  6.425  32.046 0.0000000000
101189  64.030  4.712  35.413 0.0000000000
101188  64.778  5.654  35.700 0.0000000000
102654  64.885  6.001  36.445 0.0000000000
101172  64.652  5.623  36.796 0.0000000000
67331  21.929  -16.838  78.518 0.0000000000
68959  22.535  -16.273  78.741 0.0000000000
67316  21.928  -16.605  79.278 0.0000000000
55182  7.264  -25.601  76.458 0.0000000000
53797  7.748  -26.402  77.676 0.0000000000
53778  5.970  -26.891  78.504 0.0000000000
53759  6.903  -27.065  79.405 0.0000000000
52510  6.833  -27.641  80.056 0.0000000000
167454  7.534  -27.777  80.836 0.0000000000
98246  49.019  1.865  43.609 0.0000000000
96768  50.127  1.900  44.863 0.0000000000
96790  49.457  1.568  44.144 0.0000000000
87961  49.718  -4.105  56.834 0.0000000000
61644  2.365  -20.229  79.640 0.0000000000
60387  2.847  -21.060  81.242 0.0000000000
59202  2.541  -22.234  82.205 0.0000000000
67541  28.998  -16.864  66.328 0.0000000000
69137  30.504  -16.609  67.254 0.0000000000
67511  29.594  -16.938  67.397 0.0000000000
67465  30.367  -17.116  69.882 0.0000000000
69108  30.201  -16.651  69.010 0.0000000000
67464  30.823  -16.836  70.131 0.0000000000
69093  31.143  -16.650  70.532 0.0000000000
61730  19.540  -21.369  73.186 0.0000000000
61750  17.796  -21.928  72.133 0.0000000000
61731  18.561  -22.146  73.274 0.0000000000
61732  17.379  -22.230  72.940 0.0000000000
60451  16.887  -22.190  73.554 0.0000000000
61733  16.553  -21.927  72.852 0.0000000000
61852  20.404  -20.586  67.955 0.0000000000
63231  21.147  -20.410  67.448 0.0000000000
63217  21.157  -20.255  68.316 0.0000000000
63216  21.837  -19.800  67.673 0.0000000000
63194  21.810  -19.891  68.716 0.0000000000
63168  21.569  -20.014  69.753 0.0000000000
61807  21.210  -20.410  69.969 0.0000000000
61770  20.165  -20.841  71.570 0.0000000000
63102  20.583  -20.697  72.190 0.0000000000
63078  20.297  -20.741  73.124 0.0000000000
62936  14.915  -20.367  80.545 0.0000000000
61616  15.246  -21.147  81.118 0.0000000000
102582  60.773  6.271  43.207 0.0000000000
104117  61.628  6.836  43.429 0.0000000000
104118  60.610  6.754  43.790 0.0000000000
104096  59.239  6.474  44.448 0.0000000000
105621  60.110  6.887  44.458 0.0000000000
105595  59.851  6.990  44.822 0.0000000000
106973  61.313  7.633  45.078 0.0000000000
102481  56.642  5.110  49.697 0.0000000000
102466  56.353  5.685  50.077 0.0000000000
103988  57.059  5.894  50.527 0.0000000000
98183  43.264  2.609  47.209 0.0000000000
98182  43.948  2.147  46.943 0.0000000000
95325  46.315  1.571  48.773 0.0000000000
95326  45.721  1.914  48.451 0.0000000000
96708  47.255  2.651  49.759 0.0000000000
95313  48.216  2.077  49.947 0.0000000000
78550  40.298  -10.264  56.593 0.0000000000
78531  41.094  -10.315  57.333 0.0000000000
78530  41.599  -10.236  57.674 0.0000000000
77064  41.889  -10.678  58.395 0.0000000000
75507  43.652  -11.624  60.589 0.0000000000
75533  43.899  -11.276  59.874 0.0000000000
77016  44.908  -10.824  60.680 0.0000000000
73675  39.488  -13.311  70.398 0.0000000000
73707  39.808  -13.292  69.380 0.0000000000
101139  54.291  4.944  39.588 0.0000000000
101138  55.255  4.650  39.731 0.0000000000
101135  57.440  5.074  40.408 0.0000000000
99746  57.613  4.668  39.696 0.0000000000
99735  58.399  4.729  40.294 0.0000000000
168037  60.380  4.844  42.309 0.0000000000
99708  60.682  4.900  42.925 0.0000000000
101051  61.244  4.991  43.303 0.0000000000
104217  61.262  6.994  33.649 0.0000000000
104216  61.756  7.470  33.103 0.0000000000
102708  62.881  6.881  32.373 0.0000000000
102686  62.610  6.411  32.968 0.0000000000
102685  63.854  6.095  33.054 0.0000000000
101215  61.296  5.166  34.622 0.0000000000
99814  61.795  4.789  34.682 0.0000000000
101190  62.929  4.704  35.205 0.0000000000
99792  62.021  4.570  34.993 0.0000000000
67425  26.793  -17.047  72.406 0.0000000000
67377  26.209  -16.813  75.319 0.0000000000
67392  26.971  -16.663  74.529 0.0000000000
67375  27.450  -17.052  75.235 0.0000000000
69013  27.789  -16.832  75.510 0.0000000000
68991  27.062  -16.301  76.656 0.0000000000
59232  10.976  -22.159  79.130 0.0000000000
59233  10.973  -23.067  79.625 0.0000000000
167603  9.451  -23.995  81.266 0.0000000000
167605  9.959  -23.466  81.369 0.0000000000
167592  10.386  -23.542  81.867 0.0000000000
167573  11.166  -24.150  82.142 0.0000000000
167572  10.368  -24.779  82.346 0.0000000000
55121  8.594  -26.052  80.540 0.0000000000
56597  8.913  -25.295  80.448 0.0000000000
55111  8.774  -25.922  81.450 0.0000000000
101058  54.200  4.655  42.916 0.0000000000
99686  54.398  4.425  43.753 0.0000000000
99672  54.487  4.266  44.780 0.0000000000
99660  54.509  4.016  45.942 0.0000000000
98242  52.550  3.550  43.853 0.0000000000
99646  53.609  3.112  46.651 0.0000000000
99645  54.730  3.585  47.120 0.0000000000
98172  55.335  3.845  48.564 0.0000000000
100993  52.572  3.833  49.092 0.0000000000
99585  53.591  3.550  49.966 0.0000000000
100953  53.006  5.017  50.245 0.0000000000
89692  48.438  -2.665  50.105 0.0000000000
91125  48.823  -1.880  49.852 0.0000000000
89677  49.430  -2.599  50.799 0.0000000000
89644  50.871  -2.543  52.529 0.0000000000
89661  50.554  -2.352  51.699 0.0000000000
89643  51.310  -2.296  53.103 0.0000000000
91087  51.708  -1.535  53.153 0.0000000000
91073  51.931  -1.719  54.193 0.0000000000
87960  50.760  -3.393  56.363 0.0000000000
89585  51.203  -3.034  55.304 0.0000000000
87959  51.659  -3.012  56.673 0.0000000000
91006  52.620  -1.933  56.430 0.0000000000
91005  53.028  -1.533  57.196 0.0000000000
91036  53.555  -1.522  56.118 0.0000000000
92527  54.136  -0.747  56.290 0.0000000000
73957  38.616  -12.770  61.085 0.0000000000
73956  39.136  -12.800  61.064 0.0000000000
73931  39.525  -13.047  61.461 0.0000000000
101141  52.331  5.645  39.587 0.0000000000
101140  53.234  5.262  39.552 0.0000000000
101083  53.156  4.629  42.046 0.0000000000
101101  53.749  4.574  41.304 0.0000000000
59256  2.988  -23.161  76.510 0.0000000000
56637  3.191  -25.197  77.246 0.0000000000
58069  2.504  -24.104  77.101 0.0000000000
56607  2.609  -24.893  78.960 0.0000000000
53744  2.749  -26.883  80.315 0.0000000000
55123  2.667  -25.752  80.289 0.0000000000
59235  2.246  -21.914  79.959 0.0000000000
59234  2.281  -22.667  79.900 0.0000000000
94009  43.527  0.660  47.287 0.0000000000
94021  43.257  0.202  46.849 0.0000000000
89758  43.996  -2.194  47.034 0.0000000000
91183  43.110  -1.649  46.363 0.0000000000
91177  43.730  -1.726  46.611 0.0000000000
91176  44.685  -1.788  46.942 0.0000000000
91168  45.054  -2.388  47.417 0.0000000000
89747  46.477  -2.923  48.293 0.0000000000
89748  45.374  -2.834  47.910 0.0000000000
86476  46.232  -4.299  49.719 0.0000000000
88061  46.600  -4.031  49.803 0.0000000000
88044  47.800  -4.076  50.967 0.0000000000
86455  47.400  -4.829  50.832 0.0000000000
84922  43.699  -5.926  49.841 0.0000000000
84944  44.327  -5.519  49.307 0.0000000000
84921  44.566  -5.883  50.099 0.0000000000
84854  46.675  -6.243  53.347 0.0000000000
84875  46.592  -6.235  52.233 0.0000000000
84874  47.458  -5.734  52.578 0.0000000000
86403  48.588  -4.950  54.696 0.0000000000
86404  47.645  -5.565  54.777 0.0000000000
86340  47.235  -5.128  56.937 0.0000000000
86363  47.699  -5.144  56.505 0.0000000000
86322  48.083  -5.210  57.884 0.0000000000
86312  49.145  -5.585  58.618 0.0000000000
84755  48.705  -5.767  58.514 0.0000000000
70712  32.766  -14.302  65.305 0.0000000000
72300  33.318  -13.739  65.531 0.0000000000
72267  33.379  -14.379  66.265 0.0000000000
69136  31.469  -16.153  67.233 0.0000000000
70637  33.611  -15.388  69.048 0.0000000000
70655  33.224  -14.918  68.321 0.0000000000
72198  33.959  -14.461  68.233 0.0000000000
72197  34.492  -14.176  68.838 0.0000000000
73744  35.035  -13.810  68.648 0.0000000000
72168  34.809  -14.247  69.794 0.0000000000
72119  35.657  -15.113  71.272 0.0000000000
72142  35.717  -14.223  70.534 0.0000000000
73647  36.704  -14.470  71.254 0.0000000000
73646  37.312  -14.361  71.294 0.0000000000
72096  37.273  -14.512  72.203 0.0000000000
67423  28.489  -17.219  72.724 0.0000000000
67437  28.743  -16.817  71.704 0.0000000000
69068  28.996  -16.775  72.307 0.0000000000
69050  30.796  -16.275  73.587 0.0000000000
69065  31.678  -16.503  72.671 0.0000000000
69007  34.421  -15.803  75.094 0.0000000000
69008  33.530  -15.839  75.199 0.0000000000
69030  34.105  -16.014  74.441 0.0000000000
69047  33.766  -16.372  73.583 0.0000000000
69046  34.858  -15.908  73.686 0.0000000000
70593  35.449  -16.016  72.906 0.0000000000
69045  35.324  -15.698  74.125 0.0000000000
70578  36.577  -14.843  74.542 0.0000000000
72062  37.902  -14.298  74.320 0.0000000000
65749  19.310  -17.617  81.330 0.0000000000
62910  19.239  -19.614  81.835 0.0000000000
64266  18.903  -18.484  81.466 0.0000000000
62921  18.303  -19.271  81.150 0.0000000000
62933  17.661  -20.036  80.538 0.0000000000
62912  17.504  -20.003  82.449 0.0000000000
61613  17.105  -20.439  80.954 0.0000000000
63011  18.592  -20.855  75.887 0.0000000000
62993  18.567  -20.422  76.620 0.0000000000
61691  17.846  -20.888  76.343 0.0000000000
61693  16.105  -21.382  77.073 0.0000000000
61676  16.916  -21.046  77.819 0.0000000000
61637  16.189  -20.253  79.910 0.0000000000
61658  15.498  -20.439  78.944 0.0000000000
60419  14.521  -21.858  76.580 0.0000000000
61695  14.459  -21.799  77.663 0.0000000000
60489  14.919  -22.265  70.243 0.0000000000
60477  14.779  -21.970  71.362 0.0000000000
60514  12.028  -21.910  68.316 0.0000000000
60504  11.842  -22.093  69.294 0.0000000000
59305  12.623  -22.880  71.635 0.0000000000
59314  12.992  -22.770  70.996 0.0000000000
59292  13.144  -22.921  72.318 0.0000000000
60466  14.035  -22.712  72.672 0.0000000000
59268  13.306  -23.017  74.123 0.0000000000
58086  12.122  -23.607  74.881 0.0000000000
59260  12.636  -23.067  75.479 0.0000000000
59253  12.460  -22.782  76.376 0.0000000000
59254  11.837  -23.107  76.606 0.0000000000
59247  11.735  -23.001  77.503 0.0000000000
58078  10.984  -23.987  76.265 0.0000000000
56669  10.197  -24.483  75.466 0.0000000000
56670  9.757  -24.702  75.493 0.0000000000
59297  8.637  -22.985  72.179 0.0000000000
58127  9.436  -23.429  72.668 0.0000000000
56687  8.256  -24.421  74.634 0.0000000000
56688  7.987  -24.498  74.815 0.0000000000
56671  8.721  -24.611  75.311 0.0000000000
56672  7.518  -24.451  75.197 0.0000000000
58107  5.658  -23.612  74.177 0.0000000000
56673  6.563  -24.472  75.448 0.0000000000
58093  5.709  -23.983  75.015 0.0000000000
59263  3.382  -23.323  75.816 0.0000000000
60432  3.623  -21.607  75.297 0.0000000000
67543  27.225  -17.895  66.295 0.0000000000
67514  26.726  -17.939  67.330 0.0000000000
67599  24.007  -17.781  64.824 0.0000000000
67598  24.741  -17.473  64.453 0.0000000000
67573  24.619  -17.815  65.675 0.0000000000
67471  24.945  -17.808  68.453 0.0000000000
67516  25.135  -17.620  67.278 0.0000000000
67470  25.411  -17.628  68.964 0.0000000000
67455  25.492  -17.566  70.036 0.0000000000
67427  25.022  -17.843  71.973 0.0000000000
65914  24.267  -17.887  72.567 0.0000000000
65898  24.204  -17.661  72.920 0.0000000000
67413  23.509  -17.660  73.702 0.0000000000
64526  21.946  -19.441  71.538 0.0000000000
64495  22.561  -19.068  72.166 0.0000000000
64496  22.226  -19.343  72.817 0.0000000000
65867  21.766  -18.286  75.501 0.0000000000
65883  22.127  -17.917  74.179 0.0000000000
67381  22.444  -17.810  74.958 0.0000000000
67364  22.232  -17.764  76.150 0.0000000000
67349  22.184  -17.367  77.531 0.0000000000
65832  21.698  -18.367  77.030 0.0000000000
65794  20.154  -17.965  79.310 0.0000000000
65812  20.685  -17.842  78.622 0.0000000000
65770  20.001  -17.697  80.356 0.0000000000
67283  19.516  -17.126  81.402 0.0000000000
61596  20.147  -20.522  83.128 0.0000000000
61628  12.281  -21.906  80.715 0.0000000000
60384  12.207  -22.214  80.852 0.0000000000
53780  4.125  -26.793  78.390 0.0000000000
52500  5.076  -27.962  80.277 0.0000000000
167452  6.856  -28.358  80.134 0.0000000000
49922  6.491  -28.841  79.638 0.0000000000
105618  62.394  8.201  43.571 0.0000000000
105617  63.255  7.988  43.573 0.0000000000
105591  62.641  8.512  44.394 0.0000000000
104060  63.148  6.798  45.820 0.0000000000
101040  57.377  5.499  44.160 0.0000000000
101028  57.734  5.601  44.773 0.0000000000
104045  59.244  6.656  45.980 0.0000000000
105556  60.284  7.273  46.512 0.0000000000
105542  60.359  7.231  47.705 0.0000000000
104013  58.222  5.822  48.814 0.0000000000
103996  58.997  6.113  49.355 0.0000000000
106882  59.715  8.362  49.319 0.0000000000
106870  60.450  9.226  49.667 0.0000000000
106880  60.793  9.070  48.992 0.0000000000
108166  61.393  9.164  49.851 0.0000000000
106868  61.111  8.177  49.300 0.0000000000
96771  47.040  1.380  45.415 0.0000000000
96792  47.276  1.504  44.430 0.0000000000
96748  48.827  0.933  46.177 0.0000000000
98180  45.486  3.084  47.655 0.0000000000
98200  45.833  2.855  46.967 0.0000000000
98179  46.448  2.915  47.546 0.0000000000
99632  48.117  3.011  48.702 0.0000000000
99631  49.368  2.790  49.083 0.0000000000
99612  49.982  4.250  48.794 0.0000000000
102473  50.373  5.303  50.790 0.0000000000
102471  51.735  5.852  50.815 0.0000000000
102444  52.356  6.266  51.452 0.0000000000
102422  52.145  6.328  51.885 0.0000000000
91124  49.411  -1.435  49.909 0.0000000000
92621  49.439  -0.348  49.345 0.0000000000
92609  49.912  -0.423  49.973 0.0000000000
95309  52.227  0.931  50.904 0.0000000000
95311  50.635  1.534  50.593 0.0000000000
96691  50.456  2.248  51.012 0.0000000000
95292  51.417  1.940  50.960 0.0000000000
98087  54.285  3.691  52.841 0.0000000000
98088  53.835  3.392  52.823 0.0000000000
98089  53.243  3.447  52.437 0.0000000000
98103  51.640  3.432  52.097 0.0000000000
99530  52.887  4.248  52.607 0.0000000000
99531  51.924  4.474  52.524 0.0000000000
99515  52.595  4.974  52.851 0.0000000000
83231  41.063  -7.493  53.773 0.0000000000
83230  41.884  -7.734  53.798 0.0000000000
83229  42.777  -7.771  53.616 0.0000000000
83205  42.522  -7.405  54.409 0.0000000000
78546  42.695  -9.460  57.527 0.0000000000
81477  42.279  -8.598  56.755 0.0000000000
79930  43.312  -8.832  57.429 0.0000000000
81450  45.276  -7.824  58.178 0.0000000000
81474  44.657  -7.870  57.651 0.0000000000
83110  45.235  -7.396  57.656 0.0000000000
83156  44.567  -6.934  56.277 0.0000000000
83130  45.543  -7.087  57.426 0.0000000000
84776  46.140  -6.557  57.158 0.0000000000
83108  46.674  -7.231  58.097 0.0000000000
83074  48.138  -7.280  59.299 0.0000000000
83073  48.818  -7.094  59.590 0.0000000000
83072  49.549  -6.932  60.220 0.0000000000
81402  49.624  -7.419  60.722 0.0000000000
75367  36.319  -12.774  66.670 0.0000000000
73809  37.088  -13.104  65.751 0.0000000000
73836  36.964  -13.062  64.756 0.0000000000
73891  37.300  -12.571  63.747 0.0000000000
75417  38.131  -12.710  63.558 0.0000000000
73862  40.654  -13.628  64.362 0.0000000000
73888  40.530  -13.521  63.324 0.0000000000
73887  41.511  -13.750  63.332 0.0000000000
76814  42.059  -11.942  73.390 0.0000000000
75278  41.378  -12.782  72.465 0.0000000000
75277  42.130  -12.571  72.343 0.0000000000
73640  43.869  -12.958  71.663 0.0000000000
75319  42.710  -13.300  71.519 0.0000000000
75318  43.117  -13.198  71.779 0.0000000000
73672  42.181  -13.717  70.509 0.0000000000
73671  43.125  -13.946  71.055 0.0000000000
70653  45.447  -14.290  68.963 0.0000000000
72163  44.831  -14.407  69.620 0.0000000000
72194  44.719  -14.392  68.616 0.0000000000
72165  43.311  -14.322  68.841 0.0000000000
72195  43.870  -14.475  68.411 0.0000000000
72232  42.866  -15.141  67.340 0.0000000000
72231  43.857  -14.747  67.517 0.0000000000
73827  45.143  -13.116  65.255 0.0000000000
73828  44.268  -13.388  65.162 0.0000000000
73858  44.107  -13.008  64.414 0.0000000000
73885  43.416  -13.167  63.654 0.0000000000
75437  44.416  -12.710  63.415 0.0000000000
75457  44.303  -12.490  62.705 0.0000000000
75436  45.257  -12.372  63.620 0.0000000000
76944  46.895  -11.155  64.749 0.0000000000
76975  46.570  -10.708  62.478 0.0000000000
78412  47.087  -10.385  64.555 0.0000000000
76901  48.400  -10.286  67.386 0.0000000000
78364  48.567  -9.793  67.688 0.0000000000
78378  49.167  -9.620  66.179 0.0000000000
78395  49.482  -9.496  65.457 0.0000000000
78410  49.143  -9.603  64.411 0.0000000000
78438  48.757  -9.379  62.941 0.0000000000
79813  49.474  -9.068  63.695 0.0000000000
105686  59.085  8.577  36.867 0.0000000000
102622  55.062  6.043  38.161 0.0000000000
102644  58.936  6.287  36.270 0.0000000000
104182  58.820  7.391  36.423 0.0000000000
102643  59.429  6.103  35.815 0.0000000000
101193  59.719  5.697  35.667 0.0000000000
99766  60.315  4.215  37.207 0.0000000000
99778  60.429  4.591  36.237 0.0000000000
101134  60.337  4.340  40.051 0.0000000000
101131  63.400  4.872  39.562 0.0000000000
99752  63.274  4.404  38.535 0.0000000000
101146  63.803  4.814  38.861 0.0000000000
102633  64.463  5.669  38.211 0.0000000000
104160  63.807  5.477  39.343 0.0000000000
104146  64.505  6.508  40.336 0.0000000000
105749  62.464  9.088  32.271 0.0000000000
107084  62.879  9.431  32.540 0.0000000000
105764  63.241  8.999  31.895 0.0000000000
65730  20.894  -17.116  81.866 0.0000000000
55183  6.424  -25.709  76.468 0.0000000000
55162  6.311  -26.469  76.888 0.0000000000
53779  5.061  -27.082  78.415 0.0000000000
86319  50.179  -4.789  58.576 0.0000000000
87910  51.307  -4.619  59.271 0.0000000000
67488  29.289  -17.221  68.385 0.0000000000
67466  29.498  -17.192  69.546 0.0000000000
67451  29.585  -16.791  70.809 0.0000000000
61771  19.365  -21.097  71.347 0.0000000000
60474  17.478  -22.233  71.218 0.0000000000
61827  20.451  -20.448  68.935 0.0000000000
61808  20.770  -20.635  69.772 0.0000000000
61809  19.928  -21.077  69.575 0.0000000000
61625  14.775  -20.909  80.727 0.0000000000
61640  13.679  -20.971  80.059 0.0000000000
61626  13.621  -21.434  80.450 0.0000000000
60383  13.342  -21.944  80.743 0.0000000000
101052  58.961  5.824  43.402 0.0000000000
102583  59.682  6.308  43.684 0.0000000000
102566  58.305  6.499  43.124 0.0000000000
102586  57.992  7.470  43.262 0.0000000000
102467  55.432  5.821  50.256 0.0000000000
95337  44.558  1.269  47.609 0.0000000000
94006  45.987  0.728  47.807 0.0000000000
94005  46.801  0.561  48.187 0.0000000000
93997  47.271  1.012  48.740 0.0000000000
77044  41.352  -11.363  59.153 0.0000000000
77043  42.394  -10.995  59.196 0.0000000000
75535  42.394  -11.417  59.612 0.0000000000
77017  44.182  -11.382  61.350 0.0000000000
73677  37.564  -13.071  70.583 0.0000000000
73643  39.280  -13.367  71.301 0.0000000000
73642  40.090  -13.258  71.354 0.0000000000
101118  56.133  5.164  40.853 0.0000000000
101117  56.982  5.214  40.975 0.0000000000
101116  57.885  5.212  40.926 0.0000000000
101115  58.933  4.880  41.125 0.0000000000
101096  58.220  5.363  41.869 0.0000000000
104202  60.980  7.437  34.163 0.0000000000
101238  60.680  6.195  34.136 0.0000000000
101216  60.602  5.834  34.529 0.0000000000
67411  25.813  -16.941  73.342 0.0000000000
69015  25.627  -16.689  76.156 0.0000000000
58056  10.663  -24.292  77.613 0.0000000000
167589  10.654  -23.910  78.986 0.0000000000
167594  10.200  -24.385  79.434 0.0000000000
167597  9.816  -24.216  80.251 0.0000000000
167602  9.168  -24.745  81.121 0.0000000000
53725  8.011  -26.864  80.823 0.0000000000
53724  8.627  -26.690  81.326 0.0000000000
101059  53.386  4.792  42.804 0.0000000000
99688  52.785  4.434  43.296 0.0000000000
99674  53.164  4.051  43.790 0.0000000000
98222  51.075  2.470  44.998 0.0000000000
98221  52.007  3.129  45.066 0.0000000000
99647  52.524  2.389  47.079 0.0000000000
99628  52.958  2.532  48.107 0.0000000000
100994  51.923  4.185  49.062 0.0000000000
88043  48.562  -3.633  51.285 0.0000000000
88042  49.082  -3.187  51.257 0.0000000000
88026  49.421  -3.460  52.066 0.0000000000
88011  50.392  -3.371  52.822 0.0000000000
89624  51.118  -3.028  53.375 0.0000000000
89557  52.168  -2.455  57.082 0.0000000000
101084  52.351  4.757  41.999 0.0000000000
59248  2.614  -22.843  77.507 0.0000000000
58044  2.581  -23.677  79.477 0.0000000000
89759  43.298  -2.698  46.787 0.0000000000
88113  44.912  -3.459  48.255 0.0000000000
88114  44.214  -3.852  47.915 0.0000000000
88085  44.655  -4.055  48.522 0.0000000000
86477  45.673  -4.732  49.580 0.0000000000
83289  44.771  -6.623  51.179 0.0000000000
83257  45.121  -6.633  52.043 0.0000000000
84834  46.915  -6.046  54.525 0.0000000000
86405  47.201  -5.826  55.062 0.0000000000
84814  46.908  -6.070  55.589 0.0000000000
84775  47.106  -5.556  57.475 0.0000000000
69151  32.547  -15.115  66.253 0.0000000000
70636  34.336  -15.089  69.600 0.0000000000
70622  34.584  -15.375  70.441 0.0000000000
70614  35.697  -15.365  71.687 0.0000000000
69035  28.826  -16.585  74.502 0.0000000000
69034  29.876  -16.016  74.495 0.0000000000
69033  31.016  -15.920  74.561 0.0000000000
70541  34.634  -15.475  76.524 0.0000000000
70579  35.645  -15.513  74.530 0.0000000000
64315  19.720  -18.356  79.352 0.0000000000
64281  18.725  -18.339  80.919 0.0000000000
64316  19.285  -18.774  78.975 0.0000000000
62948  18.724  -19.322  79.358 0.0000000000
62972  18.349  -19.900  78.826 0.0000000000
60426  17.259  -21.758  75.006 0.0000000000
61702  17.152  -21.555  75.914 0.0000000000
59322  13.510  -22.275  68.944 0.0000000000
60505  10.844  -21.931  69.318 0.0000000000
60492  11.497  -22.312  70.076 0.0000000000
59306  11.777  -23.032  71.512 0.0000000000
59293  12.423  -22.953  72.373 0.0000000000
59279  12.396  -23.393  73.265 0.0000000000
58100  12.083  -23.603  74.197 0.0000000000
58087  11.460  -23.904  75.076 0.0000000000
58102  10.748  -24.114  74.205 0.0000000000
58103  9.793  -23.988  74.210 0.0000000000
58119  6.878  -23.634  73.039 0.0000000000
58091  7.032  -23.877  74.569 0.0000000000
59270  5.586  -23.135  73.532 0.0000000000
67571  26.610  -17.620  64.995 0.0000000000
66091  23.661  -18.521  65.615 0.0000000000
66067  24.262  -18.121  66.344 0.0000000000
66020  24.654  -18.294  68.266 0.0000000000
65991  24.651  -17.982  69.291 0.0000000000
67456  24.962  -17.732  70.324 0.0000000000
65961  24.503  -18.068  70.407 0.0000000000
65962  23.689  -18.375  70.867 0.0000000000
65936  23.482  -18.613  71.782 0.0000000000
64497  21.608  -19.734  73.388 0.0000000000
64468  22.111  -19.064  73.900 0.0000000000
64469  21.408  -19.524  74.379 0.0000000000
64413  21.377  -18.671  75.478 0.0000000000
64385  21.216  -18.418  76.660 0.0000000000
64358  20.753  -18.544  77.678 0.0000000000
64337  20.052  -18.418  78.581 0.0000000000
52501  3.813  -27.704  80.172 0.0000000000
106971  62.083  8.857  45.124 0.0000000000
106970  62.728  8.783  45.274 0.0000000000
106969  62.850  8.480  45.546 0.0000000000
105553  62.387  7.975  46.258 0.0000000000
104043  63.063  6.843  46.467 0.0000000000
104026  63.043  6.950  47.149 0.0000000000
104009  62.601  6.736  47.904 0.0000000000
101029  57.003  5.537  45.249 0.0000000000
102546  57.674  5.581  45.437 0.0000000000
102530  57.357  5.534  45.871 0.0000000000
102529  57.867  5.629  46.307 0.0000000000
104030  59.238  6.253  47.066 0.0000000000
105510  58.808  6.319  49.786 0.0000000000
96772  45.969  1.295  45.504 0.0000000000
99590  46.315  4.133  49.022 0.0000000000
99634  46.195  3.547  48.140 0.0000000000
99589  47.061  4.305  49.218 0.0000000000
99614  47.578  4.149  48.633 0.0000000000
99587  49.222  4.563  49.320 0.0000000000
99586  49.654  4.659  49.193 0.0000000000
100978  49.025  4.876  49.857 0.0000000000
100957  49.719  5.134  50.385 0.0000000000
102446  50.732  5.414  51.328 0.0000000000
92589  51.508  -0.637  51.668 0.0000000000
92608  50.607  -0.540  50.425 0.0000000000
93968  51.682  -0.206  51.008 0.0000000000
93984  52.371  0.679  51.216 0.0000000000
95290  53.096  1.124  51.721 0.0000000000
99514  53.581  4.891  52.943 0.0000000000
83207  40.810  -7.514  54.335 0.0000000000
83181  41.398  -7.610  54.671 0.0000000000
78506  44.768  -9.927  58.861 0.0000000000
79910  44.658  -8.698  58.293 0.0000000000
79885  45.185  -8.935  58.900 0.0000000000
79884  45.821  -8.590  59.076 0.0000000000
81420  46.333  -8.261  59.000 0.0000000000
81448  46.732  -7.656  58.545 0.0000000000
81405  47.177  -8.355  59.775 0.0000000000
79859  48.184  -8.519  60.511 0.0000000000
79844  48.654  -8.751  61.157 0.0000000000
73777  38.534  -13.309  67.230 0.0000000000
73834  38.895  -13.371  65.112 0.0000000000
73833  39.947  -13.101  65.243 0.0000000000
73832  40.954  -13.148  65.316 0.0000000000
73831  41.814  -13.687  65.370 0.0000000000
75275  43.842  -11.594  72.534 0.0000000000
73616  44.436  -12.095  72.812 0.0000000000
75295  44.914  -12.297  72.040 0.0000000000
73639  44.506  -13.150  71.993 0.0000000000
72229  45.306  -14.258  67.526 0.0000000000
70696  44.793  -14.487  66.910 0.0000000000
72260  45.961  -13.851  66.861 0.0000000000
72294  45.860  -13.638  66.247 0.0000000000
75393  45.816  -12.718  65.092 0.0000000000
75414  45.655  -12.553  64.443 0.0000000000
75392  46.469  -12.104  65.319 0.0000000000
76928  47.328  -10.971  65.712 0.0000000000
101149  56.489  4.854  38.297 0.0000000000
101164  56.224  5.492  37.908 0.0000000000
101177  58.779  5.603  36.463 0.0000000000
99754  61.146  4.242  38.137 0.0000000000
101113  62.160  5.037  41.289 0.0000000000
101112  62.652  5.325  40.864 0.0000000000
102611  63.552  5.936  40.376 0.0000000000
104147  64.011  6.168  40.003 0.0000000000
104232  63.004  7.502  31.919 0.0000000000
104248  63.526  8.327  31.731 0.0000000000
104247  64.272  7.988  31.704 0.0000000000
99812  64.306  5.193  34.639 0.0000000000
101212  64.592  5.329  34.625 0.0000000000
101187  65.875  6.025  35.641 0.0000000000
67363  23.182  -17.103  76.583 0.0000000000
68994  23.774  -16.511  77.076 0.0000000000
68977  23.205  -16.423  77.898 0.0000000000
68958  23.564  -15.921  78.792 0.0000000000
68929  22.072  -16.898  80.004 0.0000000000
55131  9.144  -25.829  78.629 0.0000000000
55143  8.666  -26.064  78.161 0.0000000000
53757  8.130  -26.473  78.939 0.0000000000
55122  8.227  -26.415  79.767 0.0000000000
53777  6.849  -26.711  78.497 0.0000000000
53758  7.690  -26.685  79.237 0.0000000000
53742  7.889  -26.831  80.195 0.0000000000
52489  7.788  -27.289  80.879 0.0000000000
167451  7.969  -27.998  81.122 0.0000000000
167448  8.155  -28.393  80.769 0.0000000000
98244  50.537  2.389  43.932 0.0000000000
98223  50.628  2.186  44.713 0.0000000000
96747  49.722  1.745  46.014 0.0000000000
88000  49.486  -4.289  54.560 0.0000000000
87934  51.487  -3.271  57.394 0.0000000000
87921  51.518  -3.542  58.424 0.0000000000
60404  2.992  -21.164  78.942 0.0000000000
60395  2.746  -20.728  79.429 0.0000000000
60396  2.238  -21.143  79.739 0.0000000000
59223  2.626  -22.058  80.744 0.0000000000
61629  2.536  -20.342  80.801 0.0000000000
58016  2.177  -23.339  82.142 0.0000000000
83290  43.830  -7.053  51.314 0.0000000000
83203  44.114  -7.433  53.673 0.0000000000
69120  30.919  -16.544  68.220 0.0000000000
69078  32.600  -16.516  71.713 0.0000000000
63027  19.820  -19.893  75.399 0.0000000000
63028  19.173  -20.647  75.265 0.0000000000
63029  18.514  -21.130  75.140 0.0000000000
61716  18.497  -21.697  74.274 0.0000000000
61717  17.968  -21.465  74.709 0.0000000000
60437  17.414  -21.952  74.272 0.0000000000
60438  16.590  -22.060  74.288 0.0000000000
60452  15.873  -21.752  73.257 0.0000000000
60493  10.543  -22.092  70.114 0.0000000000
59317  10.295  -22.707  70.639 0.0000000000
59308  9.819  -22.745  71.326 0.0000000000
59296  9.737  -23.064  72.306 0.0000000000
60479  8.999  -22.345  70.903 0.0000000000
64617  21.983  -19.473  66.793 0.0000000000
63215  22.342  -19.501  67.916 0.0000000000
63123  21.539  -19.852  71.359 0.0000000000
63147  20.953  -20.646  71.111 0.0000000000
63124  21.347  -20.266  71.744 0.0000000000
63077  20.827  -20.152  73.838 0.0000000000
102580  62.676  6.202  42.760 0.0000000000
105619  61.492  8.112  43.693 0.0000000000
105620  60.895  7.554  44.044 0.0000000000
105593  61.264  8.000  44.431 0.0000000000
106972  61.525  8.408  45.087 0.0000000000
106954  61.559  9.004  45.844 0.0000000000
106935  60.862  8.931  46.694 0.0000000000
100989  56.586  4.633  48.530 0.0000000000
100988  57.053  5.143  48.181 0.0000000000
102495  56.998  5.280  48.956 0.0000000000
103987  57.818  6.119  49.958 0.0000000000
98202  44.308  2.245  46.617 0.0000000000
98181  44.715  2.422  47.232 0.0000000000
98160  44.599  2.923  48.007 0.0000000000
96722  44.850  2.019  47.770 0.0000000000
96711  45.122  2.568  48.258 0.0000000000
98140  45.807  3.518  48.988 0.0000000000
96694  47.757  2.964  50.059 0.0000000000
92561  53.597  -0.210  54.854 0.0000000000
93927  53.565  0.135  54.157 0.0000000000
79945  40.525  -9.140  56.236 0.0000000000
79944  41.332  -8.928  56.216 0.0000000000
79933  41.215  -9.419  56.543 0.0000000000
78547  42.002  -9.539  57.420 0.0000000000
78528  43.329  -9.758  58.027 0.0000000000
77042  43.555  -10.599  59.180 0.0000000000
78507  43.830  -10.008  58.591 0.0000000000
78482  44.929  -9.929  59.935 0.0000000000
77015  45.666  -10.319  60.779 0.0000000000
73780  35.327  -13.517  67.471 0.0000000000
73741  38.000  -12.954  68.295 0.0000000000
73709  37.655  -12.853  69.467 0.0000000000
73740  39.145  -13.057  68.326 0.0000000000
73739  40.135  -13.340  68.317 0.0000000000
73738  40.990  -13.568  68.316 0.0000000000
101150  55.407  5.055  38.696 0.0000000000
99748  55.897  4.718  39.409 0.0000000000
99760  55.760  4.734  39.042 0.0000000000
99759  56.192  4.686  38.911 0.0000000000
99758  57.088  4.607  38.630 0.0000000000
99757  58.045  4.487  38.688 0.0000000000
99756  58.992  4.400  38.429 0.0000000000
101114  60.411  4.491  41.325 0.0000000000
101094  62.233  5.079  42.406 0.0000000000
104233  62.254  8.234  32.344 0.0000000000
105717  61.349  8.231  33.947 0.0000000000
102706  64.640  6.710  32.682 0.0000000000
101236  61.912  5.567  33.659 0.0000000000
101213  63.753  5.074  34.580 0.0000000000
101174  63.231  4.437  36.105 0.0000000000
67424  27.798  -17.173  72.540 0.0000000000
67409  28.004  -17.090  73.235 0.0000000000
69037  27.354  -16.364  73.934 0.0000000000
68993  24.805  -16.219  76.657 0.0000000000
68992  25.929  -15.983  76.621 0.0000000000
68974  26.445  -15.759  77.445 0.0000000000
61830  17.747  -21.248  68.193 0.0000000000
60403  11.787  -22.026  78.844 0.0000000000
60394  12.001  -21.767  79.791 0.0000000000
59221  11.316  -22.377  80.197 0.0000000000
60374  11.127  -21.884  81.668 0.0000000000
167600  10.471  -22.879  81.420 0.0000000000
59201  11.618  -22.463  82.097 0.0000000000
167585  11.526  -23.343  81.917 0.0000000000
56606  9.002  -25.205  79.817 0.0000000000
167604  9.025  -24.522  81.749 0.0000000000
55098  8.955  -26.054  81.973 0.0000000000
167568  10.094  -25.888  82.113 0.0000000000
101080  55.637  5.327  42.414 0.0000000000
101056  55.910  5.255  43.311 0.0000000000
99685  55.350  4.467  44.031 0.0000000000
101030  56.217  4.847  45.774 0.0000000000
101017  56.259  4.436  46.912 0.0000000000
98257  51.726  3.788  43.303 0.0000000000
98241  53.121  3.767  44.194 0.0000000000
99661  53.830  3.600  45.341 0.0000000000
101007  56.132  4.229  47.989 0.0000000000
100990  55.635  4.343  49.022 0.0000000000
100971  54.992  5.084  49.228 0.0000000000
99608  54.381  3.622  49.443 0.0000000000
100992  54.418  4.391  49.622 0.0000000000
102483  54.865  5.356  49.859 0.0000000000
102468  54.571  5.751  50.514 0.0000000000
102442  54.221  6.148  51.295 0.0000000000
91165  47.572  -1.314  48.458 0.0000000000
91151  47.973  -0.841  48.598 0.0000000000
91164  48.095  -1.780  48.644 0.0000000000
91105  50.021  -1.853  50.600 0.0000000000
89662  49.914  -2.661  51.613 0.0000000000
89676  50.261  -2.362  51.034 0.0000000000
91104  50.723  -1.566  51.005 0.0000000000
91095  51.425  -1.302  52.231 0.0000000000
92572  52.076  -0.789  53.159 0.0000000000
89607  51.212  -3.170  54.361 0.0000000000
89606  51.755  -2.527  54.760 0.0000000000
91055  52.402  -1.977  54.998 0.0000000000
91054  53.167  -1.557  55.166 0.0000000000
91071  53.295  -0.918  54.755 0.0000000000
92546  53.919  -0.399  55.571 0.0000000000
75511  39.202  -12.649  60.372 0.0000000000
75482  40.425  -12.819  60.658 0.0000000000
73929  41.449  -12.983  61.661 0.0000000000
73597  39.919  -12.759  73.972 0.0000000000
75280  39.978  -13.048  72.778 0.0000000000
76792  42.018  -11.971  74.077 0.0000000000
101152  52.875  5.799  38.834 0.0000000000
101120  54.438  4.604  40.530 0.0000000000
101122  52.576  5.124  40.380 0.0000000000
107042  60.706  8.810  35.458 0.0000000000
56657  4.024  -25.429  76.786 0.0000000000
55144  3.102  -25.984  78.340 0.0000000000
59242  2.044  -22.180  79.498 0.0000000000
53745  2.349  -25.926  80.747 0.0000000000
53728  2.316  -26.519  81.367 0.0000000000
51199  2.748  -28.270  82.077 0.0000000000
96724  43.389  1.531  47.543 0.0000000000
94008  44.342  0.666  47.350 0.0000000000
94019  44.977  0.053  47.224 0.0000000000
92641  45.607  -0.560  47.175 0.0000000000
92643  43.767  -0.750  46.628 0.0000000000
91175  45.700  -1.318  46.932 0.0000000000
91166  46.407  -1.472  47.893 0.0000000000
89746  47.375  -2.232  48.462 0.0000000000
89720  47.470  -3.108  49.250 0.0000000000
88083  46.217  -3.819  49.154 0.0000000000
88082  46.864  -3.606  49.522 0.0000000000
88059  48.018  -3.540  50.492 0.0000000000
86439  48.629  -4.221  51.855 0.0000000000
86430  48.881  -4.433  52.485 0.0000000000
86479  44.151  -5.196  48.837 0.0000000000
84943  44.980  -5.382  49.530 0.0000000000
84919  46.166  -5.562  50.553 0.0000000000
84895  45.593  -6.198  50.984 0.0000000000
84894  46.409  -5.972  51.298 0.0000000000
84918  46.808  -5.402  50.830 0.0000000000
86431  48.224  -5.264  53.000 0.0000000000
86419  48.727  -4.729  53.606 0.0000000000
86402  49.025  -4.665  55.099 0.0000000000
87982  49.084  -4.410  56.456 0.0000000000
86383  47.890  -5.395  55.619 0.0000000000
86362  48.497  -4.850  56.765 0.0000000000
87937  49.207  -4.919  57.395 0.0000000000
86320  49.506  -5.238  58.387 0.0000000000
86311  49.689  -5.340  59.049 0.0000000000
86301  50.012  -5.370  59.601 0.0000000000
73781  34.592  -13.987  67.421 0.0000000000
69152  31.985  -15.908  66.229 0.0000000000
70656  32.691  -15.093  67.854 0.0000000000
70681  32.929  -14.670  66.970 0.0000000000
72234  33.694  -14.261  67.007 0.0000000000
73711  35.696  -13.726  69.307 0.0000000000
72166  35.992  -13.762  69.755 0.0000000000
72141  36.154  -13.784  70.255 0.0000000000
73678  36.911  -13.626  70.720 0.0000000000
73599  38.562  -13.086  73.114 0.0000000000
67436  29.283  -16.715  71.390 0.0000000000
69095  29.725  -16.620  71.157 0.0000000000
69080  30.423  -16.648  71.661 0.0000000000
69010  31.373  -15.727  75.667 0.0000000000
69032  32.120  -15.961  74.544 0.0000000000
69048  32.869  -16.428  73.692 0.0000000000
67422  33.250  -16.691  73.216 0.0000000000
69076  34.590  -16.308  71.954 0.0000000000
70605  35.398  -16.009  72.105 0.0000000000
70604  35.951  -15.534  72.369 0.0000000000
70591  36.247  -15.070  73.922 0.0000000000
72080  36.418  -15.095  73.457 0.0000000000
72097  36.488  -15.052  72.756 0.0000000000
72078  37.649  -14.038  73.150 0.0000000000
73582  38.259  -13.699  73.491 0.0000000000
62909  19.394  -20.001  81.750 0.0000000000
62890  19.975  -19.800  83.296 0.0000000000
61588  20.003  -20.176  83.959 0.0000000000
62911  18.632  -19.591  81.935 0.0000000000
61589  19.250  -20.111  84.211 0.0000000000
62902  17.503  -20.106  83.388 0.0000000000
62903  16.662  -19.724  83.784 0.0000000000
62913  16.595  -20.012  82.909 0.0000000000
61674  18.690  -20.056  77.830 0.0000000000
61656  17.681  -20.476  78.632 0.0000000000
61636  17.225  -20.553  79.675 0.0000000000
61622  16.962  -20.601  80.387 0.0000000000
61623  16.509  -20.408  80.695 0.0000000000
62934  16.132  -20.301  80.979 0.0000000000
62951  15.656  -20.101  80.457 0.0000000000
62952  15.050  -20.064  80.416 0.0000000000
61659  14.573  -20.578  79.132 0.0000000000
61678  14.848  -20.839  78.138 0.0000000000
60401  13.546  -21.512  78.721 0.0000000000
60411  12.797  -22.408  77.949 0.0000000000
61812  17.018  -20.931  68.821 0.0000000000
60487  17.210  -22.089  70.345 0.0000000000
60475  16.625  -22.029  71.036 0.0000000000
60463  16.362  -21.855  71.795 0.0000000000
60464  15.699  -21.821  72.153 0.0000000000
60453  14.817  -22.088  73.546 0.0000000000
60503  12.990  -22.604  69.135 0.0000000000
60490  13.752  -22.504  70.510 0.0000000000
60478  14.154  -22.578  71.661 0.0000000000
60430  13.845  -22.281  75.860 0.0000000000
60442  13.207  -22.682  75.138 0.0000000000
60421  12.931  -22.275  77.080 0.0000000000
59238  12.167  -22.526  78.221 0.0000000000
58055  11.177  -23.398  77.635 0.0000000000
58077  11.460  -23.788  76.007 0.0000000000
58068  10.874  -23.863  76.903 0.0000000000
167579  10.125  -25.325  77.559 0.0000000000
167581  9.452  -25.405  77.033 0.0000000000
58126  9.813  -23.445  72.657 0.0000000000
59283  8.210  -23.406  72.675 0.0000000000
58090  9.227  -24.344  75.078 0.0000000000
55181  7.826  -25.436  76.500 0.0000000000
56654  6.510  -25.057  76.029 0.0000000000
56655  5.727  -24.966  76.289 0.0000000000
56675  5.258  -24.445  76.026 0.0000000000
59272  4.412  -23.071  74.587 0.0000000000
58079  4.204  -24.183  75.918 0.0000000000
58095  3.894  -23.737  75.680 0.0000000000
60422  3.629  -21.312  76.212 0.0000000000
60412  3.369  -20.941  77.055 0.0000000000
67570  27.713  -17.811  65.343 0.0000000000
67542  28.219  -17.539  66.382 0.0000000000
66019  27.836  -17.957  68.785 0.0000000000
67468  27.352  -17.568  69.411 0.0000000000
67572  25.502  -17.625  65.357 0.0000000000
67546  24.726  -17.735  66.738 0.0000000000
67515  25.835  -17.579  67.300 0.0000000000
67491  26.150  -17.901  68.233 0.0000000000
67454  26.507  -17.261  70.226 0.0000000000
67441  24.929  -17.655  70.912 0.0000000000
64555  22.677  -19.078  70.779 0.0000000000
65937  22.987  -18.930  71.849 0.0000000000
65916  23.043  -18.721  72.615 0.0000000000
65901  22.614  -18.725  73.393 0.0000000000
65900  22.975  -17.927  73.463 0.0000000000
67396  22.838  -17.591  74.214 0.0000000000
67332  21.252  -17.095  79.036 0.0000000000
65833  21.489  -18.007  77.939 0.0000000000
67301  20.141  -16.883  80.858 0.0000000000
61642  12.290  -21.688  80.422 0.0000000000
53801  4.532  -26.826  77.750 0.0000000000
52511  5.591  -27.561  79.662 0.0000000000
52512  4.828  -27.675  79.708 0.0000000000
167453  6.625  -27.930  80.399 0.0000000000
105616  64.071  7.646  43.283 0.0000000000
102568  57.836  7.351  43.653 0.0000000000
104077  58.349  7.382  44.012 0.0000000000
102545  58.339  5.886  45.093 0.0000000000
102554  59.126  6.891  44.665 0.0000000000
105575  59.096  7.312  44.849 0.0000000000
105574  59.868  7.069  45.305 0.0000000000
105555  60.663  7.842  46.157 0.0000000000
106912  61.288  9.069  47.499 0.0000000000
102493  58.214  5.766  48.040 0.0000000000
104012  59.114  5.753  48.321 0.0000000000
104011  59.834  6.603  48.019 0.0000000000
105508  59.664  7.871  49.292 0.0000000000
105525  60.116  7.490  48.933 0.0000000000
105524  60.428  7.889  48.253 0.0000000000
106896  61.135  8.538  48.309 0.0000000000
106895  61.303  8.638  47.918 0.0000000000
106878  61.221  8.165  48.318 0.0000000000
96791  48.338  1.609  43.984 0.0000000000
96751  45.798  2.088  46.453 0.0000000000
96750  46.651  1.281  46.417 0.0000000000
98178  47.583  2.438  47.631 0.0000000000
98199  47.367  1.566  46.955 0.0000000000
98198  48.272  1.352  47.171 0.0000000000
98176  49.979  2.145  47.932 0.0000000000
99611  51.257  3.540  48.951 0.0000000000
100996  50.373  4.772  49.232 0.0000000000
100975  51.642  4.863  49.592 0.0000000000
100954  52.149  5.183  50.243 0.0000000000
102470  52.676  5.749  50.777 0.0000000000
102443  53.287  6.274  51.377 0.0000000000
103972  53.891  6.857  51.890 0.0000000000
92623  48.120  -0.300  48.706 0.0000000000
93996  48.198  0.723  48.797 0.0000000000
93995  49.063  0.544  49.113 0.0000000000
93987  50.216  0.491  50.188 0.0000000000
96692  49.762  2.464  50.789 0.0000000000
98123  50.076  3.339  50.806 0.0000000000
93938  53.687  0.787  53.794 0.0000000000
93950  53.332  0.928  52.971 0.0000000000
95277  53.207  1.698  52.224 0.0000000000
96651  53.938  2.746  53.311 0.0000000000
96661  53.489  2.630  52.725 0.0000000000
96673  52.472  2.395  51.671 0.0000000000
96674  51.770  2.635  51.451 0.0000000000
98104  51.037  3.400  51.412 0.0000000000
98122  50.599  3.604  50.954 0.0000000000
99545  50.764  4.200  51.143 0.0000000000
100920  51.341  5.076  51.808 0.0000000000
102423  51.405  5.930  52.198 0.0000000000
100906  52.950  5.591  53.076 0.0000000000
102412  52.138  5.925  52.711 0.0000000000
103952  52.318  6.301  52.623 0.0000000000
103951  52.761  6.979  52.715 0.0000000000
103950  53.675  7.012  52.636 0.0000000000
83292  42.299  -7.688  52.294 0.0000000000
83228  43.596  -7.588  53.251 0.0000000000
84817  44.126  -7.265  54.477 0.0000000000
81499  42.223  -8.460  55.989 0.0000000000
83159  41.672  -7.925  55.061 0.0000000000
83158  42.528  -7.211  55.742 0.0000000000
79929  44.081  -8.448  57.656 0.0000000000
81497  43.689  -7.494  56.418 0.0000000000
83157  43.621  -7.026  56.084 0.0000000000
83179  43.386  -6.898  55.086 0.0000000000
83178  44.287  -6.945  55.719 0.0000000000
84816  44.848  -7.423  55.083 0.0000000000
83090  47.160  -7.427  58.465 0.0000000000
83089  47.871  -7.124  58.690 0.0000000000
84756  47.941  -5.956  58.254 0.0000000000
84742  49.062  -6.150  59.008 0.0000000000
84729  49.811  -5.971  59.953 0.0000000000
73810  35.278  -12.930  66.710 0.0000000000
75381  35.641  -12.639  66.039 0.0000000000
75380  36.222  -13.056  65.375 0.0000000000
75460  38.142  -12.561  62.432 0.0000000000
73864  38.583  -13.163  63.943 0.0000000000
73890  38.771  -13.286  63.040 0.0000000000
73912  38.683  -13.198  62.314 0.0000000000
73910  40.525  -13.254  62.446 0.0000000000
73928  42.203  -13.032  61.805 0.0000000000
75279  40.371  -13.018  72.349 0.0000000000
75300  40.983  -13.126  71.605 0.0000000000
75321  41.412  -13.254  71.096 0.0000000000
75298  42.595  -13.042  72.028 0.0000000000
73673  41.407  -13.559  70.371 0.0000000000
73705  41.399  -14.100  69.415 0.0000000000
73737  41.771  -13.994  68.251 0.0000000000
73669  44.250  -14.371  71.991 0.0000000000
72137  46.406  -13.990  70.523 0.0000000000
72138  45.079  -14.521  70.974 0.0000000000
72139  43.946  -14.831  70.637 0.0000000000
73703  43.084  -14.571  70.078 0.0000000000
73773  42.072  -14.066  67.240 0.0000000000
72265  42.330  -14.168  66.398 0.0000000000
72299  42.280  -13.916  65.774 0.0000000000
72263  43.801  -14.453  66.579 0.0000000000
72297  43.620  -13.899  65.825 0.0000000000
73860  42.602  -13.682  64.365 0.0000000000
73886  42.546  -13.638  63.478 0.0000000000
73908  42.573  -13.315  62.459 0.0000000000
75459  43.056  -12.853  61.655 0.0000000000
75458  43.970  -12.865  62.093 0.0000000000
76996  44.353  -11.932  61.792 0.0000000000
76977  44.793  -12.021  62.594 0.0000000000
75435  45.918  -12.011  63.796 0.0000000000
76959  45.529  -11.887  63.218 0.0000000000
76976  45.849  -11.554  62.403 0.0000000000
78440  47.149  -10.139  62.181 0.0000000000
76914  47.975  -10.658  66.446 0.0000000000
76927  47.598  -10.421  66.007 0.0000000000
78379  48.488  -9.957  66.610 0.0000000000
78397  47.686  -10.218  65.542 0.0000000000
78411  47.933  -9.888  64.523 0.0000000000
78439  48.164  -9.846  62.431 0.0000000000
79832  48.300  -9.347  61.613 0.0000000000
79831  49.141  -9.133  62.069 0.0000000000
81376  49.569  -8.227  62.036 0.0000000000
81375  50.120  -7.681  62.597 0.0000000000
81392  49.762  -7.575  61.466 0.0000000000
104180  60.055  7.437  35.695 0.0000000000
104191  59.936  6.853  35.540 0.0000000000
102656  59.846  6.339  35.416 0.0000000000
101175  60.143  5.091  36.033 0.0000000000
99794  60.833  4.649  35.698 0.0000000000
99793  61.292  4.693  35.279 0.0000000000
101160  63.439  4.444  37.199 0.0000000000
99742  61.931  4.448  39.178 0.0000000000
99753  62.503  4.332  38.004 0.0000000000
102632  64.662  5.992  38.064 0.0000000000
104158  64.868  5.674  39.282 0.0000000000
51204  8.350  -28.248  81.189 0.0000000000
52488  8.400  -27.626  81.281 0.0000000000
52490  4.114  -28.078  80.480 0.0000000000
52492  2.587  -27.488  81.245 0.0000000000
53713  9.342  -26.498  81.961 0.0000000000
53714  9.061  -26.463  81.920 0.0000000000
53723  9.036  -26.950  81.676 0.0000000000
53726  7.613  -27.229  80.445 0.0000000000
53739  10.400  -26.148  81.070 0.0000000000
53775  8.228  -26.361  78.377 0.0000000000
53796  8.245  -26.270  77.797 0.0000000000
53798  6.955  -26.514  77.673 0.0000000000
55124  2.391  -25.175  80.704 0.0000000000
55133  8.216  -26.429  79.342 0.0000000000
55164  4.641  -26.561  77.118 0.0000000000
55186  4.351  -25.972  77.082 0.0000000000
56573  9.347  -25.173  82.136 0.0000000000
58025  11.848  -23.171  81.674 0.0000000000
58113  12.268  -23.546  73.870 0.0000000000
59200  11.860  -22.815  81.946 0.0000000000
59209  12.064  -22.429  81.628 0.0000000000
59210  11.987  -22.038  82.114 0.0000000000
59224  2.352  -21.604  80.290 0.0000000000
59282  10.007  -23.470  72.666 0.0000000000
59313  13.602  -22.746  71.222 0.0000000000
59323  13.271  -22.355  68.732 0.0000000000
59327  13.722  -22.028  68.887 0.0000000000
59328  13.513  -22.144  68.656 0.0000000000
60339  18.375  -21.010  84.124 0.0000000000
60342  15.985  -21.129  84.049 0.0000000000
60345  19.969  -21.249  83.811 0.0000000000
60360  11.744  -21.954  82.195 0.0000000000
60361  11.444  -21.903  82.195 0.0000000000
60372  12.149  -22.039  81.544 0.0000000000
60386  10.992  -22.246  80.973 0.0000000000
60436  17.953  -21.827  74.201 0.0000000000
60449  18.198  -22.008  73.916 0.0000000000
61593  16.222  -20.584  84.205 0.0000000000
61624  15.299  -20.793  81.090 0.0000000000
61627  12.742  -21.740  80.565 0.0000000000
61655  18.391  -20.168  78.227 0.0000000000
61715  19.227  -21.580  74.018 0.0000000000
61751  16.884  -21.921  72.311 0.0000000000
61752  16.308  -21.847  72.367 0.0000000000
61789  21.336  -20.261  70.239 0.0000000000
61790  21.045  -20.553  70.434 0.0000000000
61793  18.182  -22.103  69.818 0.0000000000
61794  17.125  -21.569  69.514 0.0000000000
62891  19.318  -19.700  83.666 0.0000000000
62892  18.424  -19.826  83.870 0.0000000000
62893  17.549  -19.939  84.023 0.0000000000
62894  16.825  -20.009  84.268 0.0000000000
62895  16.450  -20.239  84.279 0.0000000000
62904  16.079  -19.950  84.198 0.0000000000
62914  15.878  -19.966  83.377 0.0000000000
62922  17.466  -19.945  81.482 0.0000000000
62923  16.470  -20.040  81.803 0.0000000000
62991  19.862  -19.349  77.179 0.0000000000
63053  18.478  -21.347  74.721 0.0000000000
63125  20.713  -20.710  71.594 0.0000000000
63148  20.507  -20.816  71.269 0.0000000000
63169  21.196  -20.355  69.668 0.0000000000
63193  22.223  -19.634  68.263 0.0000000000
64262  21.098  -17.256  81.847 0.0000000000
64263  21.006  -17.512  82.090 0.0000000000
64277  21.071  -17.334  81.549 0.0000000000
64296  19.868  -18.191  79.808 0.0000000000
64297  19.382  -18.575  80.089 0.0000000000
64357  21.122  -18.571  76.959 0.0000000000
64439  21.158  -19.187  75.243 0.0000000000
64525  22.647  -19.040  71.514 0.0000000000
64579  22.232  -19.525  69.225 0.0000000000
64598  23.443  -18.861  68.615 0.0000000000
65729  21.128  -17.145  81.274 0.0000000000
65733  19.387  -17.983  81.508 0.0000000000
65748  19.606  -17.232  81.575 0.0000000000
65769  20.650  -17.290  80.374 0.0000000000
65813  20.278  -18.044  78.841 0.0000000000
65853  21.032  -18.216  75.901 0.0000000000
65868  21.202  -18.430  75.666 0.0000000000
65882  22.631  -17.741  73.941 0.0000000000
65899  23.826  -17.729  73.041 0.0000000000
65960  24.956  -17.802  69.929 0.0000000000
65989  27.564  -17.909  69.001 0.0000000000
66018  28.187  -17.952  68.945 0.0000000000
66090  24.207  -18.138  65.758 0.0000000000
67262  21.010  -16.908  81.431 0.0000000000
67280  21.517  -16.962  80.742 0.0000000000
67282  19.864  -16.867  81.564 0.0000000000
67298  22.440  -16.556  79.626 0.0000000000
67302  19.402  -17.029  81.033 0.0000000000
67315  22.390  -16.351  79.356 0.0000000000
67362  24.306  -16.892  76.348 0.0000000000
67376  27.043  -17.018  75.256 0.0000000000
67391  27.432  -16.930  74.905 0.0000000000
67406  33.565  -16.465  73.468 0.0000000000
67407  33.341  -16.536  73.446 0.0000000000
67408  28.392  -17.286  73.173 0.0000000000
67414  23.085  -17.700  73.798 0.0000000000
67421  33.529  -16.593  73.273 0.0000000000
67449  30.819  -16.751  70.390 0.0000000000
67450  30.483  -16.787  70.458 0.0000000000
67487  29.663  -17.142  67.981 0.0000000000
67493  24.890  -17.881  67.767 0.0000000000
67517  24.778  -17.762  67.288 0.0000000000
68940  22.379  -16.220  79.183 0.0000000000
68978  22.521  -16.752  78.077 0.0000000000
68995  23.268  -16.761  77.299 0.0000000000
69006  34.884  -15.700  74.995 0.0000000000
69028  35.294  -15.662  74.397 0.0000000000
69053  27.703  -16.588  73.674 0.0000000000
69054  27.374  -16.520  73.714 0.0000000000
69063  33.782  -16.624  72.781 0.0000000000
69081  29.495  -16.620  71.608 0.0000000000
69082  29.009  -16.514  71.877 0.0000000000
69122  29.687  -17.047  68.465 0.0000000000
70577  37.174  -14.486  74.695 0.0000000000
70580  35.129  -15.643  74.881 0.0000000000
70634  45.629  -14.223  69.119 0.0000000000
70635  45.395  -14.308  69.248 0.0000000000
70654  45.220  -14.392  69.004 0.0000000000
70677  45.112  -14.396  67.295 0.0000000000
70678  44.875  -14.470  67.306 0.0000000000
70679  44.458  -14.561  67.280 0.0000000000
70695  45.115  -14.455  67.053 0.0000000000
70697  44.304  -14.565  66.916 0.0000000000
70698  33.381  -14.365  66.003 0.0000000000
70699  33.123  -14.516  66.113 0.0000000000
70711  33.285  -14.259  65.787 0.0000000000
72063  37.077  -14.406  74.300 0.0000000000
72117  36.880  -14.548  71.522 0.0000000000
72140  43.379  -14.578  70.332 0.0000000000
72193  45.634  -14.135  68.616 0.0000000000
72196  43.120  -14.725  68.306 0.0000000000
72233  42.154  -14.845  66.853 0.0000000000
72235  33.351  -14.392  66.513 0.0000000000
72261  45.310  -14.158  66.668 0.0000000000
72262  44.637  -14.181  66.468 0.0000000000
72296  44.439  -13.757  65.873 0.0000000000
72298  42.892  -13.986  65.743 0.0000000000
73598  39.482  -12.932  73.480 0.0000000000
73600  37.893  -13.538  72.749 0.0000000000
73620  37.935  -14.147  71.956 0.0000000000
73621  37.624  -14.452  71.763 0.0000000000
73641  43.451  -13.115  71.767 0.0000000000
73712  35.218  -13.808  69.440 0.0000000000
73772  42.262  -14.652  67.435 0.0000000000
73804  41.784  -13.777  66.398 0.0000000000
73826  45.990  -13.205  65.534 0.0000000000
73829  43.515  -13.625  65.060 0.0000000000
73830  42.743  -13.779  65.081 0.0000000000
73865  37.638  -12.739  64.069 0.0000000000
73866  36.960  -12.688  64.076 0.0000000000
73884  43.752  -12.904  64.010 0.0000000000
73892  37.053  -12.472  63.635 0.0000000000
73907  43.352  -13.262  62.889 0.0000000000
73911  39.603  -13.369  62.340 0.0000000000
73932  38.620  -12.943  61.667 0.0000000000
75258  40.925  -12.796  72.883 0.0000000000
75259  40.400  -12.906  73.332 0.0000000000
75274  44.616  -11.977  72.344 0.0000000000
75276  42.953  -12.459  72.448 0.0000000000
75296  44.403  -12.028  71.773 0.0000000000
75364  48.435  -10.930  67.701 0.0000000000
75377  48.334  -10.745  67.059 0.0000000000
75415  44.999  -13.056  63.895 0.0000000000
75439  38.274  -12.776  63.022 0.0000000000
75483  39.683  -12.764  60.701 0.0000000000
75506  44.282  -11.157  60.297 0.0000000000
75512  38.181  -12.785  60.656 0.0000000000
76793  41.326  -12.541  73.936 0.0000000000
76812  43.329  -12.138  73.252 0.0000000000
76833  42.955  -12.254  72.939 0.0000000000
76834  42.179  -12.158  72.763 0.0000000000
76835  41.737  -12.332  72.652 0.0000000000
76978  44.436  -12.305  62.243 0.0000000000
76993  46.603  -10.394  61.851 0.0000000000
77018  42.003  -11.427  59.535 0.0000000000
77062  43.379  -10.233  58.564 0.0000000000
78380  47.884  -10.255  66.159 0.0000000000
78420  48.983  -9.337  63.533 0.0000000000
78460  46.136  -10.042  60.835 0.0000000000
78479  47.262  -9.524  60.856 0.0000000000
78505  45.417  -9.318  59.455 0.0000000000
78529  42.388  -10.117  57.839 0.0000000000
78548  41.424  -9.780  57.074 0.0000000000
79820  49.206  -8.891  63.055 0.0000000000
79830  49.610  -8.515  62.602 0.0000000000
79883  46.335  -8.523  59.339 0.0000000000
79911  43.884  -9.014  57.967 0.0000000000
79931  42.440  -8.883  57.202 0.0000000000
81393  49.240  -8.316  61.438 0.0000000000
81418  47.714  -7.555  59.254 0.0000000000
81419  46.965  -7.924  59.160 0.0000000000
81475  43.871  -7.913  56.944 0.0000000000
81498  43.105  -7.660  56.348 0.0000000000
81500  40.910  -8.624  55.468 0.0000000000
83055  50.455  -6.846  61.383 0.0000000000
83056  49.960  -7.104  60.824 0.0000000000
83107  47.397  -6.887  58.117 0.0000000000
83109  45.895  -7.239  57.840 0.0000000000
83131  44.964  -7.242  56.991 0.0000000000
83160  41.014  -8.187  54.951 0.0000000000
83206  41.605  -7.537  54.404 0.0000000000
83226  44.886  -6.889  52.640 0.0000000000
83227  44.464  -7.434  52.948 0.0000000000
83232  40.271  -7.625  53.736 0.0000000000
83260  42.901  -7.655  52.697 0.0000000000
83261  42.165  -7.911  53.014 0.0000000000
83288  45.324  -6.487  51.516 0.0000000000
83319  44.600  -6.341  50.561 0.0000000000
84730  49.327  -6.501  59.681 0.0000000000
84743  48.361  -6.493  58.695 0.0000000000
84758  46.423  -6.889  57.681 0.0000000000
84797  47.504  -5.504  56.176 0.0000000000
84798  46.974  -5.617  56.527 0.0000000000
84800  45.150  -6.705  55.872 0.0000000000
84837  44.137  -7.324  54.057 0.0000000000
84853  47.431  -5.642  53.622 0.0000000000
84896  45.021  -6.238  50.523 0.0000000000
84973  43.229  -5.426  48.246 0.0000000000
86321  48.742  -5.436  58.127 0.0000000000
86336  49.853  -4.795  57.991 0.0000000000
86337  49.311  -5.121  57.787 0.0000000000
86339  47.772  -5.002  57.324 0.0000000000
86364  47.283  -5.273  56.710 0.0000000000
86381  49.229  -4.475  55.326 0.0000000000
86384  47.418  -5.756  55.369 0.0000000000
86418  49.231  -4.401  53.159 0.0000000000
86457  45.973  -5.180  50.094 0.0000000000
87962  49.137  -4.670  57.034 0.0000000000
88001  48.961  -4.516  54.158 0.0000000000
88112  45.688  -3.456  48.445 0.0000000000
88132  42.747  -3.526  47.093 0.0000000000
89693  47.982  -3.444  49.896 0.0000000000
89745  47.836  -1.945  48.548 0.0000000000
91053  53.616  -0.974  55.366 0.0000000000
91072  52.699  -1.209  54.340 0.0000000000
91088  51.350  -1.951  52.565 0.0000000000
91103  51.170  -1.214  51.580 0.0000000000
91150  48.615  -1.440  48.969 0.0000000000
91174  46.120  -0.957  47.177 0.0000000000
92578  52.199  -0.226  52.907 0.0000000000
92590  51.144  -0.656  51.021 0.0000000000
92622  48.791  -0.288  48.979 0.0000000000
92632  47.515  -0.320  48.354 0.0000000000
93926  53.823  0.581  54.545 0.0000000000
93965  53.145  0.876  52.235 0.0000000000
93966  52.657  0.617  51.823 0.0000000000
93967  51.988  0.091  51.623 0.0000000000
93985  51.975  0.428  50.852 0.0000000000
94010  42.920  0.685  47.283 0.0000000000
94018  45.739  0.104  47.462 0.0000000000
94020  44.091  -0.007  47.107 0.0000000000
95257  54.124  1.263  54.282 0.0000000000
95267  54.220  2.343  53.585 0.0000000000
95278  52.783  2.073  51.801 0.0000000000
95293  50.846  2.082  50.934 0.0000000000
95310  51.714  1.120  50.727 0.0000000000
95314  47.628  2.355  49.843 0.0000000000
95322  49.259  1.073  49.393 0.0000000000
95323  48.646  1.417  49.299 0.0000000000
95335  46.113  1.051  48.281 0.0000000000
95338  43.745  1.161  47.565 0.0000000000
95377  46.686  1.452  44.170 0.0000000000
96663  52.212  2.904  51.993 0.0000000000
96676  50.293  2.749  51.108 0.0000000000
96695  46.972  3.299  49.978 0.0000000000
96710  45.717  2.535  48.655 0.0000000000
96721  45.363  2.113  48.257 0.0000000000
96733  46.257  2.629  46.903 0.0000000000
96734  43.566  2.122  47.272 0.0000000000
96767  50.620  2.156  45.079 0.0000000000
98076  54.583  3.747  53.257 0.0000000000
98090  52.440  3.524  52.356 0.0000000000
98105  50.544  3.148  51.152 0.0000000000
98126  47.401  3.883  50.195 0.0000000000
98141  45.275  3.012  48.529 0.0000000000
98157  55.459  3.971  48.739 0.0000000000
98158  55.343  3.963  48.826 0.0000000000
98159  45.506  3.284  48.365 0.0000000000
98173  55.158  3.828  48.734 0.0000000000
98245  49.663  1.972  43.374 0.0000000000
98276  60.729  4.592  42.580 0.0000000000
99505  54.054  5.260  53.268 0.0000000000
99513  54.292  4.271  52.736 0.0000000000
99516  52.200  5.092  52.678 0.0000000000
99528  54.080  3.865  52.585 0.0000000000
99546  50.136  4.486  50.798 0.0000000000
99565  50.356  3.960  50.643 0.0000000000
99566  49.750  4.027  50.474 0.0000000000
99567  48.994  4.240  50.451 0.0000000000
99584  54.094  3.603  50.141 0.0000000000
99588  48.183  4.521  49.556 0.0000000000
99606  55.442  4.082  48.830 0.0000000000
99615  46.612  4.087  48.603 0.0000000000
99616  45.973  3.772  48.584 0.0000000000
99625  55.547  3.922  48.436 0.0000000000
99626  54.989  3.665  48.352 0.0000000000
99682  61.626  4.573  42.780 0.0000000000
99683  61.470  4.530  42.920 0.0000000000
99684  61.115  4.587  43.091 0.0000000000
99706  61.860  4.713  42.730 0.0000000000
99707  61.270  4.587  42.404 0.0000000000
99791  64.121  4.853  34.880 0.0000000000
99813  64.146  5.036  34.721 0.0000000000
99815  61.573  4.762  34.890 0.0000000000
100907  52.359  5.517  52.842 0.0000000000
100921  50.940  5.284  51.536 0.0000000000
100934  50.997  4.609  51.520 0.0000000000
100935  50.618  4.896  51.339 0.0000000000
100937  49.312  4.641  50.511 0.0000000000
100956  50.447  5.287  50.227 0.0000000000
100972  54.328  4.995  49.428 0.0000000000
100976  50.756  5.118  49.572 0.0000000000
100979  48.539  4.882  49.957 0.0000000000
100991  54.782  4.513  49.266 0.0000000000
101049  61.791  4.590  42.950 0.0000000000
101050  61.621  4.671  43.241 0.0000000000
101073  62.132  4.734  43.101 0.0000000000
101074  62.141  4.983  43.416 0.0000000000
101075  61.092  5.504  43.092 0.0000000000
101136  56.799  5.028  40.210 0.0000000000
101147  63.498  4.603  38.066 0.0000000000
101161  59.041  4.906  36.779 0.0000000000
102411  52.813  6.018  53.077 0.0000000000
102424  51.055  5.521  51.734 0.0000000000
102447  50.131  5.174  50.903 0.0000000000
102472  50.943  5.601  50.845 0.0000000000
102484  54.166  5.325  49.985 0.0000000000
102492  62.737  6.475  47.688 0.0000000000
102494  57.576  5.607  48.289 0.0000000000
102510  62.975  6.347  47.376 0.0000000000
102511  58.546  5.712  47.207 0.0000000000
102544  58.881  6.534  45.099 0.0000000000
102555  58.182  6.704  44.297 0.0000000000
102556  57.957  7.345  44.044 0.0000000000
102565  58.851  6.049  43.638 0.0000000000
102567  57.734  6.965  43.061 0.0000000000
102585  58.426  7.151  42.968 0.0000000000
102602  62.603  5.446  41.425 0.0000000000
102612  52.039  6.169  39.334 0.0000000000
102620  64.422  5.616  38.578 0.0000000000
102621  64.221  5.587  38.813 0.0000000000
102642  64.914  6.093  37.019 0.0000000000
103939  52.449  6.226  52.839 0.0000000000
104010  62.856  6.920  48.019 0.0000000000
104027  62.809  6.743  47.522 0.0000000000
104028  62.680  6.874  47.730 0.0000000000
104042  62.810  7.353  45.946 0.0000000000
104044  59.764  6.827  45.773 0.0000000000
104062  59.371  6.950  45.039 0.0000000000
104076  58.690  7.287  44.649 0.0000000000
104078  57.840  7.561  43.897 0.0000000000
104097  58.835  7.267  43.892 0.0000000000
104098  58.331  7.500  43.805 0.0000000000
104099  57.968  7.637  43.690 0.0000000000
104119  59.889  6.449  44.002 0.0000000000
104120  58.678  7.161  43.833 0.0000000000
104121  58.373  7.369  43.473 0.0000000000
104122  58.132  7.591  43.498 0.0000000000
104148  63.765  6.322  40.366 0.0000000000
104172  64.682  5.674  38.483 0.0000000000
104229  65.744  6.836  32.158 0.0000000000
105497  61.281  7.772  49.443 0.0000000000
105505  61.364  7.641  48.845 0.0000000000
105509  59.551  7.445  49.677 0.0000000000
105520  62.279  8.155  47.268 0.0000000000
105521  62.120  7.874  47.792 0.0000000000
105522  62.545  7.205  47.721 0.0000000000
105523  62.676  6.982  47.754 0.0000000000
105537  62.452  8.096  46.989 0.0000000000
105539  62.767  7.094  47.447 0.0000000000
105540  62.806  7.134  47.420 0.0000000000
105573  60.680  7.365  45.337 0.0000000000
105596  58.925  7.280  44.512 0.0000000000
105597  58.309  7.848  43.997 0.0000000000
105622  58.975  7.010  44.607 0.0000000000
105644  60.642  7.013  44.106 0.0000000000
105655  64.103  6.979  42.732 0.0000000000
105670  64.825  6.474  40.513 0.0000000000
105765  62.963  9.163  32.253 0.0000000000
106869  61.476  8.726  49.866 0.0000000000
106881  60.053  9.084  48.987 0.0000000000
106893  62.220  8.371  47.359 0.0000000000
106897  60.756  8.428  48.451 0.0000000000
106910  62.521  8.901  47.377 0.0000000000
106913  60.936  8.664  47.696 0.0000000000
106931  62.656  8.411  46.640 0.0000000000
106934  61.763  9.259  46.725 0.0000000000
106951  62.697  8.518  46.114 0.0000000000
106952  62.760  9.068  45.940 0.0000000000
107102  63.027  9.302  32.383 0.0000000000
108167  61.011  9.224  49.582 0.0000000000
167447  3.548  -28.658  81.509 0.0000000000
167569  10.864  -25.177  82.222 0.0000000000
167574  11.610  -23.885  81.717 0.0000000000
167582  9.390  -26.069  82.102 0.0000000000
167583  10.603  -24.004  82.204 0.0000000000
167584  11.474  -23.792  81.975 0.0000000000
167591  10.028  -24.293  82.192 0.0000000000
167593  10.933  -22.502  82.066 0.0000000000
167599  9.948  -23.609  81.614 0.0000000000
167601  10.017  -23.396  80.847 0.0000000000
